# col1 col2
100.0 0.0
110.0 0.0
120.0 0.0
130.0 0.0
140.0 0.0
150.0 0.0
160.0 0.0
170.0 0.0
180.0 0.0
190.0 0.0
200.0 0.0
210.0 0.0
220.0 0.0
230.0 0.0
240.0 0.0
250.0 0.0
260.0 0.0
270.0 0.0
280.0 0.0
290.0 0.0
300.0 0.0
310.0 0.0
320.0 0.0
330.0 0.0
340.0 0.0
350.0 0.0
360.0 0.0
370.0 0.0
380.0 0.0
390.0 0.0
400.0 0.0
410.0 0.0
420.0 0.0
430.0 0.0
440.0 0.0
450.0 0.0
460.0 0.0
470.0 0.0
480.0 0.0
490.0 0.0
500.0 0.0
510.0 0.0
520.0 0.0
530.0 0.0
540.0 0.0
550.0 0.0
560.0 0.0
570.0 0.0
580.0 0.0
590.0 0.0
600.0 0.0
610.0 0.0
620.0 0.0
630.0 0.0
640.0 0.0
650.0 0.0
660.0 0.0
670.0 0.0
680.0 0.0
690.0 0.0
700.0 0.0
710.0 0.0
720.0 0.0
730.0 0.0
740.0 0.0
750.0 0.0
760.0 0.0
770.0 0.0
780.0 0.0
790.0 0.0
800.0 0.0
810.0 0.0
820.0 0.0
830.0 0.0
840.0 0.0
850.0 0.0
860.0 0.0
870.0 0.0
880.0 0.0
890.0 0.0
900.0 0.0
910.0 0.00027931052078718
920.0 0.0005738388502248385
930.0 0.0008842068664737567
940.0 0.0012110588791333214
950.0 0.00155506274652037
960.0 0.0019169105642663832
970.0 0.0022973190784116022
980.0 0.0026970306604604368
990.0 0.0031168154084342753
1000.0 0.0035574696212763773
1010.0 0.0037611663377601647
1020.0 0.0035519024574937838
1030.0 0.004099638610790927
1040.0 0.005085760223113474
1050.0 0.004938957814165743
1060.0 0.004641804070177442
1070.0 0.004560966228988951
1080.0 0.004533512447097476
1090.0 0.004883210410828358
1100.0 0.004850548994958067
1110.0 0.004830993585761042
1120.0 0.004927590835062152
1130.0 0.005265738230731244
1140.0 0.005289753896689719
1150.0 0.005436732543650415
1160.0 0.0053635560982071406
1170.0 0.005123190183798119
1180.0 0.006048368763847928
1190.0 0.006692668324365206
1200.0 0.006998444555935089
1210.0 0.008239340057199538
1220.0 0.011478458711972426
1230.0 0.01047560455532868
1240.0 0.008954064852250428
1250.0 0.008265706122824457
1260.0 0.0077358057713718155
1270.0 0.007768578323113553
1280.0 0.007609962010553637
1290.0 0.00746944723002079
1300.0 0.007478343010430574
1310.0 0.007967280311117278
1320.0 0.007884499435518841
1330.0 0.007770937385713141
1340.0 0.007963741378793628
1350.0 0.0080077757656217
1360.0 0.007965655147653884
1370.0 0.007964026079906494
1380.0 0.0076844714105113844
1390.0 0.007324753821626568
1400.0 0.008039178359221967
1410.0 0.008150661551059323
1420.0 0.00796427388380591
1430.0 0.008040168035794161
1440.0 0.00813310887809882
1450.0 0.008152084437796712
1460.0 0.008197426016379905
1470.0 0.008284704092579118
1480.0 0.008380638814328953
1490.0 0.008500072215092356
1500.0 0.008442074370800865
1510.0 0.008378227622001327
1520.0 0.008461969666934662
1530.0 0.008625374104422863
1540.0 0.008973296529312131
1550.0 0.0100534303194539
1560.0 0.009677773204786546
1570.0 0.008725403456578613
1580.0 0.008536141317410942
1590.0 0.00819350765908062
1600.0 0.008097141786914041
1610.0 0.008044498814653859
1620.0 0.008059261999992294
1630.0 0.008106593968383535
1640.0 0.008133930733794674
1650.0 0.00814950412608059
1660.0 0.008227154944949047
1670.0 0.008259854601077048
1680.0 0.008146964627299748
1690.0 0.008080504684528216
1700.0 0.007931747318040158
1710.0 0.007835113527691723
1720.0 0.007994175392398039
1730.0 0.008129077296415271
1740.0 0.008158406185369133
1750.0 0.008158232714523341
1760.0 0.008106206773596325
1770.0 0.008045540086024925
1780.0 0.007963395115104415
1790.0 0.007896610182763372
1800.0 0.007942630176404437
1810.0 0.00799285985511543
1820.0 0.007937744399393019
1830.0 0.007868092428564694
1840.0 0.00783855158506086
1850.0 0.007838935479192405
1860.0 0.007843343150741701
1870.0 0.007855227001091284
1880.0 0.00799169826022853
1890.0 0.00812671558614906
1900.0 0.008337337940399023
1910.0 0.008407319085313317
1920.0 0.007895924711168791
1930.0 0.007621346394083239
1940.0 0.007520717205564112
1950.0 0.007279361597669277
1960.0 0.007093062288183708
1970.0 0.006968414144073187
1980.0 0.0068869340737381796
1990.0 0.006866808612710937
2000.0 0.006907787261499282
2010.0 0.0069011335731624214
2020.0 0.006816227400058943
2030.0 0.006760088427939027
2040.0 0.006637425100037123
2050.0 0.006527460021645926
2060.0 0.00652543297320976
2070.0 0.006664072366388022
2080.0 0.006775018958351464
2090.0 0.006678749983292449
2100.0 0.006580995999521375
2110.0 0.006519543825982194
2120.0 0.00648117810124329
2130.0 0.006446329158934873
2140.0 0.006415855093125278
2150.0 0.006388648577838262
2160.0 0.006354314783344674
2170.0 0.006317078170409341
2180.0 0.006264819293016761
2190.0 0.006241984607712686
2200.0 0.006234311438613635
2210.0 0.006238594374311875
2220.0 0.006278378344243664
2230.0 0.006308266607125879
2240.0 0.006311107453357955
2250.0 0.006332893452075226
2260.0 0.006391853828990384
2270.0 0.006453449545172112
2280.0 0.006522076657067837
2290.0 0.006617165173912198
2300.0 0.006716261871987698
2310.0 0.006808959890823521
2320.0 0.006878973325302171
2330.0 0.006879648605435671
2340.0 0.006890877350139156
2350.0 0.006920004163477553
2360.0 0.006949945641286851
2370.0 0.006941032815943949
2380.0 0.006935934271420473
2390.0 0.006963180168996413
2400.0 0.007041862463193525
2410.0 0.007140626603762826
2420.0 0.007244006773978827
2430.0 0.0073493323031214456
2440.0 0.007425777579951925
2450.0 0.007428786649808972
2460.0 0.007449129005551035
2470.0 0.007487067034452086
2480.0 0.007526629299746796
2490.0 0.0075649837686398045
2500.0 0.007608572431915881
2510.0 0.007622606602870927
2520.0 0.007636368056238783
2530.0 0.0076524201607989315
2540.0 0.007697210419007282
2550.0 0.007740091754077033
2560.0 0.007770476571617412
2570.0 0.007771148717293073
2580.0 0.0077814455530621045
2590.0 0.007798430728330626
2600.0 0.007832449709374974
2610.0 0.00786138641173011
2620.0 0.007890429469213544
2630.0 0.007892309479454044
2640.0 0.00788469944061384
2650.0 0.007889110634096853
2660.0 0.007862110987468519
2670.0 0.007889394879216588
2680.0 0.007915011024129387
2690.0 0.007924471819659254
2700.0 0.00793901870553788
2710.0 0.007967769603140494
2720.0 0.008060908573231815
2730.0 0.008171440396079924
2740.0 0.008291385090583933
2750.0 0.008421770036861651
2760.0 0.00857267004790227
2770.0 0.008735699644726123
2780.0 0.009215475657353313
2790.0 0.009792789159283888
2800.0 0.00975372654839492
2810.0 0.00962709681259876
2820.0 0.00925213409922384
2830.0 0.008900996749867269
2840.0 0.008753411855095747
2850.0 0.008641552073570844
2860.0 0.008569755566359312
2870.0 0.008513167273632032
2880.0 0.00850158408119729
2890.0 0.00849859128256024
2900.0 0.008502538040849546
2910.0 0.008507349479634926
2920.0 0.008509770723326695
2930.0 0.008534933927020056
2940.0 0.008579186296140318
2950.0 0.008603954441413887
2960.0 0.008621755522997699
2970.0 0.008626799686428589
2980.0 0.008571820767704807
2990.0 0.008473222102945162
3000.0 0.008370417032485008
3010.0 0.008281161054660419
3020.0 0.008251353871070021
3030.0 0.008271317189369224
3040.0 0.008286434044137016
3050.0 0.008296745940814186
3060.0 0.008330698731155238
3070.0 0.00837815342683585
3080.0 0.008399437428520971
3090.0 0.008412650635986594
3100.0 0.008478536570641768
3110.0 0.008553828871211455
3120.0 0.00863442409991123
3130.0 0.008701940403751466
3140.0 0.008687531024932221
3150.0 0.008692818775367974
3160.0 0.008754504081338479
3170.0 0.008827246525349986
3180.0 0.008921322779996708
3190.0 0.00897547787427372
3200.0 0.008986003028541823
3210.0 0.008991313362685726
3220.0 0.008993157763225554
3230.0 0.00899817094900151
3240.0 0.00900327115826686
3250.0 0.009042559509800683
3260.0 0.009080650136910227
3270.0 0.009069368128932519
3280.0 0.009054983353685889
3290.0 0.0090220732276991
3300.0 0.008998832013091288
3310.0 0.008981215724175186
3320.0 0.008981902076339946
3330.0 0.009014573888054279
3340.0 0.009025984791392284
3350.0 0.00901686218299616
3360.0 0.00900790278842895
3370.0 0.008998945513315329
3380.0 0.009014686160412419
3390.0 0.009039121287819724
3400.0 0.009087253790005224
3410.0 0.009139562223158674
3420.0 0.009219665267844459
3430.0 0.009285265825345545
3440.0 0.009159333458014856
3450.0 0.009055163674410727
3460.0 0.009059637348503048
3470.0 0.009070917884956646
3480.0 0.009091743245848913
3490.0 0.00909870986933254
3500.0 0.009103015649190404
3510.0 0.009095375436353961
3520.0 0.009076682271420528
3530.0 0.009068173473243162
3540.0 0.008979619160482821
3550.0 0.008904029444806965
3560.0 0.00883311346587273
3570.0 0.008782130095504168
3580.0 0.00883912720977246
3590.0 0.008914184835023884
3600.0 0.008985421587642465
3610.0 0.00903756252737355
3620.0 0.009013209545993751
3630.0 0.008960695108223306
3640.0 0.008899636936063422
3650.0 0.008828154369058936
3660.0 0.008793133441230812
3670.0 0.008804420633750056
3680.0 0.008831203053425336
3690.0 0.008865903337749363
3700.0 0.00891794209584624
3710.0 0.008987013180399772
3720.0 0.009373752344013995
3730.0 0.009733696317067527
3740.0 0.009414197947308472
3750.0 0.009194443748151458
3760.0 0.009293374518374241
3770.0 0.009383973115341867
3780.0 0.009452683908685486
3790.0 0.009532270034814768
3800.0 0.009615631677054115
3810.0 0.00973789617038419
3820.0 0.009891621729995503
3830.0 0.009993531053413275
3840.0 0.009948892480137788
3850.0 0.009991447875151192
3860.0 0.010060256035801423
3870.0 0.009990310869220476
3880.0 0.0101430634819566
3890.0 0.010318805931683968
3900.0 0.010502113282004864
3910.0 0.010733215059801095
3920.0 0.010850284230835052
3930.0 0.010710679139512317
3940.0 0.010615786078640431
3950.0 0.010591348256926121
3960.0 0.010555064031237698
3970.0 0.010864367283138584
3980.0 0.011191758237882023
3990.0 0.011478250076983712
4000.0 0.01181899381530468
4010.0 0.012102186419052982
4020.0 0.012074116052685003
4030.0 0.012047747167867337
4040.0 0.012020565960609821
4050.0 0.012001616648119188
4060.0 0.011999434994602357
4070.0 0.011959694585512635
4080.0 0.011883690340639904
4090.0 0.01182928945246391
4100.0 0.011813435274577755
4110.0 0.011897469356427184
4120.0 0.011929781187030539
4130.0 0.011990628009847194
4140.0 0.01206805556249238
4150.0 0.012164013928179656
4160.0 0.012174441588935606
4170.0 0.012213634480175449
4180.0 0.012257912389995315
4190.0 0.012242078163687215
4200.0 0.012223648121510349
4210.0 0.012231771029223158
4220.0 0.012251748743723008
4230.0 0.01230645848283093
4240.0 0.01234233884769787
4250.0 0.012303519084842552
4260.0 0.012225785250493471
4270.0 0.01215716767976838
4280.0 0.012113512019003951
4290.0 0.012085837580752793
4300.0 0.012174987411093314
4310.0 0.012365874392970315
4320.0 0.012637711145762828
4330.0 0.012928404867758689
4340.0 0.013144963849943054
4350.0 0.013297423436007883
4360.0 0.013240273791003825
4370.0 0.013159173630834154
4380.0 0.01299906835943459
4390.0 0.012892608916185655
4400.0 0.012867428872691497
4410.0 0.012841305731721311
4420.0 0.012829416752895851
4430.0 0.012811088609986596
4440.0 0.012787956992606408
4450.0 0.012858758532060635
4460.0 0.013008447577896893
4470.0 0.013177654987468888
4480.0 0.013350996061748326
4490.0 0.013507709862014538
4500.0 0.013629691440205764
4510.0 0.013680057082847231
4520.0 0.013718415067894313
4530.0 0.013708947098506138
4540.0 0.013707584309715018
4550.0 0.013726464098326802
4560.0 0.013783509485875447
4570.0 0.01383002754336062
4580.0 0.013862792360131078
4590.0 0.013884323719089356
4600.0 0.013902687909139632
4610.0 0.013856119963747289
4620.0 0.01384386368354527
4630.0 0.013841911037344862
4640.0 0.013740507604209421
4650.0 0.013636806842459936
4660.0 0.013636396748762181
4670.0 0.01368400290910887
4680.0 0.013776427874257537
4690.0 0.013817254077443601
4700.0 0.01374214778500812
4710.0 0.01372160056225478
4720.0 0.013747214545545809
4730.0 0.013752300531561274
4740.0 0.01373861757125184
4750.0 0.013758750973026021
4760.0 0.013796405497510225
4770.0 0.013860213248321833
4780.0 0.013926037031971459
4790.0 0.014011332541632964
4800.0 0.014102289501088957
4810.0 0.014249077738645973
4820.0 0.014416020712100712
4830.0 0.014699876824352667
4840.0 0.015097159629815915
4850.0 0.015782537892421834
4860.0 0.016087915447984814
4870.0 0.015858841613653644
4880.0 0.015599820349535129
4890.0 0.015318765576978803
4900.0 0.015185039601475568
4910.0 0.01513705853973202
4920.0 0.015175617475467515
4930.0 0.015240528183565916
4940.0 0.016222401842123542
4950.0 0.017304871045574537
4960.0 0.0182116938558131
4970.0 0.019109454220768922
4980.0 0.019907845404797498
4990.0 0.02158650907737839
5000.0 0.02536380527662687
5010.0 0.025450016211511745
5020.0 0.019712766123541624
5030.0 0.01630348971163543
5040.0 0.015008491612355524
5050.0 0.014245380444827874
5060.0 0.01413344526127625
5070.0 0.014045636205956275
5080.0 0.013965916383057882
5090.0 0.013960717818602444
5100.0 0.013966082710082052
5110.0 0.013940404083051021
5120.0 0.013885697534215152
5130.0 0.013848578492923532
5140.0 0.013808371675228031
5150.0 0.01375856983751228
5160.0 0.013704353793659042
5170.0 0.013782324134560832
5180.0 0.013936848523602266
5190.0 0.014095947110780539
5200.0 0.014203725494928604
5210.0 0.014281663934377188
5220.0 0.014409494340223985
5230.0 0.0144843477840703
5240.0 0.014495227201695495
5250.0 0.01450022601473037
5260.0 0.014582792422234708
5270.0 0.014662875080249015
5280.0 0.014713604256156053
5290.0 0.014751326170929653
5300.0 0.014758896227703822
5310.0 0.014764048128912672
5320.0 0.014764515220075594
5330.0 0.014743159717696214
5340.0 0.01469704981211096
5350.0 0.014682989127780311
5360.0 0.014687589318380443
5370.0 0.014664896253517669
5380.0 0.014632380508796852
5390.0 0.014618841334943702
5400.0 0.014609291146722894
5410.0 0.014641810892820463
5420.0 0.01466883132370757
5430.0 0.01465944045460007
5440.0 0.014648607429355092
5450.0 0.014633435640853319
5460.0 0.014628448443945119
5470.0 0.014644679481296908
5480.0 0.01470223329041649
5490.0 0.01475584350007058
5500.0 0.014810402484830119
5510.0 0.014865689165112264
5520.0 0.01493943080663991
5530.0 0.015020761419625281
5540.0 0.015009996937727369
5550.0 0.014972259448971117
5560.0 0.014943602726989032
5570.0 0.01491493427343741
5580.0 0.014879723978971362
5590.0 0.014843395039926615
5600.0 0.014818954981010947
5610.0 0.014828951323609537
5620.0 0.014844495622751131
5630.0 0.014864384600596468
5640.0 0.014889217078169693
5650.0 0.014911939293523736
5660.0 0.01493291113060573
5670.0 0.014962771137586898
5680.0 0.01499747065137414
5690.0 0.01500122850504443
5700.0 0.014998066218650285
5710.0 0.015021095377625438
5720.0 0.015044152549183409
5730.0 0.015038275226804513
5740.0 0.015046240799972702
5750.0 0.015107514196133803
5760.0 0.015174464365226781
5770.0 0.015254137656566741
5780.0 0.0153587248701745
5790.0 0.015494900789249873
5800.0 0.015520551456050266
5810.0 0.015460126776836752
5820.0 0.015365128131678197
5830.0 0.015251661299579682
5840.0 0.01522617390953503
5850.0 0.015223598368632126
5860.0 0.015246078016458142
5870.0 0.015324710001245601
5880.0 0.01531033196059115
5890.0 0.015295277382363774
5900.0 0.015277325819371574
5910.0 0.015255183113194721
5920.0 0.01522255989267059
5930.0 0.015216030908824424
5940.0 0.015236279436587839
5950.0 0.015254779170460975
5960.0 0.015271823291974367
5970.0 0.015257175231852507
5980.0 0.015223616230340341
5990.0 0.01520061030356026
6000.0 0.015189597455522758
6010.0 0.015208964445890509
6020.0 0.015230874612511993
6030.0 0.015295004876521951
6040.0 0.015355437398064069
6050.0 0.015397543672398891
6060.0 0.015450954054175544
6070.0 0.015511981320406482
6080.0 0.015496073856396123
6090.0 0.015434296154927985
6100.0 0.015382790680885475
6110.0 0.015340726304240666
6120.0 0.015286120965829555
6130.0 0.015224772491316155
6140.0 0.015198309002549976
6150.0 0.015208935530117516
6160.0 0.015209442123572083
6170.0 0.015208213358932845
6180.0 0.015190577444049069
6190.0 0.015172047030464902
6200.0 0.015149268400567928
6210.0 0.015129789889726086
6220.0 0.015122563124205686
6230.0 0.01514608815028538
6240.0 0.015224898637314075
6250.0 0.015264560030368034
6260.0 0.015263871574741806
6270.0 0.01531104466302697
6280.0 0.015387703381373102
6290.0 0.015654673590548108
6300.0 0.015843544069628096
6310.0 0.015760851382799135
6320.0 0.015604116749612885
6330.0 0.015663730038762525
6340.0 0.015742658712922304
6350.0 0.01593467922874486
6360.0 0.016044685563504368
6370.0 0.016029501432356468
6380.0 0.016024459161234465
6390.0 0.01604026116119601
6400.0 0.01606242903151303
6410.0 0.016091923058232913
6420.0 0.016176212127134028
6430.0 0.01630486972566537
6440.0 0.016449845906842446
6450.0 0.01659685752069812
6460.0 0.016764785544237982
6470.0 0.016936223861270208
6480.0 0.017357738961288068
6490.0 0.01780211419033424
6500.0 0.018341147120865573
6510.0 0.019049059652141306
6520.0 0.020156199555994635
6530.0 0.02177197473629564
6540.0 0.024296283962018616
6550.0 0.027855423127005643
6560.0 0.03274096856524626
6570.0 0.03254347644907418
6580.0 0.02847704471250395
6590.0 0.025113422599699547
6600.0 0.02206847676160922
6610.0 0.02065895295235062
6620.0 0.01954412353436798
6630.0 0.01886300319323152
6640.0 0.018227046355101455
6650.0 0.01778411093281251
6660.0 0.017445048364136257
6670.0 0.01719290756307001
6680.0 0.016957717068939438
6690.0 0.01675796693359464
6700.0 0.01676923080893282
6710.0 0.01702273200080469
6720.0 0.017244553561144398
6730.0 0.01744273015034994
6740.0 0.017182340593366357
6750.0 0.01669701511501544
6760.0 0.01655729939501425
6770.0 0.016494375608833375
6780.0 0.016505351505983847
6790.0 0.016522934465455417
6800.0 0.016632922194023184
6810.0 0.016733670685736314
6820.0 0.016814915754946477
6830.0 0.016871095544890427
6840.0 0.016869497223515273
6850.0 0.016857588760187996
6860.0 0.016832490935070794
6870.0 0.01683017037371438
6880.0 0.01684474277313308
6890.0 0.016903186144113416
6900.0 0.01698859797976014
6910.0 0.01706065811636055
6920.0 0.017129237724321202
6930.0 0.017174906485848806
6940.0 0.017217153047658997
6950.0 0.01723515166404143
6960.0 0.01725743253030329
6970.0 0.017292999240980808
6980.0 0.017302778309594397
6990.0 0.017283926254747208
7000.0 0.01726504608053227
7010.0 0.01724622076018651
7020.0 0.017227467461577065
7030.0 0.017208735739545584
7040.0 0.017190093666956945
7050.0 0.017172878455439595
7060.0 0.0171578971081026
7070.0 0.017142836897658272
7080.0 0.017127982303862293
7090.0 0.017112997341006932
7100.0 0.017098262936882748
7110.0 0.017083410675627037
7120.0 0.017068712379113476
7130.0 0.017057479393560077
7140.0 0.017056931154611907
7150.0 0.01705639454375789
7160.0 0.017055952884447806
7170.0 0.017055585774518357
7180.0 0.017055277058801922
7190.0 0.01705508602218008
7200.0 0.01705489331319627
7210.0 0.017054829489099203
7220.0 0.01708848755310253
7230.0 0.017122491805790924
7240.0 0.0171565320487543
7250.0 0.01719087110260533
7260.0 0.017225244571417074
7270.0 0.017259892585252765
7280.0 0.0172946145223879
7290.0 0.017329560028740986
7300.0 0.01736389134566467
7310.0 0.017398035172921187
7320.0 0.017432305413635395
7330.0 0.01746670565178043
7340.0 0.017501275268709666
7350.0 0.017535940617409165
7360.0 0.017570815708531747
7370.0 0.017605748984066305
7380.0 0.017639087385003017
7390.0 0.017665329567919115
7400.0 0.017691784440961315
7410.0 0.017718234864085133
7420.0 0.01774486803913919
7430.0 0.017771526449045512
7440.0 0.017798332985664387
7450.0 0.01782518698793554
7460.0 0.01785218147338195
7470.0 0.017877477280373207
7480.0 0.017901940840895376
7490.0 0.01792650200653084
7500.0 0.017951114144024012
7510.0 0.017975849611661734
7520.0 0.01800060348410346
7530.0 0.018025495776889194
7540.0 0.018050375199569316
7550.0 0.01807425640209473
7560.0 0.018035883311089507
7570.0 0.017997457549460045
7580.0 0.01795884423686026
7590.0 0.01792015236237868
7600.0 0.017881289941008554
7610.0 0.017842310380478312
7620.0 0.017803180342009
7630.0 0.017763923936267714
7640.0 0.017738256153357272
7650.0 0.017748548552890493
7660.0 0.017758887117647764
7670.0 0.017769194048896333
7680.0 0.01777955131757581
7690.0 0.017789855865597042
7700.0 0.017800248074414264
7710.0 0.01781057252462062
7720.0 0.017820936905721275
7730.0 0.01783271352693849
7740.0 0.017846458855886815
7750.0 0.01786018259738271
7760.0 0.017873934342103763
7770.0 0.017887677885955567
7780.0 0.017901413646415995
7790.0 0.017915164234918422
7800.0 0.01792891733621151
7810.0 0.01794267968210457
7820.0 0.017939363187982775
7830.0 0.017918046835301227
7840.0 0.01789659046856975
7850.0 0.017875086233309467
7860.0 0.01785342676423475
7870.0 0.01783169152650896
7880.0 0.01780981486460981
7890.0 0.01778788447703651
7900.0 0.01776581358543749
7910.0 0.017767834846679712
7920.0 0.017796816745091027
7930.0 0.017825840405825508
7940.0 0.017854899600529595
7950.0 0.01788397824610039
7960.0 0.017913102655915007
7970.0 0.017942241929638544
7980.0 0.017971437220831363
7990.0 0.018000637969522868
8000.0 0.018025758458948916
8010.0 0.01804243858294344
8020.0 0.01805907189664831
8030.0 0.0180756519600569
8040.0 0.018092182016405764
8050.0 0.018108663815526144
8060.0 0.018125094177137823
8070.0 0.018141476364458294
8080.0 0.018157807188347638
8090.0 0.01817453608800401
8100.0 0.01819823499512761
8110.0 0.01822190435322284
8120.0 0.018245544234915995
8130.0 0.0182691563751798
8140.0 0.018292737390570833
8150.0 0.01831628901397782
8160.0 0.018339811273729772
8170.0 0.01836338159899626
8180.0 0.01838723274231954
8190.0 0.018368851117195394
8200.0 0.018331695018154983
8210.0 0.01829435311851135
8220.0 0.018256822312946515
8230.0 0.018219106259723762
8240.0 0.018181201889524164
8250.0 0.018143112868859758
8260.0 0.018104836073451692
8270.0 0.01806637526935436
8280.0 0.018041830027948687
8290.0 0.0180677684176407
8300.0 0.018093687745933115
8310.0 0.01811958798024102
8320.0 0.018145467522344007
8330.0 0.018171329744981698
8340.0 0.018197179792183462
8350.0 0.018223140046123517
8360.0 0.018249081663755
8370.0 0.018275001183238205
8380.0 0.018208772549076664
8390.0 0.01808858723969612
8400.0 0.017968016805004306
8410.0 0.017847067134062717
8420.0 0.01772573192530535
8430.0 0.01760401870706635
8440.0 0.017481921205560746
8450.0 0.01735944696472369
8460.0 0.017236589645266948
8470.0 0.01711335694724646
8480.0 0.017189578287650657
8490.0 0.017279587127586298
8500.0 0.017369738834096333
8510.0 0.0174600365339369
8520.0 0.017550430834997743
8530.0 0.0176409282985652
8540.0 0.01773157081862073
8550.0 0.017822356389385317
8560.0 0.017913284752006653
8570.0 0.01800445651142352
8580.0 0.018096454428133808
8590.0 0.01818859447721325
8600.0 0.018280878155471948
8610.0 0.018373306968583778
8620.0 0.018465878895988223
8630.0 0.018558591909195624
8640.0 0.018651447515253418
8650.0 0.018744449051785482
8660.0 0.018837589026424777
8670.0 0.01891326671083004
8680.0 0.01892066948306324
8690.0 0.01892801626782365
8700.0 0.01893511851917689
8710.0 0.01894206750288545
8720.0 0.018948956555518443
8730.0 0.018955787554770606
8740.0 0.018962556960611356
8750.0 0.018969266745400136
8760.0 0.01897591874448222
8770.0 0.018985403394935766
8780.0 0.019009069512483233
8790.0 0.019032715463885214
8800.0 0.019056341172050375
8810.0 0.01907994670599344
8820.0 0.019103533943947065
8830.0 0.019127099192758457
8840.0 0.019150646190685138
8850.0 0.01917416942116781
8860.0 0.019197676259071865
8870.0 0.019219311292187624
8880.0 0.019119578941793107
8890.0 0.01901929470797681
8900.0 0.01891871538531855
8910.0 0.01881783968487325
8920.0 0.018716671797056498
8930.0 0.01861520845419202
8940.0 0.018513455736266417
8950.0 0.018411406701220094
8960.0 0.01830906738427597
8970.0 0.018206436486764167
8980.0 0.018245280548548026
8990.0 0.01833296237475789
9000.0 0.018420771033467807
9010.0 0.018508702611329156
9020.0 0.01859676057712586
9030.0 0.01868494286175697
9040.0 0.01877324924196623
9050.0 0.018861677639479282
9060.0 0.018950231540737432
9070.0 0.0190386280481505
9080.0 0.01906484552149405
9090.0 0.018977874896822896
9100.0 0.018890650756114232
9110.0 0.01880317729513474
9120.0 0.018715451096185373
9130.0 0.01862747449036966
9140.0 0.018539249765678396
9150.0 0.01845077551753527
9160.0 0.018362052058093263
9170.0 0.018273079901621855
9180.0 0.018183857477659843
9190.0 0.01813668514042575
9200.0 0.018097180706423202
9210.0 0.01805752965697592
9220.0 0.018017737879940196
9230.0 0.017977803722454246
9240.0 0.01793772552350045
9250.0 0.017897507247336165
9260.0 0.017857420479082255
9270.0 0.017817286420807862
9280.0 0.017777013841732154
9290.0 0.017742790515958777
9300.0 0.017731347607086147
9310.0 0.017719827940745253
9320.0 0.017708224022116425
9330.0 0.017696541749702605
9340.0 0.01768477732852884
9350.0 0.01767293284558895
9360.0 0.017661010343850002
9370.0 0.01764900803758298
9380.0 0.017636926053224686
9390.0 0.017624762647032492
9400.0 0.01869685835314357
9410.0 0.021055486461121087
9420.0 0.02341874239510254
9430.0 0.025786620116188444
9440.0 0.02815911381478918
9450.0 0.0305363285353204
9460.0 0.03291838337997951
9470.0 0.03530503344595364
9480.0 0.03769626691590924
9490.0 0.04009207217977749
9500.0 0.042492445345008796
9510.0 0.04220439006810543
9520.0 0.0399477852817292
9530.0 0.037686680259272985
9540.0 0.03542106307781068
9550.0 0.033150960931893465
9560.0 0.030876369652246462
9570.0 0.02859730462570254
9580.0 0.026313765539149096
9590.0 0.02402576591461679
9600.0 0.02173331122498511
9610.0 0.01943640909830788
9620.0 0.018450091996077188
9630.0 0.018442935867554813
9640.0 0.018435715068520347
9650.0 0.018428596402872074
9660.0 0.018421592397923132
9670.0 0.01841452673290676
9680.0 0.018407393538753227
9690.0 0.0184001928594483
9700.0 0.018392928860063433
9710.0 0.01838559955963904
9720.0 0.018378205167882196
9730.0 0.018389761351374736
9740.0 0.0184251186966299
9750.0 0.01846049070134874
9760.0 0.01849587534196483
9770.0 0.018531276567668606
9780.0 0.01856669435209381
9790.0 0.018602122677905536
9800.0 0.018637565500086394
9810.0 0.018673024787703402
9820.0 0.01870849851221051
9830.0 0.018743986642164583
9840.0 0.01877061383206318
9850.0 0.01875766825220325
9860.0 0.01874491830690955
9870.0 0.018732091262963886
9880.0 0.018719193428588667
9890.0 0.01870622285533292
9900.0 0.018693177641628134
9910.0 0.018680064008578908
9920.0 0.01866687383574747
9930.0 0.018653611435957403
9940.0 0.018640280918065244
9950.0 0.018626874303112717
9960.0 0.018635685722290952
9970.0 0.018650213423860043
9980.0 0.01866472115785743
9990.0 0.018679204783879823
10000.0 0.018693668452118853
10001.0 0.018695113396178707
10101.0 0.0187422497962324
10201.0 0.01861482526782663
10301.0 0.01858737155672127
10401.0 0.01853030283977347
10501.0 0.018401624976936117
10601.0 0.018381565563566453
10701.0 0.018428365540640347
10801.0 0.018484215223181864
10901.0 0.018672222910475947
11001.0 0.018176598165978913
11101.0 0.0179633646503839
11201.0 0.017968952361959594
11301.0 0.017957197142559396
11401.0 0.01788053230611277
11501.0 0.017747752903831335
11601.0 0.01767034969839809
11701.0 0.017692438458161736
11801.0 0.017621129862482814
11901.0 0.01754158569723557
12001.0 0.017477403178298774
12101.0 0.017443967335543407
12201.0 0.017356015740574594
12301.0 0.017202459154427648
12401.0 0.017011260786674576
12501.0 0.016883481206594025
12601.0 0.01688052796979379
12701.0 0.01689814714982018
12801.0 0.01682838953211618
12901.0 0.016842914865622127
13001.0 0.01685842361703068
13101.0 0.016822676208670614
13201.0 0.016787966773120524
13301.0 0.01674285110868689
13401.0 0.01666938717871363
13501.0 0.01645366646573358
13601.0 0.016269887451305903
13701.0 0.016411332670201503
13801.0 0.016488696694110995
13901.0 0.016514919645248493
14001.0 0.016213596910591887
14101.0 0.015989103079377086
14201.0 0.01586870617948508
14301.0 0.01597107833161023
14401.0 0.016055706612355884
14501.0 0.015734872417698144
14601.0 0.015692654415080175
14701.0 0.015939653360536352
14801.0 0.016242962141556714
14901.0 0.016522495702013654
15001.0 0.01643129132916315
15101.0 0.016370738215007903
15201.0 0.016363898558780707
15301.0 0.016450573105051453
15401.0 0.016593115648711604
15501.0 0.016381918841096212
15601.0 0.016145608625139845
15701.0 0.01631313715313511
15801.0 0.01645908267040409
15901.0 0.016546498344384396
16001.0 0.01630766158956953
16101.0 0.015659988297531097
16201.0 0.015675450540892293
16301.0 0.016141047924035947
16401.0 0.016428262161881268
16501.0 0.016649159236698637
16601.0 0.016405728845290266
16701.0 0.016069793115464154
16801.0 0.0161157116804597
16901.0 0.016192453186360003
17001.0 0.016020297421116898
17101.0 0.015838377287964046
17201.0 0.015491627895326597
17301.0 0.01515713547872282
17401.0 0.015083314325949147
17501.0 0.014998110398339407
17601.0 0.01471928795714598
17701.0 0.014444260898388624
17801.0 0.014399927424733868
17901.0 0.014354786080316774
18001.0 0.01433325216271695
18101.0 0.014311721753061108
18201.0 0.013996263790797525
18301.0 0.013647032355082514
18401.0 0.01344927661717854
18501.0 0.013287155965200451
18601.0 0.013230049510130766
18701.0 0.013221442655747132
18801.0 0.013197219787638265
18901.0 0.013159422096580586
19001.0 0.013060901069300222
19101.0 0.012857546828876694
19201.0 0.012668627062323147
19301.0 0.012555199253422569
19401.0 0.012440855409452169
19501.0 0.01243585305510272
19601.0 0.012436716286331844
19701.0 0.01230551850470586
19801.0 0.012117156943689394
19901.0 0.012006477360123391
20001.0 0.011999993420856944
20101.0 0.01198073112966117
20201.0 0.011875350106278004
20301.0 0.011769205382791314
20401.0 0.01170238793691483
20501.0 0.01164490023994463
20601.0 0.011581870093097439
20701.0 0.011512180561932229
20801.0 0.011444119198266187
20901.0 0.011404423607631609
21001.0 0.011364311432331102
21101.0 0.011264469746997423
21201.0 0.011133771888953876
21301.0 0.011008684938319167
21401.0 0.010904378301896204
21501.0 0.010799434084564229
21601.0 0.010721467187722926
21701.0 0.010651539653639646
21801.0 0.010594623690368692
21901.0 0.010573300165870827
22001.0 0.010551685758712317
22101.0 0.01048106677175677
22201.0 0.010393713912791074
22301.0 0.010301943121784748
22401.0 0.01019362975229681
22501.0 0.010084745837727577
22601.0 0.010038044431716114
22701.0 0.010029811412575623
22801.0 0.010019486132788386
22901.0 0.009800039068627031
23001.0 0.009579683173756594
23101.0 0.009403674564617241
23201.0 0.009304506636511008
23301.0 0.009204857423963677
23401.0 0.009092166264814834
23501.0 0.008973517513865936
23601.0 0.008854384188463854
23701.0 0.00876159710510664
23801.0 0.008668462180780732
23901.0 0.008587737039418593
24001.0 0.008542463668003857
24101.0 0.008496969044458392
24201.0 0.008437662476976731
24301.0 0.008364406506917962
24401.0 0.008290808696138735
24501.0 0.008231582464968456
24601.0 0.008178354402211346
24701.0 0.008124943518271028
24801.0 0.008091610866236144
24901.0 0.008061037005759551
25001.0 0.008030421587108514
25101.0 0.008012269077540046
25201.0 0.007994060105679027
25301.0 0.007975457213764395
25401.0 0.007954887543391602
25501.0 0.007934160391442098
25601.0 0.00791678900495716
25701.0 0.007914453348167887
25801.0 0.00791203016869324
25901.0 0.007910745489234951
26001.0 0.007913593226857089
26101.0 0.007916355572970926
26201.0 0.00791908983392937
26301.0 0.007921795312607132
26401.0 0.00792441882692592
26501.0 0.007926960486342106
26601.0 0.007929420959192227
26701.0 0.007931764556684878
26801.0 0.007930007479983162
26901.0 0.007928162396538558
27001.0 0.007926229362547325
27101.0 0.007924208995782034
27201.0 0.007922101327473665
27301.0 0.007918815327550337
27401.0 0.007913820125101063
27501.0 0.007908735349135866
27601.0 0.007903561822482344
27701.0 0.007898299489307611
27801.0 0.007892949246692116
27901.0 0.007887171088568679
28001.0 0.007881145115783871
28101.0 0.007875033233941939
28201.0 0.007868834471827865
28301.0 0.007862551437644631
28401.0 0.00785618381976425
28501.0 0.007849341566074463
28601.0 0.007842339990825453
28701.0 0.007835255241406448
28801.0 0.007828087852570982
28901.0 0.007820839621561914
29001.0 0.007813510285387895
29101.0 0.007805728035889183
29201.0 0.00779780868907762
29301.0 0.007789809347696923
29401.0 0.0077817300119689264
29501.0 0.007773572049576055
29601.0 0.007765335345331524
29701.0 0.007756720133051242
29801.0 0.007747940511908651
29901.0 0.007739085032386451
30001.0 0.00773015276423153
30101.0 0.007721146031397706
30201.0 0.00771206358906014
30301.0 0.007702710318969765
30401.0 0.007693124114217122
30501.0 0.007683464379278367
30601.0 0.00767373262341137
30701.0 0.007663927663622179
30801.0 0.007654052390458179
30901.0 0.007644039955285728
31001.0 0.0076337068129199975
31101.0 0.007623303049105712
31201.0 0.0076092975
31301.0 0.0075919121
31401.0 0.0075745275
31501.0 0.0075571425
31601.0 0.0075395526
31701.0 0.0075218836
31801.0 0.0075042145
31901.0 0.0074865459
32001.0 0.0074688764
32101.0 0.0074512078
32201.0 0.0074335141
32301.0 0.0074156052
32401.0 0.0073976959
32501.0 0.007379787
32601.0 0.0073618777
32701.0 0.0073439674
32801.0 0.0073260562
32901.0 0.0073080752
33001.0 0.0072899573
33101.0 0.0072718402
33201.0 0.0072537214
33301.0 0.0072356043
33401.0 0.0072174873
33501.0 0.0071993708
33601.0 0.0071811769
33701.0 0.0071628853
33801.0 0.0071445936
33901.0 0.007126302
34001.0 0.0071080094
34101.0 0.0070897178
34201.0 0.0070714261
34301.0 0.0070530805
34401.0 0.0070346519
34501.0 0.0070162229
34601.0 0.0069977939
34701.0 0.0069793644
34801.0 0.006960935
34901.0 0.006942505
35001.0 0.0069240551
35101.0 0.0069055194
35201.0 0.0068869842
35301.0 0.006868449
35401.0 0.006849912
35501.0 0.0068313754
35601.0 0.0068128393
35701.0 0.0067943027
35801.0 0.0067757005
35901.0 0.0067570871
36001.0 0.0067384737
36101.0 0.0067198612
36201.0 0.0067012482
36301.0 0.0066826353
36401.0 0.0066640228
36501.0 0.0066453936
36601.0 0.0066267345
36701.0 0.0066080764
36801.0 0.0065894183
36901.0 0.0065707592
37001.0 0.0065521016
37101.0 0.006533443
37201.0 0.0065147849
37301.0 0.0064974781
37401.0 0.0064807506
37501.0 0.0064640231
37601.0 0.0064472957
37701.0 0.0064305691
37801.0 0.0064138407
37901.0 0.0063971141
38001.0 0.0063803867
38101.0 0.0063642785
38201.0 0.0063482532
38301.0 0.006332228
38401.0 0.0063162022
38501.0 0.0063001765
38601.0 0.0062841508
38701.0 0.006268125
38801.0 0.0062520988
38901.0 0.0062362151
39001.0 0.0062203482
39101.0 0.0062044803
39201.0 0.0061886129
39301.0 0.0061727464
39401.0 0.0061568799
39501.0 0.006141013
39601.0 0.0061251465
39701.0 0.0061093974
39801.0 0.0060936874
39901.0 0.0060779769
40001.0 0.0060622664
40101.0 0.0060465564
40201.0 0.0060308464
40301.0 0.0060151364
40401.0 0.0059994259
40501.0 0.0059837848
40601.0 0.0059682336
40701.0 0.0059526828
40801.0 0.0059371316
40901.0 0.0059215804
41001.0 0.0059060291
41101.0 0.0058904793
41201.0 0.005874929
41301.0 0.0058593787
41401.0 0.0058439779
41501.0 0.0058285864
41601.0 0.0058131949
41701.0 0.0057978034
41801.0 0.0057824114
41901.0 0.0057670199
42001.0 0.0057516284
42101.0 0.0057362374
42201.0 0.0057208859
42301.0 0.00570565
42401.0 0.0056904145
42501.0 0.005675178
42601.0 0.0056599425
42701.0 0.005644707
42801.0 0.0056294706
42901.0 0.0056142351
43001.0 0.0055989986
43101.0 0.0055838274
43201.0 0.0055687502
43301.0 0.0055536721
43401.0 0.0055385949
43501.0 0.0055235177
43601.0 0.005508441
43701.0 0.0054933643
43801.0 0.005478288
43901.0 0.0054632113
44001.0 0.005448191
44101.0 0.0054332679
44201.0 0.0054183453
44301.0 0.0054034218
44401.0 0.0053884992
44501.0 0.0053735767
44601.0 0.005358655
44701.0 0.0053437334
44801.0 0.0053288112
44901.0 0.0053139105
45001.0 0.0052991444
45101.0 0.0052843778
45201.0 0.0052696117
45301.0 0.0052548447
45401.0 0.0052400785
45501.0 0.005225312
45601.0 0.0052105458
45701.0 0.0051957793
45801.0 0.0051810136
45901.0 0.0051663578
46001.0 0.0051517473
46101.0 0.0051371371
46201.0 0.005122527
46301.0 0.0051079169
46401.0 0.0050933068
46501.0 0.0050786966
46601.0 0.0050640861
46701.0 0.0050494755
46801.0 0.0050348784
46901.0 0.0050204201
47001.0 0.0050059613
47101.0 0.0049915025
47201.0 0.0049770437
47301.0 0.0049625854
47401.0 0.0049481271
47501.0 0.0049336683
47601.0 0.0049192104
47701.0 0.0049047512
47801.0 0.0048903315
47901.0 0.0048760246
48001.0 0.0048617176
48101.0 0.0048474111
48201.0 0.0048331041
48301.0 0.0048187985
48401.0 0.0048044929
48501.0 0.0047901869
48601.0 0.0047758813
48701.0 0.0047615753
48801.0 0.0047473041
48901.0 0.004733149
49001.0 0.0047189933
49101.0 0.0047048377
49201.0 0.004690682
49301.0 0.0046765269
49401.0 0.0046623717
49501.0 0.0046482165
49601.0 0.0046340614
49701.0 0.0046199062
49801.0 0.0046057506
49901.0 0.0045917407
50001.0 0.0045777322
50101.0 0.0045637237
50201.0 0.0045497157
50301.0 0.0045357072
50401.0 0.0045216992
50501.0 0.0045076902
50601.0 0.0044936822
50701.0 0.0044796732
50801.0 0.0044656647
50901.0 0.0044517349
51001.0 0.004437875
51101.0 0.0044413148
51201.0 0.0044572819
51301.0 0.0044732494
51401.0 0.004489217
51501.0 0.0045051835
51601.0 0.0045211506
51701.0 0.0045793075
51801.0 0.0046583395
51901.0 0.0047373716
52001.0 0.004816527
52101.0 0.0048957034
52201.0 0.0049748803
52301.0 0.0050433334
52401.0 0.0051069683
52501.0 0.0051706033
52601.0 0.0052342387
52701.0 0.0052978741
52801.0 0.0053615095
52901.0 0.0053660544
53001.0 0.0053376472
53101.0 0.0053093769
53201.0 0.0052811131
53301.0 0.0052528493
53401.0 0.0052245855
53501.0 0.005192833
53601.0 0.0051579094
53701.0 0.0051229866
53801.0 0.005088063
53901.0 0.0050531402
54001.0 0.005018217
54101.0 0.0050087571
54201.0 0.0050499607
54301.0 0.0050911894
54401.0 0.0051324181
54501.0 0.0051736459
54601.0 0.0052148746
54701.0 0.0052568759
54801.0 0.0053085573
54901.0 0.0053602392
55001.0 0.0054119201
55101.0 0.0054636016
55201.0 0.0055152834
55301.0 0.0055670291
55401.0 0.0056018746
55501.0 0.005630787
55601.0 0.005659699
55701.0 0.0056886114
55801.0 0.0057175243
55901.0 0.0057464363
56001.0 0.0057692053
56101.0 0.0057797795
56201.0 0.0057903533
56301.0 0.005800928
56401.0 0.0058115013
56501.0 0.0058221938
56601.0 0.0058329059
56701.0 0.0057933368
56801.0 0.0057451716
56901.0 0.0056970059
57001.0 0.0056488402
57101.0 0.0056006741
57201.0 0.0055525089
57301.0 0.0055023506
57401.0 0.0054474995
57501.0 0.0053926492
57601.0 0.0053377999
57701.0 0.0052830842
57801.0 0.0052283686
57901.0 0.0051736524
58001.0 0.0051653376
58101.0 0.0051802914
58201.0 0.0051952451
58301.0 0.0052101989
58401.0 0.0052251527
58501.0 0.005240107
58601.0 0.0052550607
58701.0 0.0052359803
58801.0 0.0052154073
58901.0 0.0051949569
59001.0 0.0051745172
59101.0 0.005154077
59201.0 0.0051336372
59301.0 0.0051306691
59401.0 0.0052118162
59501.0 0.0052929632
59601.0 0.0053741098
59701.0 0.0054552574
59801.0 0.0055364035
59901.0 0.0056175506
60001.0 0.0057141385
60101.0 0.0058456566
60201.0 0.0059772306
60301.0 0.0061088046
60401.0 0.0062403786
60501.0 0.0063719526
60601.0 0.0065035261
60701.0 0.0066592563
60801.0 0.0068575609
60901.0 0.0070558656
61001.0 0.0072541703
61101.0 0.0074524758
61201.0 0.0076507805
61301.0 0.0078490842
61401.0 0.0082731042
61501.0 0.0091389511
61601.0 0.0100047961
61701.0 0.010870642
61801.0 0.011736487
61901.0 0.012602332
62001.0 0.0134681789
62101.0 0.0140307266
62201.0 0.0135892024
62301.0 0.0131476801
62401.0 0.0127061559
62501.0 0.0122646336
62601.0 0.0118231215
62701.0 0.0113817248
62801.0 0.0109433355
62901.0 0.0105703333
63001.0 0.0101973321
63101.0 0.00982433
63201.0 0.0094513278
63301.0 0.0090783257
63401.0 0.0087053236
63501.0 0.0083323214
63601.0 0.0081287045
63701.0 0.0079748277
63801.0 0.0078209499
63901.0 0.0076670721
64001.0 0.0075133126
64101.0 0.0073595583
64201.0 0.0072058053
64301.0 0.0070990147
64401.0 0.0070578838
64501.0 0.0070167538
64601.0 0.0069756233
64701.0 0.0069344933
64801.0 0.0068933633
64901.0 0.0068522329
65001.0 0.0068111024
65101.0 0.0067514507
65201.0 0.0066913436
65301.0 0.0066313017
65401.0 0.0065713157
65501.0 0.0065113297
65601.0 0.0064513441
65701.0 0.0063913586
65801.0 0.0064008906
65901.0 0.0064957393
66001.0 0.006590588
66101.0 0.0066854358
66201.0 0.0067802845
66301.0 0.0068751322
66401.0 0.0069699809
66501.0 0.0070648296
66601.0 0.0070584305
66701.0 0.0070321243
66801.0 0.0070058373
66901.0 0.0069795512
67001.0 0.0069532641
67101.0 0.0069269775
67201.0 0.0069006905
67301.0 0.006869982
67401.0 0.0068102023
67501.0 0.0067504211
67601.0 0.0066906409
67701.0 0.0066308607
67801.0 0.0065710805
67901.0 0.0065112999
68001.0 0.0064515197
68101.0 0.0064180554
68201.0 0.0064352741
68301.0 0.0064524934
68401.0 0.0064697135
68501.0 0.0064869327
68601.0 0.006504152
68701.0 0.0065213712
68801.0 0.0065385904
68901.0 0.0065854643
69001.0 0.0066672927
69101.0 0.0067491215
69201.0 0.0068309493
69301.0 0.0069127777
69401.0 0.006994606
69501.0 0.0070764981
69601.0 0.0071584396
69701.0 0.0072127674
69801.0 0.0072378912
69901.0 0.007263015
70001.0 0.0072881393
70101.0 0.0073132636
70201.0 0.0073383879
70301.0 0.0073635117
70401.0 0.0073886355
70501.0 0.0073894057
70601.0 0.0073566837
70701.0 0.0073239612
70801.0 0.0072912392
70901.0 0.0072585167
71001.0 0.0072259046
71101.0 0.0071932944
71201.0 0.0071606841
71301.0 0.0071357996
71401.0 0.0071326755
71501.0 0.0071295509
71601.0 0.0071264263
71701.0 0.0071233008
71801.0 0.0071201771
71901.0 0.0071170526
72001.0 0.007113927
72101.0 0.0071118018
72201.0 0.0072199209
72301.0 0.007328039
72401.0 0.0074361661
72501.0 0.0075443927
72601.0 0.0076526189
72701.0 0.0077608451
72801.0 0.0078690704
72901.0 0.0079772966
73001.0 0.0081601106
73101.0 0.0083813444
73201.0 0.008602581
73301.0 0.0088238167
73401.0 0.0090450523
73501.0 0.009266289
73601.0 0.0094875237
73701.0 0.0097087594
73801.0 0.0099354889
73901.0 0.0101823984
74001.0 0.0104294047
74101.0 0.0106764222
74201.0 0.0109234387
74301.0 0.0111704571
74401.0 0.0114174737
74501.0 0.0116644911
74601.0 0.0119115086
74701.0 0.0121503202
74801.0 0.0123851066
74901.0 0.0126198949
75001.0 0.0128546814
75101.0 0.0130894696
75201.0 0.0133242579
75301.0 0.0135590443
75401.0 0.0137938326
75501.0 0.0140262721
75601.0 0.0141758109
75701.0 0.0143253542
75801.0 0.0144748949
75901.0 0.0146244355
76001.0 0.0147739761
76101.0 0.0149235167
76201.0 0.0150730573
76301.0 0.0152225979
76401.0 0.015302374
76501.0 0.015207991
76601.0 0.0151136098
76701.0 0.0150192287
76801.0 0.0149248466
76901.0 0.0148304645
77001.0 0.0147360843
77101.0 0.0146417562
77201.0 0.0145474765
77301.0 0.0144646047
77401.0 0.0143960817
77501.0 0.0143275568
77601.0 0.0142590329
77701.0 0.0141905099
77801.0 0.0141219869
77901.0 0.0140534621
78001.0 0.0139849391
78101.0 0.0139164142
78201.0 0.0137896407
78301.0 0.0136039164
78401.0 0.0134181939
78501.0 0.0132324714
78601.0 0.0130467508
78701.0 0.0128610609
78801.0 0.0126754381
78901.0 0.0124898143
79001.0 0.0123041896
79101.0 0.0121205999
79201.0 0.0119395293
79301.0 0.0117584579
79401.0 0.0115773864
79501.0 0.0113963159
79601.0 0.0112152435
79701.0 0.011034173
79801.0 0.0108531015
79901.0 0.010672031
80001.0 0.0104818214
80101.0 0.0102695609
80201.0 0.0100572994
80301.0 0.0098450398
80401.0 0.0096328594
80501.0 0.0094206957
80601.0 0.0092085311
80701.0 0.0089963675
80801.0 0.0087842047
80901.0 0.0085754711
81001.0 0.0084703779
81101.0 0.0083652847
81201.0 0.0082601914
81301.0 0.0081550991
81401.0 0.0080500068
81501.0 0.0079449136
81601.0 0.0078398213
81701.0 0.0077347285
81801.0 0.0076296362
81901.0 0.0075542117
82001.0 0.0074937316
82101.0 0.0074333427
82201.0 0.0073729567
82301.0 0.0073125707
82401.0 0.0072521851
82501.0 0.0071917986
82601.0 0.0071314126
82701.0 0.0070710271
82801.0 0.0070164157
82901.0 0.006986591
83001.0 0.006956765
83101.0 0.0069269394
83201.0 0.0068971133
83301.0 0.0068672886
83401.0 0.0068374625
83501.0 0.0068076369
83601.0 0.0067778113
83701.0 0.0067479862
83801.0 0.0067396639
83901.0 0.0067454791
84001.0 0.0067512938
84101.0 0.006757108
84201.0 0.0067629232
84301.0 0.0067687379
84401.0 0.0067745522
84501.0 0.0067803678
84601.0 0.0067861825
84701.0 0.0067919972
84801.0 0.0068211453
84901.0 0.0068526855
85001.0 0.0068842247
85101.0 0.006915764
85201.0 0.0069473041
85301.0 0.0069788434
85401.0 0.0070103831
85501.0 0.0070419381
85601.0 0.0070735663
85701.0 0.007094942
85801.0 0.0070219128
85901.0 0.0069488822
86001.0 0.0068758526
86101.0 0.0068028225
86201.0 0.0067297928
86301.0 0.0066567622
86401.0 0.006583733
86501.0 0.0065107024
86601.0 0.0064376728
86701.0 0.0063559818
86801.0 0.0062337471
86901.0 0.0061115129
87001.0 0.0059892787
87101.0 0.0058670444
87201.0 0.0057448107
87301.0 0.0056225955
87401.0 0.0055004479
87501.0 0.0053782994
87601.0 0.0052561518
87701.0 0.0051376047
87801.0 0.0050415546
87901.0 0.0049455049
88001.0 0.0048494553
88101.0 0.0047534052
88201.0 0.0046573551
88301.0 0.0045613055
88401.0 0.0044652554
88501.0 0.0043692058
88601.0 0.0042731557
88701.0 0.0041771056
88801.0 0.0041351467
88901.0 0.0040940689
89001.0 0.0040529897
89101.0 0.0040119113
89201.0 0.003970908
89301.0 0.0039299135
89401.0 0.003888919
89501.0 0.0038479245
89601.0 0.0038069303
89701.0 0.0037659355
89801.0 0.0037223753
89901.0 0.0036777814
90001.0 0.0036331876
90101.0 0.003588594
90201.0 0.003544
90301.0 0.0034994064
90401.0 0.0034548128
90501.0 0.003410219
90601.0 0.0033656252
90701.0 0.0033210316
90801.0 0.0032854006
90901.0 0.0032685581
91001.0 0.0032517309
91101.0 0.0032349713
91201.0 0.0032182117
91301.0 0.0032014519
91401.0 0.0031846922
91501.0 0.0031679326
91601.0 0.0031511728
91701.0 0.0031344132
91801.0 0.0031176535
91901.0 0.0031049177
92001.0 0.0030931076
92101.0 0.0030812975
92201.0 0.0030694874
92301.0 0.0030576768
92401.0 0.003045867
92501.0 0.0030340569
92601.0 0.0030222465
92701.0 0.0030104364
92801.0 0.0029986263
92901.0 0.0029876344
93001.0 0.0029804141
93101.0 0.0029731938
93201.0 0.0029659732
93301.0 0.0029587531
93401.0 0.0029515326
93501.0 0.0029443125
93601.0 0.002937092
93701.0 0.0029298714
93801.0 0.0029226514
93901.0 0.0029154308
94001.0 0.0029115682
94101.0 0.0029122671
94201.0 0.0029129661
94301.0 0.002913665
94401.0 0.002914364
94501.0 0.0029150629
94601.0 0.0029157619
94701.0 0.0029164609
94801.0 0.0029171598
94901.0 0.0029179659
95001.0 0.002918852
95101.0 0.0029242823
95201.0 0.0029335064
95301.0 0.0029427309
95401.0 0.002951955
95501.0 0.0029611797
95601.0 0.002970404
95701.0 0.0029796283
95801.0 0.0029888526
95901.0 0.0029980768
96001.0 0.0030073011
96101.0 0.0030165254
96201.0 0.0030165464
96301.0 0.0030086951
96401.0 0.0030008438
96501.0 0.0029929923
96601.0 0.0029851412
96701.0 0.0029772902
96801.0 0.0029694387
96901.0 0.0029619683
97001.0 0.0029546949
97101.0 0.0029474213
97201.0 0.0029401476
97301.0 0.002927629
97401.0 0.0029074047
97501.0 0.0028871805
97601.0 0.0028669559
97701.0 0.0028467318
97801.0 0.0028265072
97901.0 0.0028062831
98001.0 0.0027860587
98101.0 0.0027658343
98201.0 0.00274561
98301.0 0.0027253856
98401.0 0.0027073345
98501.0 0.0027022026
98601.0 0.0026970708
98701.0 0.002691939
98801.0 0.0026868072
98901.0 0.0026816947
99001.0 0.0026766215
99101.0 0.0026715479
99201.0 0.0026664748
99301.0 0.0026614014
99401.0 0.002656328
99501.0 0.0026577923
99601.0 0.0026599914
99701.0 0.0026621898
99801.0 0.0026643891
99901.0 0.0026665875
100001.0 0.0026687863
100101.0 0.0026709852
100201.0 0.002673184
100301.0 0.0026753829
100401.0 0.0026775817
100501.0 0.0026797806
100601.0 0.0026782402
100701.0 0.0026705987
100801.0 0.0026629576
100901.0 0.0026553161
101001.0 0.0026477063
101101.0 0.0026401205
101201.0 0.0026325346
101301.0 0.0026249485
101401.0 0.0026173629
101501.0 0.0026097768
101601.0 0.0026021909
101701.0 0.0025946051
101801.0 0.0025904276
101901.0 0.0025874479
102001.0 0.0025844681
102101.0 0.0025814883
102201.0 0.0025785086
102301.0 0.0025755288
102401.0 0.002572549
102501.0 0.0025695693
102601.0 0.0025665895
102701.0 0.0025636097
102801.0 0.00256063
102901.0 0.0025576502
103001.0 0.0025723036
103101.0 0.0025877119
103201.0 0.0026031537
103301.0 0.0026185955
103401.0 0.0026340373
103501.0 0.0026494791
103601.0 0.0026649211
103701.0 0.0026803629
103801.0 0.0026958047
103901.0 0.0027112467
104001.0 0.0027266885
104101.0 0.002742148
104201.0 0.0027580298
104301.0 0.0027739117
104401.0 0.0027897935
104501.0 0.0028056754
104601.0 0.0028215572
104701.0 0.0028374391
104801.0 0.0028533211
104901.0 0.0028692028
105001.0 0.0028850846
105101.0 0.0029009664
105201.0 0.0029168483
105301.0 0.0029327669
105401.0 0.0029308121
105501.0 0.0029286765
105601.0 0.0029265413
105701.0 0.0029244055
105801.0 0.0029222702
105901.0 0.0029201347
106001.0 0.0029179992
106101.0 0.0029158639
106201.0 0.0029137284
106301.0 0.0029115928
106401.0 0.0029094573
106501.0 0.0029073218
106601.0 0.0029083751
106701.0 0.0029102257
106801.0 0.002912076
106901.0 0.0029139265
107001.0 0.0029157768
107101.0 0.0029176273
107201.0 0.0029194776
107301.0 0.0029213279
107401.0 0.0029231787
107501.0 0.0029250602
107601.0 0.0029269592
107701.0 0.0029288586
107801.0 0.0029321762
107901.0 0.0029371595
108001.0 0.0029421428
108101.0 0.0029471258
108201.0 0.0029521089
108301.0 0.0029570921
108401.0 0.0029620754
108501.0 0.0029670582
108601.0 0.0029720417
108701.0 0.0029770248
108801.0 0.0029820078
108901.0 0.0029869911
109001.0 0.0029919744
109101.0 0.0030400243
109201.0 0.0030885097
109301.0 0.0031369948
109401.0 0.0031854799
109501.0 0.003233965
109601.0 0.0032824501
109701.0 0.0033309392
109801.0 0.0033794707
109901.0 0.0034280024
110001.0 0.0034765336
110101.0 0.0035250648
110201.0 0.0035735965
110301.0 0.0036573315
110401.0 0.0038036508
110501.0 0.0039499705
110601.0 0.0040962896
110701.0 0.0042426093
110801.0 0.0043889289
110901.0 0.004535248
111001.0 0.0046815677
111101.0 0.0048278868
111201.0 0.0049742064
111301.0 0.0051205261
111401.0 0.0052668452
111501.0 0.0054131644
111601.0 0.0055411858
111701.0 0.0056570088
111801.0 0.0057728318
111901.0 0.0058886549
112001.0 0.0060044797
112101.0 0.0061203474
112201.0 0.0062362147
112301.0 0.0063520824
112401.0 0.0064679501
112501.0 0.0065838173
112601.0 0.006699685
112701.0 0.0068155532
112801.0 0.0069314204
112901.0 0.0068678427
113001.0 0.0067198202
113101.0 0.0065717972
113201.0 0.0064237751
113301.0 0.0062757526
113401.0 0.00612773
113501.0 0.0059797079
113601.0 0.0058316858
113701.0 0.0056836628
113801.0 0.0055356408
113901.0 0.0053876182
114001.0 0.0052395957
114101.0 0.0050915731
114201.0 0.0049951202
114301.0 0.0049316385
114401.0 0.0048681791
114501.0 0.0048047388
114601.0 0.004741299
114701.0 0.0046778591
114801.0 0.0046144193
114901.0 0.004550979
115001.0 0.0044875396
115101.0 0.0044240993
115201.0 0.0043606595
115301.0 0.0042972192
115401.0 0.0042337794
115501.0 0.0041915951
115601.0 0.0041826563
115701.0 0.0041737175
115801.0 0.0041647786
115901.0 0.0041558398
116001.0 0.0041469014
116101.0 0.0041379621
116201.0 0.0041290238
116301.0 0.0041200854
116401.0 0.0041111461
116501.0 0.0041022077
116601.0 0.0040932689
116701.0 0.0040843301
116801.0 0.0040755603
116901.0 0.0040716007
117001.0 0.0040676421
117101.0 0.0040636831
117201.0 0.0040597236
117301.0 0.0040557655
117401.0 0.0040518059
117501.0 0.0040478474
117601.0 0.0040438878
117701.0 0.0040399288
117801.0 0.0040359697
117901.0 0.0040320107
118001.0 0.0040280516
118101.0 0.004024093
118201.0 0.0040404242
118301.0 0.0040770452
118401.0 0.0041136676
118501.0 0.0041502891
118601.0 0.0041869106
118701.0 0.0042235325
118801.0 0.0042601544
118901.0 0.0042967759
119001.0 0.0043333978
119101.0 0.0043700198
119201.0 0.0044066412
119301.0 0.0044433018
119401.0 0.0044799624
119501.0 0.0045166225
119601.0 0.0045460379
119701.0 0.004573863
119801.0 0.0046016881
119901.0 0.0046295132
120001.0 0.0046573384
120101.0 0.0046851635
120201.0 0.0047129886
120301.0 0.0047408133
120401.0 0.0047686384
120501.0 0.0047964635
120601.0 0.0048242882
120701.0 0.0048521138
120801.0 0.0048799384
120901.0 0.0049077636
121001.0 0.0049412502
121101.0 0.0049748519
121201.0 0.0050084544
121301.0 0.0050420561
121401.0 0.0050756582
121501.0 0.0051092599
121601.0 0.005142862
121701.0 0.0051764641
121801.0 0.0052101021
121901.0 0.0052437405
122001.0 0.005277379
122101.0 0.0053110179
122201.0 0.0053446563
122301.0 0.0053782947
122401.0 0.0054231142
122501.0 0.0054681632
122601.0 0.0055132112
122701.0 0.0055582598
122801.0 0.0056033079
122901.0 0.0056483564
123001.0 0.005693404
123101.0 0.005738453
123201.0 0.0057835011
123301.0 0.0058285496
123401.0 0.0058735982
123501.0 0.0059186458
123601.0 0.0059636943
123701.0 0.0060087424
123801.0 0.0060538305
123901.0 0.006098927
124001.0 0.006144024
124101.0 0.0061891205
124201.0 0.0062342174
124301.0 0.0062793288
124401.0 0.0063244612
124501.0 0.0063695936
124601.0 0.0064147254
124701.0 0.0064598573
124801.0 0.0065049902
124901.0 0.0065501221
125001.0 0.0065952544
125101.0 0.0066403863
125201.0 0.0066937357
125301.0 0.0067553017
125401.0 0.0068168682
125501.0 0.0068784347
125601.0 0.0069400012
125701.0 0.0070015672
125801.0 0.0070631341
125901.0 0.0071246997
126001.0 0.0071862657
126101.0 0.0072478326
126201.0 0.0073093981
126301.0 0.0073709651
126401.0 0.0074325306
126501.0 0.0074940976
126601.0 0.0075556636
126701.0 0.0077079465
126801.0 0.0078602294
126901.0 0.0080125229
127001.0 0.008164837
127101.0 0.008317152
127201.0 0.0084694671
127301.0 0.0086217821
127401.0 0.008774098
127501.0 0.0089264121
127601.0 0.009078728
127701.0 0.009231043
127801.0 0.0093833571
127901.0 0.0095356721
128001.0 0.0096879881
128101.0 0.0097253416
128201.0 0.0095395353
128301.0 0.009353729
128401.0 0.0091679227
128501.0 0.0089821164
128601.0 0.0087963101
128701.0 0.0086105047
128801.0 0.0084246984
128901.0 0.0082388921
129001.0 0.0080530867
129101.0 0.0078672804
129201.0 0.0076814736
129301.0 0.0074956678
129401.0 0.0073098615
129501.0 0.0071240561
129601.0 0.0070257005
129701.0 0.007008058
129801.0 0.0069904155
129901.0 0.0069727725
130001.0 0.0069551305
130101.0 0.0069374884
130201.0 0.006919845
130301.0 0.0069022034
130401.0 0.0068845614
130501.0 0.0068669189
130601.0 0.0068492759
130701.0 0.0068316334
130801.0 0.0068139918
130901.0 0.0067963498
131001.0 0.0067787059
131101.0 0.0067660734
131201.0 0.006758065
131301.0 0.0067500565
131401.0 0.0067420481
131501.0 0.0067340401
131601.0 0.0067260317
131701.0 0.0067180232
131801.0 0.0067100143
131901.0 0.0067020059
132001.0 0.0066939974
132101.0 0.0066859894
132201.0 0.0066779805
132301.0 0.006669987
132401.0 0.0066620088
132501.0 0.0066540306
132601.0 0.0066461093
132701.0 0.0066383001
132801.0 0.0066304901
132901.0 0.0066226805
133001.0 0.0066148709
133101.0 0.0066070613
133201.0 0.0065992512
133301.0 0.006591442
133401.0 0.006583632
133501.0 0.0065758219
133601.0 0.0065680132
133701.0 0.0065602036
133801.0 0.0065523935
133901.0 0.0065445835
134001.0 0.0065367748
134101.0 0.0065289643
134201.0 0.0065364186
134301.0 0.0065440265
134401.0 0.0065516345
134501.0 0.0065592425
134601.0 0.0065668505
134701.0 0.0065744584
134801.0 0.0065820664
134901.0 0.0065896744
135001.0 0.0065972828
135101.0 0.0066049118
135201.0 0.0066125486
135301.0 0.0066201859
135401.0 0.0066278232
135501.0 0.0066354605
135601.0 0.0066430978
135701.0 0.0066408436
135801.0 0.0066269794
135901.0 0.0066131144
136001.0 0.0065992512
136101.0 0.0065853866
136201.0 0.006571522
136301.0 0.0065576574
136401.0 0.0065437928
136501.0 0.0065299282
136601.0 0.0065160636
136701.0 0.006502199
136801.0 0.0064883344
136901.0 0.0064744703
137001.0 0.0064606061
137101.0 0.0064467415
137201.0 0.0064328774
137301.0 0.0064229579
137401.0 0.0064143552
137501.0 0.0064057512
137601.0 0.0063971477
137701.0 0.0063885441
137801.0 0.0063799415
137901.0 0.0063713477
138001.0 0.0063627716
138101.0 0.006354196
138201.0 0.0063456199
138301.0 0.0063370448
138401.0 0.0063284682
138501.0 0.0063198926
138601.0 0.0063113165
138701.0 0.0063027414
138801.0 0.0062941648
138901.0 0.0063044522
139001.0 0.0063178102
139101.0 0.0063311676
139201.0 0.0063445247
139301.0 0.0063578822
139401.0 0.0063712406
139501.0 0.0063845986
139601.0 0.0063979561
139701.0 0.0064113131
139801.0 0.006424671
139901.0 0.0064380285
140001.0 0.0064513865
140101.0 0.006464744
140201.0 0.006478101
140301.0 0.006491459
140401.0 0.0065048169
140501.0 0.0065191723
140601.0 0.0065338099
140701.0 0.0065484466
140801.0 0.0065630949
140901.0 0.00657776
141001.0 0.0065924237
141101.0 0.0066070873
141201.0 0.0066217519
141301.0 0.0066364151
141401.0 0.0066510797
141501.0 0.0066657439
141601.0 0.006680408
141701.0 0.0066950717
141801.0 0.0067097358
141901.0 0.0067244
142001.0 0.0067390641
142101.0 0.0067413677
142201.0 0.0067322627
142301.0 0.0067231576
142401.0 0.0067140516
142501.0 0.0067049465
142601.0 0.0066958414
142701.0 0.0066867359
142801.0 0.0066776308
142901.0 0.0066685253
143001.0 0.0066594197
143101.0 0.0066503147
143201.0 0.0066412091
143301.0 0.0066321036
143401.0 0.006622999
143501.0 0.0066138934
143601.0 0.0066047884
143701.0 0.0065963911
143801.0 0.0065961643
143901.0 0.0065959403
144001.0 0.0065957168
144101.0 0.0065954933
144201.0 0.0065952698
144301.0 0.0065950463
144401.0 0.0065948227
144501.0 0.0065945983
144601.0 0.0065943748
144701.0 0.0065941513
144801.0 0.0065939277
144901.0 0.0065937042
145001.0 0.0065934807
145101.0 0.0065932563
145201.0 0.0065930337
145301.0 0.0065928102
145401.0 0.006595145
145501.0 0.0066007366
145601.0 0.0066063297
145701.0 0.0066119218
145801.0 0.0066175135
145901.0 0.0066231051
146001.0 0.0066286973
146101.0 0.0066342894
146201.0 0.006639882
146301.0 0.0066454741
146401.0 0.0066510662
146501.0 0.0066566584
146601.0 0.00666225
146701.0 0.0066678417
146801.0 0.0066734506
146901.0 0.0066790679
147001.0 0.0066846842
147101.0 0.0066878106
147201.0 0.0066893464
147301.0 0.0066908817
147401.0 0.006692416
147501.0 0.0066939513
147601.0 0.0066954866
147701.0 0.0066970214
147801.0 0.0066985562
147901.0 0.0067000915
148001.0 0.0067016259
148101.0 0.0067031616
148201.0 0.0067046965
148301.0 0.0067062313
148401.0 0.0067077666
148501.0 0.0067093018
148601.0 0.0067108367
148701.0 0.0067123715
148801.0 0.0067078657
148901.0 0.0066989865
149001.0 0.0066901064
149101.0 0.0066812271
149201.0 0.0066723465
149301.0 0.0066634668
149401.0 0.0066545871
149501.0 0.0066457074
149601.0 0.0066368282
149701.0 0.006627948
149801.0 0.0066190683
149901.0 0.0066102091
150001.0 0.0066013522
150101.0 0.0065924954
150201.0 0.006583638
150301.0 0.0065747816
150401.0 0.0065659243
150501.0 0.0065575861
150601.0 0.0065502096
150701.0 0.0065428349
150801.0 0.0065354593
150901.0 0.0065280832
151001.0 0.0065207076
151101.0 0.006513332
151201.0 0.0065059559
151301.0 0.0064985808
151401.0 0.0064912052
151501.0 0.0064838296
151601.0 0.0064764535
151701.0 0.0064690784
151801.0 0.0064617023
151901.0 0.0064543271
152001.0 0.006446952
152101.0 0.0064395759
152201.0 0.0064321999
152301.0 0.0064179692
152401.0 0.0064033009
152501.0 0.0063886321
152601.0 0.0063739643
152701.0 0.006359295
152801.0 0.0063446267
152901.0 0.0063299574
153001.0 0.0063152993
153101.0 0.0063006529
153201.0 0.0062860074
153301.0 0.00627136
153401.0 0.006256714
153501.0 0.0062420685
153601.0 0.006227422
153701.0 0.0062127756
153801.0 0.0061981296
153901.0 0.0061834832
154001.0 0.0061812177
154101.0 0.0062065083
154201.0 0.0062317988
154301.0 0.0062570893
154401.0 0.0062823803
154501.0 0.0063076704
154601.0 0.0063329618
154701.0 0.0063582519
154801.0 0.0063835434
154901.0 0.0064088339
155001.0 0.0064341249
155101.0 0.0064594154
155201.0 0.006484706
155301.0 0.006509997
155401.0 0.0065352879
155501.0 0.0065605785
155601.0 0.006585869
155701.0 0.0066111595
155801.0 0.0066044214
155901.0 0.0065629836
156001.0 0.0065215463
156101.0 0.0064801089
156201.0 0.0064386777
156301.0 0.0063972622
156401.0 0.0063558454
156501.0 0.0063144285
156601.0 0.0062730121
156701.0 0.0062315958
156801.0 0.0061901789
156901.0 0.006148763
157001.0 0.0061073462
157101.0 0.0060659293
157201.0 0.0060245125
157301.0 0.0059830965
157401.0 0.0059416802
157501.0 0.0059002638
157601.0 0.0058707455
157701.0 0.0058563706
157801.0 0.0058419947
157901.0 0.0058276192
158001.0 0.0058132447
158101.0 0.0057988693
158201.0 0.0057844934
158301.0 0.005770118
158401.0 0.005755743
158501.0 0.0057413676
158601.0 0.0057269931
158701.0 0.0057126172
158801.0 0.0056982422
158901.0 0.0056838663
159001.0 0.0056694914
159101.0 0.0056551164
159201.0 0.0056407405
159301.0 0.0056263655
159401.0 0.0056132805
159501.0 0.0056053628
159601.0 0.0055974554
159701.0 0.0055895485
159801.0 0.0055816411
159901.0 0.0055737337
160001.0 0.0055658258
160101.0 0.0055579189
160201.0 0.0055500115
160301.0 0.0055421041
160401.0 0.0055341972
160501.0 0.0055262898
160601.0 0.0055183815
160701.0 0.0055104746
160801.0 0.0055025676
160901.0 0.0054946598
161001.0 0.0054867528
161101.0 0.0054788454
161201.0 0.005470938
161301.0 0.0054710563
161401.0 0.0054739942
161501.0 0.005476932
161601.0 0.0054798699
161701.0 0.0054828078
161801.0 0.0054857461
161901.0 0.0054886844
162001.0 0.0054916218
162101.0 0.0054945601
162201.0 0.005497498
162301.0 0.0055004363
162401.0 0.0055033746
162501.0 0.0055063125
162601.0 0.0055092499
162701.0 0.0055121877
162801.0 0.0055151265
162901.0 0.0055180839
163001.0 0.0055210413
163101.0 0.0055254479
163201.0 0.0055465186
163301.0 0.0055675888
163401.0 0.0055886596
163501.0 0.0056097298
163601.0 0.0056308005
163701.0 0.0056518707
163801.0 0.0056729419
163901.0 0.0056940126
164001.0 0.0057150833
164101.0 0.0057361536
164201.0 0.0057572243
164301.0 0.005778295
164401.0 0.0057993657
164501.0 0.0058204364
164601.0 0.0058415066
164701.0 0.0058625774
164801.0 0.0058836485
164901.0 0.0059047192
165001.0 0.0059207664
165101.0 0.0059154029
165201.0 0.0059100399
165301.0 0.0059046759
165401.0 0.0058993124
165501.0 0.005893949
165601.0 0.0058885855
165701.0 0.005883222
165801.0 0.005877858
165901.0 0.0058724945
166001.0 0.0058671311
166101.0 0.005861768
166201.0 0.0058564041
166301.0 0.0058510569
166401.0 0.0058457116
166501.0 0.0058403662
166601.0 0.0058350218
166701.0 0.005829677
166801.0 0.0058243321
166901.0 0.0058192615
167001.0 0.0058169733
167101.0 0.0058146846
167201.0 0.0058123954
167301.0 0.0058101071
167401.0 0.0058078184
167501.0 0.0058055301
167601.0 0.0058032414
167701.0 0.0058009527
167801.0 0.0057986639
167901.0 0.0057963752
168001.0 0.0057940856
168101.0 0.0057917973
168201.0 0.0057895086
168301.0 0.0057872203
168401.0 0.0057849311
168501.0 0.0057826429
168601.0 0.0057803541
168701.0 0.0057780654
168801.0 0.0057757762
168901.0 0.0057965685
169001.0 0.0058246492
169101.0 0.0058527305
169201.0 0.0058808113
169301.0 0.0059088916
169401.0 0.0059369723
169501.0 0.0059650536
169601.0 0.0059931339
169701.0 0.0060212146
169801.0 0.0060493127
169901.0 0.0060774107
170001.0 0.0061055087
170101.0 0.0061336067
170201.0 0.0061617056
170301.0 0.0061898036
170401.0 0.0062179016
170501.0 0.0062459996
170601.0 0.0062740985
170701.0 0.0063021965
170801.0 0.0063206046
170901.0 0.006304658
171001.0 0.0062887114
171101.0 0.0062727649
171201.0 0.0062568183
171301.0 0.0062408713
171401.0 0.0062249247
171501.0 0.0062089777
171601.0 0.0061930311
171701.0 0.0061770845
171801.0 0.0061611384
171901.0 0.0061451918
172001.0 0.0061292443
172101.0 0.0061132982
172201.0 0.0060973512
172301.0 0.0060814046
172401.0 0.0060654581
172501.0 0.006049512
172601.0 0.006033564
172701.0 0.0060176179
172801.0 0.0060060555
172901.0 0.0060000722
173001.0 0.0059940894
173101.0 0.0059881066
173201.0 0.0059821242
173301.0 0.005976147
173401.0 0.005970181
173501.0 0.0059642149
173601.0 0.0059582493
173701.0 0.0059522828
173801.0 0.0059463172
173901.0 0.0059403512
174001.0 0.0059343851
174101.0 0.0059284195
174201.0 0.0059224535
174301.0 0.0059164879
174401.0 0.0059105214
174501.0 0.0059045558
174601.0 0.0058985897
174701.0 0.0058926241
174801.0 0.005885039
174901.0 0.0058753081
175001.0 0.0058655776
175101.0 0.0058558462
175201.0 0.0058461153
175301.0 0.0058363844
175401.0 0.0058266544
175501.0 0.005816923
175601.0 0.0058071921
175701.0 0.0057974611
175801.0 0.0057877302
175901.0 0.0057779993
176001.0 0.0057682684
176101.0 0.0057585379
176201.0 0.0057488065
176301.0 0.0057390761
176401.0 0.0057293451
176501.0 0.0057196142
176601.0 0.0057098833
176701.0 0.0057001524
176801.0 0.0056943255
176901.0 0.0057041147
177001.0 0.0057139192
177101.0 0.0057237246
177201.0 0.0057335296
177301.0 0.005743335
177401.0 0.0057531404
177501.0 0.0057629454
177601.0 0.0057727508
177701.0 0.0057825553
177801.0 0.0057923608
177901.0 0.0058021662
178001.0 0.0058119716
178101.0 0.005821777
178201.0 0.0058315825
178301.0 0.005841387
178401.0 0.0058511924
178501.0 0.0058609978
178601.0 0.0058708028
178701.0 0.0058806082
178801.0 0.0058904137
178901.0 0.0058860988
179001.0 0.0058762943
179101.0 0.0058664894
179201.0 0.0058566839
179301.0 0.0058468794
179401.0 0.005837074
179501.0 0.0058272686
179601.0 0.0058174636
179701.0 0.0058076591
179801.0 0.0057978537
179901.0 0.0057880487
180001.0 0.0057782438
180101.0 0.0057684383
180201.0 0.0057586329
180301.0 0.0057488284
180401.0 0.0057390234
180501.0 0.005729218
180601.0 0.005719413
180701.0 0.0057096207
180801.0 0.0056998311
180901.0 0.0056902915
181001.0 0.0056929626
181101.0 0.0056956336
181201.0 0.0056983046
181301.0 0.0057009757
181401.0 0.0057036467
181501.0 0.0057063177
181601.0 0.0057089892
181701.0 0.0057116598
181801.0 0.0057143313
181901.0 0.0057170028
182001.0 0.0057196743
182101.0 0.0057223449
182201.0 0.0057250159
182301.0 0.0057276869
182401.0 0.0057303584
182501.0 0.005733029
182601.0 0.0057357
182701.0 0.0057383715
182801.0 0.005741043
182901.0 0.005743714
183001.0 0.0057469392
183101.0 0.0057565426
183201.0 0.0057661445
183301.0 0.0057757474
183401.0 0.0057853502
183501.0 0.0057949522
183601.0 0.005804555
183701.0 0.0058141579
183801.0 0.0058237598
183901.0 0.0058333632
184001.0 0.0058429651
184101.0 0.0058525684
184201.0 0.0058621713
184301.0 0.0058717732
184401.0 0.0058813761
184501.0 0.0058909915
184601.0 0.0059006079
184701.0 0.0059102252
184801.0 0.005919843
184901.0 0.0059294594
185001.0 0.0059390771
185101.0 0.0059486935
185201.0 0.0059887874
185301.0 0.0060330359
185401.0 0.0060772859
185501.0 0.0061215349
185601.0 0.0061657839
185701.0 0.0062100333
185801.0 0.0062542818
185901.0 0.0062985313
186001.0 0.0063427808
186101.0 0.0063870298
186201.0 0.0064312788
186301.0 0.0064755287
186401.0 0.0065197772
186501.0 0.0065640267
186601.0 0.0066082757
186701.0 0.0066525247
186801.0 0.0066967746
186901.0 0.0067410236
187001.0 0.0067852722
187101.0 0.0068295216
187201.0 0.0068737715
187301.0 0.0068896217
187401.0 0.0068707648
187501.0 0.0068519064
187601.0 0.0068330485
187701.0 0.0068141902
187801.0 0.0067953328
187901.0 0.0067764749
188001.0 0.006757617
188101.0 0.0067387591
188201.0 0.0067199008
188301.0 0.0067010457
188401.0 0.0066822013
188501.0 0.0066633574
188601.0 0.0066445135
188701.0 0.00662567
188801.0 0.0066068266
188901.0 0.0065879822
189001.0 0.0065691383
189101.0 0.0065502943
189201.0 0.0065314509
189301.0 0.0065126065
189401.0 0.0064937626
189501.0 0.0064913887
189601.0 0.0064939335
189701.0 0.0064964788
189801.0 0.0064990232
189901.0 0.0065015685
190001.0 0.0065041138
190101.0 0.0065066586
190201.0 0.0065092039
190301.0 0.0065117492
190401.0 0.0065142941
190501.0 0.0065168389
190601.0 0.0065193838
190701.0 0.0065219295
190801.0 0.0065244739
190901.0 0.0065270187
191001.0 0.006529565
191101.0 0.0065321089
191201.0 0.0065346542
191301.0 0.0065371995
191401.0 0.0065397443
191501.0 0.0065422892
191601.0 0.006544834
191701.0 0.0065634069
191801.0 0.0065852609
191901.0 0.0066071162
192001.0 0.0066289715
192101.0 0.006650826
192201.0 0.0066726813
192301.0 0.006694545
192401.0 0.0067164125
192501.0 0.0067382818
192601.0 0.0067601502
192701.0 0.0067820181
192801.0 0.006803887
192901.0 0.0068257558
193001.0 0.0068476233
193101.0 0.0068694926
193201.0 0.006891361
193301.0 0.0069132289
193401.0 0.0069350982
193501.0 0.0069569661
193601.0 0.006978834
193701.0 0.0070007034
193801.0 0.0070225717
193901.0 0.0070427586
194001.0 0.0070620002
194101.0 0.0070812423
194201.0 0.0071004843
194301.0 0.0071197255
194401.0 0.0071389675
194501.0 0.0071582091
194601.0 0.0071774507
194701.0 0.0071966923
194801.0 0.0072159339
194901.0 0.0072351759
195001.0 0.0072544175
195101.0 0.0072736591
195201.0 0.0072929012
195301.0 0.0073121428
195401.0 0.0073313834
195501.0 0.0073506259
195601.0 0.0073698675
195701.0 0.0073891091
195801.0 0.0074083507
195901.0 0.0074275928
196001.0 0.0074468344
196101.0 0.0074650669
196201.0 0.0074792583
196301.0 0.007493454
196401.0 0.0075076595
196501.0 0.007521864
196601.0 0.0075360686
196701.0 0.0075502736
196801.0 0.0075644786
196901.0 0.0075786836
197001.0 0.0075928885
197101.0 0.0076070935
197201.0 0.0076212985
197301.0 0.0076355031
197401.0 0.0076497085
197501.0 0.0076639135
197601.0 0.0076781185
197701.0 0.0076923235
197801.0 0.0077065285
197901.0 0.0077207335
198001.0 0.0077349381
198101.0 0.0077491435
198201.0 0.0077633481
198301.0 0.0077775535
198401.0 0.0077985958
198501.0 0.0078264754
198601.0 0.0078543555
198701.0 0.0078822346
198801.0 0.0079101147
198901.0 0.0079379948
199001.0 0.0079658749
199101.0 0.0079937549
199201.0 0.008021635
199301.0 0.0080495151
199401.0 0.0080773951
199501.0 0.0081052743
199601.0 0.0081331544
199701.0 0.0081610344
199801.0 0.0081889145
199901.0 0.0082167936
200001.0 0.0082446747
200101.0 0.0082725538
200201.0 0.0083004339
200301.0 0.008328313
200401.0 0.008356194
200501.0 0.0083840862
200601.0 0.0084119784
200701.0 0.0084328651
200801.0 0.0084475391
200901.0 0.0084622139
201001.0 0.0084768888
201101.0 0.0084915627
201201.0 0.0085062375
201301.0 0.0085209114
201401.0 0.0085355863
201501.0 0.0085502602
201601.0 0.0085649351
201701.0 0.008579609
201801.0 0.0085942838
201901.0 0.0086089578
202001.0 0.0086236326
202101.0 0.0086383065
202201.0 0.0086529814
202301.0 0.0086676553
202401.0 0.0086823301
202501.0 0.0086970041
202601.0 0.0087116789
202701.0 0.0087263528
202801.0 0.0087410267
202901.0 0.0087557025
203001.0 0.0087707276
203101.0 0.0087866094
203201.0 0.0088024912
203301.0 0.0088183731
203401.0 0.0088342549
203501.0 0.0088501368
203601.0 0.0088660186
203701.0 0.0088819014
203801.0 0.0088977832
203901.0 0.008913666
204001.0 0.0089295479
204101.0 0.0089454297
204201.0 0.0089613115
204301.0 0.0089771934
204401.0 0.0089930762
204501.0 0.009008958
204601.0 0.0090248398
204701.0 0.0090407329
204801.0 0.0090566268
204901.0 0.0090725208
205001.0 0.0090884147
205101.0 0.0091043087
205201.0 0.0091202026
205301.0 0.0091360956
205401.0 0.0091574099
205501.0 0.0091801658
205601.0 0.0092029208
205701.0 0.0092256758
205801.0 0.0092484308
205901.0 0.0092711868
206001.0 0.0092939408
206101.0 0.0093166968
206201.0 0.0093394518
206301.0 0.0093622077
206401.0 0.0093849627
206501.0 0.0094077177
206601.0 0.0094304727
206701.0 0.0094532296
206801.0 0.0094759846
206901.0 0.0094987396
207001.0 0.0095214946
207101.0 0.0095442496
207201.0 0.0095670046
207301.0 0.0095897606
207401.0 0.0096125156
207501.0 0.0096352706
207601.0 0.0096580265
207701.0 0.0096805785
207801.0 0.009683053
207901.0 0.0096855285
208001.0 0.009688003
208101.0 0.0096904775
208201.0 0.0096929539
208301.0 0.0096954284
208401.0 0.009697902
208501.0 0.0097003784
208601.0 0.009702852
208701.0 0.0097053275
208801.0 0.0097078029
208901.0 0.0097102774
209001.0 0.0097127631
209101.0 0.0097152498
209201.0 0.0097177345
209301.0 0.0097202221
209401.0 0.0097227087
209501.0 0.0097251944
209601.0 0.0097276801
209701.0 0.0097301658
209801.0 0.0097326525
209901.0 0.0097351382
210001.0 0.0097376229
210101.0 0.0097401105
210201.0 0.0097603714
210301.0 0.0097811818
210401.0 0.0098019931
210501.0 0.0098228045
210601.0 0.009843614
210701.0 0.0098644253
210801.0 0.0098852366
210901.0 0.009906047
211001.0 0.0099268584
211101.0 0.0099476688
211201.0 0.0099684801
211301.0 0.0099892905
211401.0 0.0100101018
211501.0 0.0100309132
211601.0 0.0100517226
211701.0 0.0100725349
211801.0 0.0100933444
211901.0 0.0101141557
212001.0 0.010134968
212101.0 0.0101557765
212201.0 0.0101765888
212301.0 0.0101973992
212401.0 0.0102182096
212501.0 0.0102390219
212601.0 0.0102601787
212701.0 0.0102815321
212801.0 0.0103028854
212901.0 0.0103242379
213001.0 0.0103455912
213101.0 0.0103669446
213201.0 0.010388297
213301.0 0.0104096513
213401.0 0.0104310159
213501.0 0.0104523785
213601.0 0.0104737431
213701.0 0.0104951067
213801.0 0.0105164712
213901.0 0.0105378339
214001.0 0.0105591994
214101.0 0.0105805621
214201.0 0.0106019266
214301.0 0.0106232902
214401.0 0.0106446547
214501.0 0.0106660184
214601.0 0.010687382
214701.0 0.0107087465
214801.0 0.0107301101
214901.0 0.0107514737
215001.0 0.0107725943
215101.0 0.010781765
215201.0 0.0107909357
215301.0 0.0108001065
215401.0 0.0108092781
215501.0 0.0108184488
215601.0 0.0108276187
215701.0 0.0108367903
215801.0 0.010845962
215901.0 0.0108551327
216001.0 0.0108643034
216101.0 0.0108734751
216201.0 0.0108826449
216301.0 0.0108918156
216401.0 0.0109009882
216501.0 0.010910158
216601.0 0.0109193288
216701.0 0.0109285014
216801.0 0.0109376712
216901.0 0.0109468419
217001.0 0.0109560145
217101.0 0.0109651843
217201.0 0.010974355
217301.0 0.0109835248
217401.0 0.0109926974
217501.0 0.0110033024
217601.0 0.0110235102
217701.0 0.0110437181
217801.0 0.0110639296
217901.0 0.0110841487
218001.0 0.0111043658
218101.0 0.0111245839
218201.0 0.011144801
218301.0 0.0111650191
218401.0 0.0111852363
218501.0 0.0112054544
218601.0 0.0112256724
218701.0 0.0112458905
218801.0 0.0112661086
218901.0 0.0112863258
219001.0 0.0113065429
219101.0 0.011326761
219201.0 0.0113469791
219301.0 0.0113671971
219401.0 0.0113874152
219501.0 0.0114076333
219601.0 0.0114278505
219701.0 0.0114480685
219801.0 0.0114682857
219901.0 0.0114885038
220001.0 0.0115087219
220101.0 0.0115285087
220201.0 0.0115482667
220301.0 0.0115680257
220401.0 0.0115877865
220501.0 0.0116075464
220601.0 0.0116273044
220701.0 0.0116470642
220801.0 0.0116668232
220901.0 0.0116865821
221001.0 0.0117063401
221101.0 0.0117261
221201.0 0.0117458589
221301.0 0.0117656188
221401.0 0.0117853787
221501.0 0.0118051367
221601.0 0.0118248966
221701.0 0.0118446546
221801.0 0.0118644135
221901.0 0.0118841724
222001.0 0.0119039323
222101.0 0.0119236913
222201.0 0.0119434511
222301.0 0.011963211
222401.0 0.011982956
222501.0 0.0120026972
222601.0 0.0120157972
222701.0 0.0120211048
222801.0 0.0120264087
222901.0 0.0120317154
223001.0 0.0120370211
223101.0 0.0120423278
223201.0 0.0120476335
223301.0 0.0120529393
223401.0 0.0120582441
223501.0 0.0120635517
223601.0 0.0120688565
223701.0 0.0120741641
223801.0 0.012079468
223901.0 0.0120847747
224001.0 0.0120900804
224101.0 0.0120953871
224201.0 0.0121006928
224301.0 0.0121059977
224401.0 0.0121113034
224501.0 0.0121166091
224601.0 0.0121219158
224701.0 0.0121272216
224801.0 0.0121325282
224901.0 0.0121378321
225001.0 0.0121431397
225101.0 0.0121484445
225201.0 0.0121590383
225301.0 0.0121720061
225401.0 0.0121849747
225501.0 0.0121979443
225601.0 0.012210913
225701.0 0.0122238817
225801.0 0.0122368494
225901.0 0.0122498181
226001.0 0.0122627867
226101.0 0.0122757554
226201.0 0.012288725
226301.0 0.0123016937
226401.0 0.0123146623
226501.0 0.012327631
226601.0 0.0123405978
226701.0 0.0123535674
226801.0 0.0123665351
226901.0 0.0123795047
227001.0 0.0123924734
227101.0 0.0124053592
227201.0 0.0124182422
227301.0 0.0124311261
227401.0 0.0124440063
227501.0 0.0124568893
227601.0 0.0124697704
227701.0 0.0124826534
227801.0 0.0124998204
227901.0 0.0125195049
228001.0 0.0125391884
228101.0 0.0125588728
228201.0 0.0125785563
228301.0 0.0125982398
228401.0 0.0126179243
228501.0 0.0126376078
228601.0 0.0126572922
228701.0 0.0126769757
228801.0 0.0126966601
228901.0 0.0127163436
229001.0 0.012736029
229101.0 0.0127557106
229201.0 0.012775396
229301.0 0.0127950804
229401.0 0.0128147639
229501.0 0.0128344484
229601.0 0.0128541309
229701.0 0.0128738154
229801.0 0.0128934998
229901.0 0.0129131824
230001.0 0.0129328677
230101.0 0.0129525503
230201.0 0.0129722347
230301.0 0.0129919192
230401.0 0.0130089978
230501.0 0.0130182616
230601.0 0.0130275255
230701.0 0.0130367884
230801.0 0.0130460523
230901.0 0.0130553162
231001.0 0.01306458
231101.0 0.0130738439
231201.0 0.0130831068
231301.0 0.0130923707
231401.0 0.0131016355
231501.0 0.0131108994
231601.0 0.0131201632
231701.0 0.0131294262
231801.0 0.0131386928
231901.0 0.0131479669
232001.0 0.0131572401
232101.0 0.0131665133
232201.0 0.0131757865
232301.0 0.0131850606
232401.0 0.0131943347
232501.0 0.0132036079
232601.0 0.0132128829
232701.0 0.0132221552
232801.0 0.0132314293
232901.0 0.0132407034
233001.0 0.0132499766
233101.0 0.0132664051
233201.0 0.0132880136
233301.0 0.0133096231
233401.0 0.0133312317
233501.0 0.0133528411
233601.0 0.0133744515
233701.0 0.013396061
233801.0 0.0134176686
233901.0 0.0134392772
234001.0 0.0134608867
234101.0 0.0134824961
234201.0 0.0135041066
234301.0 0.0135257142
234401.0 0.0135473236
234501.0 0.0135689331
234601.0 0.0135905417
234701.0 0.0136121521
234801.0 0.0136337606
234901.0 0.0136553701
235001.0 0.0136769786
235101.0 0.0136985872
235201.0 0.0137201976
235301.0 0.0137418071
235401.0 0.0137634156
235501.0 0.0137850242
235601.0 0.0138066337
235701.0 0.0138282441
235801.0 0.0138540659
235901.0 0.0138828168
236001.0 0.0139115667
236101.0 0.0139403166
236201.0 0.0139690684
236301.0 0.0139978183
236401.0 0.0140265692
236501.0 0.0140553201
236601.0 0.0140840709
236701.0 0.0141128274
236801.0 0.0141415875
236901.0 0.0141703477
237001.0 0.0141991088
237101.0 0.0142278681
237201.0 0.0142566301
237301.0 0.0142853903
237401.0 0.0143141504
237501.0 0.0143429115
237601.0 0.0143716717
237701.0 0.0144004328
237801.0 0.014429193
237901.0 0.0144579541
238001.0 0.0144867133
238101.0 0.0145154735
238201.0 0.0145442337
238301.0 0.0145729948
238401.0 0.0146017559
238501.0 0.0146267526
238601.0 0.014642966
238701.0 0.0146591803
238801.0 0.0146753946
238901.0 0.014691609
239001.0 0.0147078224
239101.0 0.0147240367
239201.0 0.014740251
239301.0 0.0147564653
239401.0 0.0147726778
239501.0 0.0147888921
239601.0 0.0148051064
239701.0 0.0148213217
239801.0 0.014837536
239901.0 0.0148537485
240001.0 0.0148699638
240101.0 0.0148861781
240201.0 0.0149023924
240301.0 0.0149186049
240401.0 0.0149348192
240501.0 0.0149510335
240601.0 0.0149672478
240701.0 0.0149834622
240801.0 0.0149996756
240901.0 0.0150158899
241001.0 0.0150321042
241101.0 0.0150483185
241201.0 0.0150645319
241301.0 0.0150890732
241401.0 0.0151173566
241501.0 0.015145639
241601.0 0.0151739214
241701.0 0.0152022131
241801.0 0.0152305048
241901.0 0.0152587984
242001.0 0.015287091
242101.0 0.0153153818
242201.0 0.0153436735
242301.0 0.0153719662
242401.0 0.0154002579
242501.0 0.0154285515
242601.0 0.0154568432
242701.0 0.0154851358
242801.0 0.0155134285
242901.0 0.0155417193
243001.0 0.0155700119
243101.0 0.0155983055
243201.0 0.0156265981
243301.0 0.0156548899
243401.0 0.0156831797
243501.0 0.0157114733
243601.0 0.0157397669
243701.0 0.0157680586
243801.0 0.0157963503
243901.0 0.015824642
244001.0 0.0158529356
244101.0 0.0158834904
244201.0 0.0159147996
244301.0 0.015946107
244401.0 0.0159774162
244501.0 0.0160087273
244601.0 0.0160400365
244701.0 0.0160713457
244801.0 0.0161026549
244901.0 0.0161339622
245001.0 0.0161652714
245101.0 0.0161965825
245201.0 0.0162278917
245301.0 0.0162592009
245401.0 0.0162905082
245501.0 0.0163218174
245601.0 0.0163531266
245701.0 0.0163844358
245801.0 0.016415745
245901.0 0.0164470542
246001.0 0.0164783634
246101.0 0.0165096726
246201.0 0.0165409837
246301.0 0.0165722929
246401.0 0.0166036002
246501.0 0.0166349094
246601.0 0.0166662186
246701.0 0.0166975297
246801.0 0.0167288501
246901.0 0.0167563241
247001.0 0.0167798009
247101.0 0.0168032758
247201.0 0.0168267526
247301.0 0.0168502275
247401.0 0.0168737043
247501.0 0.0168971792
247601.0 0.016920656
247701.0 0.0169441309
247801.0 0.0169676077
247901.0 0.0169910826
248001.0 0.0170145575
248101.0 0.0170380361
248201.0 0.0170615111
248301.0 0.0170849878
248401.0 0.0171084628
248501.0 0.0171319377
248601.0 0.0171554144
248701.0 0.0171788912
248801.0 0.0172023661
248901.0 0.0172258411
249001.0 0.0172493178
249101.0 0.0172727928
249201.0 0.0172962695
249301.0 0.0173197445
249401.0 0.0173432194
249501.0 0.0173666961
249601.0 0.0173901729
249701.0 0.0174136478
249801.0 0.0174407847
249901.0 0.0174682848
250001.0 0.0174957849
250101.0 0.0175232831
250201.0 0.0175507832
250301.0 0.0175782833
250401.0 0.0176057797
250501.0 0.0176332798
250601.0 0.017660778
250701.0 0.0176882781
250801.0 0.0177157763
250901.0 0.0177432764
251001.0 0.0177707747
251101.0 0.0177982729
251201.0 0.017825773
251301.0 0.0178532712
251401.0 0.0178807694
251501.0 0.0179082714
251601.0 0.0179357696
251701.0 0.0179632679
251801.0 0.017990768
251901.0 0.0180182718
252001.0 0.0180457793
252101.0 0.0180732869
252201.0 0.0181007981
252301.0 0.0181283057
252401.0 0.0181558132
252501.0 0.0181833208
252601.0 0.0182108302
252701.0 0.0182348508
252801.0 0.0182588696
252901.0 0.0182828922
253001.0 0.0183069147
253101.0 0.0183309335
253201.0 0.0183549561
253301.0 0.0183789767
253401.0 0.0184029993
253501.0 0.0184270181
253601.0 0.0184510406
253701.0 0.0184750613
253801.0 0.018499082
253901.0 0.0185231045
254001.0 0.0185471252
254101.0 0.018571144
254201.0 0.0185951665
254301.0 0.0186191872
254401.0 0.0186432078
254501.0 0.0186672304
254601.0 0.0186912529
254701.0 0.0187152736
254801.0 0.0187392943
254901.0 0.0187633149
255001.0 0.0187873356
255101.0 0.0188113581
255201.0 0.0188353788
255301.0 0.0188593995
255401.0 0.0188834202
255501.0 0.0189074427
255601.0 0.0189309251
255701.0 0.0189542174
255801.0 0.0189775098
255901.0 0.0190008022
256001.0 0.0190240946
256101.0 0.0190473869
256201.0 0.0190706775
256301.0 0.0190939717
256401.0 0.0191172641
256501.0 0.0191405565
256601.0 0.0191638488
256701.0 0.0191871412
256801.0 0.0192104336
256901.0 0.0192337278
257001.0 0.0192570202
257101.0 0.0192803126
257201.0 0.0193036105
257301.0 0.0193269122
257401.0 0.0193502139
257501.0 0.0193735156
257601.0 0.0193968192
257701.0 0.0194201227
257801.0 0.0194434244
257901.0 0.0194667261
258001.0 0.0194900278
258101.0 0.0195133314
258201.0 0.019536633
258301.0 0.0195599347
258401.0 0.0195832364
258501.0 0.0196041875
258601.0 0.0196118392
258701.0 0.0196194928
258801.0 0.0196271446
258901.0 0.0196347963
259001.0 0.0196424499
259101.0 0.0196501017
259201.0 0.0196577534
259301.0 0.019665407
259401.0 0.0196730588
259501.0 0.0196807124
259601.0 0.0196883641
259701.0 0.0196960159
259801.0 0.0197036676
259901.0 0.0197113212
260001.0 0.019718973
260101.0 0.0197266247
260201.0 0.0197342765
260301.0 0.0197419301
260401.0 0.0197495818
260501.0 0.0197572336
260601.0 0.0197648872
260701.0 0.0197725389
260801.0 0.0197801925
260901.0 0.0197878443
261001.0 0.019795496
261101.0 0.0198031496
261201.0 0.0198107995
261301.0 0.0198184513
261401.0 0.019826103
261501.0 0.0198337547
261601.0 0.0198414084
261701.0 0.0198490601
261801.0 0.0198567118
261901.0 0.0198643636
262001.0 0.0198720153
262101.0 0.0198796671
262201.0 0.0198873207
262301.0 0.0198949724
262401.0 0.0199026242
262501.0 0.0199102759
262601.0 0.0199179314
262701.0 0.0199255925
262801.0 0.0199332535
262901.0 0.0199409146
263001.0 0.0199485738
263101.0 0.0199562348
263201.0 0.0199638978
263301.0 0.0199715588
263401.0 0.019979218
263501.0 0.0199868791
263601.0 0.0199945401
263701.0 0.0200021993
263801.0 0.0200098623
263901.0 0.0200175233
264001.0 0.0200251844
264101.0 0.0200328436
264201.0 0.0200405028
264301.0 0.0200481638
264401.0 0.0200558249
264501.0 0.0200634841
264601.0 0.0200711451
264701.0 0.0200788043
264801.0 0.0200864654
264901.0 0.0200941227
265001.0 0.0201017838
265101.0 0.020109443
265201.0 0.0201171041
265301.0 0.0201247614
265401.0 0.0201324224
265501.0 0.0201400835
265601.0 0.0201477408
265701.0 0.0201554019
265801.0 0.0201630592
265901.0 0.0201707203
266001.0 0.0201783776
266101.0 0.0201860387
266201.0 0.0201936979
266301.0 0.0202013589
266401.0 0.0202090181
266501.0 0.0202166773
266601.0 0.0202243384
266701.0 0.0202319957
266801.0 0.0202396568
266901.0 0.020247316
267001.0 0.020254977
267101.0 0.0202626325
267201.0 0.0202702936
267301.0 0.0202779528
267401.0 0.0202856138
267501.0 0.020293273
267601.0 0.0203009322
267701.0 0.0203085933
267801.0 0.0203162543
267901.0 0.0203239154
268001.0 0.0203315765
268101.0 0.0203392413
268201.0 0.0203469098
268301.0 0.0203545801
268401.0 0.0203622486
268501.0 0.020369919
268601.0 0.0203775875
268701.0 0.020385256
268801.0 0.0203929283
268901.0 0.0204005968
269001.0 0.0204082672
269101.0 0.0204159357
269201.0 0.020423606
269301.0 0.0204312745
269401.0 0.0204389449
269501.0 0.0204466153
269601.0 0.0204542857
269701.0 0.0204619542
269801.0 0.0204696245
269901.0 0.0204772931
270001.0 0.0204849616
270101.0 0.0204926338
270201.0 0.0205003023
270301.0 0.0205079727
270401.0 0.0205156412
270501.0 0.0205233116
270601.0 0.0205309801
270701.0 0.0205386523
270801.0 0.0205463208
270901.0 0.0205539912
271001.0 0.0205616597
271101.0 0.0205693282
271201.0 0.0205769967
271301.0 0.020584669
271401.0 0.0205923375
271501.0 0.020600006
271601.0 0.0206076764
271701.0 0.0206153449
271801.0 0.0206230152
271901.0 0.0206306856
272001.0 0.020638356
272101.0 0.0206460245
272201.0 0.0206536949
272301.0 0.0206613634
272401.0 0.0206690338
272501.0 0.0206767041
272601.0 0.0206843745
272701.0 0.020692043
272801.0 0.0206997134
272901.0 0.0207073819
273001.0 0.0207150504
273101.0 0.0207227226
273201.0 0.0207303911
273301.0 0.0207380615
273401.0 0.02074573
273501.0 0.0207534004
273601.0 0.0207610689
273701.0 0.0207687411
273801.0 0.020776419
273901.0 0.0207840968
274001.0 0.0207917746
274101.0 0.0207994543
274201.0 0.0208071321
274301.0 0.0208148099
274401.0 0.0208224896
274501.0 0.0208301693
274601.0 0.0208378471
274701.0 0.020845525
274801.0 0.0208532047
274901.0 0.0208608825
275001.0 0.0208685622
275101.0 0.02087624
275201.0 0.0208839178
275301.0 0.0208915956
275401.0 0.0208992735
275501.0 0.0209069531
275601.0 0.020914631
275701.0 0.0209223088
275801.0 0.0209299885
275901.0 0.0209376663
276001.0 0.0209453441
276101.0 0.0209530257
276201.0 0.0209607035
276301.0 0.0209683813
276401.0 0.020976061
276501.0 0.0209837388
276601.0 0.0209914166
276701.0 0.0209990945
276801.0 0.0210067723
276901.0 0.021014452
277001.0 0.0210221298
277101.0 0.0210298095
277201.0 0.0210374873
277301.0 0.0210451651
277401.0 0.0210528448
277501.0 0.0210605226
277601.0 0.0210682005
277701.0 0.0210758802
277801.0 0.021083558
277901.0 0.0210912358
278001.0 0.0210989155
278101.0 0.0211065933
278201.0 0.021114273
278301.0 0.0211219508
278401.0 0.0211296286
278501.0 0.0211373083
278601.0 0.0211449862
278701.0 0.021152664
278801.0 0.0211603418
278901.0 0.0211680196
279001.0 0.0211756974
279101.0 0.0211833771
279201.0 0.021191055
279301.0 0.0211987346
279401.0 0.0212064125
279501.0 0.0212140959
279601.0 0.021221783
279701.0 0.021229472
279801.0 0.0212371573
279901.0 0.0212448444
280001.0 0.0212525297
280101.0 0.0212602187
280201.0 0.021267904
280301.0 0.0212755911
280401.0 0.0212832782
280501.0 0.0212909654
280601.0 0.0212986525
280701.0 0.0213063397
280801.0 0.0213140268
280901.0 0.0213217139
281001.0 0.0213294029
281101.0 0.0213370901
281201.0 0.0213447772
281301.0 0.0213524643
281401.0 0.0213601515
281501.0 0.0213678386
281601.0 0.0213755257
281701.0 0.0213832129
281801.0 0.0213909
281901.0 0.0213985872
282001.0 0.0214062743
282101.0 0.0214139633
282201.0 0.0214216486
282301.0 0.0214293376
282401.0 0.0214370228
282501.0 0.02144471
282601.0 0.0214523971
282701.0 0.0214600842
282801.0 0.0214677714
282901.0 0.0214754585
283001.0 0.0214831457
283101.0 0.0214908328
283201.0 0.0214985218
283301.0 0.0215062089
283401.0 0.0215138961
283501.0 0.0215215813
283601.0 0.0215292685
283701.0 0.0215369537
283801.0 0.0215446409
283901.0 0.0215523262
284001.0 0.0215600133
284101.0 0.0215676986
284201.0 0.0215753857
284301.0 0.0215830728
284401.0 0.0215907563
284501.0 0.0215984434
284601.0 0.0216061305
284701.0 0.0216138177
284801.0 0.0216215011
284901.0 0.0216291882
285001.0 0.0216368735
285101.0 0.0216445606
285201.0 0.0216522459
285301.0 0.0216599312
285401.0 0.0216676239
285501.0 0.0216753222
285601.0 0.0216830149
285701.0 0.0216907095
285801.0 0.0216984022
285901.0 0.021706095
286001.0 0.0217137896
286101.0 0.0217214841
286201.0 0.0217291806
286301.0 0.0217368715
286401.0 0.0217445679
286501.0 0.0217522625
286601.0 0.0217599571
286701.0 0.0217676517
286801.0 0.0217753462
286901.0 0.021783039
287001.0 0.0217907336
287101.0 0.02179843
287201.0 0.0218061246
287301.0 0.0218138192
287401.0 0.0218215138
287501.0 0.0218292084
287601.0 0.0218369029
287701.0 0.0218445994
287801.0 0.0218522884
287901.0 0.0218599848
288001.0 0.0218676794
288101.0 0.021875374
288201.0 0.0218830686
288301.0 0.0218907632
288401.0 0.0218984578
288501.0 0.0219061542
288601.0 0.0219138488
288701.0 0.0219215397
288801.0 0.0219292343
288901.0 0.0219369289
289001.0 0.0219446234
289101.0 0.021952318
289201.0 0.0219600145
289301.0 0.0219677091
289401.0 0.0219754037
289501.0 0.0219830982
289601.0 0.0219907891
289701.0 0.0219984837
289801.0 0.0220061783
289901.0 0.0220138729
290001.0 0.0220215693
290101.0 0.0220292639
290201.0 0.0220369585
290301.0 0.0220446531
290401.0 0.0220523477
290501.0 0.022060046
290601.0 0.0220677406
290701.0 0.0220754351
290801.0 0.0220831297
290901.0 0.0220908243
291001.0 0.0220985208
291101.0 0.0221062154
291201.0 0.0221139099
291301.0 0.0221216064
291401.0 0.0221293084
291501.0 0.0221370123
291601.0 0.0221447144
291701.0 0.0221524183
291801.0 0.0221601203
291901.0 0.0221678223
292001.0 0.0221755281
292101.0 0.022183232
292201.0 0.022190934
292301.0 0.0221986361
292401.0 0.0222063381
292501.0 0.0222140402
292601.0 0.0222217459
292701.0 0.022229448
292801.0 0.0222371519
292901.0 0.0222448539
293001.0 0.0222525597
293101.0 0.0222602617
293201.0 0.0222679637
293301.0 0.0222756658
293401.0 0.0222833697
293501.0 0.0222910717
293601.0 0.0222987756
293701.0 0.0223064777
293801.0 0.0223141797
293901.0 0.0223218836
294001.0 0.0223295838
294101.0 0.0223372858
294201.0 0.0223449878
294301.0 0.0223526917
294401.0 0.0223603956
294501.0 0.0223680977
294601.0 0.0223757979
294701.0 0.0223835018
294801.0 0.0223912038
294901.0 0.0223989058
295001.0 0.022406606
295101.0 0.0224143118
295201.0 0.0224220101
295301.0 0.022429714
295401.0 0.022437416
295501.0 0.0224451181
295601.0 0.022452822
295701.0 0.022460524
295801.0 0.0224682242
295901.0 0.0224759262
296001.0 0.022483632
296101.0 0.022491334
296201.0 0.022499036
296301.0 0.0225067381
296401.0 0.0225144383
296501.0 0.0225221422
296601.0 0.0225298442
296701.0 0.0225375462
296801.0 0.0225452501
296901.0 0.022552954
297001.0 0.0225606561
297101.0 0.0225683562
297201.0 0.0225760583
297301.0 0.0225837603
297401.0 0.0225914642
297501.0 0.0225991756
297601.0 0.0226068851
297701.0 0.0226145964
297801.0 0.0226223059
297901.0 0.0226300154
298001.0 0.0226377267
298101.0 0.0226454325
298201.0 0.0226531476
298301.0 0.0226608552
298401.0 0.0226685666
298501.0 0.022676276
298601.0 0.0226839855
298701.0 0.0226916969
298801.0 0.0226994082
298901.0 0.0227071196
299001.0 0.0227148272
299101.0 0.0227225386
299201.0 0.022730248
299301.0 0.0227379575
299401.0 0.0227456689
299501.0 0.0227533784
299601.0 0.0227610916
299701.0 0.0227688011
299801.0 0.0227765124
299901.0 0.0227842219
