# col1 col2
100.0 0.0
110.0 0.0
120.0 0.0
130.0 0.0
140.0 0.0
150.0 0.0
160.0 0.0
170.0 0.0
180.0 0.0
190.0 0.0
200.0 0.0
210.0 0.0
220.0 0.0
230.0 0.0
240.0 0.0
250.0 0.0
260.0 0.0
270.0 0.0
280.0 0.0
290.0 0.0
300.0 0.0
310.0 0.0
320.0 0.0
330.0 0.0
340.0 0.0
350.0 0.0
360.0 0.0
370.0 0.0
380.0 0.0
390.0 0.0
400.0 0.0
410.0 0.0
420.0 0.0
430.0 0.0
440.0 0.0
450.0 0.0
460.0 0.0
470.0 0.0
480.0 0.0
490.0 0.0
500.0 0.0
510.0 0.0
520.0 0.0
530.0 0.0
540.0 0.0
550.0 0.0
560.0 0.0
570.0 0.0
580.0 0.0
590.0 0.0
600.0 0.0
610.0 0.0
620.0 0.0
630.0 0.0
640.0 0.0
650.0 0.0
660.0 0.0
670.0 0.0
680.0 0.0
690.0 0.0
700.0 0.0
710.0 0.0
720.0 0.0
730.0 0.0
740.0 0.0
750.0 0.0
760.0 0.0
770.0 0.0
780.0 0.0
790.0 0.0
800.0 0.0
810.0 0.0
820.0 0.0
830.0 0.0
840.0 0.0
850.0 0.0
860.0 0.0
870.0 0.0
880.0 0.0
890.0 0.0
900.0 0.0
910.0 6.769993047011043e-05
920.0 0.0001369685410243212
930.0 0.00020783307864419184
940.0 0.00028032121077269253
950.0 0.0003544610600871895
960.0 0.00043028121232559696
970.0 0.0005078105334027453
980.0 0.0005870785525984876
990.0 0.0006681152413789856
1000.0 0.000750950593677203
1010.0 0.0007823901028693949
1020.0 0.0006196443165357861
1030.0 0.0005306532489599852
1040.0 0.0007801382182452554
1050.0 0.0009818777557277537
1060.0 0.0009196509954004421
1070.0 0.0009029546347746704
1080.0 0.00087844647317464
1090.0 0.0008960105852475952
1100.0 0.0010219986862227525
1110.0 0.0010314506222065965
1120.0 0.001006784179390262
1130.0 0.0010904942163583722
1140.0 0.0011451294185290829
1150.0 0.001146731788517548
1160.0 0.001227856624390231
1170.0 0.0011389341917593613
1180.0 0.0011107332724200013
1190.0 0.000968364514961547
1200.0 0.0006757951534881923
1210.0 0.0005378190968821312
1220.0 0.0006088295064372642
1230.0 0.0010323015569909018
1240.0 0.0014080625035253844
1250.0 0.0014849086595525578
1260.0 0.0013475836142418248
1270.0 0.0015235568095747247
1280.0 0.0019374047790432748
1290.0 0.0018829624030577256
1300.0 0.0016962842831500819
1310.0 0.0019149183056622176
1320.0 0.002150022140966247
1330.0 0.0020117081373517945
1340.0 0.0020983013025803925
1350.0 0.0022950779246520905
1360.0 0.002525952770672243
1370.0 0.002498690238218009
1380.0 0.0020393793391665343
1390.0 0.0022166672523602246
1400.0 0.002662505325195072
1410.0 0.0029054011700933476
1420.0 0.0027698404886404653
1430.0 0.0025174235572106014
1440.0 0.0021104549627840186
1450.0 0.002375021805087386
1460.0 0.0023461967970165374
1470.0 0.0022357848291429043
1480.0 0.002196777664890437
1490.0 0.002214863662412409
1500.0 0.002365400037251871
1510.0 0.0024383077452144403
1520.0 0.002743530478997747
1530.0 0.0021919138403454982
1540.0 0.002017678826524228
1550.0 0.0019204382883157534
1560.0 0.0017662078955107054
1570.0 0.0019180832819138036
1580.0 0.002247914753352957
1590.0 0.0023492874027292083
1600.0 0.0019887986190527287
1610.0 0.0026664506721565946
1620.0 0.0024295969245148427
1630.0 0.0023594438328083927
1640.0 0.0025024606889354987
1650.0 0.002125382853869788
1660.0 0.0020635923998394584
1670.0 0.0020129986131832097
1680.0 0.002237138342031175
1690.0 0.001971143949540382
1700.0 0.002067190089076591
1710.0 0.0019465564940854135
1720.0 0.0018773240353231915
1730.0 0.002161792408493724
1740.0 0.0020098003283527907
1750.0 0.0019728041138711004
1760.0 0.0021463173062817955
1770.0 0.0019004326691580014
1780.0 0.002142329242722142
1790.0 0.002566669908826032
1800.0 0.0027595988856213495
1810.0 0.0024137975221383253
1820.0 0.0027671261280241845
1830.0 0.0029726789474792525
1840.0 0.0029794167020662904
1850.0 0.0027123430768801688
1860.0 0.0020923105378854267
1870.0 0.0027041296574746095
1880.0 0.0026468967616572955
1890.0 0.00308023990026077
1900.0 0.0038091484526766267
1910.0 0.004263528429212014
1920.0 0.003625493994796341
1930.0 0.002864030838452598
1940.0 0.0030989348996794106
1950.0 0.003283106348541113
1960.0 0.0028883445484723476
1970.0 0.0032607448228950393
1980.0 0.0031216565706736737
1990.0 0.0030935837673773552
2000.0 0.0031695944962819313
2010.0 0.003174134338168704
2020.0 0.0037272775147818597
2030.0 0.0036588459115707503
2040.0 0.003794633704953473
2050.0 0.004023080116285221
2060.0 0.003997694346363344
2070.0 0.003908559011607294
2080.0 0.004228131578249891
2090.0 0.0042477818266839695
2100.0 0.004110700920324579
2110.0 0.004366537154681697
2120.0 0.004645425163298904
2130.0 0.0047571100612683916
2140.0 0.004796463325525464
2150.0 0.004679531005637105
2160.0 0.004027225350098057
2170.0 0.0047669320503140765
2180.0 0.00457575922299024
2190.0 0.004876413310799381
2200.0 0.005239632724122963
2210.0 0.0053687176038527944
2220.0 0.0052766566656886485
2230.0 0.0051115996365602885
2240.0 0.005356311809710127
2250.0 0.005760266232841968
2260.0 0.00630608547768499
2270.0 0.006619532938516132
2280.0 0.006419701383070837
2290.0 0.006395188380796366
2300.0 0.006504717209540804
2310.0 0.006722697158089591
2320.0 0.007255246270596629
2330.0 0.006978631147590559
2340.0 0.007028642051714435
2350.0 0.00728789907520238
2360.0 0.007422365361694272
2370.0 0.007704912038494031
2380.0 0.0074306404646049375
2390.0 0.007394559249314069
2400.0 0.007671734069575608
2410.0 0.007919628925018357
2420.0 0.008312218369524567
2430.0 0.008091638002355503
2440.0 0.007932045072434104
2450.0 0.008198933248906169
2460.0 0.008824223383708174
2470.0 0.007854386564670093
2480.0 0.009102996610891721
2490.0 0.009275974202708079
2500.0 0.009403193480933653
2510.0 0.009415797424868172
2520.0 0.008669450161634326
2530.0 0.00879660654644251
2540.0 0.009283531315346712
2550.0 0.009654402264891917
2560.0 0.00960468664959092
2570.0 0.009795113998199802
2580.0 0.009831246623722973
2590.0 0.00946370404904028
2600.0 0.009095863290475341
2610.0 0.0090805092179935
2620.0 0.010104327567641257
2630.0 0.01034185525450027
2640.0 0.010995969722986346
2650.0 0.011513480991430123
2660.0 0.010894683360470534
2670.0 0.011324514574087828
2680.0 0.011277360680800302
2690.0 0.011306225258671069
2700.0 0.01157904795928523
2710.0 0.011641321565719271
2720.0 0.012429202748168026
2730.0 0.013862650034725631
2740.0 0.014598465164123957
2750.0 0.01392932836363739
2760.0 0.011956257510785542
2770.0 0.015107950460831238
2780.0 0.017146661935769154
2790.0 0.019601540699421643
2800.0 0.020312080359353942
2810.0 0.01895533803411596
2820.0 0.017206791430999877
2830.0 0.016889811431667692
2840.0 0.016843772382620047
2850.0 0.016091063395309562
2860.0 0.015652108980412017
2870.0 0.017410421157991563
2880.0 0.01734490918763329
2890.0 0.01747056429458808
2900.0 0.017905368756172203
2910.0 0.018643579013805336
2920.0 0.02033495115394168
2930.0 0.019889598890056665
2940.0 0.021226202689674484
2950.0 0.02172498051459548
2960.0 0.020303354188556416
2970.0 0.020387713189767703
2980.0 0.02096966139461863
2990.0 0.019432211802834408
3000.0 0.01739944062459319
3010.0 0.0166125567319266
3020.0 0.015830882494110174
3030.0 0.01941229015239401
3040.0 0.020071242554967825
3050.0 0.019410203077180218
3060.0 0.020855457818605875
3070.0 0.022183950901480343
3080.0 0.021549330031580414
3090.0 0.018792144655528135
3100.0 0.018991802112354635
3110.0 0.025395665315749133
3120.0 0.025009509294557877
3130.0 0.02621179061419762
3140.0 0.025856325615943913
3150.0 0.025364469560361036
3160.0 0.026026785015501035
3170.0 0.02845149825535404
3180.0 0.0280285916695875
3190.0 0.03018328790951294
3200.0 0.02909092506223487
3210.0 0.025194214798963166
3220.0 0.028523911340520278
3230.0 0.015605918394470612
3240.0 0.020012960729962885
3250.0 0.02756416310585688
3260.0 0.02921135178384779
3270.0 0.027756119358588953
3280.0 0.02854499578405423
3290.0 0.03177501137926032
3300.0 0.032580086711777964
3310.0 0.02907119790690084
3320.0 0.02895178768788403
3330.0 0.03225022023425992
3340.0 0.03288627172199145
3350.0 0.03288926747916625
3360.0 0.033720826242405244
3370.0 0.03224151668108839
3380.0 0.03226397043489589
3390.0 0.030409932785173104
3400.0 0.0291499119432284
3410.0 0.032278555519698486
3420.0 0.0355859170754981
3430.0 0.03304475122756419
3440.0 0.032426268129406924
3450.0 0.033768449961916774
3460.0 0.03531801494097471
3470.0 0.034324903386377836
3480.0 0.03304685734140638
3490.0 0.0359100831847606
3500.0 0.03614295417200775
3510.0 0.034446675467775426
3520.0 0.03693545139951263
3530.0 0.03681502312781248
3540.0 0.03718588893467414
3550.0 0.03573274635530133
3560.0 0.03256511248484099
3570.0 0.0368325214157362
3580.0 0.03757600846554779
3590.0 0.0348983357058585
3600.0 0.03356259343377634
3610.0 0.03507365471369248
3620.0 0.03701719558555145
3630.0 0.0395734974575122
3640.0 0.04083963605156951
3650.0 0.042396092083765095
3660.0 0.04274881358185809
3670.0 0.03721163739523756
3680.0 0.0378544405970933
3690.0 0.035944010324468055
3700.0 0.0343454232751089
3710.0 0.036569651236057224
3720.0 0.04495792658907636
3730.0 0.036401504610054446
3740.0 0.035967019465842576
3750.0 0.037089645391099435
3760.0 0.03928099432336844
3770.0 0.042667962009453934
3780.0 0.04083908667309358
3790.0 0.04175236440411661
3800.0 0.041498485674477205
3810.0 0.04076040992458866
3820.0 0.04008790147137323
3830.0 0.03837654202389793
3840.0 0.04010244247462388
3850.0 0.04217279967182378
3860.0 0.043422133087676944
3870.0 0.044656194450713484
3880.0 0.04392283378104354
3890.0 0.04284805558662168
3900.0 0.04077774289855968
3910.0 0.03939301739444963
3920.0 0.04383372364527079
3930.0 0.03857860270737049
3940.0 0.038097445276208695
3950.0 0.0405046162749385
3960.0 0.0424789066572768
3970.0 0.04326639901753582
3980.0 0.044951826068898526
3990.0 0.04838483447471448
4000.0 0.049511401376315
4010.0 0.0504348964550379
4020.0 0.05173550871331459
4030.0 0.04987565830616198
4040.0 0.049094455370596715
4050.0 0.0492735809568925
4060.0 0.049018324793273144
4070.0 0.04851405394112899
4080.0 0.05084439345844301
4090.0 0.05457677076279551
4100.0 0.054602884791235255
4110.0 0.05336912090683153
4120.0 0.05280462998730127
4130.0 0.05279735100778328
4140.0 0.052645191350994415
4150.0 0.05249217219626856
4160.0 0.05267383444646587
4170.0 0.05285569153617089
4180.0 0.05257660239853038
4190.0 0.05229627407506195
4200.0 0.05229628930775788
4210.0 0.05229594195680553
4220.0 0.05170109436880825
4230.0 0.05137553075638783
4240.0 0.05216038951731956
4250.0 0.05294729642068921
4260.0 0.05259387812078352
4270.0 0.05223902025530256
4280.0 0.05213098473465466
4290.0 0.05202226598377405
4300.0 0.051423101467055234
4310.0 0.05082179120435517
4320.0 0.05405362794456736
4330.0 0.05725895956732337
4340.0 0.05756403834679714
4350.0 0.057869650683249674
4360.0 0.05927569306714331
4370.0 0.06068550756790074
4380.0 0.05947522498405721
4390.0 0.05826099647299997
4400.0 0.058880957017679605
4410.0 0.059502362026109666
4420.0 0.060384906859564394
4430.0 0.061074252518060645
4440.0 0.06105360126339518
4450.0 0.061032498789507804
4460.0 0.06170014356195407
4470.0 0.06236930824375412
4480.0 0.06332351717159315
4490.0 0.06428006245760697
4500.0 0.06671672530457164
4510.0 0.06915989697345525
4520.0 0.06789292278117474
4530.0 0.06620272478525982
4540.0 0.06706678622325118
4550.0 0.06793287931483566
4560.0 0.06925048998269283
4570.0 0.07057136815817547
4580.0 0.06970480241570343
4590.0 0.06883541824456077
4600.0 0.06906933464480192
4610.0 0.06924958049201986
4620.0 0.06861122079010071
4630.0 0.06868144521557536
4640.0 0.0699076701768711
4650.0 0.070173912928782
4660.0 0.06987662155518479
4670.0 0.07065718551632355
4680.0 0.0707376388731885
4690.0 0.07094707862749401
4700.0 0.07095984832891779
4710.0 0.07071055483078839
4720.0 0.07027294694381522
4730.0 0.07035740373824502
4740.0 0.07105679956795143
4750.0 0.0732966270537222
4760.0 0.07426489258250271
4770.0 0.07359741462828265
4780.0 0.07643905666269095
4790.0 0.07695668400364558
4800.0 0.07962691001873948
4810.0 0.08244914454086785
4820.0 0.08325441446581412
4830.0 0.08604638339673393
4840.0 0.08820967483257686
4850.0 0.09151819990546294
4860.0 0.09545071937279945
4870.0 0.09924896942927078
4880.0 0.09387369144860822
4890.0 0.09050498877406628
4900.0 0.08576504353923765
4910.0 0.08192929248825478
4920.0 0.0808175137211844
4930.0 0.07873024199618067
4940.0 0.07992601290821623
4950.0 0.08077386405257521
4960.0 0.07911149281254735
4970.0 0.07609649406610208
4980.0 0.07497422537801486
4990.0 0.08022576592512104
5000.0 0.0858599682329659
5010.0 0.08575537582894475
5020.0 0.07539037575346612
5030.0 0.07466644080639517
5040.0 0.0736489609888335
5050.0 0.07256449495663965
5060.0 0.07235078178635768
5070.0 0.0725155840750194
5080.0 0.07162041941582159
5090.0 0.07031961728736504
5100.0 0.0703103282527597
5110.0 0.07072957103969142
5120.0 0.07070859386432392
5130.0 0.06971268900108993
5140.0 0.0700490535428332
5150.0 0.07035579802033957
5160.0 0.07000343585380114
5170.0 0.0696432174346725
5180.0 0.06935569094791157
5190.0 0.07274209433240213
5200.0 0.0738104544950555
5210.0 0.07304831581944676
5220.0 0.07493058786017584
5230.0 0.07721882318034612
5240.0 0.07874921296439504
5250.0 0.07744681010703094
5260.0 0.07268035931965364
5270.0 0.07293976109999573
5280.0 0.07573183178655357
5290.0 0.07838444491514542
5300.0 0.07816554236820752
5310.0 0.07759921646285498
5320.0 0.0782128083125858
5330.0 0.07695809784291534
5340.0 0.07422182020167359
5350.0 0.0748318031303726
5360.0 0.07739163316581306
5370.0 0.0743891304691442
5380.0 0.06320966867535582
5390.0 0.07137263941542618
5400.0 0.07419844260783186
5410.0 0.07351407215451258
5420.0 0.07334104829770101
5430.0 0.07370291812781964
5440.0 0.07426308156028798
5450.0 0.07482416019224239
5460.0 0.0746063960562873
5470.0 0.07438785489140308
5480.0 0.07442819175750912
5490.0 0.07446831685675821
5500.0 0.07411003444161939
5510.0 0.07375068383365126
5520.0 0.07437459731601015
5530.0 0.07458770155738396
5540.0 0.07434768025981671
5550.0 0.0741068637161248
5560.0 0.07317082265851052
5570.0 0.07223251393200898
5580.0 0.0712992482224766
5590.0 0.07036373633636944
5600.0 0.0706066274993701
5610.0 0.07084975877301893
5620.0 0.07032674143138265
5630.0 0.07008046092161961
5640.0 0.07026468131124752
5650.0 0.07044902019661267
5660.0 0.06982345762080949
5670.0 0.06919633584877803
5680.0 0.06987392660158515
5690.0 0.07055264873746134
5700.0 0.06991790422365687
5710.0 0.06928161180050457
5720.0 0.07097969631226826
5730.0 0.07294702891048795
5740.0 0.07250934543605178
5750.0 0.07207051265821458
5760.0 0.07257142474410351
5770.0 0.07307309974268564
5780.0 0.07293240638096089
5790.0 0.07279117568700418
5800.0 0.07426517221603113
5810.0 0.07574183959469738
5820.0 0.077001400697932
5830.0 0.07803269729183716
5840.0 0.07777389567901169
5850.0 0.07751431253777111
5860.0 0.07788743196758594
5870.0 0.07826102535289788
5880.0 0.07635820050813705
5890.0 0.07445139302655494
5900.0 0.07733890887506595
5910.0 0.078165014593958
5920.0 0.07212755720058864
5930.0 0.0767296776995208
5940.0 0.07835427275108069
5950.0 0.0775352001845402
5960.0 0.07514195929030586
5970.0 0.07163568544145879
5980.0 0.07489660393893094
5990.0 0.07570143003114051
6000.0 0.07644246550708265
6010.0 0.07744986038806788
6020.0 0.0769384862910915
6030.0 0.0783546604836718
6040.0 0.08112866071584748
6050.0 0.08211235145914819
6060.0 0.08084731205673934
6070.0 0.07898435122466783
6080.0 0.07804146760528939
6090.0 0.07827929607618062
6100.0 0.07741581649488694
6110.0 0.07680797765918038
6120.0 0.07690609989151036
6130.0 0.07559195941398583
6140.0 0.07653434119927972
6150.0 0.07698948739972776
6160.0 0.07577546971938917
6170.0 0.07532643248666616
6180.0 0.07667956736859773
6190.0 0.07836451060117061
6200.0 0.07815848510488707
6210.0 0.07739731035121586
6220.0 0.07604234175227362
6230.0 0.07866540605476685
6240.0 0.07652109819529376
6250.0 0.07517927633033207
6260.0 0.07707733036997136
6270.0 0.07896927914330115
6280.0 0.0795046070796738
6290.0 0.08089761259972604
6300.0 0.0808174161536242
6310.0 0.08037988436807768
6320.0 0.08050507197582883
6330.0 0.08183006276666209
6340.0 0.08170776457379474
6350.0 0.0823494017674019
6360.0 0.08374903494379418
6370.0 0.08441556598469385
6380.0 0.08530378900101426
6390.0 0.0877978613550485
6400.0 0.088046246148368
6410.0 0.08797375904426344
6420.0 0.089215254775297
6430.0 0.09125020247563653
6440.0 0.09425558568456761
6450.0 0.09727763299222095
6460.0 0.10046044771400053
6470.0 0.10414612780792838
6480.0 0.10943151215577072
6490.0 0.11616526734299502
6500.0 0.12512926481024794
6510.0 0.13594676494579164
6520.0 0.14898158319162266
6530.0 0.16787839913369762
6540.0 0.18921500579316067
6550.0 0.2072250124825822
6560.0 0.21846203675701986
6570.0 0.2219520643818002
6580.0 0.21878671808197328
6590.0 0.2069176385501221
6600.0 0.18692366937412253
6610.0 0.16342781547820437
6620.0 0.14186089698641963
6630.0 0.12726517157087103
6640.0 0.11606234535350675
6650.0 0.10756643607453639
6660.0 0.10063967964292812
6670.0 0.09536535675554371
6680.0 0.09269305560052671
6690.0 0.09073153425197139
6700.0 0.08803116265336403
6710.0 0.08551856178704352
6720.0 0.08451092492045355
6730.0 0.0839052615675347
6740.0 0.08264391720322531
6750.0 0.08142174231769242
6760.0 0.08064219378782693
6770.0 0.07990094752445527
6780.0 0.07916567407012952
6790.0 0.078626950037495
6800.0 0.07820262670161204
6810.0 0.07769018907315972
6820.0 0.07746384104347882
6830.0 0.07736893651524208
6840.0 0.07658310098424356
6850.0 0.07586087072795385
6860.0 0.07616368980073839
6870.0 0.07670023622842531
6880.0 0.0770082343408079
6890.0 0.07753157365453339
6900.0 0.07771658288728459
6910.0 0.07778186305962406
6920.0 0.07751971738924397
6930.0 0.07605959270449586
6940.0 0.07590885070485145
6950.0 0.07556923552194195
6960.0 0.07525341339303168
6970.0 0.07566438544320546
6980.0 0.07557684731040286
6990.0 0.07696084945582199
7000.0 0.0771256682474863
7010.0 0.07728459988231287
7020.0 0.07839243887181654
7030.0 0.07888544279908888
7040.0 0.07908339827058963
7050.0 0.07906403551497859
7060.0 0.07823348660017611
7070.0 0.07750688029958237
7080.0 0.07689598411335742
7090.0 0.07572851132170261
7100.0 0.0748196764507917
7110.0 0.0740721156339169
7120.0 0.07355618660631444
7130.0 0.07310828958471968
7140.0 0.07301240685607022
7150.0 0.07289646900547085
7160.0 0.07312291306143258
7170.0 0.07334950061234981
7180.0 0.07286830124132782
7190.0 0.07238620418564408
7200.0 0.07278171266234092
7210.0 0.07317761153822333
7220.0 0.07360479811730207
7230.0 0.07403241722919143
7240.0 0.07415127513298822
7250.0 0.07427012826337566
7260.0 0.07438897674037617
7270.0 0.07450782545339096
7280.0 0.07423916082297691
7290.0 0.07396993536471554
7300.0 0.0745227935536646
7310.0 0.07507625828489975
7320.0 0.07510183046054597
7330.0 0.07512726179681622
7340.0 0.07535061034407978
7350.0 0.07558431856315989
7360.0 0.07614564770456454
7370.0 0.07670756818901649
7380.0 0.0763332540176598
7390.0 0.07595824081977372
7400.0 0.07595778446082034
7410.0 0.07595715484504796
7420.0 0.07648868068058613
7430.0 0.0770207532099361
7440.0 0.07697321932975212
7450.0 0.07692544366052469
7460.0 0.07730122483312352
7470.0 0.07767734983964387
7480.0 0.07764539221101914
7490.0 0.0776131956099645
7500.0 0.07783234169984557
7510.0 0.07805158720856305
7520.0 0.07842880184131605
7530.0 0.0788055409230765
7540.0 0.07895977365049711
7550.0 0.07911404754184652
7560.0 0.07901540740177569
7570.0 0.07891645929400941
7580.0 0.07834240961420229
7590.0 0.0777674256367036
7600.0 0.07731842766351643
7610.0 0.07686867670837266
7620.0 0.07630720645102544
7630.0 0.07574485884143951
7640.0 0.07521322535655316
7650.0 0.0746807555274002
7660.0 0.07359088530766641
7670.0 0.07249945826691782
7680.0 0.07296707285066854
7690.0 0.07343513452790856
7700.0 0.07304259843763905
7710.0 0.07264942221328292
7720.0 0.07268671273325554
7730.0 0.0727251202803586
7740.0 0.07257370521160816
7750.0 0.07242194194643409
7760.0 0.07266999641292626
7770.0 0.07291821588804394
7780.0 0.07305444391985218
7790.0 0.07319070149624521
7800.0 0.07316650847478949
7810.0 0.07314214599013759
7820.0 0.07295693587448991
7830.0 0.07277135921525778
7840.0 0.07248892955240883
7850.0 0.07220601198752086
7860.0 0.07255069906472048
7870.0 0.07289567285802859
7880.0 0.07262815350182564
7890.0 0.07236016989808636
7900.0 0.07188186571164029
7910.0 0.07140284649374679
7920.0 0.07147266873498925
7930.0 0.07154243525332535
7940.0 0.07137273142219586
7950.0 0.07120308340902058
7960.0 0.07185944465363384
7970.0 0.07251645503336993
7980.0 0.07250903735078607
7990.0 0.0725014776546061
8000.0 0.07273732580026958
8010.0 0.07297331956950726
8020.0 0.0730632158605882
8030.0 0.07315308035632676
8040.0 0.07316145322609091
8050.0 0.07316970993356588
8060.0 0.0734712255188691
8070.0 0.07377295020662074
8080.0 0.07360169000715779
8090.0 0.07343009115186931
8100.0 0.07366661333820079
8110.0 0.07390326805406636
8120.0 0.07456542719792154
8130.0 0.07522821506275733
8140.0 0.07551472813414689
8150.0 0.07580495218545397
8160.0 0.07603049084322218
8170.0 0.07625616584327861
8180.0 0.075447858476216
8190.0 0.07463851086233103
8200.0 0.07438697522589156
8210.0 0.07413502653561237
8220.0 0.07424445764576287
8230.0 0.07435389229652495
8240.0 0.0742985710267246
8250.0 0.07424306499970579
8260.0 0.07441830128612395
8270.0 0.07459361431796895
8280.0 0.07432328190579716
8290.0 0.0740525356688952
8300.0 0.07330228432275442
8310.0 0.07255110260191186
8320.0 0.07234477398297356
8330.0 0.072138098706823
8340.0 0.07212976080676473
8350.0 0.07212129334137214
8360.0 0.07221349813233872
8370.0 0.07230851716314625
8380.0 0.07154072574338874
8390.0 0.07077201237018321
8400.0 0.07146399728483893
8410.0 0.07215662728138614
8420.0 0.07107068143039051
8430.0 0.06998347972740543
8440.0 0.06946099362186255
8450.0 0.06893784695225531
8460.0 0.06893057025894983
8470.0 0.06892318611217751
8480.0 0.06901579478051063
8490.0 0.06910840164766589
8500.0 0.06829926632289479
8510.0 0.0674891827876038
8520.0 0.0682160125807845
8530.0 0.06894349667128642
8540.0 0.06737922173619647
8550.0 0.0658132275903628
8560.0 0.06801427760585105
8570.0 0.07021749578919032
8580.0 0.06999240617840993
8590.0 0.06977047427851348
8600.0 0.07000137408660072
8610.0 0.07023241914172051
8620.0 0.07061481276139892
8630.0 0.07099749341694558
8640.0 0.07101044484128995
8650.0 0.07102330815655014
8660.0 0.0689652486027853
8670.0 0.06690502493205501
8680.0 0.068465995404504
8690.0 0.07002844486758823
8700.0 0.07079943791088228
8710.0 0.0715711177390429
8720.0 0.07175246666345424
8730.0 0.07193390169912194
8740.0 0.07176044018651358
8750.0 0.07158670297127401
8760.0 0.07195412788415222
8770.0 0.07232180507748119
8780.0 0.07258815519719314
8790.0 0.07285467876492811
8800.0 0.07240929532216167
8810.0 0.07196533664409796
8820.0 0.0721680153281645
8830.0 0.07237079432372849
8840.0 0.07233591274860185
8850.0 0.07230089608387726
8860.0 0.07141563260925972
8870.0 0.0705294291636105
8880.0 0.07078250569353457
8890.0 0.0710357265414265
8900.0 0.07127206767206998
8910.0 0.0715085414936346
8920.0 0.07111426289075375
8930.0 0.0707195184948811
8940.0 0.07076808291585229
8950.0 0.07081660272768887
8960.0 0.07088211688177937
8970.0 0.07094760806865018
8980.0 0.07097890035044434
8990.0 0.07101013794206468
9000.0 0.07039093884560907
9010.0 0.06977107432194368
9020.0 0.07055527277448487
9030.0 0.07134012225739497
9040.0 0.07200614751064326
9050.0 0.07267644595612613
9060.0 0.07269509353087862
9070.0 0.07271369120107941
9080.0 0.07230256365678805
9090.0 0.071890993756683
9100.0 0.0721668119559021
9110.0 0.07244279433352252
9120.0 0.07282214310387795
9130.0 0.07320174874790492
9140.0 0.07303069059704219
9150.0 0.07285939072956998
9160.0 0.07284279992418086
9170.0 0.07282611911507914
9180.0 0.07306803138513525
9190.0 0.07331007442119934
9200.0 0.07237794858052306
9210.0 0.07144489553715697
9220.0 0.07080477056580062
9230.0 0.07016399483247886
9240.0 0.0700589845166116
9250.0 0.06995379496994539
9260.0 0.07007355672137064
9270.0 0.07019334927660391
9280.0 0.06982859601957873
9290.0 0.06946689492870553
9300.0 0.06959056707550554
9310.0 0.06971426868321066
9320.0 0.06975121171844115
9330.0 0.06978812544440309
9340.0 0.06968586624640348
9350.0 0.06958344651042869
9360.0 0.0692026252284391
9370.0 0.06882138804265614
9380.0 0.06922315581182681
9390.0 0.06962520352517024
9400.0 0.06924338348575311
9410.0 0.0688611728156339
9420.0 0.06936795980157892
9430.0 0.06987510276946846
9440.0 0.06956227531575256
9450.0 0.06924910792215913
9460.0 0.06975662046668275
9470.0 0.07026449223550438
9480.0 0.07030065672354271
9490.0 0.07033677689693282
9500.0 0.06990045381028756
9510.0 0.06946369201996731
9520.0 0.06960436619153619
9530.0 0.06974760342168691
9540.0 0.06938428480324774
9550.0 0.06902059260964663
9560.0 0.0692178312107887
9570.0 0.06941517254565895
9580.0 0.06980565347495582
9590.0 0.07019637824147246
9600.0 0.06986700509141763
9610.0 0.06953730785643607
9620.0 0.06968207246012971
9630.0 0.06982689592403614
9640.0 0.06937339685202751
9650.0 0.06891946517126427
9660.0 0.0689406132684511
9670.0 0.0689617152661094
9680.0 0.0693000441186451
9690.0 0.06963858811256267
9700.0 0.06925405794100763
9710.0 0.06886915087363918
9720.0 0.06862510694717516
9730.0 0.06838081197584665
9740.0 0.06831293937282604
9750.0 0.06824494612938425
9760.0 0.06835367405193889
9770.0 0.06846242183466646
9780.0 0.06813027425223547
9790.0 0.06780033870334058
9800.0 0.06835563620118339
9810.0 0.06891128769275552
9820.0 0.06866970944397556
9830.0 0.0684278709574497
9840.0 0.06859375683569924
9850.0 0.06875970720570575
9860.0 0.06860621761516486
9870.0 0.06845254438407132
9880.0 0.0684230345566913
9890.0 0.06839345530431908
9900.0 0.06811480713702726
9910.0 0.06783588709613934
9920.0 0.06798377117187562
9930.0 0.06813171191503792
9940.0 0.06819067875201772
9950.0 0.06824962827728985
9960.0 0.06825506348621416
9970.0 0.06826043507890978
9980.0 0.06819441721283961
9990.0 0.06812828772175608
10000.0 0.0681156077908504
10001.0 0.06811433704434186
10101.0 0.06774890758922074
10201.0 0.06748430984146506
10301.0 0.06730929936812623
10401.0 0.0667982638770988
10501.0 0.06590129951105901
10601.0 0.06449919421373872
10701.0 0.06402821506389633
10801.0 0.06353405432905093
10901.0 0.06306315026871666
11001.0 0.062276013120652056
11101.0 0.06132508615057566
11201.0 0.060952219494102476
11301.0 0.060424367813135586
11401.0 0.05987032390437026
11501.0 0.06003221114925788
11601.0 0.059158878554205215
11701.0 0.058936332983413296
11801.0 0.05790790749693373
11901.0 0.05739951091557855
12001.0 0.056706644235590596
12101.0 0.05685607771787661
12201.0 0.056861920820719815
12301.0 0.056336055031809995
12401.0 0.05587894147164826
12501.0 0.05539418324269928
12601.0 0.0550253573756169
12701.0 0.05466822229754094
12801.0 0.054275077614871096
12901.0 0.05398277908225679
13001.0 0.05394318587124753
13101.0 0.05354310992373245
13201.0 0.05307038200363743
13301.0 0.05251226358649228
13401.0 0.05220861116919939
13501.0 0.051856824726150885
13601.0 0.05129655089141979
13701.0 0.051435252971439055
13801.0 0.05143786478455398
13901.0 0.05062092745686112
14001.0 0.049503969065742406
14101.0 0.04944526320604522
14201.0 0.049445775237219665
14301.0 0.049063470700604205
14401.0 0.04922961836184212
14501.0 0.049270844331127925
14601.0 0.04894431510543277
14701.0 0.048423417661068
14801.0 0.04858735845326679
14901.0 0.048715153499702075
15001.0 0.048622036547664275
15101.0 0.04878905079708244
15201.0 0.04905477246669645
15301.0 0.049182506138089284
15401.0 0.048956872499670435
15501.0 0.04876931296448288
15601.0 0.048072969324930895
15701.0 0.04836681111008901
15801.0 0.04698039170924602
15901.0 0.0473510513936606
16001.0 0.047189960574700075
16101.0 0.04739426957701897
16201.0 0.04713863115114015
16301.0 0.047085073414989756
16401.0 0.046846688902092884
16501.0 0.04655727031053376
16601.0 0.04643825278916645
16701.0 0.0459928318458554
16801.0 0.04565572203594295
16901.0 0.04540129059905567
17001.0 0.04507951360653611
17101.0 0.0445335791698399
17201.0 0.043994225989830216
17301.0 0.04330699377033428
17401.0 0.042702506099482
17501.0 0.042202982434842204
17601.0 0.04162521767335067
17701.0 0.040970474690472145
17801.0 0.0403657120411597
17901.0 0.03979198681668049
18001.0 0.039134230976937155
18101.0 0.03857362677248074
18201.0 0.038149644872273326
18301.0 0.03776788902799575
18401.0 0.03727860529368934
18501.0 0.03682303165379054
18601.0 0.03637108686486197
18701.0 0.03581226449525529
18801.0 0.03547717938855698
18901.0 0.035050366508427286
19001.0 0.034746859356535806
19101.0 0.03458330041293196
19201.0 0.034225864494778935
19301.0 0.03379633725947659
19401.0 0.033292834201555176
19501.0 0.03296177354850758
19601.0 0.03268311861556168
19701.0 0.032238108795546574
19801.0 0.0318500556564489
19901.0 0.03159694869811561
20001.0 0.031385348373327134
20101.0 0.031153530747343047
20201.0 0.030800213107519486
20301.0 0.030485634332258316
20401.0 0.03031114046189394
20501.0 0.03009322529007878
20601.0 0.029820511703677326
20701.0 0.029599078065384102
20801.0 0.02936713022547349
20901.0 0.029082030871807982
21001.0 0.028895749894332697
21101.0 0.028704393862530854
21201.0 0.02844367960479278
21301.0 0.028276242982508522
21401.0 0.028095063761369533
21501.0 0.027853785451193106
21601.0 0.027594245113013744
21701.0 0.0273412390007365
21801.0 0.027133706757502384
21901.0 0.02693799692364438
22001.0 0.02665200522722325
22101.0 0.026457683644702502
22201.0 0.02627002014299873
22301.0 0.02600916410791936
22401.0 0.025812394203394377
22501.0 0.025619649013387803
22601.0 0.025379494386852282
22701.0 0.025196462029206494
22801.0 0.02499995836066331
22901.0 0.024044071456846852
23001.0 0.02350427967716652
23101.0 0.023673505142159726
23201.0 0.02294526755481314
23301.0 0.022541083990487563
23401.0 0.02258838930353078
23501.0 0.021951405702457905
23601.0 0.021754050658134485
23701.0 0.021807218416622347
23801.0 0.02125979744390916
23901.0 0.02107596551917201
24001.0 0.02113810180974277
24101.0 0.020711605826729942
24201.0 0.020497647557769467
24301.0 0.020477936348287953
24401.0 0.02015947935558079
24501.0 0.019876728669225487
24601.0 0.019799011379210675
24701.0 0.019642331698234938
24801.0 0.019193163788377807
24901.0 0.018862606922997974
25001.0 0.018830098541477
25101.0 0.01864423663260412
25201.0 0.01849694345909172
25301.0 0.018509126489210777
25401.0 0.018398237505643462
25501.0 0.01829376808647064
25601.0 0.018253286070441823
25701.0 0.01823981699736033
25801.0 0.01812598634952441
25901.0 0.01801080519384405
26001.0 0.018012612475353067
26101.0 0.017947430053571207
26201.0 0.017825218930311096
26301.0 0.01775745678604949
26401.0 0.0176925159725371
26501.0 0.017607529160623473
26601.0 0.017494376356047753
26701.0 0.017449411754467528
26801.0 0.017432461137013855
26901.0 0.01729600956845602
27001.0 0.017202804250843404
27101.0 0.01715440924352492
27201.0 0.01709491192488056
27301.0 0.017008232552432022
27401.0 0.016922949668153078
27501.0 0.016880412910382104
27601.0 0.016805138381563733
27701.0 0.016693233086174986
27801.0 0.01662584921039735
27901.0 0.016595374811072018
28001.0 0.016520457152740285
28101.0 0.016423718024863525
28201.0 0.016359636353850373
28301.0 0.016306394537048616
28401.0 0.016234401451601554
28501.0 0.0161619321998756
28601.0 0.01610278694230481
28701.0 0.01604310770547263
28801.0 0.015962349050956073
28901.0 0.01588767590372413
29001.0 0.015832542178509577
29101.0 0.01577572957207174
29201.0 0.015686157723530523
29301.0 0.01562108486751205
29401.0 0.015569859379513239
29501.0 0.01550349333918108
29601.0 0.015455644711937186
29701.0 0.015393695433891848
29801.0 0.015325624562499125
29901.0 0.015266534856264955
30001.0 0.015203045227651346
30101.0 0.015154453237742737
30201.0 0.015101038043456146
30301.0 0.015034066038730271
30401.0 0.014998632995363685
30501.0 0.014949917087290168
30601.0 0.014889711315595163
30701.0 0.014844618313204803
30801.0 0.014786664627791168
30901.0 0.014742165468166197
31001.0 0.014712733098208119
31101.0 0.01465204098169929
31201.0 0.0145977456
31301.0 0.0145532917
31401.0 0.0144987302
31501.0 0.0144514069
31601.0 0.0143927848
31701.0 0.0143362666
31801.0 0.0142913964
31901.0 0.014246949
32001.0 0.0142001193
32101.0 0.0141484216
32201.0 0.0140995374
32301.0 0.0140506616
32401.0 0.0140027003
32501.0 0.0139546823
32601.0 0.0139019992
32701.0 0.013850743
32801.0 0.0138746435
32901.0 0.0138978232
33001.0 0.0138499588
33101.0 0.0138013903
33201.0 0.0136831356
33301.0 0.0135656074
33401.0 0.013520048
33501.0 0.0134756099
33601.0 0.0134266987
33701.0 0.0133778304
33801.0 0.013333302
33901.0 0.0132887317
34001.0 0.0132402834
34101.0 0.013191903
34201.0 0.0131503716
34301.0 0.0131089091
34401.0 0.0130668748
34501.0 0.0130248051
34601.0 0.0129790809
34701.0 0.0129333772
34801.0 0.0128897298
34901.0 0.0128460946
35001.0 0.0128038302
35101.0 0.0127615239
35201.0 0.0127151096
35301.0 0.0126697049
35401.0 0.0126302447
35501.0 0.0125907511
35601.0 0.0125478283
35701.0 0.0125049129
35801.0 0.0124626812
35901.0 0.0124205351
36001.0 0.0123868398
36101.0 0.0123530477
36201.0 0.0123104919
36301.0 0.0122682564
36401.0 0.0122283017
36501.0 0.0121883545
36601.0 0.012149089
36701.0 0.012109803
36801.0 0.0120682381
36901.0 0.012026703
37001.0 0.0119881332
37101.0 0.011949678
37201.0 0.0119156344
37301.0 0.0118815247
37401.0 0.0118407989
37501.0 0.0118001327
37601.0 0.0117653962
37701.0 0.0117306272
37801.0 0.0116926674
37901.0 0.0116547812
38001.0 0.0116241984
38101.0 0.0115938038
38201.0 0.0115612634
38301.0 0.011528709
38401.0 0.0114950165
38501.0 0.0114612784
38601.0 0.0114229722
38701.0 0.0113847349
38801.0 0.0113531146
38901.0 0.0113214729
39001.0 0.0112877805
39101.0 0.0112542491
39201.0 0.011223604
39301.0 0.0111928927
39401.0 0.0111553315
39501.0 0.0111178495
39601.0 0.0110881273
39701.0 0.0110583473
39801.0 0.0110226329
39901.0 0.0109870164
40001.0 0.0109609868
40101.0 0.0109349266
40201.0 0.0109065101
40301.0 0.010878168
40401.0 0.0108448062
40501.0 0.0108114993
40601.0 0.0107834404
40701.0 0.0107553648
40801.0 0.0107259247
40901.0 0.010696508
41001.0 0.0106696021
41101.0 0.0106426757
41201.0 0.0106138289
41301.0 0.0105855111
41401.0 0.0105571989
41501.0 0.010528883
41601.0 0.0105003379
41701.0 0.0104718329
41801.0 0.010447206
41901.0 0.0104225306
42001.0 0.0103930607
42101.0 0.0103636542
42201.0 0.010340414
42301.0 0.0103173228
42401.0 0.0102901375
42501.0 0.0102629857
42601.0 0.0102390302
42701.0 0.0102148522
42801.0 0.0101687573
42901.0 0.0101226717
43001.0 0.0100772697
43101.0 0.0100321695
43201.0 0.0100167422
43301.0 0.0100010503
43401.0 0.0099591715
43501.0 0.0099179847
43601.0 0.009890276
43701.0 0.0098626018
43801.0 0.0098383483
43901.0 0.0098139858
44001.0 0.0097786672
44101.0 0.0097434716
44201.0 0.0097206077
44301.0 0.0096977446
44401.0 0.009675106
44501.0 0.0096524162
44601.0 0.0096250623
44701.0 0.0095980475
44801.0 0.0095810778
44901.0 0.0095640384
45001.0 0.0095399199
45101.0 0.0095158042
45201.0 0.0094921449
45301.0 0.0094685638
45401.0 0.0094527435
45501.0 0.0094368998
45601.0 0.0094187744
45701.0 0.0094005484
45801.0 0.0093727279
45901.0 0.0093451701
46001.0 0.0093326792
46101.0 0.0093201166
46201.0 0.0093004815
46301.0 0.0092808399
46401.0 0.0092607373
46501.0 0.0092407055
46601.0 0.0092275236
46701.0 0.0092142662
46801.0 0.0091934763
46901.0 0.0091726892
47001.0 0.0091524934
47101.0 0.0091325343
47201.0 0.0091196559
47301.0 0.0091066845
47401.0 0.0090845814
47501.0 0.0090625444
47601.0 0.0090468982
47701.0 0.0090312473
47801.0 0.0090149082
47901.0 0.0089985216
48001.0 0.0089773405
48101.0 0.0089562573
48201.0 0.0089448942
48301.0 0.0089338217
48401.0 0.0089138439
48501.0 0.0088938847
48601.0 0.0088757537
48701.0 0.008857633
48801.0 0.008840424
48901.0 0.0088232215
49001.0 0.0088067045
49101.0 0.0087901885
49201.0 0.0087739024
49301.0 0.008757595
49401.0 0.0087392302
49501.0 0.0087211598
49601.0 0.0087083643
49701.0 0.0086955084
49801.0 0.0086767171
49901.0 0.0086579341
50001.0 0.0086398628
50101.0 0.0086217998
50201.0 0.0086044623
50301.0 0.0085871313
50401.0 0.0085704364
50501.0 0.0085537471
50601.0 0.008537598
50701.0 0.0085214544
50801.0 0.0085059488
50901.0 0.0084907226
51001.0 0.0084758829
51101.0 0.0084610479
51201.0 0.0084465276
51301.0 0.0084320102
51401.0 0.008417747
51501.0 0.0084034847
51601.0 0.0083894162
51701.0 0.0083753495
51801.0 0.0083614197
51901.0 0.0083474889
52001.0 0.0083336448
52101.0 0.0083197998
52201.0 0.0083064111
52301.0 0.0082930438
52401.0 0.0082796626
52501.0 0.0082662804
52601.0 0.0082528405
52701.0 0.0082393996
52801.0 0.0082258573
52901.0 0.008212314
53001.0 0.0081986301
53101.0 0.0081849443
53201.0 0.0081710787
53301.0 0.0081572132
53401.0 0.0081431335
53501.0 0.0081291152
53601.0 0.0081152227
53701.0 0.0081013273
53801.0 0.0080871591
53901.0 0.00807299
54001.0 0.0080585275
54101.0 0.0080440622
54201.0 0.0080293529
54301.0 0.0080146734
54401.0 0.0080029601
54501.0 0.0079912208
54601.0 0.0079767425
54701.0 0.0079622809
54801.0 0.0079494147
54901.0 0.0079365429
55001.0 0.0079233022
55101.0 0.0079101045
55201.0 0.0079001943
55301.0 0.0078902245
55401.0 0.0078743193
55501.0 0.0078584636
55601.0 0.0078476323
55701.0 0.0078367721
55801.0 0.0078231031
55901.0 0.0078094522
56001.0 0.0077976747
56101.0 0.0077858744
56201.0 0.0077718375
56301.0 0.0077578267
56401.0 0.0077467007
56501.0 0.0077357814
56601.0 0.007723514
56701.0 0.0077112359
56801.0 0.0076978393
56901.0 0.0076844711
57001.0 0.0076738414
57101.0 0.007663195
57201.0 0.0076508825
57301.0 0.0076385699
57401.0 0.0076263733
57501.0 0.0076141753
57601.0 0.0076019317
57701.0 0.0075896978
57801.0 0.0075784461
57901.0 0.0075673647
58001.0 0.0075550517
58101.0 0.0075427471
58201.0 0.0075313104
58301.0 0.0075198724
58401.0 0.0075083673
58501.0 0.0074968534
58601.0 0.0074846097
58701.0 0.0074723745
58801.0 0.007461099
58901.0 0.0074498234
59001.0 0.0074384552
59101.0 0.0074270889
59201.0 0.007415859
59301.0 0.0074046236
59401.0 0.0073928102
59501.0 0.0073812944
59601.0 0.0073707374
59701.0 0.0073601753
59801.0 0.0073490869
59901.0 0.007338
60001.0 0.0073269592
60101.0 0.0073159179
60201.0 0.0073048989
60301.0 0.0072938763
60401.0 0.0072824196
60501.0 0.0072709695
60601.0 0.007260113
60701.0 0.0072492543
60801.0 0.0072382586
60901.0 0.007227262
61001.0 0.0072163017
61101.0 0.0072055315
61201.0 0.0071952869
61301.0 0.0071850405
61401.0 0.0071746581
61501.0 0.0071642757
61601.0 0.0071540088
61701.0 0.0071439538
61801.0 0.0071549807
61901.0 0.0071659582
62001.0 0.007171921
62101.0 0.0071777641
62201.0 0.0071716583
62301.0 0.0071654478
62401.0 0.0071486845
62501.0 0.0071318639
62601.0 0.0071093529
62701.0 0.0070870356
62801.0 0.007061475
62901.0 0.0070359833
63001.0 0.0070173433
63101.0 0.0069987937
63201.0 0.0069891708
63301.0 0.0069795409
63401.0 0.0069693644
63501.0 0.0069591934
63601.0 0.0069495472
63701.0 0.0069398936
63801.0 0.0069296015
63901.0 0.0069193142
64001.0 0.0069094831
64101.0 0.0068996525
64201.0 0.0068898201
64301.0 0.0068801064
64401.0 0.0068704779
64501.0 0.006860849
64601.0 0.0068512205
64701.0 0.0068416731
64801.0 0.0068321247
64901.0 0.0068225763
65001.0 0.0068130284
65101.0 0.0068035256
65201.0 0.0067940243
65301.0 0.006784522
65401.0 0.0067750202
65501.0 0.0067656222
65601.0 0.0067562237
65701.0 0.0067468253
65801.0 0.0067374259
65901.0 0.0067279469
66001.0 0.0067186765
66101.0 0.0067094923
66201.0 0.0067003076
66301.0 0.0066911341
66401.0 0.0066819605
66501.0 0.006672787
66601.0 0.0066636135
66701.0 0.0066544171
66801.0 0.0066452213
66901.0 0.0066360245
67001.0 0.0066268281
67101.0 0.0066176318
67201.0 0.006608435
67301.0 0.0065992386
67401.0 0.0065900427
67501.0 0.0065809041
67601.0 0.0065717655
67701.0 0.0065626949
67801.0 0.0065538366
67901.0 0.0065449672
68001.0 0.0065360968
68101.0 0.0065272269
68201.0 0.0065183584
68301.0 0.0065095928
68401.0 0.0065008262
68501.0 0.0064920606
68601.0 0.0064832945
68701.0 0.0064744814
68801.0 0.0064656697
68901.0 0.0064568585
69001.0 0.0064480468
69101.0 0.0064393035
69201.0 0.0064305603
69301.0 0.0064218179
69401.0 0.0064130751
69501.0 0.0064044399
69601.0 0.0063959886
69701.0 0.0063875383
69801.0 0.0063790865
69901.0 0.006370612
70001.0 0.0063621374
70101.0 0.0063536637
70201.0 0.0063451906
70301.0 0.0063368082
70401.0 0.0063284263
70501.0 0.0063200444
70601.0 0.0063116634
70701.0 0.0063032694
70801.0 0.0062948754
70901.0 0.0062864823
71001.0 0.0062780892
71101.0 0.0062697418
71201.0 0.0062613944
71301.0 0.0062530469
71401.0 0.0062449351
71501.0 0.0062368456
71601.0 0.0062287557
71701.0 0.0062206662
71801.0 0.0062126662
71901.0 0.0062134457
72001.0 0.0062142252
72101.0 0.0062150056
72201.0 0.0062156641
72301.0 0.0062042978
72401.0 0.0061929324
72501.0 0.006181566
72601.0 0.006170264
72701.0 0.0061653717
72801.0 0.006160479
72901.0 0.0061555863
73001.0 0.0061506545
73101.0 0.0061417781
73201.0 0.0061329082
73301.0 0.006124279
73401.0 0.0061156247
73501.0 0.0061043878
73601.0 0.0060931519
73701.0 0.006081915
73801.0 0.0060707908
73901.0 0.0060707736
74001.0 0.0060707573
74101.0 0.0060707405
74201.0 0.0060707242
74301.0 0.0060707885
74401.0 0.0060708523
74501.0 0.0060709161
74601.0 0.0060709962
74701.0 0.0060726134
74801.0 0.0060742316
74901.0 0.0060758498
75001.0 0.0060774451
75101.0 0.0060768328
75201.0 0.0060763699
75301.0 0.0060759936
75401.0 0.0060754633
75501.0 0.006059614
75601.0 0.0060437643
75701.0 0.0060279155
75801.0 0.0060122223
75901.0 0.0060119936
76001.0 0.006011765
76101.0 0.0060115373
76201.0 0.0060112611
76301.0 0.0060063088
76401.0 0.0060013561
76501.0 0.0059964038
76601.0 0.0059914207
76701.0 0.0059834281
76801.0 0.0059754346
76901.0 0.0059674419
77001.0 0.0059594223
77101.0 0.0059487652
77201.0 0.0059382748
77301.0 0.0059278458
77401.0 0.0059174439
77501.0 0.0059097842
77601.0 0.0059021236
77701.0 0.005894464
77801.0 0.0058868076
77901.0 0.0058794483
78001.0 0.005872089
78101.0 0.0058647296
78201.0 0.0058573745
78301.0 0.0058503654
78401.0 0.0058433567
78501.0 0.0058363476
78601.0 0.0058293226
78701.0 0.0058206809
78801.0 0.0058120387
78901.0 0.0058033969
79001.0 0.0057947375
79101.0 0.0057844217
79201.0 0.0057741692
79301.0 0.0057640718
79401.0 0.0057539498
79501.0 0.0057415119
79601.0 0.0057290741
79701.0 0.0057166363
79801.0 0.0057042041
79901.0 0.0056923027
80001.0 0.0056804013
80101.0 0.0056685
80201.0 0.0056566042
80301.0 0.0056452318
80401.0 0.0056338599
80501.0 0.005622488
80601.0 0.0056111165
80701.0 0.0055998359
80801.0 0.0055885557
80901.0 0.0055772755
81001.0 0.0055660172
81101.0 0.0055570132
81201.0 0.0055480087
81301.0 0.0055390703
81401.0 0.0055302843
81501.0 0.0055224597
81601.0 0.0055146352
81701.0 0.0055068103
81801.0 0.0054989941
81901.0 0.0054919072
82001.0 0.0054848208
82101.0 0.0054777339
82201.0 0.0054706503
82301.0 0.0054638418
82401.0 0.0054570329
82501.0 0.005450224
82601.0 0.0054434175
82701.0 0.0054368521
82801.0 0.0054302868
82901.0 0.0054237209
83001.0 0.0054171602
83101.0 0.0054110484
83201.0 0.0054049366
83301.0 0.0053988248
83401.0 0.0053927191
83501.0 0.0053874045
83601.0 0.0053821313
83701.0 0.0053768586
83801.0 0.0053715939
83901.0 0.0053671775
84001.0 0.0053627612
84101.0 0.0053583439
84201.0 0.0053539174
84301.0 0.0053484505
84401.0 0.0053429846
84501.0 0.0053375186
84601.0 0.0053320536
84701.0 0.0053267451
84801.0 0.0053214352
84901.0 0.0053161262
85001.0 0.0053108209
85101.0 0.0053058662
85201.0 0.0053009125
85301.0 0.0052959584
85401.0 0.0052910065
85501.0 0.0052863085
85601.0 0.0052816099
85701.0 0.0052770465
85801.0 0.0052725365
85901.0 0.0052675074
86001.0 0.0052624778
86101.0 0.0052574491
86201.0 0.0052524037
86301.0 0.0052457415
86401.0 0.0052390788
86501.0 0.0052324156
86601.0 0.0052257343
86701.0 0.005217148
86801.0 0.0052085621
86901.0 0.0051999763
87001.0 0.0051913871
87101.0 0.0051825778
87201.0 0.0051737679
87301.0 0.0051649576
87401.0 0.0051561506
87501.0 0.0051476369
87601.0 0.0051391241
87701.0 0.0051306109
87801.0 0.005122093
87901.0 0.0051131281
88001.0 0.0051043481
88101.0 0.0050955685
88201.0 0.0050867917
88301.0 0.0050783153
88401.0 0.0050698398
88501.0 0.0050613643
88601.0 0.005052892
88701.0 0.0050447686
88801.0 0.0050366456
88901.0 0.0050285221
89001.0 0.0050204047
89101.0 0.0050127935
89201.0 0.0050051822
89301.0 0.0049975715
89401.0 0.0049899663
89501.0 0.0049829502
89601.0 0.0049759331
89701.0 0.0049689161
89801.0 0.0049619167
89901.0 0.0049566603
90001.0 0.0049514044
90101.0 0.004946148
90201.0 0.0049408865
90301.0 0.0049352837
90401.0 0.0049297297
90501.0 0.0049241753
90601.0 0.0049186144
90701.0 0.0049124309
90801.0 0.0049062474
90901.0 0.0049000629
91001.0 0.0048938678
91101.0 0.0048865057
91201.0 0.0048791445
91301.0 0.0048717819
91401.0 0.0048644384
91501.0 0.0048588468
91601.0 0.0048532556
91701.0 0.0048476635
91801.0 0.0048420727
91901.0 0.0048365043
92001.0 0.004830936
92101.0 0.0048253671
92201.0 0.0048197987
92301.0 0.0048142192
92401.0 0.0048086387
92501.0 0.0048030582
92601.0 0.0047974787
92701.0 0.0047920756
92801.0 0.0047867037
92901.0 0.0047813323
93001.0 0.0047759595
93101.0 0.004770576
93201.0 0.004765192
93301.0 0.0047598085
93401.0 0.0047544255
93501.0 0.004749076
93601.0 0.0047437269
93701.0 0.0047383779
93801.0 0.0047330298
93901.0 0.0047277673
94001.0 0.0047225044
94101.0 0.004717242
94201.0 0.0047119786
94301.0 0.0047066389
94401.0 0.004701301
94501.0 0.0046959617
94601.0 0.0046906224
94701.0 0.0046852226
94801.0 0.0046798233
94901.0 0.004674424
95001.0 0.0046690255
95101.0 0.0046637584
95201.0 0.0046586106
95301.0 0.0046534622
95401.0 0.0046483143
95501.0 0.0046431776
95601.0 0.0046380414
95701.0 0.0046329056
95801.0 0.0046277773
95901.0 0.0046234806
96001.0 0.004619184
96101.0 0.0046148868
96201.0 0.0046105823
96301.0 0.0046054767
96401.0 0.0046003722
96501.0 0.0045952667
96601.0 0.0045901695
96701.0 0.0045858035
96801.0 0.0045814374
96901.0 0.0045770719
97001.0 0.0045727054
97101.0 0.0045683463
97201.0 0.0045639873
97301.0 0.0045596287
97401.0 0.0045552654
97501.0 0.0045504998
97601.0 0.004545751
97701.0 0.0045411466
97801.0 0.0045365281
97901.0 0.0045305472
98001.0 0.0045245653
98101.0 0.0045185839
98201.0 0.0045126029
98301.0 0.0045071077
98401.0 0.0045017996
98501.0 0.0044964915
98601.0 0.0044911932
98701.0 0.0044868696
98801.0 0.004482545
98901.0 0.0044782218
99001.0 0.0044738953
99101.0 0.0044693458
99201.0 0.0044647963
99301.0 0.0044602468
99401.0 0.0044556963
99501.0 0.0044510742
99601.0 0.0044464283
99701.0 0.0044417828
99801.0 0.004437136
99901.0 0.0044323574
100001.0 0.0044275788
100101.0 0.0044227792
100201.0 0.0044180178
100301.0 0.0044133738
100401.0 0.0044087293
100501.0 0.0044040857
100601.0 0.0043994412
100701.0 0.0043947971
100801.0 0.0043902444
100901.0 0.0043857563
101001.0 0.0043812674
101101.0 0.0043767788
101201.0 0.0043722899
101301.0 0.0043678018
101401.0 0.0043633129
101501.0 0.0043588243
101601.0 0.0043543354
101701.0 0.0043498473
101801.0 0.0043453583
101901.0 0.0043408698
102001.0 0.0043363809
102101.0 0.0043317005
102201.0 0.0043269699
102301.0 0.0043222406
102401.0 0.0043175109
102501.0 0.0043127812
102601.0 0.0043080519
102701.0 0.0043033226
102801.0 0.004298592
102901.0 0.0042939698
103001.0 0.0042893901
103101.0 0.0042848107
103201.0 0.004280231
103301.0 0.0042756521
103401.0 0.0042710635
103501.0 0.0042664749
103601.0 0.0042618853
103701.0 0.0042572962
103801.0 0.0042527067
103901.0 0.0042481176
104001.0 0.004243528
104101.0 0.0042389389
104201.0 0.0042343494
104301.0 0.0042297603
104401.0 0.0042251712
104501.0 0.0042205816
104601.0 0.0042159925
104701.0 0.004211904
104801.0 0.0042080004
104901.0 0.0042040972
105001.0 0.004200194
105101.0 0.0041962904
105201.0 0.0041923872
105301.0 0.0041884836
105401.0 0.0041845804
105501.0 0.0041806768
105601.0 0.0041768434
105701.0 0.0041730874
105801.0 0.0041693323
105901.0 0.0041655772
106001.0 0.0041617877
106101.0 0.0041579548
106201.0 0.0041541215
106301.0 0.0041502891
106401.0 0.0041464567
106501.0 0.0041426234
106601.0 0.004138791
106701.0 0.0041349581
106801.0 0.0041311248
106901.0 0.0041272924
107001.0 0.00412346
107101.0 0.0041196267
107201.0 0.0041157943
107301.0 0.0041119619
107401.0 0.0041073365
107501.0 0.0041027032
107601.0 0.0040980703
107701.0 0.0040934375
107801.0 0.0040888041
107901.0 0.0040841713
108001.0 0.0040795379
108101.0 0.0040749051
108201.0 0.0040702717
108301.0 0.0040656389
108401.0 0.0040610847
108501.0 0.0040566064
108601.0 0.0040521282
108701.0 0.00404811
108801.0 0.0040449114
108901.0 0.0040417123
109001.0 0.0040385122
109101.0 0.0040353136
109201.0 0.0040321145
109301.0 0.0040289154
109401.0 0.0040257159
109501.0 0.0040225172
109601.0 0.0040193181
109701.0 0.0040161191
109801.0 0.00401292
109901.0 0.0040097204
110001.0 0.0040065316
110101.0 0.0040042256
110201.0 0.0040018219
110301.0 0.0039994176
110401.0 0.0039970134
110501.0 0.0039946092
110601.0 0.0039922055
110701.0 0.0039898008
110801.0 0.0039873971
110901.0 0.0039849933
111001.0 0.0039825891
111101.0 0.0039801849
111201.0 0.0039777812
111301.0 0.0039755078
111401.0 0.0039732656
111501.0 0.003974868
111601.0 0.0039791414
111701.0 0.0039834157
111801.0 0.0039876895
111901.0 0.0039919638
112001.0 0.0039962376
112101.0 0.0040005115
112201.0 0.0040047853
112301.0 0.0040090592
112401.0 0.004013333
112501.0 0.0040176073
112601.0 0.0040218811
112701.0 0.0040261555
112801.0 0.0040304288
112901.0 0.0040288637
113001.0 0.0040198658
113101.0 0.0040108687
113201.0 0.0040018717
113301.0 0.0039928742
113401.0 0.0039838767
113501.0 0.0039748792
113601.0 0.0039658817
113701.0 0.0039568846
113801.0 0.0039478871
113901.0 0.0039388901
114001.0 0.0039298926
114101.0 0.003920895
114201.0 0.0039119562
114301.0 0.0039032558
114401.0 0.0038954981
114501.0 0.0038877402
114601.0 0.0038799823
114701.0 0.0038722239
114801.0 0.003864466
114901.0 0.0038567083
115001.0 0.0038489506
115101.0 0.0038411925
115201.0 0.0038334343
115301.0 0.0038256766
115401.0 0.0038179187
115501.0 0.003810161
115601.0 0.0038024029
115701.0 0.0037946447
115801.0 0.0037879981
115901.0 0.0037820919
116001.0 0.0037761854
116101.0 0.0037702795
116201.0 0.0037643735
116301.0 0.0037584675
116401.0 0.0037525613
116501.0 0.0037466548
116601.0 0.0037407491
116701.0 0.0037348429
116801.0 0.0037289369
116901.0 0.0037230307
117001.0 0.0037171245
117101.0 0.0037112185
117201.0 0.0037053293
117301.0 0.003700932
117401.0 0.0036966673
117501.0 0.0036924025
117601.0 0.003688138
117701.0 0.0036838735
117801.0 0.0036796089
117901.0 0.0036753446
118001.0 0.0036710799
118101.0 0.0036668151
118201.0 0.0036625506
118301.0 0.0036582863
118401.0 0.0036540218
118501.0 0.0036497568
118601.0 0.0036454923
118701.0 0.0036412494
118801.0 0.0036380645
118901.0 0.0036348798
119001.0 0.0036316952
119101.0 0.0036285105
119201.0 0.0036253254
119301.0 0.0036221407
119401.0 0.0036189561
119501.0 0.003615771
119601.0 0.0036125863
119701.0 0.0036094016
119801.0 0.0036062167
119901.0 0.0036030319
120001.0 0.0035998435
120101.0 0.0035962809
120201.0 0.0035927184
120301.0 0.0035882085
120401.0 0.0035838098
120501.0 0.0035794114
120601.0 0.0035750126
120701.0 0.0035706139
120801.0 0.0035662153
120901.0 0.0035618166
121001.0 0.0035574182
121101.0 0.0035530194
121201.0 0.003548621
121301.0 0.0035442223
121401.0 0.0035398237
121501.0 0.0035354251
121601.0 0.0035310267
121701.0 0.003526628
121801.0 0.0035230431
121901.0 0.003519824
122001.0 0.0035166049
122101.0 0.0035133858
122201.0 0.0035101667
122301.0 0.0035069475
122401.0 0.0035037282
122501.0 0.0035005093
122601.0 0.00349729
122701.0 0.0034940706
122801.0 0.0034908515
122901.0 0.0034876324
123001.0 0.0034844133
123101.0 0.0034811939
123201.0 0.0034779748
123301.0 0.0034747648
123401.0 0.0034715845
123501.0 0.0034684367
123601.0 0.0034654264
123701.0 0.0034624159
123801.0 0.0034594059
123901.0 0.0034563956
124001.0 0.0034533851
124101.0 0.0034503751
124201.0 0.0034473648
124301.0 0.0034443547
124401.0 0.0034413442
124501.0 0.003438334
124601.0 0.0034353239
124701.0 0.0034323134
124801.0 0.0034293029
124901.0 0.0034264049
125001.0 0.0034235874
125101.0 0.0034207702
125201.0 0.0034179532
125301.0 0.0034151357
125401.0 0.0034123184
125501.0 0.0034095014
125601.0 0.0034066839
125701.0 0.0034038671
125801.0 0.0034010499
125901.0 0.0033982324
126001.0 0.0033954154
126101.0 0.0033925981
126201.0 0.0033897806
126301.0 0.0033869639
126401.0 0.0033841466
126501.0 0.0033820961
126601.0 0.0033803296
126701.0 0.0033785629
126801.0 0.0033768781
126901.0 0.0033752811
127001.0 0.0033736846
127101.0 0.0033720878
127201.0 0.0033704913
127301.0 0.0033688943
127401.0 0.0033672978
127501.0 0.0033657011
127601.0 0.0033641043
127701.0 0.0033625078
127801.0 0.0033609108
127901.0 0.0033593141
128001.0 0.0033577175
128101.0 0.0033526006
128201.0 0.0033458269
128301.0 0.0033390534
128401.0 0.0033322794
128501.0 0.0033255056
128601.0 0.0033187321
128701.0 0.0033119586
128801.0 0.0033051849
128901.0 0.0032984109
129001.0 0.0032916374
129101.0 0.0032848639
129201.0 0.0032780902
129301.0 0.0032713164
129401.0 0.0032645427
129501.0 0.0032577692
129601.0 0.0032509952
129701.0 0.0032445423
129801.0 0.0032385308
129901.0 0.0032325198
130001.0 0.0032265289
130101.0 0.0032225496
130201.0 0.0032187197
130301.0 0.0032149069
130401.0 0.0032110941
130501.0 0.0032072805
130601.0 0.0032034679
130701.0 0.0031996551
130801.0 0.003195842
130901.0 0.003192029
131001.0 0.0031882159
131101.0 0.0031844031
131201.0 0.0031805898
131301.0 0.0031767772
131401.0 0.003173728
131501.0 0.003170711
131601.0 0.0031676942
131701.0 0.0031646769
131801.0 0.0031616604
131901.0 0.0031586431
132001.0 0.0031556261
132101.0 0.0031526093
132201.0 0.0031495921
132301.0 0.0031465753
132401.0 0.0031435583
132501.0 0.0031405415
132601.0 0.0031375242
132701.0 0.0031345072
132801.0 0.0031314904
132901.0 0.0031284732
133001.0 0.0031253574
133101.0 0.0031220012
133201.0 0.0031186442
133301.0 0.0031152875
133401.0 0.003111931
133501.0 0.0031085745
133601.0 0.00310529
133701.0 0.0031020974
133801.0 0.0030989051
133901.0 0.003095713
134001.0 0.0030925202
134101.0 0.0030893281
134201.0 0.0030861357
134301.0 0.0030829431
134401.0 0.0030797508
134501.0 0.0030765582
134601.0 0.0030733661
134701.0 0.0030702862
134801.0 0.0030673756
134901.0 0.003064465
135001.0 0.0030615542
135101.0 0.0030586438
135201.0 0.0030557329
135301.0 0.0030528223
135401.0 0.0030499117
135501.0 0.0030470008
135601.0 0.0030440905
135701.0 0.0030411796
135801.0 0.003038269
135901.0 0.0030353584
136001.0 0.0030324475
136101.0 0.0030295372
136201.0 0.0030266263
136301.0 0.0030237157
136401.0 0.0030206731
136501.0 0.0030173215
136601.0 0.0030139708
136701.0 0.0030106194
136801.0 0.0030072685
136901.0 0.0030039174
137001.0 0.003000566
137101.0 0.0029972245
137201.0 0.0029940335
137301.0 0.0029908428
137401.0 0.0029876519
137501.0 0.0029844609
137601.0 0.0029812697
137701.0 0.002978079
137801.0 0.0029748878
137901.0 0.0029716969
138001.0 0.002968506
138101.0 0.0029653152
138201.0 0.002962759
138301.0 0.002960209
138401.0 0.0029576593
138501.0 0.0029551093
138601.0 0.0029525596
138701.0 0.0029500097
138801.0 0.0029474599
138901.0 0.00294491
139001.0 0.0029423602
139101.0 0.0029398103
139201.0 0.0029372603
139301.0 0.0029347106
139401.0 0.0029321606
139501.0 0.0029296111
139601.0 0.0029270609
139701.0 0.0029245112
139801.0 0.0029219612
139901.0 0.0029191813
140001.0 0.0029161228
140101.0 0.0029134122
140201.0 0.0029107023
140301.0 0.0029079916
140401.0 0.0029052815
140501.0 0.0029025706
140601.0 0.0028998605
140701.0 0.0028971499
140801.0 0.0028945548
140901.0 0.0028919997
141001.0 0.0028894446
141101.0 0.00288689
141201.0 0.0028843347
141301.0 0.0028817798
141401.0 0.0028792245
141501.0 0.0028766699
141601.0 0.0028741146
141701.0 0.0028715185
141801.0 0.002868905
141901.0 0.0028662912
142001.0 0.0028636772
142101.0 0.0028610637
142201.0 0.0028584499
142301.0 0.0028558364
142401.0 0.0028532224
142501.0 0.0028506089
142601.0 0.0028479951
142701.0 0.0028453816
142801.0 0.0028427676
142901.0 0.0028401543
143001.0 0.0028375406
143101.0 0.0028349268
143201.0 0.0028323131
143301.0 0.0028296995
143401.0 0.0028270858
143501.0 0.0028241787
143601.0 0.0028211521
143701.0 0.0028181253
143801.0 0.0028150985
143901.0 0.0028120717
144001.0 0.0028090451
144101.0 0.0028060183
144201.0 0.0028029915
144301.0 0.002799965
144401.0 0.0027969382
144501.0 0.0027939808
144601.0 0.0027911053
144701.0 0.0027882296
144801.0 0.0027853542
144901.0 0.0027824787
145001.0 0.002779603
145101.0 0.0027767275
145201.0 0.0027738519
145301.0 0.0027715352
145401.0 0.0027697771
145501.0 0.002768019
145601.0 0.0027662611
145701.0 0.0027645028
145801.0 0.0027627449
145901.0 0.0027609868
146001.0 0.0027592289
146101.0 0.0027574706
146201.0 0.0027557127
146301.0 0.0027539544
146401.0 0.0027521963
146501.0 0.0027504382
146601.0 0.0027486803
146701.0 0.0027469224
146801.0 0.0027451641
146901.0 0.0027434062
147001.0 0.0027416479
147101.0 0.0027398432
147201.0 0.0027373044
147301.0 0.0027347661
147401.0 0.0027322273
147501.0 0.002729689
147601.0 0.0027271505
147701.0 0.0027246119
147801.0 0.0027220733
147901.0 0.0027195346
148001.0 0.002716996
148101.0 0.0027144575
148201.0 0.0027119189
148301.0 0.0027094078
148401.0 0.0027070146
148501.0 0.0027046208
148601.0 0.0027022276
148701.0 0.0026998338
148801.0 0.0026974403
148901.0 0.0026950468
149001.0 0.0026926936
149101.0 0.0026904067
149201.0 0.0026881199
149301.0 0.0026858328
149401.0 0.0026835459
149501.0 0.0026812593
149601.0 0.002678972
149701.0 0.0026766851
149801.0 0.0026743985
149901.0 0.0026721114
150001.0 0.0026698238
150101.0 0.0026674834
150201.0 0.0026651425
150301.0 0.0026628021
150401.0 0.0026604615
150501.0 0.0026581208
150601.0 0.0026557802
150701.0 0.0026534395
150801.0 0.0026510991
150901.0 0.0026488148
151001.0 0.0026465943
151101.0 0.0026443738
151201.0 0.0026421533
151301.0 0.0026399323
151401.0 0.0026377123
151501.0 0.0026354915
151601.0 0.002633271
151701.0 0.0026310503
151801.0 0.0026288298
151901.0 0.0026266093
152001.0 0.0026243888
152101.0 0.002622168
152201.0 0.0026199473
152301.0 0.0026178544
152401.0 0.0026157741
152501.0 0.0026136935
152601.0 0.0026116129
152701.0 0.0026095326
152801.0 0.0026075775
152901.0 0.0026059027
153001.0 0.002604228
153101.0 0.002602553
153201.0 0.0026008782
153301.0 0.0025992035
153401.0 0.0025975285
153501.0 0.0025958538
153601.0 0.0025941785
153701.0 0.002592504
153801.0 0.002590829
153901.0 0.0025891543
154001.0 0.0025874795
154101.0 0.0025858048
154201.0 0.0025841298
154301.0 0.0025824551
154401.0 0.0025807798
154501.0 0.0025791051
154601.0 0.0025774303
154701.0 0.0025757554
154801.0 0.0025733453
154901.0 0.0025708624
155001.0 0.0025683793
155101.0 0.0025658961
155201.0 0.0025634135
155301.0 0.0025609301
155401.0 0.0025584472
155501.0 0.002555964
155601.0 0.0025534811
155701.0 0.0025509982
155801.0 0.0025485151
155901.0 0.002546032
156001.0 0.0025435491
156101.0 0.0025410659
156201.0 0.002538583
156301.0 0.0025361793
156401.0 0.0025338312
156501.0 0.0025314828
156601.0 0.0025291345
156701.0 0.0025268877
156801.0 0.0025249149
156901.0 0.0025229428
157001.0 0.0025209703
157101.0 0.002518998
157201.0 0.0025170257
157301.0 0.0025150534
157401.0 0.0025130811
157501.0 0.0025111088
157601.0 0.0025091362
157701.0 0.0025071639
157801.0 0.0025051918
157901.0 0.0025032191
158001.0 0.002501247
158101.0 0.0024992744
158201.0 0.0024973021
158301.0 0.0024953301
158401.0 0.0024933575
158501.0 0.002491385
158601.0 0.0024894129
158701.0 0.0024874364
158801.0 0.0024854541
158901.0 0.0024834715
159001.0 0.002481489
159101.0 0.0024795062
159201.0 0.0024775236
159301.0 0.0024755413
159401.0 0.0024735588
159501.0 0.0024715762
159601.0 0.0024695934
159701.0 0.0024676111
159801.0 0.0024656286
159901.0 0.002463646
160001.0 0.0024616639
160101.0 0.0024597363
160201.0 0.0024578087
160301.0 0.0024558811
160401.0 0.0024539796
160501.0 0.0024521812
160601.0 0.0024503828
160701.0 0.0024486682
160801.0 0.0024472333
160901.0 0.0024457981
161001.0 0.0024443627
161101.0 0.002442928
161201.0 0.0024414929
161301.0 0.0024400577
161401.0 0.002438623
161501.0 0.0024371876
161601.0 0.0024357524
161701.0 0.0024343177
161801.0 0.0024328826
161901.0 0.0024314474
162001.0 0.0024300124
162101.0 0.0024285773
162201.0 0.0024271421
162301.0 0.0024257074
162401.0 0.002424272
162501.0 0.0024228368
162601.0 0.0024214021
162701.0 0.002419967
162801.0 0.0024185849
162901.0 0.0024172137
163001.0 0.0024158426
163101.0 0.0024144715
163201.0 0.0024131006
163301.0 0.0024117294
163401.0 0.0024103581
163501.0 0.0024089871
163601.0 0.002407616
163701.0 0.0024062449
163801.0 0.0024048737
163901.0 0.0024035026
164001.0 0.0024021314
164101.0 0.0024007603
164201.0 0.0023993894
164301.0 0.002398018
164401.0 0.0023966469
164501.0 0.002395276
164601.0 0.0023939048
164701.0 0.002392621
164801.0 0.0023912396
164901.0 0.0023892114
165001.0 0.0023871835
165101.0 0.0023851546
165201.0 0.0023831264
165301.0 0.002381098
165401.0 0.0023790698
165501.0 0.0023770414
165601.0 0.0023750127
165701.0 0.0023729845
165801.0 0.0023709566
165901.0 0.0023689277
166001.0 0.0023668995
166101.0 0.0023648711
166201.0 0.0023628427
166301.0 0.0023608145
166401.0 0.0023587858
166501.0 0.0023567576
166601.0 0.0023547292
166701.0 0.0023527006
166801.0 0.0023506726
166901.0 0.002348803
167001.0 0.0023474102
167101.0 0.0023460176
167201.0 0.0023446248
167301.0 0.0023432318
167401.0 0.002341839
167501.0 0.002340446
167601.0 0.0023390534
167701.0 0.0023376606
167801.0 0.0023362676
167901.0 0.0023348751
168001.0 0.002333482
168101.0 0.0023320895
168201.0 0.0023306964
168301.0 0.0023293039
168401.0 0.0023279109
168501.0 0.0023265183
168601.0 0.0023251253
168701.0 0.0023237325
168801.0 0.0023223397
168901.0 0.0023209471
169001.0 0.002319582
169101.0 0.0023185736
169201.0 0.0023175655
169301.0 0.0023165571
169401.0 0.0023155489
169501.0 0.0023145406
169601.0 0.0023135322
169701.0 0.0023125238
169801.0 0.0023115154
169901.0 0.0023105072
170001.0 0.0023094863
170101.0 0.0023072318
170201.0 0.002304977
170301.0 0.0023027225
170401.0 0.0023004678
170501.0 0.0022982133
170601.0 0.0022959586
170701.0 0.0022937041
170801.0 0.0022914493
170901.0 0.0022891944
171001.0 0.0022869396
171101.0 0.0022846849
171201.0 0.0022826642
171301.0 0.0022807992
171401.0 0.0022789342
171501.0 0.0022770693
171601.0 0.0022752043
171701.0 0.0022733393
171801.0 0.0022714743
171901.0 0.0022696094
172001.0 0.0022677444
172101.0 0.0022658794
172201.0 0.0022640144
172301.0 0.0022621495
172401.0 0.0022602845
172501.0 0.0022584193
172601.0 0.0022565543
172701.0 0.0022546893
172801.0 0.0022528244
172901.0 0.0022509592
173001.0 0.0022490944
173101.0 0.0022472292
173201.0 0.0022453642
173301.0 0.002243499
173401.0 0.0022413412
173501.0 0.0022391777
173601.0 0.002237088
173701.0 0.0022349989
173801.0 0.0022329094
173901.0 0.00223082
174001.0 0.0022287304
174101.0 0.0022266409
174201.0 0.0022245517
174301.0 0.0022224623
174401.0 0.0022203729
174501.0 0.0022182832
174601.0 0.0022161938
174701.0 0.0022141044
174801.0 0.0022120152
174901.0 0.0022099258
175001.0 0.0022078361
175101.0 0.0022057469
175201.0 0.0022036575
175301.0 0.0022015681
175401.0 0.0021994789
175501.0 0.0021973893
175601.0 0.0021956638
175701.0 0.0021939974
175801.0 0.0021923312
175901.0 0.0021906651
176001.0 0.0021889987
176101.0 0.0021873326
176201.0 0.0021856665
176301.0 0.0021840001
176401.0 0.0021823337
176501.0 0.0021806674
176601.0 0.0021790012
176701.0 0.0021773351
176801.0 0.002175669
176901.0 0.0021740026
177001.0 0.0021723362
177101.0 0.0021706701
177201.0 0.0021690037
177301.0 0.0021673378
177401.0 0.0021656714
177501.0 0.0021640053
177601.0 0.0021623389
177701.0 0.0021606728
177801.0 0.002158975
177901.0 0.0021572539
178001.0 0.0021555335
178101.0 0.0021538532
178201.0 0.0021522392
178301.0 0.0021506248
178401.0 0.0021490105
178501.0 0.0021473963
178601.0 0.0021457823
178701.0 0.0021441681
178801.0 0.0021425539
178901.0 0.0021409397
179001.0 0.0021393255
179101.0 0.0021377113
179201.0 0.0021360971
179301.0 0.0021344828
179401.0 0.0021328686
179501.0 0.0021312546
179601.0 0.0021296402
179701.0 0.002128026
179801.0 0.002126412
179901.0 0.0021247978
180001.0 0.0021231852
180101.0 0.0021217444
180201.0 0.0021203039
180301.0 0.0021188634
180401.0 0.0021174226
180501.0 0.0021159821
180601.0 0.0021145414
180701.0 0.0021131008
180801.0 0.0021116603
180901.0 0.0021102196
181001.0 0.0021087788
181101.0 0.0021073383
181201.0 0.0021058978
181301.0 0.0021044568
181401.0 0.002103016
181501.0 0.0021015757
181601.0 0.002100135
181701.0 0.0020986942
181801.0 0.0020972535
181901.0 0.0020958129
182001.0 0.0020943724
182101.0 0.0020929317
182201.0 0.0020914911
182301.0 0.0020900504
182401.0 0.0020886099
182501.0 0.0020871693
182601.0 0.0020857286
182701.0 0.0020842878
182801.0 0.0020828685
182901.0 0.002081529
183001.0 0.0020801891
183101.0 0.0020788496
183201.0 0.0020775099
183301.0 0.0020761702
183401.0 0.0020748302
183501.0 0.0020734905
183601.0 0.0020721508
183701.0 0.0020708113
183801.0 0.0020694714
183901.0 0.0020681319
184001.0 0.0020667922
184101.0 0.0020654525
184201.0 0.0020641128
184301.0 0.0020627731
184401.0 0.0020614336
184501.0 0.0020600939
184601.0 0.0020587542
184701.0 0.0020574145
184801.0 0.0020560748
184901.0 0.0020547353
185001.0 0.0020533956
185101.0 0.0020520557
185201.0 0.0020507162
185301.0 0.0020493765
185401.0 0.002048037
185501.0 0.0020466971
185601.0 0.0020453571
185701.0 0.0020440177
185801.0 0.002042678
185901.0 0.0020413382
186001.0 0.0020399985
186101.0 0.0020386588
186201.0 0.0020373194
186301.0 0.0020359796
186401.0 0.0020346397
186501.0 0.0020333002
186601.0 0.0020319605
186701.0 0.002030621
186801.0 0.0020292811
186901.0 0.0020279414
187001.0 0.0020266019
187101.0 0.0020252622
187201.0 0.0020239225
187301.0 0.0020225828
187401.0 0.0020212431
187501.0 0.0020199036
187601.0 0.0020185637
187701.0 0.002017301
187801.0 0.0020160582
187901.0 0.0020148151
188001.0 0.002013572
188101.0 0.0020123292
188201.0 0.0020110863
188301.0 0.0020098432
188401.0 0.0020086002
188501.0 0.0020073571
188601.0 0.0020061142
188701.0 0.0020048711
188801.0 0.0020036281
188901.0 0.0020023852
189001.0 0.0020011421
189101.0 0.001999899
189201.0 0.001998656
189301.0 0.0019974131
189401.0 0.00199617
189501.0 0.0019949272
189601.0 0.0019936841
189701.0 0.0019924412
189801.0 0.0019911979
189901.0 0.0019899548
190001.0 0.0019887122
190101.0 0.0019874736
190201.0 0.0019862356
190301.0 0.0019849974
190401.0 0.0019837595
190501.0 0.001982521
190601.0 0.0019812831
190701.0 0.0019800449
190801.0 0.0019788069
190901.0 0.0019775685
191001.0 0.0019763305
191101.0 0.0019750921
191201.0 0.0019738539
191301.0 0.001972616
191401.0 0.0019713778
191501.0 0.0019701396
191601.0 0.0019689014
191701.0 0.0019676632
191801.0 0.001966425
191901.0 0.0019651868
192001.0 0.0019639488
192101.0 0.0019627106
192201.0 0.0019614724
192301.0 0.0019602343
192401.0 0.0019589961
192501.0 0.0019577579
192601.0 0.0019565281
192701.0 0.0019553809
192801.0 0.0019542337
192901.0 0.0019530868
193001.0 0.00195194
193101.0 0.0019507927
193201.0 0.0019496458
193301.0 0.0019484988
193401.0 0.0019473515
193501.0 0.0019462047
193601.0 0.0019450574
193701.0 0.0019439105
193801.0 0.0019427636
193901.0 0.0019416165
194001.0 0.0019404694
194101.0 0.0019393223
194201.0 0.0019381753
194301.0 0.0019370283
194401.0 0.0019358812
194501.0 0.0019347341
194601.0 0.0019335871
194701.0 0.0019324401
194801.0 0.0019312929
194901.0 0.0019301459
195001.0 0.0019289989
195101.0 0.0019278518
195201.0 0.001926705
195301.0 0.0019255576
195401.0 0.0019244108
195501.0 0.0019232638
195601.0 0.0019221165
195701.0 0.0019209697
195801.0 0.0019198224
195901.0 0.0019186756
196001.0 0.0019175286
196101.0 0.0019163814
196201.0 0.0019152344
196301.0 0.0019140873
196401.0 0.0019129403
196501.0 0.0019117933
196601.0 0.0019106462
196701.0 0.0019094992
196801.0 0.0019083521
196901.0 0.001907205
197001.0 0.0019060579
197101.0 0.0019049109
197201.0 0.0019037639
197301.0 0.0019026168
197401.0 0.0019014699
197501.0 0.0019003227
197601.0 0.0018991759
197701.0 0.0018980347
197801.0 0.0018969742
197901.0 0.0018959132
198001.0 0.0018948526
198101.0 0.0018937918
198201.0 0.0018927312
198301.0 0.0018916704
198401.0 0.0018906097
198501.0 0.0018895491
198601.0 0.0018884883
198701.0 0.0018874276
198801.0 0.0018863669
198901.0 0.0018853062
199001.0 0.0018842453
199101.0 0.0018831848
199201.0 0.0018821241
199301.0 0.0018810633
199401.0 0.0018800027
199501.0 0.0018789418
199601.0 0.0018778812
199701.0 0.0018768205
199801.0 0.0018757598
199901.0 0.0018746991
200001.0 0.0018736386
200101.0 0.0018726105
200201.0 0.0018715821
200301.0 0.0018705541
200401.0 0.0018695255
200501.0 0.0018684975
200601.0 0.0018674691
200701.0 0.001866441
200801.0 0.0018654128
200901.0 0.0018643845
201001.0 0.0018633562
201101.0 0.0018623279
201201.0 0.0018612997
201301.0 0.0018602714
201401.0 0.0018592431
201501.0 0.001858215
201601.0 0.0018571867
201701.0 0.0018561584
201801.0 0.0018551303
201901.0 0.001854102
202001.0 0.0018530737
202101.0 0.0018520454
202201.0 0.0018510172
202301.0 0.0018499889
202401.0 0.0018489608
202501.0 0.0018479323
202601.0 0.0018469043
202701.0 0.001845876
202801.0 0.0018448478
202901.0 0.0018438195
203001.0 0.0018428494
203101.0 0.0018419032
203201.0 0.0018409571
203301.0 0.0018400108
203401.0 0.0018390645
203501.0 0.0018381183
203601.0 0.0018371722
203701.0 0.0018362257
203801.0 0.0018352796
203901.0 0.0018343334
204001.0 0.0018333872
204101.0 0.0018324408
204201.0 0.0018314946
204301.0 0.0018305485
204401.0 0.0018296022
204501.0 0.0018286561
204601.0 0.0018277097
204701.0 0.0018267636
204801.0 0.0018258173
204901.0 0.0018248712
205001.0 0.0018239249
205101.0 0.0018229786
205201.0 0.0018220323
205301.0 0.0018210862
205401.0 0.0018201399
205501.0 0.0018191937
205601.0 0.0018182475
205701.0 0.0018173014
205801.0 0.0018163549
205901.0 0.0018154088
206001.0 0.0018144626
206101.0 0.0018135165
206201.0 0.0018125701
206301.0 0.001811624
206401.0 0.0018106777
206501.0 0.0018097314
206601.0 0.0018087851
206701.0 0.0018078389
206801.0 0.0018068928
206901.0 0.0018059465
207001.0 0.0018050002
207101.0 0.001804054
207201.0 0.0018031078
207301.0 0.0018021616
207401.0 0.0018012155
207501.0 0.0018002692
207601.0 0.0017993229
207701.0 0.0017983767
207801.0 0.0017974306
207901.0 0.0017964843
208001.0 0.001795538
208101.0 0.0017945918
208201.0 0.0017936456
208301.0 0.0017926992
208401.0 0.0017918269
208501.0 0.0017909583
208601.0 0.0017900898
208701.0 0.0017892212
208801.0 0.0017883526
208901.0 0.0017874839
209001.0 0.0017866155
209101.0 0.0017857468
209201.0 0.0017848784
209301.0 0.0017840097
209401.0 0.0017831412
209501.0 0.0017822726
209601.0 0.0017814039
209701.0 0.0017805356
209801.0 0.0017796668
209901.0 0.0017787982
210001.0 0.0017779298
210101.0 0.0017770638
210201.0 0.0017761979
210301.0 0.001775332
210401.0 0.0017744661
210501.0 0.0017736004
210601.0 0.0017727345
210701.0 0.0017718684
210801.0 0.0017710028
210901.0 0.0017701368
211001.0 0.001769271
211101.0 0.001768405
211201.0 0.0017675391
211301.0 0.0017666733
211401.0 0.0017658074
211501.0 0.0017649416
211601.0 0.0017640757
211701.0 0.0017632097
211801.0 0.0017623439
211901.0 0.0017614779
212001.0 0.0017606121
212101.0 0.0017597462
212201.0 0.0017588803
212301.0 0.0017580146
212401.0 0.0017571487
212501.0 0.0017562828
212601.0 0.0017554169
212701.0 0.001754551
212801.0 0.0017536851
212901.0 0.0017528192
213001.0 0.0017519534
213101.0 0.0017510875
213201.0 0.0017502215
213301.0 0.0017493557
213401.0 0.0017484898
213501.0 0.0017476239
213601.0 0.0017467581
213701.0 0.0017458921
213801.0 0.0017450263
213901.0 0.0017442171
214001.0 0.0017434251
214101.0 0.0017426328
214201.0 0.0017418406
214301.0 0.0017410483
214401.0 0.0017402563
214501.0 0.0017394641
214601.0 0.0017386719
214701.0 0.0017378798
214801.0 0.0017370877
214901.0 0.0017362954
215001.0 0.0017355033
215101.0 0.001734711
215201.0 0.0017339188
215301.0 0.0017331269
215401.0 0.0017323346
215501.0 0.0017315424
215601.0 0.0017307501
215701.0 0.0017299581
215801.0 0.0017291659
215901.0 0.0017283737
216001.0 0.0017275816
216101.0 0.0017267894
216201.0 0.0017259972
216301.0 0.0017252051
216401.0 0.0017244128
216501.0 0.0017236206
216601.0 0.0017228286
216701.0 0.0017220364
216801.0 0.0017212442
216901.0 0.0017204521
217001.0 0.0017196598
217101.0 0.0017188677
217201.0 0.0017180756
217301.0 0.0017172834
217401.0 0.0017164912
217501.0 0.0017156989
217601.0 0.0017149069
217701.0 0.0017141147
217801.0 0.0017133224
217901.0 0.0017125304
218001.0 0.0017117382
218101.0 0.001710946
218201.0 0.0017101539
218301.0 0.0017093616
218401.0 0.0017085694
218501.0 0.0017077775
218601.0 0.0017069852
218701.0 0.001706193
218801.0 0.0017054006
218901.0 0.0017046086
219001.0 0.0017038165
219101.0 0.0017030241
219201.0 0.0017022322
219301.0 0.00170144
219401.0 0.0017006478
219501.0 0.0016998639
219601.0 0.0016991412
219701.0 0.0016984185
219801.0 0.0016976958
219901.0 0.0016969733
220001.0 0.0016962505
220101.0 0.001695523
220201.0 0.0016947957
220301.0 0.0016940682
220401.0 0.0016933409
220501.0 0.0016926135
220601.0 0.001691886
220701.0 0.0016911587
220801.0 0.0016904313
220901.0 0.0016897038
221001.0 0.0016889765
221101.0 0.0016882491
221201.0 0.0016875216
221301.0 0.0016867942
221401.0 0.0016860667
221501.0 0.0016853394
221601.0 0.001684612
221701.0 0.0016838845
221801.0 0.0016831571
221901.0 0.0016824297
222001.0 0.0016817022
222101.0 0.0016809751
222201.0 0.0016802476
222301.0 0.0016795201
222401.0 0.0016787928
222501.0 0.0016780653
222601.0 0.0016773379
222701.0 0.0016766106
222801.0 0.0016758831
222901.0 0.0016751557
223001.0 0.0016744282
223101.0 0.0016737008
223201.0 0.0016729734
223301.0 0.001672246
223401.0 0.0016715185
223501.0 0.0016707912
223601.0 0.0016700638
223701.0 0.0016693365
223801.0 0.0016686091
223901.0 0.0016678816
224001.0 0.0016671541
224101.0 0.0016664268
224201.0 0.0016656993
224301.0 0.001664972
224401.0 0.0016642446
224501.0 0.0016635171
224601.0 0.0016627896
224701.0 0.0016620622
224801.0 0.0016613349
224901.0 0.0016606075
225001.0 0.0016598802
225101.0 0.0016591527
225201.0 0.0016584253
225301.0 0.001657698
225401.0 0.0016570354
225501.0 0.0016563742
225601.0 0.001655713
225701.0 0.0016550518
225801.0 0.0016543907
225901.0 0.0016537292
226001.0 0.0016530681
226101.0 0.001652407
226201.0 0.0016517458
226301.0 0.0016510845
226401.0 0.0016504233
226501.0 0.0016497623
226601.0 0.0016491009
226701.0 0.0016484398
226801.0 0.0016477786
226901.0 0.0016471175
227001.0 0.0016464562
227101.0 0.0016457951
227201.0 0.0016451339
227301.0 0.0016444726
227401.0 0.0016438114
227501.0 0.0016431501
227601.0 0.0016424891
227701.0 0.0016418278
227801.0 0.0016411666
227901.0 0.0016405054
228001.0 0.0016398443
228101.0 0.001639183
228201.0 0.0016385218
228301.0 0.0016378607
228401.0 0.0016371994
228501.0 0.0016365383
228601.0 0.0016358771
228701.0 0.0016352158
228801.0 0.0016345547
228901.0 0.0016338933
229001.0 0.0016332322
229101.0 0.0016325711
229201.0 0.0016319099
229301.0 0.0016312486
229401.0 0.0016305875
229501.0 0.0016299263
229601.0 0.001629265
229701.0 0.0016286039
229801.0 0.0016279425
229901.0 0.0016272815
230001.0 0.0016266203
230101.0 0.001625962
230201.0 0.0016253034
230301.0 0.0016246452
230401.0 0.0016239868
230501.0 0.0016233283
230601.0 0.0016226697
230701.0 0.0016220114
230801.0 0.0016213531
230901.0 0.0016206946
231001.0 0.0016200363
231101.0 0.0016193779
231201.0 0.0016187195
231301.0 0.0016180791
231401.0 0.0016174832
231501.0 0.0016168873
231601.0 0.0016162916
231701.0 0.0016156954
231801.0 0.0016150995
231901.0 0.0016145037
232001.0 0.0016139076
232101.0 0.0016133117
232201.0 0.0016127159
232301.0 0.0016121198
232401.0 0.0016115239
232501.0 0.0016109281
232601.0 0.0016103321
232701.0 0.0016097361
232801.0 0.0016091403
232901.0 0.0016085441
233001.0 0.0016079482
233101.0 0.0016073524
233201.0 0.0016067564
233301.0 0.0016061604
233401.0 0.0016055646
233501.0 0.0016049686
233601.0 0.0016043726
233701.0 0.0016037768
233801.0 0.0016031808
233901.0 0.0016025848
234001.0 0.0016019889
234101.0 0.0016013929
234201.0 0.0016007969
234301.0 0.0016002011
234401.0 0.0015996051
234501.0 0.0015990091
234601.0 0.0015984133
234701.0 0.0015978173
234801.0 0.0015972214
234901.0 0.0015966255
235001.0 0.0015960295
235101.0 0.0015954335
235201.0 0.0015948376
235301.0 0.0015942416
235401.0 0.0015936458
235501.0 0.0015930498
235601.0 0.0015924538
235701.0 0.0015918581
235801.0 0.0015912621
235901.0 0.0015906661
236001.0 0.0015900703
236101.0 0.0015894743
236201.0 0.0015888783
236301.0 0.0015882824
236401.0 0.0015876864
236501.0 0.0015870904
236601.0 0.0015864946
236701.0 0.0015858986
236801.0 0.0015853026
236901.0 0.0015847068
237001.0 0.0015841108
237101.0 0.001583515
237201.0 0.001582919
237301.0 0.001582323
237401.0 0.0015817287
237501.0 0.0015811926
237601.0 0.0015806562
237701.0 0.0015801199
237801.0 0.0015795836
237901.0 0.0015790474
238001.0 0.001578511
238101.0 0.0015779749
238201.0 0.0015774384
238301.0 0.0015769021
238401.0 0.0015763659
238501.0 0.0015758295
238601.0 0.0015752931
238701.0 0.0015747569
238801.0 0.0015742206
238901.0 0.0015736843
239001.0 0.0015731481
239101.0 0.0015726117
239201.0 0.0015720753
239301.0 0.0015715392
239401.0 0.0015710028
239501.0 0.0015704666
239601.0 0.0015699302
239701.0 0.0015693939
239801.0 0.0015688575
239901.0 0.0015683214
240001.0 0.0015677849
240101.0 0.0015672436
240201.0 0.0015667024
240301.0 0.0015661611
240401.0 0.0015656197
240501.0 0.0015650786
240601.0 0.0015645374
240701.0 0.001563996
240801.0 0.0015634547
240901.0 0.0015629134
241001.0 0.0015623721
241101.0 0.0015618309
241201.0 0.0015612897
241301.0 0.0015607483
241401.0 0.001560207
241501.0 0.0015596658
241601.0 0.0015591244
241701.0 0.0015585831
241801.0 0.001558042
241901.0 0.0015575006
242001.0 0.0015569594
242101.0 0.001556418
242201.0 0.0015558768
242301.0 0.0015553355
242401.0 0.0015547944
242501.0 0.0015542529
242601.0 0.0015537116
242701.0 0.0015531704
242801.0 0.0015526291
242901.0 0.0015520878
243001.0 0.0015515466
243101.0 0.0015510053
243201.0 0.001550464
243301.0 0.0015499227
243401.0 0.0015493814
243501.0 0.0015488401
243601.0 0.001548299
243701.0 0.0015477651
243801.0 0.0015472772
243901.0 0.0015467894
244001.0 0.0015463015
244101.0 0.0015458139
244201.0 0.001545326
244301.0 0.0015448381
244401.0 0.0015443503
244501.0 0.0015438624
244601.0 0.0015433744
244701.0 0.0015428867
244801.0 0.0015423989
244901.0 0.001541911
245001.0 0.0015414233
245101.0 0.0015409354
245201.0 0.0015404475
245301.0 0.0015399598
245401.0 0.001539472
245501.0 0.001538984
245601.0 0.0015384962
245701.0 0.0015380083
245801.0 0.0015375204
245901.0 0.0015370328
246001.0 0.0015365449
246101.0 0.001536057
246201.0 0.0015355692
246301.0 0.0015350814
246401.0 0.0015345934
246501.0 0.0015341057
246601.0 0.001533618
246701.0 0.00153313
246801.0 0.0015326421
246901.0 0.0015321543
247001.0 0.0015316664
247101.0 0.0015311787
247201.0 0.0015306909
247301.0 0.0015302029
247401.0 0.0015297151
247501.0 0.0015292274
247601.0 0.0015287395
247701.0 0.0015282517
247801.0 0.0015277639
247901.0 0.0015272759
248001.0 0.0015267881
248101.0 0.0015263002
248201.0 0.0015258123
248301.0 0.0015253247
248401.0 0.0015248369
248501.0 0.0015243491
248601.0 0.0015238611
248701.0 0.0015233733
248801.0 0.0015228854
248901.0 0.0015223976
249001.0 0.0015219097
249101.0 0.0015214218
249201.0 0.001520934
249301.0 0.0015204463
249401.0 0.0015199585
249501.0 0.0015194705
249601.0 0.0015189828
249701.0 0.001518495
249801.0 0.0015180071
249901.0 0.0015175192
250001.0 0.0015170315
250101.0 0.0015165507
250201.0 0.0015160977
250301.0 0.0015156645
250401.0 0.001515231
250501.0 0.0015147977
250601.0 0.0015143642
250701.0 0.0015139309
250801.0 0.0015134976
250901.0 0.0015130641
251001.0 0.0015126307
251101.0 0.0015121973
251201.0 0.0015117639
251301.0 0.0015113305
251401.0 0.0015108972
251501.0 0.0015104637
251601.0 0.0015100304
251701.0 0.0015095969
251801.0 0.0015091636
251901.0 0.0015087301
252001.0 0.0015082967
252101.0 0.0015078633
252201.0 0.0015074301
252301.0 0.0015069965
252401.0 0.0015065632
252501.0 0.0015061297
252601.0 0.0015056964
252701.0 0.0015052629
252801.0 0.0015048295
252901.0 0.0015043963
253001.0 0.0015039629
253101.0 0.0015035294
253201.0 0.001503096
253301.0 0.0015026628
253401.0 0.0015022293
253501.0 0.0015017958
253601.0 0.0015013623
253701.0 0.0015009291
253801.0 0.0015004957
253901.0 0.0015000623
254001.0 0.0014996288
254101.0 0.0014991956
254201.0 0.0014987621
254301.0 0.0014983288
254401.0 0.0014978951
254501.0 0.0014974619
254601.0 0.0014970285
254701.0 0.0014965951
254801.0 0.0014961618
254901.0 0.0014957284
255001.0 0.001495295
255101.0 0.0014948616
255201.0 0.0014944281
255301.0 0.0014939947
255401.0 0.0014935614
255501.0 0.0014931279
255601.0 0.0014926946
255701.0 0.0014922612
255801.0 0.0014918278
255901.0 0.0014913944
256001.0 0.0014909611
256101.0 0.0014905275
256201.0 0.0014900942
256301.0 0.0014896608
256401.0 0.0014892275
256501.0 0.001488794
256601.0 0.0014883606
256701.0 0.0014879273
256801.0 0.001487507
256901.0 0.0014871148
257001.0 0.0014867227
257101.0 0.0014863305
257201.0 0.0014859383
257301.0 0.0014855462
257401.0 0.0014851539
257501.0 0.0014847618
257601.0 0.0014843696
257701.0 0.0014839774
257801.0 0.0014835853
257901.0 0.001483193
258001.0 0.0014828009
258101.0 0.0014824087
258201.0 0.0014820164
258301.0 0.0014816244
258401.0 0.0014812322
258501.0 0.00148084
258601.0 0.0014804478
258701.0 0.0014800555
258801.0 0.0014796634
258901.0 0.0014792713
259001.0 0.0014788791
259101.0 0.0014784869
259201.0 0.0014780948
259301.0 0.0014777025
259401.0 0.0014773103
259501.0 0.0014769182
259601.0 0.001476526
259701.0 0.0014761339
259801.0 0.0014757416
259901.0 0.0014753493
260001.0 0.0014749574
260101.0 0.0014745769
260201.0 0.0014741967
260301.0 0.001473816
260401.0 0.0014734355
260501.0 0.0014730551
260601.0 0.0014726747
260701.0 0.0014722944
260801.0 0.0014719139
260901.0 0.0014715334
261001.0 0.001471153
261101.0 0.0014707725
261201.0 0.0014703921
261301.0 0.0014700117
261401.0 0.0014696313
261501.0 0.0014692509
261601.0 0.0014688704
261701.0 0.00146849
261801.0 0.0014681095
261901.0 0.0014677291
262001.0 0.0014673488
262101.0 0.0014669683
262201.0 0.0014665879
262301.0 0.0014662074
262401.0 0.0014658269
262501.0 0.0014654465
262601.0 0.0014650661
262701.0 0.0014646858
262801.0 0.0014643053
262901.0 0.0014639248
263001.0 0.0014635444
263101.0 0.0014631639
263201.0 0.0014627837
263301.0 0.0014624031
263401.0 0.0014620228
263501.0 0.0014616423
263601.0 0.0014612727
263701.0 0.0014609286
263801.0 0.0014605846
263901.0 0.0014602405
264001.0 0.0014598963
264101.0 0.0014595523
264201.0 0.0014592083
264301.0 0.0014588641
264401.0 0.0014585202
264501.0 0.0014581759
264601.0 0.0014578319
264701.0 0.0014574878
264801.0 0.0014571438
264901.0 0.0014567998
265001.0 0.0014564557
265101.0 0.0014561116
265201.0 0.0014557674
265301.0 0.0014554233
265401.0 0.0014550792
265501.0 0.0014547352
265601.0 0.0014543912
265701.0 0.0014540469
265801.0 0.001453703
265901.0 0.0014533588
266001.0 0.0014530147
266101.0 0.0014526707
266201.0 0.0014523265
266301.0 0.0014519825
266401.0 0.0014516384
266501.0 0.0014512944
266601.0 0.0014509502
266701.0 0.0014506063
266801.0 0.001450262
266901.0 0.001449918
267001.0 0.001449574
267101.0 0.0014492299
267201.0 0.0014488858
267301.0 0.0014485416
267401.0 0.0014481975
267501.0 0.0014478535
267601.0 0.0014475094
267701.0 0.0014471654
267801.0 0.0014468213
267901.0 0.0014464773
268001.0 0.001446133
268101.0 0.0014457891
268201.0 0.0014454449
268301.0 0.0014451009
268401.0 0.0014447569
268501.0 0.0014444127
268601.0 0.0014440686
268701.0 0.0014437246
268801.0 0.0014433805
268901.0 0.0014430364
269001.0 0.0014426924
269101.0 0.0014423481
269201.0 0.001442004
269301.0 0.00144166
269401.0 0.0014413159
269501.0 0.0014409719
269601.0 0.0014406277
269701.0 0.0014402836
269801.0 0.0014399397
269901.0 0.0014395955
270001.0 0.0014392515
270101.0 0.0014389096
270201.0 0.0014385675
270301.0 0.0014382255
270401.0 0.0014378837
270501.0 0.0014375417
270601.0 0.0014372149
270701.0 0.0014369045
270801.0 0.0014365943
270901.0 0.0014362842
271001.0 0.0014359737
271101.0 0.0014356634
271201.0 0.0014353532
271301.0 0.0014350427
271401.0 0.0014347326
271501.0 0.0014344222
271601.0 0.0014341121
271701.0 0.0014338016
271801.0 0.0014334915
271901.0 0.0014331811
272001.0 0.001432871
272101.0 0.0014325605
272201.0 0.0014322504
272301.0 0.00143194
272401.0 0.0014316295
272501.0 0.0014313194
272601.0 0.0014310092
272701.0 0.0014306989
272801.0 0.0014303884
272901.0 0.0014300782
273001.0 0.0014297679
273101.0 0.0014294578
273201.0 0.0014291473
273301.0 0.0014288371
273401.0 0.0014285267
273501.0 0.0014282166
273601.0 0.0014279062
273701.0 0.001427596
273801.0 0.0014272856
273901.0 0.0014269754
274001.0 0.0014266651
274101.0 0.0014263547
274201.0 0.0014260445
274301.0 0.0014257341
274401.0 0.0014254239
274501.0 0.0014251136
274601.0 0.0014248033
274701.0 0.0014244929
274801.0 0.0014241828
274901.0 0.0014238725
275001.0 0.0014235622
275101.0 0.0014232518
275201.0 0.0014229417
275301.0 0.0014226313
275401.0 0.001422321
275501.0 0.0014220107
275601.0 0.0014217006
275701.0 0.0014213901
275801.0 0.0014210797
275901.0 0.0014207696
276001.0 0.0014204594
276101.0 0.001420149
276201.0 0.0014198386
276301.0 0.0014195284
276401.0 0.0014192181
276501.0 0.0014189079
276601.0 0.0014185975
276701.0 0.0014182873
276801.0 0.0014179768
276901.0 0.0014176668
277001.0 0.0014173564
277101.0 0.0014170461
277201.0 0.0014167357
277301.0 0.0014164256
277401.0 0.0014161153
277501.0 0.001415805
277601.0 0.0014154946
277701.0 0.0014151843
277801.0 0.0014148965
277901.0 0.0014146137
278001.0 0.001414331
278101.0 0.0014140484
278201.0 0.0014137656
278301.0 0.0014134829
278401.0 0.0014132002
278501.0 0.0014129176
278601.0 0.0014126349
278701.0 0.0014123521
278801.0 0.0014120694
278901.0 0.0014117868
279001.0 0.001411504
279101.0 0.0014112212
279201.0 0.0014109386
279301.0 0.0014106559
279401.0 0.0014103731
279501.0 0.0014100906
279601.0 0.0014098079
279701.0 0.0014095252
279801.0 0.0014092425
279901.0 0.0014089597
280001.0 0.0014086772
280101.0 0.001408394
280201.0 0.0014081107
280301.0 0.0014078276
280401.0 0.0014075445
280501.0 0.0014072614
280601.0 0.0014069781
280701.0 0.0014066949
280801.0 0.0014064118
280901.0 0.0014061286
281001.0 0.0014058454
281101.0 0.0014055623
281201.0 0.001405279
281301.0 0.001404996
281401.0 0.0014047128
281501.0 0.0014044297
281601.0 0.0014041464
281701.0 0.0014038633
281801.0 0.0014035802
281901.0 0.0014032969
282001.0 0.0014030138
282101.0 0.0014027306
282201.0 0.0014024476
282301.0 0.0014021646
282401.0 0.0014018812
282501.0 0.0014015982
282601.0 0.001401315
282701.0 0.0014010319
282801.0 0.0014007486
282901.0 0.0014004654
283001.0 0.0014001824
283101.0 0.0013998991
283201.0 0.001399616
283301.0 0.0013993328
283401.0 0.0013990497
283501.0 0.0013987665
283601.0 0.0013984834
283701.0 0.0013982002
283801.0 0.0013979169
283901.0 0.0013976338
284001.0 0.0013973507
284101.0 0.0013970674
284201.0 0.0013967843
284301.0 0.0013965012
284401.0 0.0013962181
284501.0 0.0013959348
284601.0 0.0013956516
284701.0 0.0013953686
284801.0 0.0013950854
284901.0 0.0013948024
285001.0 0.001394519
285101.0 0.0013942418
285201.0 0.0013939829
285301.0 0.0013937241
285401.0 0.0013934652
285501.0 0.0013932064
285601.0 0.0013929475
285701.0 0.0013926887
285801.0 0.0013924299
285901.0 0.001392171
286001.0 0.001391912
286101.0 0.0013916532
286201.0 0.0013913943
286301.0 0.0013911355
286401.0 0.0013908766
286501.0 0.0013906178
286601.0 0.0013903589
286701.0 0.0013901
286801.0 0.0013898412
286901.0 0.0013895824
287001.0 0.0013893235
287101.0 0.0013890647
287201.0 0.0013888058
287301.0 0.001388547
287401.0 0.0013882881
287501.0 0.0013880293
287601.0 0.0013877704
287701.0 0.0013875116
287801.0 0.0013872527
287901.0 0.0013869939
288001.0 0.001386735
288101.0 0.0013864762
288201.0 0.0013862173
288301.0 0.0013859585
288401.0 0.0013856996
288501.0 0.0013854408
288601.0 0.0013851819
288701.0 0.001384923
288801.0 0.0013846642
288901.0 0.0013844053
289001.0 0.0013841465
289101.0 0.0013838876
289201.0 0.0013836288
289301.0 0.00138337
289401.0 0.0013831111
289501.0 0.0013828522
289601.0 0.0013825934
289701.0 0.0013823345
289801.0 0.0013820757
289901.0 0.0013818168
290001.0 0.001381558
290101.0 0.0013812991
290201.0 0.0013810404
290301.0 0.0013807814
290401.0 0.0013805226
290501.0 0.0013802636
290601.0 0.0013800048
290701.0 0.0013797459
290801.0 0.0013794871
290901.0 0.0013792282
291001.0 0.0013789694
291101.0 0.0013787104
291201.0 0.0013784517
291301.0 0.0013781928
291401.0 0.001377934
291501.0 0.0013776751
291601.0 0.0013774163
291701.0 0.0013771574
291801.0 0.0013768986
291901.0 0.0013766397
292001.0 0.0013763809
292101.0 0.001376122
292201.0 0.0013758632
292301.0 0.0013756043
292401.0 0.0013753455
292501.0 0.0013750866
292601.0 0.0013748278
292701.0 0.001374584
292801.0 0.0013743463
292901.0 0.0013741084
293001.0 0.0013738708
293101.0 0.0013736329
293201.0 0.0013733951
293301.0 0.0013731573
293401.0 0.0013729194
293501.0 0.0013726817
293601.0 0.001372444
293701.0 0.0013722061
293801.0 0.0013719682
293901.0 0.0013717305
294001.0 0.0013714927
294101.0 0.0013712549
294201.0 0.0013710172
294301.0 0.0013707792
294401.0 0.0013705415
294501.0 0.0013703038
294601.0 0.001370066
294701.0 0.001369828
294801.0 0.0013695903
294901.0 0.0013693526
295001.0 0.0013691147
295101.0 0.001368877
295201.0 0.0013686392
295301.0 0.0013684012
295401.0 0.0013681636
295501.0 0.0013679257
295601.0 0.0013676879
295701.0 0.0013674502
295801.0 0.0013672124
295901.0 0.0013669746
296001.0 0.0013667367
296101.0 0.001366499
296201.0 0.0013662612
296301.0 0.0013660234
296401.0 0.0013657855
296501.0 0.0013655478
296601.0 0.00136531
296701.0 0.0013650722
296801.0 0.0013648344
296901.0 0.0013645965
297001.0 0.0013643588
297101.0 0.001364121
297201.0 0.0013638834
297301.0 0.0013636453
297401.0 0.0013634076
297501.0 0.0013631699
297601.0 0.001362932
297701.0 0.0013626942
297801.0 0.0013624565
297901.0 0.0013622186
298001.0 0.0013619808
298101.0 0.0013617431
298201.0 0.0013615052
298301.0 0.0013612673
298401.0 0.0013610297
298501.0 0.0013607919
298601.0 0.001360554
298701.0 0.0013603163
298801.0 0.0013600785
298901.0 0.0013598406
299001.0 0.0013596029
299101.0 0.0013593651
299201.0 0.0013591272
299301.0 0.0013588896
299401.0 0.0013586517
299501.0 0.0013584137
299601.0 0.0013581761
299701.0 0.0013579383
299801.0 0.0013577006
299901.0 0.0013574627
