91.0 0.0
94.0 0.0
96.0 0.0
98.0 0.0
100.0 0.0
102.0 2.2311895804371288e-11
104.0 3.067739079421445e-11
106.0 4.422698579695859e-11
108.0 6.469476511767625e-11
110.0 1.0444955859618684e-10
114.0 1.870958483257487e-10
118.0 3.1600401692182655e-10
121.0 1.449548072971855e-09
125.0 2.176564912147383e-09
127.0 2.658485025200852e-09
128.0 2.9120556252826325e-09
131.0 3.724201747827847e-09
132.0 4.662270912072909e-09
134.0 5.346413556863705e-09
137.0 7.85333243631192e-09
140.0 9.615308921866842e-09
143.0 3.0413236277954965e-08
147.0 9.226631653200401e-08
151.0 1.144963829230674e-07
155.0 1.44523582875222e-07
159.0 1.8211950613143114e-07
162.0 2.141165280352766e-07
166.0 2.6484910233432694e-07
170.0 3.216493990586287e-07
173.0 3.694906614718666e-07
177.0 4.412917874535631e-07
180.0 5.037957042579052e-07
182.0 5.465609055422463e-07
186.0 6.479656177500383e-07
191.0 7.823678781775466e-07
194.0 8.930618931387491e-07
198.0 1.0272239325642358e-06
202.0 1.1833673808042286e-06
205.0 1.319042858710718e-06
210.0 1.4753710299060664e-06
216.0 1.8739633919702051e-06
220.0 2.1236586832081857e-06
223.0 2.28945549869026e-06
227.0 2.5862981239175135e-06
230.0 4.3880211278952285e-06
234.0 7.249435327874778e-06
240.0 9.99325328642875e-06
246.0 1.0428662936303823e-05
252.0 1.2249402255905359e-05
257.0 1.1209934829793332e-05
260.0 1.3276018117136517e-05
264.0 1.497366979259751e-05
269.0 1.6061925435699922e-05
274.0 1.706077061817535e-05
279.0 1.818043229360531e-05
284.0 1.9312610819559694e-05
290.0 1.9799401678794008e-05
296.0 2.151862192502491e-05
301.0 2.2486804986609737e-05
308.0 2.4536521518731443e-05
318.0 2.7577182924925526e-05
328.0 3.01583639771286e-05
338.0 3.264830611400217e-05
348.0 3.5209600446653323e-05
357.0 3.773922425219112e-05
366.0 4.064238143723963e-05
375.0 4.2759168110631286e-05
385.0 4.397225881581248e-05
395.0 4.8379521637121036e-05
405.0 5.1933424855071526e-05
414.0 5.403056771410876e-05
422.0 5.52702804315483e-05
430.0 5.703508238034971e-05
441.0 6.048945994185171e-05
451.0 6.246809148288598e-05
460.0 6.384118224475739e-05
470.0 6.600990094661496e-05
480.0 6.917482629503397e-05
490.0 6.956996348813281e-05
500.0 7.357853843703971e-05
506.0 7.302502897207275e-05
512.0 8.165198893777196e-05
520.0 8.352809813961166e-05
530.0 8.498478668294337e-05
540.0 8.408581569442615e-05
550.0 8.910322594321538e-05
560.0 9.648719912017483e-05
570.0 0.00010368664646513927
580.0 0.00010445610824234987
590.0 0.00011291036607848224
600.0 0.00011353994054230615
610.0 0.0001123014524731704
620.0 0.0001329406382686248
630.0 0.00013861404814419063
640.0 0.0001434854239735554
650.0 0.00015336488860460935
658.0 0.00016080920872668477
665.0 0.00016983372332192285
675.0 0.00017334123895995667
685.0 0.00017385230359576938
695.0 0.00020590904728233017
705.0 0.00020281448795825619
716.0 0.00023220704631102008
726.0 0.0002451441576903607
735.0 0.00025715127113353083
745.0 0.00028531603421291405
755.0 0.00030561533993307
765.0 0.00032029625487934655
775.0 0.00035644551726466957
785.0 0.0003806954242357569
795.0 0.00040638656829065613
805.0 0.00043291484144092915
815.0 0.0004527207417933887
825.0 0.0005012710251648646
835.0 0.0004234370527655976
845.0 0.0005331596470082319
855.0 0.0005641034612256643
865.0 0.0006156157860894185
875.0 0.0006722973950507026
885.0 0.000746047474825167
895.0 0.0008053426211056435
905.0 0.0008376322171940315
915.0 0.0014760058956099068
925.0 0.010240732671520576
935.0 0.026022571886123894
945.0 0.04819479966352856
955.0 0.07116048422297061
965.0 0.07312666493722153
975.0 0.014875309112140717
985.0 0.05377779411707501
995.0 0.0714488176831058
1005.0 0.11455754673559065
1015.0 0.11764985878076686
1025.0 0.05558904693895224
1035.0 0.07436672054931497
1045.0 0.16793651189503678
1055.0 0.1743258654995864
1065.0 0.12614422410779255
1075.0 0.16224390316824067
1085.0 0.11941108286938144
1095.0 0.18155883152102803
1105.0 0.17638182634013722
1115.0 0.16611716024687423
1125.0 0.1482695736584403
1135.0 0.2062385569452216
1145.0 0.19310228443774943
1155.0 0.21408590042815442
1165.0 0.22329246462504823
1175.0 0.14834270186494455
1185.0 0.21543592119993402
1195.0 0.13436718737172018
1205.0 0.09101132757320644
1208.72 0.08270240361713077
1208.8 0.08259049573186504
1208.87 0.08249255929569899
1208.94 0.08239460696348949
1209.02 0.08228264198222958
1209.09 0.08218465560231392
1209.16 0.08208665334057845
1209.23 0.08198863520154637
1209.31 0.08187659503543532
1209.38 0.0817785428888454
1209.45 0.08168047487916247
1209.53 0.08156837773540777
1209.6 0.08147027574858733
1209.67 0.0813721579128615
1209.75 0.08126000384242536
1209.82 0.08116185205994945
1209.89 0.08106368444274129
1209.96 0.08096550099530792
1210.04 0.08085327196292727
1210.11 0.08075505460874938
1210.18 0.08065682143849846
1210.26 0.08054453559736512
1210.33 0.08044626855068145
1210.4 0.08034798570206257
1210.47 0.08024968705600415
1210.55 0.0801373264081838
1210.62 0.08003899392559836
1210.69 0.07994064565969049
1210.77 0.07982822832075172
1210.84 0.0797298462485528
1210.91 0.0796314484071338
1210.99 0.07951897442773
1211.06 0.07942054281022312
1211.13 0.0793220954375833
1211.2 0.07922363231429036
1211.28 0.07911108374975609
1211.35 0.07901258689013824
1211.42 0.07891407429393367
1211.5 0.07880146920614826
1211.57 0.07870292290374663
1211.64 0.0786043608788102
1211.72 0.07849169931824584
1211.79 0.0783931036172074
1211.86 0.07829449220767118
1211.93 0.07819586509409994
1212.01 0.07808312916916894
1212.08 0.07798446841911658
1212.15 0.07788579197904592
1212.23 0.0777729996981298
1212.3 0.0776742896515976
1212.37 0.07757556392904895
1212.44 0.07747682253493528
1212.52 0.0773639560434152
1212.59 0.07726518108236162
1212.66 0.07716639046372469
1212.74 0.07705346773272051
1212.81 0.07695464357708781
1212.88 0.07685580377783813
1212.96 0.07674282485751495
1213.03 0.07664395155118132
1213.1 0.07654506261518232
1213.17 0.07644615805395348
1213.25 0.07633310514244644
1213.32 0.07623416711351316
1213.39 0.07613521347328137
1213.47 0.07602210448853788
1213.54 0.07592311741043832
1213.61 0.07582411473495669
1213.69 0.07571094972696099
1213.76 0.07561191364341541
1213.83 0.07551286197638887
1213.9 0.07541379473030092
1213.98 0.07530055594975298
1214.05 0.07520145533483931
1214.12 0.07510233915474568
1214.2 0.07498904446661031
1214.27 0.07488989494741978
1214.34 0.07479072987691535
1214.41 0.07496329786873406
1214.49 0.07557467189314702
1214.56 0.07610970220257714
1214.63 0.07664480532582063
1214.71 0.07725644088556734
1214.78 0.07779169996862924
1214.85 0.07832703180039473
1214.93 0.07893892866161893
1215.0 0.07947441631376632
1215.07 0.08000997664958291
1215.14 0.08054560964839325
1215.22 0.08115785059560908
1215.29 0.08169363923123638
1215.36 0.0822295004649188
1215.44 0.08284200217250753
1215.51 0.08337801890393716
1215.58 0.08391410816855858
1215.66 0.0845268704035408
1215.73 0.08506311502699608
1215.8 0.08559943211885385
1215.87 0.08613582165851476
1215.95 0.0867489269604526
1216.02 0.08728547167607546
1216.09 0.08782208877480908
1216.17 0.0884354540650737
1216.24 0.0889722262012219
1216.31 0.08950907065586232
1216.38 0.09004598740845156
1216.46 0.09065969505601916
1216.53 0.09119676666363148
1216.6 0.09173391050466932
1216.68 0.09234787760291994
1216.75 0.09288517616080048
1216.82 0.09342254688765832
1216.9 0.09403677320510294
1216.97 0.09457429851077916
1217.04 0.09511189592105793
1217.11 0.09564956541547195
1217.19 0.09626413307770318
1217.26 0.0968019569692345
1217.33 0.09733985288062302
1217.41 0.09795467922643328
1217.48 0.09849272939727938
1217.55 0.09903085152377814
1217.63 0.09964593632255488
1217.7 0.1001842125710085
1217.77 0.1007225607109834
1217.84 0.10126098072208971
1217.92 0.1018764058569619
1217.99 0.10241497980900935
1218.06 0.1029536255681535
1218.14 0.1035693086224032
1218.21 0.10410810818534978
1218.28 0.10464697949143134
1218.35 0.1051859225203119
1218.43 0.10580194520822118
1218.5 0.10634104186036988
1218.57 0.10688021017145238
1218.65 0.10749649024656309
1218.72 0.10803581204413808
1218.79 0.108575205436855
1218.87 0.10919174267003458
1218.94 0.10973128941262675
1219.01 0.11027090768664015
1219.08 0.1108105974718173
1219.16 0.11142747333644813
1219.23 0.11196731629164931
1219.3 0.1125072306943915
1219.38 0.11312436318693518
1219.45 0.11366443062344479
1219.52 0.11420456944394568
1219.6 0.11482195833613959
1219.67 0.11536225005430935
1219.74 0.11590261309299148
1219.81 0.11644304743200587
1219.89 0.11706077395724498
1219.96 0.11760136101476004
1220.03 0.11814201930922623
1220.11 0.1187600017059717
1220.18 0.11930081258320163
1220.25 0.11984169463407272
1220.32 0.12038264783845827
1220.4 0.1210009671729853
1220.47 0.12154207278144287
1220.54 0.12208324948020254
1220.62 0.1227018241594961
1220.69 0.12324315312695212
1220.76 0.12378455312156844
1220.84 0.12440338291884245
1220.91 0.12494493504693324
1220.98 0.12548655813911713
1221.05 0.12602825217534433
1221.13 0.12664741791843612
1221.2 0.12718926391012655
1221.27 0.12773118078288853
1221.35 0.12835060111922544
1221.42 0.1288926698125909
1221.49 0.12943480932412696
1221.57 0.13005448402778721
1221.64 0.13059677522522034
1221.71 0.13113913717799736
1221.78 0.1316815698661447
1221.86 0.13230157952743848
1221.93 0.1328441637241526
1222.0 0.13338681859350404
1222.08 0.13400708209938933
1222.15 0.13454988834296047
1222.22 0.13509276519651
1222.29 0.13563571264011792
1222.37 0.13625631041550118
1222.44 0.13679940905647173
1222.51 0.1373425782249349
1222.59 0.1379634293235736
1222.66 0.13850674955541176
1222.73 0.13905014025225074
1222.81 0.1396712444496852
1222.88 0.14021478607606563
1222.95 0.14075839810502758
1223.02 0.14130208051672727
1223.1 0.14192351800187994
1223.17 0.14246735116694054
1223.24 0.1430112546524125
1225.0 0.15670959451525754
1235.0 0.2753836900187689
1245.0 0.30548850100329744
1255.0 0.2840742115839864
1265.0 0.24298871773855463
1275.0 0.342999331527019
1285.0 0.3666482257272515
1295.0 0.26614258812672276
1305.0 0.26832229946247454
1315.0 0.35555861721917587
1325.0 0.35106835041892787
1335.0 0.29782183869660384
1345.0 0.3879253849657328
1355.0 0.3797274600177671
1365.0 0.3303278144164104
1375.0 0.3553135001623159
1385.0 0.36215624275787595
1395.0 0.3160035905590325
1405.0 0.33141645374830614
1415.0 0.3400288066947512
1425.0 0.35852317956121527
1435.0 0.3608468130822225
1442.0 0.38201783779214454
1447.0 0.3978597962609053
1455.0 0.38720077778852935
1465.0 0.348224256663313
1475.0 0.3546515072185018
1485.0 0.3697963461532629
1495.0 0.37886541852749506
1505.0 0.35206370011136984
1512.0 0.30976302675725936
1517.0 0.3333910568637076
1525.0 0.32581803056544045
1535.0 0.2772887317706267
1545.0 0.31257384612921224
1555.0 0.301432242644807
1565.0 0.3070310033845915
1575.0 0.331319831633806
1585.0 0.3566927494797534
1595.0 0.3680576724459932
1605.0 0.36676321192150924
1615.0 0.3735223804191946
1625.0 0.35389064541588805
1635.0 0.38232762533291675
1645.0 0.39079351292764275
1655.0 0.36274188995923945
1665.0 0.398829663811402
1672.0 0.34676772803332034
1677.0 0.4065642619214408
1685.0 0.4316004375690855
1695.0 0.40658082312985677
1705.0 0.3825847107404883
1715.0 0.3605678099613181
1725.0 0.3656704152746255
1735.0 0.39459851214329816
1745.0 0.39264593026578337
1755.0 0.42329963878095933
1765.0 0.3826678571834851
1775.0 0.39411822793068485
1785.0 0.4107817968507052
1795.0 0.4439271313082793
1805.0 0.4452588929578987
1815.0 0.41056107542943093
1825.0 0.41811886907751
1835.0 0.3957931670663449
1845.0 0.3672643987238034
1855.0 0.36212264703949204
1865.0 0.38439678807810684
1875.0 0.42144722221152553
1885.0 0.387828860387076
1895.0 0.373899199816376
1905.0 0.39735303407902456
1915.0 0.3849596470608062
1925.0 0.3803443396278307
1935.0 0.3980631551906277
1945.0 0.4131371932736163
1955.0 0.3912791955352874
1967.0 0.44256178090085596
1976.0 0.4493160294607936
1984.0 0.42629992465006855
1995.0 0.41669796243077917
2005.0 0.4322876645065483
2015.0 0.4150233182911404
2025.0 0.4419359396400902
2035.0 0.41797457418375644
2045.0 0.43733511116298446
2055.0 0.41950591001714105
2065.0 0.4205962228424288
2074.0 0.44892310281934217
2078.0 0.43912312678428006
2085.0 0.45647493960857544
2095.0 0.4342120471817602
2105.0 0.4347297058182435
2115.0 0.4428609332069596
2125.0 0.4523215692000242
2135.0 0.4140077820244917
2145.0 0.4329711837860561
2155.0 0.4540144812626727
2165.0 0.439193529683517
2175.0 0.4360379662297362
2185.0 0.43070171430876786
2195.0 0.4544844408827459
2205.0 0.4409934954949748
2215.0 0.41595605674404784
2225.0 0.4022003271512157
2235.0 0.4374194594129264
2245.0 0.4196569271574481
2255.0 0.39735487534277253
2265.0 0.4076408269039772
2275.0 0.42233910451493517
2285.0 0.43828565313869494
2295.0 0.4153380917639735
2305.0 0.4120022825312288
2315.0 0.380642689874355
2325.0 0.28922422406417164
2335.0 0.3544631349535594
2345.0 0.34736181668294064
2355.0 0.3762478038187733
2365.0 0.3480417089068784
2375.0 0.3540474409861534
2385.0 0.33170851319197947
2395.0 0.35821933736824785
2405.0 0.3446363356699455
2415.0 0.35321923998986926
2425.0 0.38188090424723753
2435.0 0.3709064300957203
2445.0 0.39588122924016184
2455.0 0.3929665806687968
2465.0 0.38465891293946164
2475.0 0.3742842273673062
2485.0 0.38407891768853847
2495.0 0.3649778019026597
2505.0 0.39867170374251504
2513.0 0.36067505437910047
2518.0 0.365748119410675
2525.0 0.3536288690751865
2535.0 0.3597954101792386
2545.0 0.3594868920378305
2555.0 0.3883554872085967
2565.0 0.37704621000686045
2575.0 0.40199091551563804
2585.0 0.3964234872595347
2595.0 0.3909619271707147
2605.0 0.3737456419781889
2615.0 0.3716118593012144
2625.0 0.3903850986803477
2635.0 0.4223344863110302
2645.0 0.4582884802316143
2655.0 0.47217424959189547
2665.0 0.4203608396102273
2675.0 0.44273283683203213
2685.0 0.4422228324191053
2695.0 0.42143311032429226
2705.0 0.4363656366626212
2715.0 0.40997150544641014
2725.0 0.40921741724752475
2735.0 0.4299074830596559
2745.0 0.3658427972634641
2755.0 0.37513933807292116
2765.0 0.39947809582125027
2775.0 0.41771219278932
2785.0 0.37200300318630786
2795.0 0.30952133503886853
2805.0 0.33070054222990347
2815.0 0.418197300839799
2825.0 0.44252403891640363
2835.0 0.4290187863241038
2845.0 0.4206441216755298
2855.0 0.4049221535977239
2865.0 0.447918013342013
2875.0 0.45836555939225043
2885.0 0.4542348000458579
2895.0 0.4559622686417802
2910.0 0.49466565380798233
2930.0 0.4848635109716295
2950.0 0.4758607114114995
2970.0 0.4894518878261314
2990.0 0.4929083960413965
3010.0 0.5043878033292548
3030.0 0.5045954595750751
3050.0 0.5058701190314632
3070.0 0.5114980409049579
3090.0 0.5182596385559382
3110.0 0.5193762139399465
3130.0 0.5145941335867434
3150.0 0.5180361003024018
3170.0 0.5214620082948423
3190.0 0.49493429012561296
3210.0 0.5154297190892199
3230.0 0.4885419053972582
3250.0 0.521517136888557
3270.0 0.5510697674024447
3290.0 0.5478400744596422
3310.0 0.5473100768250937
3330.0 0.5654524921934344
3350.0 0.5339544196073134
3370.0 0.5356757150432719
3390.0 0.5533594698436397
3410.0 0.5521942579958747
3430.0 0.5737187996230521
3450.0 0.5330929461150711
3470.0 0.5522733652346001
3490.0 0.5386973392646787
3510.0 0.5546144060969065
3530.0 0.5532310189619957
3550.0 0.6031027476073221
3570.0 0.5636651562560315
3590.0 0.5175422997481479
3610.0 0.5506059958831395
3630.0 0.5916168803242043
3640.0 0.6102213651063433
3650.0 0.5810625226692017
3670.0 0.6875791127279353
3690.0 0.5997294776443893
3704.66 0.6235723658019833
3704.88 0.6215033271152948
3705.11 0.6193400930908853
3705.33 0.6172707710426202
3705.55 0.6152013104728685
3705.78 0.6132498197107868
3706.0 0.611646903667334
3706.22 0.6100438799040451
3706.45 0.6083678762545928
3706.67 0.6067646321724991
3706.89 0.6051612803874177
3707.12 0.6034849338241036
3707.34 0.6018813617546753
3707.56 0.6002776819991049
3707.79 0.5986009925755653
3708.01 0.5969970925701067
3708.24 0.5953201728974247
3708.46 0.5940493106453894
3708.68 0.5942780730065486
3708.91 0.5945172476708406
3709.13 0.5947460368406258
3709.35 0.5949748391157577
3709.58 0.5952140555059583
3709.8 0.5954428845852479
3710.0 0.5956509223914971
3710.02 0.5956717267676994
3710.25 0.595910984876853
3710.47 0.5961398538589936
3710.7 0.596379139984435
3710.92 0.5966080357632638
3711.14 0.5968369446416028
3711.37 0.5988838688471042
3711.59 0.6010065987304479
3711.81 0.6031294663601336
3712.04 0.605348975245648
3712.26 0.607472124606892
3712.48 0.6095954116926375
3712.71 0.6118153590770437
3712.93 0.6139389278496686
3713.16 0.6161591697092188
3713.38 0.6182830201387223
3713.6 0.6204070082562166
3713.83 0.6226276884984137
3714.05 0.6270266340537572
3714.27 0.6324874171830902
3714.5 0.6381967995234512
3714.72 0.6436583130259854
3714.94 0.6491201835716444
3715.17 0.6548307026959663
3715.39 0.6602933034993282
3715.62 0.6660045860343513
3715.84 0.6714679170178721
3716.06 0.676931604950112
3716.29 0.6826440239685918
3716.51 0.6881084419654995
3716.73 0.6931049770206777
3716.96 0.6976218622406988
3717.18 0.7019426491841212
3717.4 0.7062637177491794
3717.63 0.7107814996198755
3717.85 0.7151031441835558
3718.08 0.7196215282026154
3718.3 0.7239437487036737
3718.52 0.7282662507518071
3718.75 0.7327855311842059
3718.97 0.7371086090784946
3719.19 0.741431968475282
3719.42 0.7458957217248339
3719.64 0.7499093158370014
3719.86 0.7539231710300456
3720.09 0.7581197533232065
3720.31 0.7621341425029733
3720.53 0.7661487927222386
3720.76 0.7703462061349342
3720.98 0.7743613902562853
3721.21 0.7785593618096369
3721.43 0.7825750797762354
3721.65 0.7865910587131623
3721.88 0.7907898611658181
3722.1 0.7948063738633444
3722.32 0.8088086518606916
3722.55 0.8244923513692466
3722.77 0.8394951546987335
3722.99 0.854498939469396
3723.22 0.8701857637730998
3723.44 0.8851915558783396
3723.67 0.9008804786475866
3723.89 0.9158882778740697
3724.11 0.9308970582822521
3724.34 0.9465891050204045
3724.56 0.9615998922322854
3724.78 0.9766116604706202
3725.01 0.9931430681853494
3725.23 1.0093833921878643
3725.45 1.0256247774571188
3725.68 1.0426055421736804
3725.9 1.0588490980440686
3726.13 1.0758321319047979
3726.35 1.0920778581455037
3726.57 1.1083246453722109
3726.8 1.1253110572895026
3727.02 1.1415600145429639
3727.24 1.1578100326144263
3727.47 1.1747998220534952
3727.69 1.1871208977425987
3727.91 1.193764317653482
3728.14 1.2007101722587883
3728.36 1.2073544741782045
3728.59 1.2143012508341817
3728.81 1.2209464346680903
3729.03 1.2275920496259978
3729.26 1.2345401989308649
3729.48 1.2411866956632864
3729.7 1.2478336234512593
3729.93 1.2547831451871283
3730.0 1.2568983105251175
3730.15 1.2614309546096627
3730.37 1.2660302473530463
3730.6 1.2572719350414978
3730.82 1.2488938539871144
3731.05 1.2401343604892248
3731.27 1.231755149664313
3731.49 1.2233753865507144
3731.72 1.2146141346295432
3731.94 1.2062332419236577
3732.16 1.1978517970162599
3732.39 1.1890887869493088
3732.61 1.1807062126279042
3732.83 1.1723230861921472
3733.06 1.1635583182569227
3733.28 1.1476990155486892
3733.51 1.1303362137077686
3733.73 1.1137272019129039
3733.95 1.0971171005576783
3734.18 1.0797508296826357
3734.4 1.0631384998573794
3734.62 1.0465250806440767
3734.85 1.0291553412834313
3735.07 1.012539693952492
3735.29 0.9959229574057895
3735.52 0.9785497501080715
3735.74 0.9619307857961682
3735.96 0.9470845051691802
3736.19 0.9326220457761133
3736.41 0.918787461525813
3736.64 0.9043230629928393
3736.86 0.8904866240115696
3737.08 0.8766492783447051
3737.31 0.8621819930296105
3737.53 0.848342792925198
3737.75 0.8345026862786419
3737.98 0.8200325146381606
3738.2 0.8061905538475113
3738.42 0.7923476866581155
3738.65 0.7804186371549557
3738.87 0.7727928883643809
3739.1 0.7648199796809245
3739.32 0.7571932075388194
3739.54 0.7495659351311112
3739.77 0.7415914336598063
3739.99 0.733963138062445
3740.21 0.7263343422785818
3740.44 0.7183582482713784
3740.66 0.7107284294597425
3740.88 0.7030981105407393
3741.11 0.6951204242495925
3741.33 0.6882625824060769
3741.56 0.6862142215937505
3741.78 0.6842547869603366
3742.0 0.6822952223021785
3742.23 0.6802464475060976
3742.45 0.678286616909175
3742.67 0.6763266563079818
3742.9 0.6742774675933599
3743.12 0.6723172410953023
3743.34 0.6703568846134572
3743.57 0.6683072820455088
3743.79 0.6663466597086963
3744.02 0.664296779216169
3744.24 0.6628877435000113
3744.46 0.6615338008403645
3744.69 0.6601182186912686
3744.91 0.6587640911574895
3745.13 0.6574098732479017
3745.36 0.6559940033526968
3745.58 0.6546396005980405
3745.8 0.6532851074817853
3746.03 0.6518689498857119
3746.25 0.6505142719534536
3746.48 0.6490979211508515
3746.7 0.6477430584221092
3746.92 0.6465125798929182
3747.15 0.6453004465450997
3747.37 0.6441409352913624
3747.59 0.6429813464493235
3747.82 0.6417689660693371
3748.04 0.6406092185364274
3748.26 0.6394493934274054
3748.49 0.6382367660540632
3748.71 0.6370767822791011
3748.93 0.635916720940221
3749.16 0.6347038466123286
3750.0 0.6323636378460438
3770.0 0.6826614713096865
3790.0 0.7885030854579842
3810.0 0.8002256575102666
3830.0 0.6612860947834945
3850.0 0.8206598449848893
3870.0 1.1254451249766122
3890.0 0.7495838445222436
3910.0 0.9133348576510615
3930.0 0.7885862497711809
3950.0 0.855935169761298
3970.0 0.7223209494948721
3990.0 1.0
4010.0 1.102832468327549
4030.0 1.1506776210347156
4050.0 1.1234021948722894
4070.0 1.0953227293130934
4078.2 1.0767279937137089
4078.45 1.0762090856031419
4078.7 1.0757102336026216
4078.94 1.07523130060512
4079.19 1.0747323755296796
4079.43 1.0742533723843888
4079.68 1.073754374242639
4079.93 1.0732553388254769
4080.17 1.0727762297583734
4080.42 1.0722771212879048
4080.66 1.071797942093761
4080.91 1.0712987605785953
4081.16 1.0706695060684335
4081.4 1.0699821529620908
4081.65 1.0692661094253297
4081.9 1.0685500141389586
4082.14 1.0678625139809241
4082.39 1.0671463172744253
4082.63 1.0664587197588569
4082.88 1.065742421644293
4083.13 1.0650260717955664
4083.37 1.0643383272722051
4083.62 1.0636218760336296
4083.86 1.0626693159279212
4084.11 1.0613511019712962
4084.36 1.060032796096481
4084.6 1.0587671359852562
4084.85 1.0574486499671312
4085.1 1.056130072047492
4085.34 1.054864150788922
4085.59 1.0535453927586569
4085.83 1.0522792986042757
4086.08 1.0509603604850253
4086.33 1.0496413304919765
4086.57 1.0486378374291911
4086.82 1.048140107828119
4087.06 1.0476622525875978
4087.31 1.0471644504397384
4087.56 1.046666611281511
4087.8 1.0461886508723275
4088.05 1.0456907391802441
4088.3 1.0451927904843912
4088.54 1.0447147249252946
4088.79 1.0442167037085173
4089.03 1.0437385685334424
4089.28 1.0433671260442976
4089.53 1.043502276869985
4089.77 1.04363202660524
4090.0 1.0437563746445195
4090.02 1.0437671877276196
4090.26 1.0438969473469726
4090.51 1.0440321187645312
4090.76 1.0441672954341492
4091.0 1.0442970699777552
4091.25 1.0444322569402682
4091.5 1.0445674491536754
4091.74 1.044697238618222
4091.99 1.0446059600155146
4092.23 1.0420178918729712
4092.48 1.0393218077730029
4092.73 1.0366255402303097
4092.97 1.0340369508169225
4093.22 1.0313403237593366
4093.47 1.0286435132925458
4093.71 1.026054402703554
4093.96 1.023357232787568
4094.2 1.0207677771482342
4094.45 1.0180702478265526
4094.7 1.0153725351513772
4094.94 1.0107413100980278
4095.19 1.0058243479682385
4095.43 1.001103752844198
4095.68 0.9961861418187172
4095.93 0.9912681997543468
4096.17 0.9865466639501882
4096.42 0.9816280731090603
4096.67 0.9767091512897212
4096.91 0.9719866749778877
4097.16 0.9670671045007179
4097.4 0.9623440055151649
4097.65 0.9575606247089895
4097.9 0.9528111328322384
4098.14 0.9482513200682081
4098.39 0.9435012020390593
4098.63 0.9389407882052354
4098.88 0.9341900440997097
4099.13 0.9294389805967473
4099.37 0.9248776591631673
4099.62 0.9201259696986295
4099.87 0.915373960895225
4100.11 0.9108117320283224
4100.36 0.9100234598949566
4100.6 0.9110576824881673
4100.85 0.9121350646847137
4101.1 0.9132125152395496
4101.34 0.9142469320796717
4101.59 0.915324516604261
4101.83 0.9163590620474039
4102.08 0.9174367805252005
4102.33 0.9185145673400964
4102.57 0.9195493069699403
4102.82 0.9206272277130574
4103.07 0.9206310227428378
4103.31 0.9198243880482697
4103.56 0.9189840856376384
4103.8 0.918177339707106
4104.05 0.9173369214326224
4104.3 0.9164964440492804
4104.54 0.9156895301550158
4104.79 0.9148489369288022
4105.03 0.9140419118320492
4105.28 0.9132012027768563
4105.53 0.9123604346305974
4105.77 0.9124588715208931
4106.02 0.9138821675269935
4106.27 0.9153055547449755
4106.51 0.9166720922810562
4106.76 0.9180956582577035
4107.0 0.9194623673915366
4107.25 0.9208861121048367
4107.5 0.9223099480018259
4107.74 0.9236769162432305
4107.99 0.9251009308436299
4108.23 0.9264680706297431
4108.48 0.9275336881746067
4108.73 0.9276772906150539
4108.97 0.9278151547989206
4109.22 0.9279587694077644
4109.47 0.928102390224315
4109.71 0.9282402720480006
4109.96 0.928383905030365
4110.0 0.9284068868835075
4110.2 0.9285217985324112
4110.45 0.9286654436788797
4110.7 0.9288090950308651
4110.94 0.9289470061665079
4111.19 0.9297691295016846
4111.44 0.9341533361082913
4111.68 0.9383624446783758
4111.93 0.9427472142420832
4112.17 0.9469568632179044
4112.42 0.9513421956698298
4112.67 0.9557278152830847
4112.91 0.9599382802565416
4113.16 0.9643244626539936
4113.4 0.9685354678672193
4113.65 0.9729222129799936
4113.9 0.9772053608680431
4114.14 0.9789238761244956
4114.39 0.9807141089368803
4114.64 0.9825044567968159
4114.88 0.9842232989723848
4115.13 0.9860138723045708
4115.37 0.9877329309201821
4115.62 0.9895237296968734
4115.87 0.9913146434855831
4116.11 0.9930340289193461
4116.36 0.9948251681106636
4116.6 0.9965447699176208
4116.85 0.9968438407346899
4117.1 0.9969394264556843
4117.34 0.9970311913570633
4117.59 0.9971267825137138
4117.84 0.9972223764433095
4118.08 0.9973141492242895
4118.33 0.9974097485881747
4118.57 0.9975015265856384
4118.82 0.9975971313829087
4119.07 0.9976927389519663
4119.31 0.9977845248257403
4119.56 1.0006531876793503
4119.81 1.004397765536359
4120.05 1.0079927898185221
4120.3 1.011737845867941
4120.54 1.015333329186685
4120.79 1.0190788633699042
4121.04 1.022824641476362
4121.28 1.0264208179273795
4121.53 1.0301670740791309
4121.77 1.0337637094255145
4122.02 1.0375104435639573
4122.27 1.038515602353139
4122.51 1.037999984477477
4122.76 1.0374628441392215
4123.01 1.0369256646355134
4123.25 1.0364099354673002
4123.5 1.0358726792061927
4123.74 1.0353568763552548
4123.99 1.0348195433458707
4124.24 1.0342821711827168
4124.48 1.0337662570724266
4124.73 1.0332288081747718
4124.97 1.0321988455955258
4125.22 1.030672857296934
4125.47 1.0291467646190855
4125.71 1.0276816174543244
4125.96 1.0261553202118112
4126.21 1.0246289186091002
4126.45 1.023163474894403
4126.7 1.021636868764383
4126.94 1.0201712287153413
4127.19 1.0186444180827465
4130.0 1.0164283685529765
4150.0 1.0641713294526065
4170.0 1.0852585949668248
4190.0 1.1274107013926649
4210.0 1.1465322804328284
4230.0 1.1071747688596383
4250.0 1.1460666875004366
4270.0 1.117592710396761
4290.0 1.0870453062695233
4310.0 0.9632253679085745
4315.65 1.0422808656692535
4315.91 1.047510282802423
4316.17 1.0527400355128467
4316.43 1.0579701237783659
4316.69 1.062712595242553
4316.95 1.0661308855677334
4317.21 1.069549393836368
4317.47 1.0729681200340415
4317.73 1.0763870641463282
4317.99 1.0798062261588368
4318.25 1.0832256060571426
4318.52 1.0867767311687633
4318.78 1.0901965551742392
4319.04 1.0936165970217324
4319.3 1.0970368566968196
4319.56 1.1007590610211389
4319.82 1.1045720236814127
4320.08 1.1083852295439038
4320.34 1.112198678592516
4320.6 1.1160123708111647
4320.86 1.119826306183755
4321.12 1.123640484694231
4321.38 1.1274549063264978
4321.64 1.1312695710644742
4321.9 1.1350844788920669
4322.16 1.13764504560738
4322.42 1.1360236914508424
4322.68 1.134402228307858
4322.94 1.132780656185549
4323.2 1.1311589750910185
4323.46 1.1295371850313882
4323.73 1.1278529031064901
4323.99 1.1262308909477279
4324.25 1.124608769845483
4324.51 1.12298653980687
4324.77 1.121364200839002
4325.03 1.1185795367393507
4325.29 1.1153664897568436
4325.55 1.1121532309721367
4325.81 1.1089397603991238
4326.07 1.1057260780517093
4326.33 1.1025121839437633
4326.59 1.0992980780891903
4326.85 1.0960837605018812
4327.11 1.0928692311957398
4327.37 1.0896544901846337
4327.63 1.087478185400636
4327.89 1.0896641983615878
4328.15 1.0918503488238083
4328.41 1.0940366367781873
4328.67 1.0962230622155926
4328.94 1.098493726445694
4329.2 1.1006804321087058
4329.46 1.102867275227022
4329.72 1.10505425579152
4329.98 1.1072413737930686
4330.0 1.1074096193317435
4330.24 1.1094286292225615
4330.5 1.1098505299704249
4330.76 1.1094877655828288
4331.02 1.1091249738726205
4331.28 1.1087621548415394
4331.54 1.1083993084913222
4331.8 1.1080364348237068
4332.06 1.1076735338404324
4332.32 1.1073106055432382
4332.58 1.1069476499338595
4332.84 1.1065846670140356
4333.1 1.1065230526477983
4333.36 1.1077273339051539
4333.62 1.1089316890157852
4333.88 1.1101361179747564
4334.15 1.111386949282609
4334.41 1.1125915287633064
4334.67 1.1137961820773588
4334.93 1.1150009092198339
4335.19 1.1162057101857963
4335.45 1.1174105849703242
4335.71 1.1186155335684822
4335.97 1.1195716268606533
4336.23 1.120417139172513
4336.49 1.1212627020949568
4336.75 1.1221083156245801
4337.01 1.1229539797579828
4337.27 1.123799694491764
4337.53 1.1246454598225202
4337.79 1.125491275746857
4338.05 1.1263371422613717
4338.31 1.1271830593626633
4338.57 1.1280346277979054
4338.83 1.1289170522948124
4339.09 1.129799529714283
4339.35 1.1306820600527634
4339.62 1.1315985898731589
4339.88 1.1324812280739978
4340.14 1.1333639191830476
4340.4 1.1342466631967518
4340.66 1.1351294601115622
4340.92 1.136012309923923
4341.18 1.1368952126302803
4341.44 1.1374590920567345
4341.7 1.1378540757077222
4341.96 1.138249080821442
4342.22 1.138644107396416
4342.48 1.1390391554311612
4342.74 1.1394342249242015
4343.0 1.1398293158740562
4343.26 1.1402244282792455
4343.52 1.1406195621382902
4343.78 1.141014717449709
4344.04 1.1416452851311327
4344.3 1.144080611177783
4344.57 1.146609765235097
4344.83 1.149045402547633
4345.09 1.1514811925412372
4345.35 1.1539171352057693
4345.61 1.1563532305310829
4345.87 1.158789478507056
4346.13 1.1612258791235428
4346.39 1.1636624323704052
4346.65 1.166099138237497
4346.91 1.1649119321603185
4347.17 1.1614595325485921
4347.43 1.158006906953792
4347.69 1.1545540553907798
4347.95 1.1511009778743808
4348.21 1.1476476744194546
4348.47 1.14419414504085
4348.73 1.1407403897534258
4348.99 1.1372864085720051
4349.25 1.1338322015114466
4349.51 1.1304681749838676
4349.78 1.1281011702954906
4350.0 1.1261723799369578
4350.04 1.1258216792167604
4350.3 1.1235420378085035
4350.56 1.121262246080581
4350.82 1.118982304042861
4351.08 1.1167022117051881
4351.34 1.1144219690774293
4351.6 1.1121415761694442
4351.86 1.1098610329910996
4352.12 1.107580339552238
4352.38 1.1060728792020942
4352.64 1.1051324842335524
4352.9 1.104192025070423
4353.16 1.1032515017168762
4353.42 1.1023109141770917
4353.68 1.1013702624552466
4353.94 1.1004295465555203
4354.2 1.099488766482083
4354.46 1.0985479222391141
4354.72 1.0976070138307894
4354.99 1.0969773519605628
4355.25 1.1005540108093375
4355.51 1.1041308952266338
4355.77 1.1077080051974957
4356.03 1.1112853407069554
4356.29 1.1148629017400835
4356.55 1.1184406882819133
4356.81 1.1220187003174917
4357.07 1.1255969378318527
4357.33 1.1291754008100687
4357.59 1.1327540892371764
4357.85 1.1370388092003072
4358.11 1.1419287958546223
4358.37 1.1468190919055687
4358.63 1.1517096973326337
4358.89 1.15660061211532
4359.15 1.161491836233115
4359.41 1.1663833696655586
4359.67 1.1712752123921388
4359.93 1.1761673643923631
4360.2 1.1812480034080293
4360.46 1.1860789545421013
4360.72 1.1893643803100353
4360.98 1.1926500123334638
4361.24 1.19593585059872
4361.5 1.1992218950921039
4361.76 1.2025081457999254
4362.02 1.2057946027084967
4362.28 1.2090812658041181
4362.54 1.2123681350731261
4362.8 1.2156552105018217
4363.06 1.2189424920765188
4363.32 1.2220605440918457
4363.58 1.2250093502735715
4363.84 1.2279583408806796
4364.1 1.2309075159009182
4364.36 1.2338568753220251
4364.62 1.2368064191317696
4364.88 1.2397561473178917
4365.15 1.2428195217248044
4365.41 1.245769625717143
4365.67 1.2487199140486391
4365.93 1.2516703867070442
4366.19 1.2509169823412023
4366.45 1.2501635254932801
4366.71 1.2494100161666795
4366.97 1.2486564543648007
4367.23 1.2479028400910452
4367.49 1.2471491733488074
4370.0 1.2330807262032482
4390.0 1.1174039008607834
4410.0 1.2079309005619359
4430.0 1.2551432947928045
4450.0 1.2588858498196978
4470.0 1.233671030275448
4490.0 1.2719496666943977
4510.0 1.3510803541756575
4530.0 1.2489953216748801
4550.0 1.266112758227786
4570.0 1.3159204271228453
4590.0 1.2928633261191618
4610.0 1.3516392978870067
4630.0 1.3736978311315873
4650.0 1.3118776638905383
4670.0 1.2896415866326219
4690.0 1.4456321544842494
4710.0 1.333867430919296
4730.0 1.3969585360086783
4750.0 1.4373945906423728
4770.0 1.3612503798116193
4790.0 1.3692871707314143
4810.0 1.3444934440373408
4830.0 1.3357816776037927
4834.84 1.3225520758362792
4835.13 1.3214099065902667
4835.42 1.320267661503775
4835.71 1.319125340582435
4836.0 1.3179829438318782
4836.29 1.316840471257736
4836.59 1.3156585232930065
4836.88 1.3145158964744672
4837.17 1.3134531050092906
4837.46 1.3130828276837743
4837.75 1.3127125226914997
4838.05 1.3123294194494597
4838.34 1.3119590581758631
4838.63 1.3115886692416234
4838.92 1.3112182526487566
4839.21 1.3108478083992758
4839.5 1.310477336495198
4839.8 1.3100940605985705
4840.09 1.3101933580232126
4840.38 1.3104716437958779
4840.67 1.3107499423118578
4840.96 1.3110282535701347
4841.26 1.3113161751762246
4841.55 1.3115945123553405
4841.84 1.3118728622736633
4842.13 1.3121512249301746
4842.42 1.3124296003238567
4842.72 1.3134127013721622
4843.01 1.315707014993058
4843.3 1.3180014667470261
4843.59 1.3202960566236337
4843.88 1.3225907846124463
4844.17 1.3248856507030318
4844.47 1.3272597954230574
4844.76 1.3295549424471182
4845.05 1.3318502275412982
4845.34 1.3341456506951674
4845.63 1.33267841363008
4845.93 1.3308721350083406
4846.22 1.3291259505477946
4846.51 1.3273796529208746
4846.8 1.325633242136016
4847.09 1.3238867182016552
4847.38 1.3221400811262267
4847.68 1.320333096134647
4847.97 1.3185862289017023
4848.26 1.3187114072544264
4848.55 1.3203577649750131
4848.84 1.3220042203558169
4849.14 1.3237075528218942
4849.43 1.3253542068678965
4849.72 1.327000958551675
4850.0 1.328591018333292
4850.01 1.328647807865836
4850.3 1.3302947548029858
4850.59 1.3319417993557314
4850.89 1.3336941625514478
4851.18 1.3356222593697278
4851.47 1.3375504712118422
4851.76 1.33947879806909
4852.05 1.3414072399327732
4852.35 1.3434023008059153
4852.64 1.3453309766213541
4852.93 1.3472597674168314
4853.22 1.3491886731836502
4853.51 1.3511176939131126
4853.81 1.353347096417729
4854.1 1.3555710866437505
4854.39 1.3577952100826909
4854.68 1.3600194667244827
4854.97 1.3622438565590584
4855.26 1.3644683795763528
4855.56 1.3667697504238474
4855.85 1.3689945443680156
4856.14 1.3712194714643604
4856.43 1.3750008759294945
4856.72 1.381329333990146
4857.02 1.3878764223962543
4857.31 1.3942056685574016
4857.6 1.4005353020457387
4857.89 1.4068653228321113
4858.18 1.413195730887366
4858.47 1.4195265261823493
4858.77 1.4260760322319417
4859.06 1.4324076152695007
4859.35 1.4485348867444243
4859.64 1.4646631518879185
4859.93 1.4807924106252837
4860.23 1.4974788961962524
4860.52 1.5136101761526983
4860.81 1.5297424494763145
4861.1 1.5458757160924683
4861.39 1.5620099759264823
4861.68 1.5781452289036817
4861.98 1.5912232478088757
4862.27 1.601536598707971
4862.56 1.6118505822002829
4862.85 1.6221651982382537
4863.14 1.632480446774297
4863.44 1.6431520590745772
4863.73 1.6534685942701643
4864.02 1.6637857618194745
4864.31 1.6741035616748658
4864.6 1.6807010020655107
4864.9 1.6727702348310263
4865.19 1.6651033384321223
4865.48 1.6574359622697883
4865.77 1.649768106379962
4866.06 1.6420997707986513
4866.35 1.6344309555617902
4866.65 1.6264971937080084
4866.94 1.618827402731184
4867.23 1.6111571322079077
4867.52 1.5957785360137595
4867.81 1.578793133258984
4868.11 1.5612209169713465
4868.4 1.5442333683180656
4868.69 1.5272447650212198
4868.98 1.5102551071599626
4869.27 1.493264394813392
4869.56 1.476272628060758
4869.86 1.4586938288296925
4870.0 1.4504900030862584
4870.15 1.443316705873702
4870.44 1.4299285838024842
4870.73 1.4165396302917814
4871.02 1.4031498454039457
4871.32 1.3892974689886926
4871.61 1.3759059928711275
4871.9 1.362513685565784
4872.19 1.349120547135043
4872.48 1.335726577641279
4872.77 1.3226083937666937
4873.07 1.3170496014072492
4873.36 1.3116757603067046
4873.65 1.3063015832054532
4873.94 1.3009270701286777
4874.23 1.295552221101559
4874.53 1.2899916789527957
4874.82 1.2846161465182195
4875.11 1.2792402782097037
4875.4 1.2738640740524225
4875.69 1.2714336860917785
4875.98 1.2705537980508248
4876.28 1.2696435073665082
4876.57 1.2687635000889221
4876.86 1.267883434210093
4877.15 1.2670033097343663
4877.44 1.266123126666086
4877.74 1.2652125308041073
4878.03 1.2643322285436995
4878.32 1.2641244814381738
4878.61 1.2656823826162518
4878.9 1.2672403753978052
4879.2 1.268852188457039
4879.49 1.2704103675828624
4879.78 1.2719686382911046
4880.07 1.2735270005748274
4880.36 1.2750854544270929
4880.65 1.2766439998409633
4880.95 1.2782563845447434
4881.24 1.2801963503779676
4881.53 1.2821804211253822
4881.82 1.2841646095748382
4882.11 1.2861489157174342
4882.41 1.2882017700509905
4882.7 1.2901863156107758
4882.99 1.2921709788366937
4883.28 1.2941557597198448
4883.57 1.2961406582513304
4883.86 1.2970998241677136
4884.16 1.2969550598516553
4884.45 1.2968151077314276
4884.74 1.29667514255587
4885.03 1.2965351643259053
4885.32 1.296395173042456
4885.62 1.2962503407379267
4885.91 1.2961103229002355
4886.2 1.2959702920118596
4886.49 1.295677991540319
4886.78 1.294066071493545
4887.07 1.2924540479534
4887.37 1.2907863284948375
4887.66 1.2891740944230397
4887.95 1.2875617568812912
4888.24 1.285949315877309
4888.53 1.2843367714188105
4888.83 1.2826685131200772
4889.12 1.2810557582089661
4889.41 1.2819810550723612
4889.7 1.2838733503232602
4890.0 1.285831014782045
4890.29 1.2877235374760916
4890.58 1.2896161719513948
4890.87 1.291508918199497
4891.16 1.2934017762119419
4891.45 1.2952947459802726
4891.74 1.2971878274960347
4892.04 1.298803069919736
4892.33 1.29970095517404
4892.62 1.3005988910770354
4892.91 1.3014968776248568
4910.0 1.359441486049704
4928.77 1.3451720026199805
4929.07 1.3506777224994824
4929.36 1.3560002425741866
4929.66 1.3615066331682095
4929.96 1.367013364764066
4930.0 1.3677476214066673
4930.26 1.3725204373351718
4930.55 1.3761571600250193
4930.85 1.3797181295189866
4931.15 1.3832793176685834
4931.45 1.3868407244567582
4931.74 1.390283625497384
4932.04 1.3938454622249452
4932.34 1.3974075175404352
4932.64 1.4009697914267873
4932.93 1.4044135305979641
4933.23 1.4084485020258621
4933.53 1.4127198628870077
4933.83 1.416991486702666
4934.12 1.4211209729913856
4934.42 1.4253931138910632
4934.72 1.4296655176843849
4935.02 1.4339381843508368
4935.31 1.4380686786513017
4935.61 1.4423418622417215
4935.91 1.4449249796148742
4936.21 1.4455763886116326
4936.5 1.4462061178667869
4936.8 1.4468575969813784
4937.1 1.4475091117448904
4937.4 1.4481606621544802
4937.69 1.4487905280979934
4937.99 1.4494421486032538
4938.29 1.450093804746166
4938.59 1.4516824058834685
4938.88 1.4557088361345345
4939.18 1.4598743603118376
4939.48 1.4640401402359478
4939.78 1.4682061758869278
4940.07 1.4722335867466956
4940.37 1.4764001252689365
4940.67 1.4805669194588247
4940.97 1.4847339692964043
4941.26 1.4889074587435667
4941.56 1.4974281005838126
4941.86 1.505949270551636
4942.16 1.5144709686059374
4942.45 1.5227091119952578
4942.75 1.5312318484995517
4943.05 1.5397551129682356
4943.35 1.5482789053601718
4943.64 1.5565190731207488
4943.94 1.5650439036417185
4944.24 1.5751847997474406
4944.54 1.5856494423480665
4944.83 1.5957658804352546
4945.13 1.6062317993451807
4945.43 1.6166983671509476
4945.73 1.6271655838019734
4946.02 1.6372845099473352
4946.32 1.6477530025133114
4946.62 1.658222143774664
4946.92 1.6685938639962647
4947.21 1.6785655846368432
4947.51 1.6888817859307534
4947.81 1.6991986260406393
4948.11 1.7095161049166967
4948.4 1.7194902749662244
4948.7 1.729809009937332
4949.0 1.7401283835270085
4949.3 1.7504483956854953
4949.59 1.7611094117915813
4949.89 1.7731417479872849
4950.0 1.7775537913342128
4950.19 1.785174829481857
4950.49 1.7972086562173113
4950.78 1.808842063733163
4951.08 1.8208773559395903
4951.38 1.832913393214643
4951.68 1.8449501755002773
4951.97 1.856586439829104
4952.27 1.8691111051582323
4952.57 1.883582278517788
4952.87 1.8980543484670276
4953.16 1.9120448682772349
4953.46 1.926518701315713
4953.76 1.9409934307366683
4954.06 1.9554690564702781
4954.35 1.9694630132754367
4954.65 1.9839404015535573
4954.95 1.9984186859372675
4955.25 2.013528603685132
4955.54 2.028135746569021
4955.84 2.043247503682519
4956.14 2.058360195958615
4956.44 2.0734738233244183
4956.73 2.0880845518976856
4957.03 2.1032000180608965
4957.33 2.1183164190977823
4957.63 2.1334337549355165
4957.92 2.1428241137889135
4958.22 2.1511290592895196
4958.52 2.1594345147302474
4958.82 2.1677404800713016
4959.11 2.1757700645522355
4959.41 2.1840770325813286
4959.71 2.192384510392801
4960.01 2.200692497946895
4960.3 2.2087240370838184
4960.6 2.210476649503519
4960.9 2.207215506648135
4961.2 2.203954152852135
4961.49 2.2008013103539006
4961.79 2.197539541755615
4962.09 2.194277562265102
4962.39 2.1910153718986667
4962.68 2.1878617207771627
4962.98 2.1845991157356544
4963.28 2.177026927389001
4963.58 2.1629900001914417
4963.87 2.1494201329225815
4964.17 2.1353814727338727
4964.47 2.1213419314647672
4964.77 2.1073015091837126
4965.06 2.0937282635922396
4965.36 2.079686108854061
4965.66 2.0656430733069335
4965.96 2.050578030088783
4966.25 2.0320657813481726
4966.55 2.012914001080307
4966.85 1.9937610228139566
4967.15 1.974606846642293
4967.44 1.9560900044215592
4967.74 1.936933472640885
4968.04 1.9177757432310412
4968.34 1.8986168162851174
4968.63 1.8800953820003288
4968.93 1.8637776528724908
4969.23 1.8475569597587107
4969.53 1.8313352522427968
4969.82 1.815653304139329
4970.0 1.8059192044779024
4970.12 1.7994296018626352
4970.42 1.7832048854177307
4970.72 1.7669791548834395
4971.02 1.75075241033858
4971.31 1.7350655934792663
4971.61 1.7237582220259955
4971.91 1.7139479962343511
4972.21 1.7041371552808793
4972.5 1.6946527576586192
4972.8 1.6848407070262785
4973.1 1.6750280413738605
4973.4 1.6652147607491694
4973.69 1.6557280049581802
4973.99 1.6459135150272903
4974.29 1.6385623040328172
4974.58 1.6332770978701028
4974.88 1.6278093039843338
4975.18 1.622341165140612
4975.48 1.6168726813657215
4975.78 1.6114038526863925
4976.07 1.6061169904707207
4976.37 1.6006474835574325
4976.48 1.5986419112899917
4976.67 1.595177631819113
4976.78 1.5931719331225314
4976.97 1.5895657113000765
4977.08 1.5874181589799243
4977.26 1.583903875526472
4977.38 1.5815609461489326
4977.56 1.578046441474326
4977.68 1.575703364621741
4977.86 1.5721886387431692
4977.98 1.569845414426984
4978.16 1.566330467361579
4978.28 1.5639870955932396
4978.45 1.5606672179635752
4978.58 1.5581284081491378
4978.75 1.5548083216529704
4978.88 1.5522693521232886
4979.05 1.54894905677683
4979.18 1.5464099275443
4979.35 1.5430894233637613
4979.48 1.540550134440797
4979.64 1.5379826592999384
4979.78 1.537200552488332
4979.94 1.5363066869993447
4980.08 1.5355245292061854
4980.24 1.534630605454819
4980.39 1.5337925237187149
4980.54 1.5329544146747964
4980.69 1.53211627832411
4980.83 1.5313339930942909
4980.99 1.5304399237066477
4981.13 1.529657587509049
4981.29 1.5287634598747626
4981.43 1.527981072713317
4981.59 1.5270868868368834
4981.73 1.52630444871553
4981.89 1.5254102046014375
4982.02 1.5246836083896231
4982.19 1.523733413176859
4982.32 1.523006769652368
4982.49 1.5248151999184534
4982.62 1.5264794405210895
4982.79 1.5286558209928076
4982.92 1.5303201622862166
4983.09 1.5324966744253414
4983.21 1.5340330808545772
4983.39 1.5363377601979042
4983.51 1.5378742595580703
4983.69 1.5401790782923372
4983.81 1.5417156705761863
4983.99 1.5440206286905167
4984.11 1.5455573138907672
4984.29 1.5478624113742852
4984.4 1.5492711232218537
4984.59 1.5517044263254987
4984.7 1.5531132233332507
4984.89 1.5555466735260135
4985.0 1.5569555556872974
4985.19 1.5617077103320016
4985.3 1.5654352876025779
4985.49 1.5718740275523448
4985.59 1.5752629384760417
4985.79 1.5820409680879672
4985.89 1.5854300867726294
4986.09 1.592208531890296
4986.19 1.5955978583197032
4986.39 1.602376718910762
4986.49 1.6057662530687549
4986.69 1.6125455291007667
4986.78 1.615596293668586
4986.99 1.6227149624118087
4987.08 1.6257659139064609
4987.29 1.6328850187952981
4987.38 1.6359361572022162
4987.59 1.6430556982026772
4987.68 1.6461070235072945
4987.9 1.656575391701925
4987.97 1.661582000614198
4988.2 1.6780327932065582
4988.5 1.6994915150849823
4988.8 1.7209515572343768
4989.1 1.7424129195519291
4989.4 1.763875601934768
4989.7 1.7853396042802245
4990.0 1.806804926485441
4990.3 1.828271568447632
4990.6 1.8500173477432627
4990.9 1.8735703344328078
4991.2 1.897124769259504
4991.5 1.9206806521105084
4991.8 1.9442379828730558
4992.1 1.9677967614343892
4992.4 1.9913569876816866
4992.7 2.0149186615023504
4993.0 2.0384817827835726
4993.3 2.062046351412627
4993.6 2.0884710096001475
4993.9 2.1148972913279507
4994.2 2.141325196469764
4994.5 2.167754724899083
4994.8 2.194185876489491
4995.1 2.2206186511145796
4995.41 2.247934223180946
4995.71 2.2743702975867603
4996.01 2.3008079946438698
4996.31 2.3254882163226913
4996.61 2.349974490571076
4996.91 2.37446226656781
4997.21 2.3989515441958478
4997.51 2.4234423233382287
4997.81 2.447934603878
4998.11 2.472428385698141
4998.41 2.4969236686818608
4998.71 2.5214204527121575
4999.01 2.555425691310053
4999.31 2.5923265263788084
4999.61 2.6292296262232258
4999.91 2.6661349906671634
5000.21 2.7030426195341644
5000.51 2.7399525126478883
5000.81 2.7768646698320123
5001.11 2.8137790909101077
5001.41 2.8506957757060993
5001.71 2.8928557119443954
5002.01 2.9380525838392804
5002.31 2.983252228445344
5002.61 3.028454645546544
5002.92 3.0751667223156085
5003.22 3.1203747761582252
5003.52 3.165585601841285
5003.82 3.2107991991488007
5004.12 3.256015567865211
5004.42 3.3031377582539316
5004.72 3.3519280571131693
5005.02 3.4007213462722783
5005.32 3.449517625498245
5005.62 3.4983168945585197
5005.92 3.5471191532201236
5006.22 3.5959244012502416
5006.52 3.6447326384160736
5006.82 3.6935438644846874
5007.12 3.7294074727643722
5007.42 3.7458467663378534
5007.72 3.762287057590358
5008.02 3.778728346444075
5008.32 3.7951706328211534
5008.62 3.811613916643893
5008.92 3.8280581978344514
5009.22 3.8445034763150407
5009.52 3.86094975200788
5009.82 3.8637396706889438
5010.0 3.8428786480276322
5010.12 3.8289708696867613
5010.42 3.7941999192624127
5010.73 3.7582676792474445
5011.03 3.723492358846696
5011.33 3.6887148895306514
5011.63 3.653935271466385
5011.93 3.619153504820964
5012.23 3.584369589761548
5012.53 3.5444926235959557
5012.83 3.4791579011478286
5013.13 3.4138191556220576
5013.43 3.348476387331591
5013.73 3.283129596589558
5014.03 3.2177787837084675
5014.33 3.152423949001405
5014.63 3.087065092781236
5014.93 3.021702215360804
5015.23 2.956579506114711
5015.53 2.8985344912751048
5015.83 2.8404859055596683
5016.13 2.782433749246186
5016.43 2.7243780226124272
5016.73 2.666318725936314
5017.03 2.6082558594952263
5017.33 2.550189423567051
5017.63 2.4921194184294797
5017.93 2.434045844360188
5018.23 2.3924891671151483
5018.54 2.351441436619198
5018.84 2.311715342730871
5019.14 2.2719868060206094
5019.44 2.232255826678553
5019.74 2.1925224048944707
5020.04 2.1527865408584783
5020.34 2.113048234760559
5020.64 2.073307486790684
5020.94 2.0395734019830796
5021.24 2.0073395659655735
5021.54 1.9751037486916627
5021.84 1.942865950315461
5022.14 1.9106261709910701
5022.44 1.878384410872682
5022.74 1.8461406701141834
5023.04 1.8138949488697436
5023.34 1.7816472472934255
5023.64 1.7566206416038117
5023.94 1.735204146537456
5024.24 1.7137863346930993
5024.54 1.6923672061732142
5024.84 1.670946761080207
5025.14 1.6495249995164738
5025.44 1.6281019215844685
5025.74 1.6066775273864453
5026.04 1.5852518170248457
5026.35 1.569716815611711
5026.65 1.5599471324000838
5026.95 1.5501768462986865
5027.25 1.5404059573544044
5027.55 1.530634465614092
5027.85 1.520862371124599
5028.15 1.5110896739328012
5028.45 1.5013163740854842
5028.75 1.4915424716295185
5029.05 1.482155104626348
5029.35 1.4732734316415073
5029.65 1.4643912107845298
5029.95 1.4555084420979403
5030.0 1.4540279273919507
5030.25 1.446625125624342
5030.55 1.4377412614063068
5030.85 1.4288568494864062
5031.15 1.4199718899072338
5031.45 1.4110863827113003
5031.75 1.4038601985552044
5032.05 1.4005067179285804
5032.35 1.3971530276825828
5032.65 1.3937991278334767
5032.95 1.390445018397496
5033.25 1.387090699390904
5033.55 1.3837361708299523
5033.85 1.3803814327308916
5034.16 1.376914649914373
5034.46 1.3738845658756516
5034.76 1.371922445009514
5035.06 1.3699601996841706
5035.36 1.367997829909256
5035.66 1.3660353356943857
5035.96 1.364072717049193
5036.26 1.362109973983304
5050.0 1.3189622257898652
5070.0 1.3351263043956947
5090.0 1.3170754893619747
5110.0 1.3178284031943375
5130.0 1.29272895669661
5150.0 1.3023823396531473
5170.0 1.1863604909976453
5190.0 1.234516489131097
5210.0 1.3133828879454352
5230.0 1.3121764281858623
5250.0 1.360457186638471
5270.0 1.2472090494414922
5290.0 1.4510991321815412
5310.0 1.463238858273719
5330.0 1.3619234491098282
5350.0 1.4267138836282252
5370.0 1.4070964702134854
5390.0 1.4170541070418983
5410.0 1.3561870147376722
5430.0 1.422972634081349
5450.0 1.4381800419667168
5470.0 1.424929417223554
5490.0 1.428158095471995
5510.0 1.411847558223553
5530.0 1.4289403147571373
5550.0 1.4603954109938375
5570.0 1.4384559517136273
5590.0 1.3938156563591235
5610.0 1.477735523161371
5630.0 1.4389960707698382
5650.0 1.4417426004050222
5670.0 1.431691177502128
5690.0 1.4150298826262475
5710.0 1.4218982875595898
5730.0 1.4965975804511606
5750.0 1.5168678168452594
5770.0 1.489016555836357
5790.0 1.404475020173707
5810.0 1.5037344345258135
5830.0 1.5127668693969347
5850.0 1.51830440923014
5870.0 1.5370809260875702
5890.0 1.3911760237338633
5910.0 1.439142347452341
5930.0 1.4829068704026154
5950.0 1.4749561936002575
5970.0 1.4751922322627815
5990.0 1.4450248584824525
6010.0 1.4484264453684574
6030.0 1.4831346793077718
6050.0 1.504237291882536
6070.0 1.5165192497896767
6090.0 1.5113284379008693
6110.0 1.4708053449258582
6130.0 1.478414074790919
6150.0 1.4581551366175594
6170.0 1.3798595381475642
6190.0 1.420557411444884
6210.0 1.4352531482466477
6230.0 1.4070080994070946
6250.0 1.4121843957433915
6270.0 1.461097088262795
6290.0 1.4959189077494697
6310.0 1.531017959742237
6330.0 1.489196935898218
6350.0 1.482454259784519
6370.0 1.503809157395954
6390.0 1.5013491017860685
6410.0 1.4983107964118338
6430.0 1.5255509895150736
6450.0 1.47269754534989
6470.0 1.507648796675062
6490.0 1.479808490739352
6510.0 1.4673715025078475
6523.64 1.5227234042441693
6524.04 1.5220747960910221
6524.43 1.5214423596420998
6524.82 1.5212161996757587
6525.22 1.5225991274108372
6525.61 1.5239475540315515
6526.0 1.5252960518091052
6526.4 1.526679200359614
6526.79 1.5280278422456481
6527.19 1.5294111385793174
6527.58 1.532347004759783
6527.97 1.5398856985118694
6528.37 1.5476181360087369
6528.76 1.5551576953161623
6529.15 1.562697681835071
6529.55 1.5704314450639096
6529.94 1.5779722967818175
6530.0 1.5791324657193773
6530.34 1.5854674996436882
6530.73 1.5922309822675464
6531.12 1.5989948470592523
6531.52 1.605932541219266
6531.91 1.612697179986459
6532.3 1.6194622007641994
6532.7 1.626401080387527
6533.09 1.6321219253440804
6533.49 1.6358462436516188
6533.88 1.639477658272799
6534.27 1.6431092745519131
6534.67 1.6468342186487046
6535.06 1.650466243330324
6535.46 1.6541916062437603
6535.85 1.662100449819158
6536.24 1.6768521938217102
6536.64 1.6919830600281984
6537.03 1.706736505011588
6537.42 1.7214907895470246
6537.82 1.73662426106941
6538.21 1.7513802458861123
6538.6 1.7672019291237586
6539.0 1.7850002625670818
6539.39 1.802354638195766
6539.79 1.8201550238488495
6540.18 1.837511400106615
6540.57 1.854868763813613
6540.97 1.87267221374064
6541.36 1.891815303884927
6541.76 1.9135848105094762
6542.15 1.9348113033565049
6542.54 1.9560390044338891
6542.94 1.9778122604647619
6543.33 1.999042408479997
6543.72 2.020273764228938
6544.12 2.0496148851612133
6544.51 2.0855993540100273
6544.91 2.122508632987834
6545.3 2.1584972578611845
6545.69 2.1944879340211965
6546.09 2.2314035785964017
6546.48 2.2673984090733024
6546.87 2.3034962110150254
6547.27 2.3406104576901057
6547.66 2.3767989352217995
6548.06 2.4139174626752906
6548.45 2.4501101133919274
6548.84 2.4863048238653795
6549.24 2.5234297432003454
6549.63 2.54828884905085
6550.0 2.564390230552398
6550.02 2.5652606001005873
6550.42 2.582668520907643
6550.81 2.5996422152986662
6551.21 2.617052129002197
6551.6 2.634027766200109
6551.99 2.651004362308209
6552.39 2.655779848366513
6552.78 2.6530431132189434
6553.17 2.6503062105619306
6553.57 2.647498956930328
6553.96 2.64476171502889
6554.36 2.6419541135020377
6554.75 2.639216532449281
6555.14 2.6464808296615314
6555.54 2.659061214377043
6555.93 2.6713277871667103
6556.33 2.6839096029465783
6556.72 2.696177570832223
6557.11 2.7084462272947256
6557.51 2.721030179881286
6557.9 2.7732780142113214
6558.29 2.8412348222568014
6558.69 2.910938125731411
6559.08 2.9789027589264276
6559.48 3.048614087092972
6559.87 3.1165865432879136
6560.26 3.1845628606778518
6560.66 3.292489342076479
6561.05 3.4101401050099462
6561.44 3.5277975570604045
6561.84 3.6484788144958245
6562.23 3.76614981351749
6562.63 3.886844963374421
6563.02 4.0045295056474295
6563.41 4.092580693071395
6563.81 4.175049392441338
6564.2 4.255460992820851
6564.59 4.335877152609241
6564.99 4.418360000834477
6565.38 4.498785394454404
6565.78 4.581277711975994
6566.17 4.56719518750035
6566.56 4.5359264177321705
6566.96 4.503854017291604
6567.35 4.472581606449328
6567.75 4.440505472086184
6568.14 4.409229421168894
6568.53 4.377951573620864
6568.93 4.279804293962576
6569.32 4.174902917517979
6569.71 4.0699955616476
6570.0 3.9919836520667316
6570.11 3.962392063055099
6570.5 3.8574725974969315
6570.9 3.749856680415689
6571.29 3.6449251084919707
6571.68 3.5556363754311846
6572.08 3.4653904489947767
6572.47 3.3773955953793964
6572.86 3.289395731353691
6573.26 3.1991342565029446
6573.65 3.1111242452631163
6574.05 3.020852364440539
6574.44 2.9923652494958968
6574.83 2.9638765055528014
6575.23 2.9346555890391888
6575.62 2.906163546005856
6576.01 2.8776698746412306
6576.41 2.848443905054797
6576.8 2.8216051118634606
6577.2 2.8587047737673292
6577.59 2.89487900924709
6577.98 2.9310552834310175
6578.38 2.968161271886013
6578.77 3.00434167490736
6579.16 3.0405241157980436
6579.56 3.0812720715491024
6579.95 3.1647234447424104
6580.35 3.250319494003008
6580.74 3.333780416215727
6581.13 3.417246051536509
6581.53 3.5028567266149997
6581.92 3.586331907046252
6582.31 3.6692886790877948
6582.71 3.7496826112745176
6583.1 3.8280711730470145
6583.5 3.908474290017803
6583.89 3.9868718057277577
6584.28 4.065273740831182
6584.68 4.145690572159946
6585.07 4.2128369887088155
6585.46 4.218030855166172
6585.86 4.223358184644592
6586.25 4.228552610631964
6586.65 4.233880513908619
6587.04 4.239075499272548
6587.43 4.2442707607278365
6587.83 4.231723703778854
6588.22 4.149771949112772
6588.62 4.065714038949659
6589.01 3.983752869439252
6589.4 3.901787053045
6589.8 3.817714722570827
6590.0 3.7756767247030334
6590.19 3.7357394951824414
6590.58 3.6469102233568305
6590.98 3.532380623326866
6591.37 3.4207078628470104
6591.77 3.306165134590051
6592.16 3.1944795758414894
6592.55 3.082787700251588
6592.95 2.968225369437271
6593.34 2.8658637838010312
6593.73 2.7872794749369816
6594.13 2.7066755666125712
6594.52 2.6280822548577314
6594.92 2.5474691140631163
6595.31 2.4688668018814086
6595.7 2.390260047359269
6596.1 2.3219490495292936
6596.49 2.280282472336416
6596.88 2.2386135371215876
6597.28 2.1958737185140813
6597.67 2.154200007769408
6598.07 2.111455291852587
6598.46 2.0697768068844815
6598.85 2.03524510270723
6599.25 2.0129199770773374
6599.64 1.9911517295569328
6600.04 1.9688240399365042
6600.43 1.9470532928671929
6600.82 1.9252813120954437
6601.22 1.902949794022765
6601.61 1.8830016235731935
6602.0 1.8656777155433955
6610.0 1.604460077218375
6630.0 1.5434691431133585
6650.0 1.5082040988038294
6670.0 1.5439892765592673
6690.0 1.4982420968072796
6710.0 1.6397506292798574
6730.0 1.952567981516092
6750.0 1.5635054493864324
6770.0 1.524084617199468
6790.0 1.523551321494981
6810.0 1.5142404740481723
6830.0 1.5081632106414709
6850.0 1.490063166136724
6870.0 1.4780643819489891
6890.0 1.4477937095374784
6910.0 1.4707828256176154
6930.0 1.484966347879548
6950.0 1.514464496809947
6970.0 1.520484804918004
6990.0 1.502943624779961
7010.0 1.509954821523412
7030.0 1.5111793604131636
7050.0 1.5523728660583445
7070.0 1.4633059644961084
7090.0 1.4871117332073516
7110.0 1.424904223565841
7130.0 1.4041247044844882
7150.0 1.4219925579404775
7170.0 1.4236383178327592
7190.0 1.3913393087302917
7210.0 1.393071029125544
7230.0 1.4559699374334591
7250.0 1.4440461114657355
7270.0 1.4660780486698985
7290.0 1.4490216909733011
7310.0 1.4547760254278486
7330.0 1.4770172307360527
7350.0 1.5099018842166776
7370.0 1.521685448755836
7390.0 1.5527318537160708
7410.0 1.5274136410278574
7430.0 1.5505159153398258
7450.0 1.5263429554614243
7470.0 1.5103799950650112
7490.0 1.549848348466844
7510.0 1.55220982309712
7530.0 1.5623013005840818
7550.0 1.5723688977323762
7570.0 1.5651427939537224
7590.0 1.5545346495668302
7610.0 1.546021254105042
7630.0 1.4888052639685254
7650.0 1.5156706685824486
7670.0 1.4931307481900178
7690.0 1.4751502667224976
7710.0 1.4707748861384247
7730.0 1.4606240674991098
7750.0 1.4537303735027114
7770.0 1.4602120986498273
7790.0 1.4451885199315244
7810.0 1.4576181781371318
7830.0 1.466267745694992
7850.0 1.4465702472497362
7870.0 1.4765636029967795
7890.0 1.4880015960471913
7910.0 1.4733827374042592
7930.0 1.4401588479772254
7950.0 1.4191688768282142
7970.0 1.4526465258768273
7990.0 1.4476213999551504
8010.0 1.4530314203226677
8030.0 1.5056320813858521
8050.0 1.5126297486335953
8070.0 1.4781686462432422
8090.0 1.4616189698192301
8110.0 1.4822757429842175
8130.0 1.4966706593309589
8150.0 1.4840332446555267
8170.0 1.4065102602760062
8190.0 1.4110062146540423
8210.0 1.4261058415698096
8230.0 1.45029074603469
8250.0 1.5142460121382064
8270.0 1.4606463845393574
8290.0 1.4489620812162083
8310.0 1.4520483592370232
8330.0 1.4623879662203736
8350.0 1.4433316947549883
8370.0 1.4674452398521638
8390.0 1.4675506124501674
8410.0 1.4560035608175061
8430.0 1.4641575395869242
8450.0 1.4687985651915012
8470.0 1.4153481991032215
8490.0 1.4341014028424048
8510.0 1.4588498302691564
8530.0 1.4436630645606134
8550.0 1.3630901237701791
8570.0 1.4047082293955995
8590.0 1.4456114721678457
8610.0 1.432856154545284
8630.0 1.443290062712776
8650.0 1.418578396560013
8670.0 1.330732913241614
8690.0 1.3210241125680369
8710.0 1.3961473101672346
8730.0 1.4303494392141358
8750.0 1.4027389617078916
8770.0 1.4170218730049666
8790.0 1.4509830769108671
8810.0 1.3781594032316904
8830.0 1.3950814439751518
8850.0 1.4322691470935784
8870.0 1.3788285512495235
8890.0 1.3716358910783173
8910.0 1.4018596384673752
8930.0 1.400921848892063
8950.0 1.3997259575044259
8970.0 1.3740622262378164
8990.0 1.2957126465397841
9010.0 1.248412388551413
9030.0 1.3291088013650139
9050.0 1.4697130822397464
9070.0 1.4795743210780485
9090.0 1.4444824467013577
9110.0 1.3986737938143856
9130.0 1.2797762748289943
9150.0 1.3795345516331254
9170.0 1.4101312536470596
9190.0 1.3986585325692935
9210.0 1.404712771978307
9230.0 1.3473599394529225
9250.0 1.3446137578089754
9270.0 1.436448599985644
9290.0 1.371759789937787
9310.0 1.3810052507701733
9330.0 1.4262583922336354
9350.0 1.4196981554037251
9370.0 1.4154704418729578
9390.0 1.4181987321503164
9410.0 1.4079262830354606
9430.0 1.4431676946341727
9450.0 1.430159280528877
9470.0 1.4675869074322578
9490.0 1.4685530674558351
9510.0 1.430854468613851
9530.0 1.4257807259101727
9550.0 1.389827636496671
9570.0 1.4022425945338701
9590.0 1.434804745319101
9610.0 1.4462659347338753
9630.0 1.448784186098267
9650.0 1.4367595552267982
9670.0 1.4360886062565679
9690.0 1.454674192289786
9710.0 1.4302058295740057
9730.0 1.4144134293037172
9750.0 1.406879662991247
9770.0 1.4104818451689964
9790.0 1.4240078256443505
9810.0 1.4307915914223652
9830.0 1.4214211552711313
9850.0 1.4267904881558218
9870.0 1.4216378140291923
9890.0 1.4220075482165528
9910.0 1.417925464839065
9930.0 1.4264145561075736
9950.0 1.4367918575870198
9970.0 1.439807526872939
9990.0 1.4392669922102423
10025.0 1.447904789202656
10075.0 1.4288471251810766
10125.0 1.4859268969213366
10175.0 1.4834766050833963
10225.0 1.515904301568511
10275.0 1.5337282953805826
10325.0 1.5266935279661453
10375.0 1.513652929984208
10425.0 1.5005496055804555
10475.0 1.4873843157205064
10525.0 1.4717998260502403
10575.0 1.452881965361161
10625.0 1.43388861705381
10675.0 1.4148206834923878
10725.0 1.4031970228709671
10775.0 1.3986448192892056
10825.0 1.394060099159104
10875.0 1.3894432443784637
10925.0 1.3748488438277657
10975.0 1.3515550502589242
11025.0 1.3281819647750144
11075.0 1.304730507241384
11125.0 1.2954795262703853
11175.0 1.3014782107347647
11225.0 1.307475272200271
11275.0 1.3134707279683115
11325.0 1.320280752086145
11375.0 1.328572001580271
11425.0 1.3368672517345201
11475.0 1.3451664562511774
11525.0 1.3449768865297427
11575.0 1.3407919079707744
11625.0 1.3365816382648854
11675.0 1.3323463574936818
11725.0 1.3199993799670018
11775.0 1.2958815529212047
11825.0 1.271694804411745
11875.0 1.2474398887457154
11925.0 1.2418103515482393
11975.0 1.2483936063431893
12025.0 1.2549783679254418
12075.0 1.2615646192061005
12125.0 1.2633276796891977
12175.0 1.2633778921228112
12225.0 1.2634157702679567
12275.0 1.2634414447880356
12325.0 1.2606375353776542
12375.0 1.2491055580432675
12425.0 1.2375381858876326
12475.0 1.2259357901608343
12525.0 1.215877174388861
12575.0 1.210704168612947
12625.0 1.2055100856687264
12675.0 1.2002951434435685
12725.0 1.1968940252287612
12775.0 1.1940501822744927
12825.0 1.191190732229513
12875.0 1.1883158341797968
12925.0 1.1859176517880787
12975.0 1.1837834736861665
13025.0 1.181635743643707
13075.0 1.1794745979506809
13125.0 1.1731881021563664
13175.0 1.1618301731537202
13225.0 1.150442701442249
13275.0 1.1390259808532683
13325.0 1.1313469406279377
13375.0 1.1245672560623197
13425.0 1.1177673783942943
13475.0 1.1109475057892213
13525.0 1.1052820897692424
13575.0 1.1008410571187373
13625.0 1.0963847134634002
13675.0 1.0919132070917061
13725.0 1.0817422647183261
13775.0 1.069442786718975
13825.0 1.0571157366359802
13875.0 1.0447613784513867
13925.0 1.0312356846677595
13975.0 1.014759756530027
14025.0 0.9982507712294144
14075.0 0.9817090414278211
14125.0 0.9715706962163223
14175.0 0.9706330643230694
14225.0 0.9696880069770494
14275.0 0.9687355933765562
14325.0 0.9705306164567691
14375.0 0.9752266376579493
14425.0 0.9799240795892501
14475.0 0.9846229289160242
14525.0 0.9819869007998853
14570.0 0.9732073696177083
14620.0 0.963433394195286
14675.0 0.9526592031594879
14725.0 0.9509013007987257
14775.0 0.9580906013786573
14825.0 0.9652850941565083
14875.0 0.9724847321339596
14925.0 0.9790813965504596
14975.0 0.9847036424153186
15025.0 0.9903286795636266
15075.0 0.9959564829518478
15125.0 1.002311480759021
15175.0 1.0110144573159607
15225.0 1.0197243024369183
15275.0 1.0284409554594385
15325.0 1.0296112656290535
15375.0 1.0280726901744295
15425.0 1.026527161424544
15475.0 1.0249747397781386
15525.0 1.021623241147556
15575.0 1.0163414451348256
15625.0 1.0110481388384545
15675.0 1.0057434212154983
15725.0 0.999233070977845
15775.0 0.986875205187457
15825.0 0.9744973650246544
15875.0 0.9620997204011529
15925.0 0.9556345325791588
15975.0 0.9544345290247552
16050.0 0.9526241787886158
16150.0 0.9532744207538252
16250.0 0.9554029411825541
16350.0 0.9560685860960296
16450.0 0.9548455929509742
16550.0 0.9587125920779699
16650.0 0.9667796718888766
16750.0 0.971620297693159
16850.0 0.9746273758648489
16950.0 0.9766518292363696
17050.0 0.9765662543459342
17150.0 0.9712775710658453
17250.0 0.9566564534825088
17350.0 0.9418504683350025
17450.0 0.9267673752824546
17550.0 0.9089400171170648
17650.0 0.8864981598711714
17750.0 0.8622049096610435
17850.0 0.8344261555741515
17950.0 0.808606051120186
18050.0 0.7835747200934491
18150.0 0.7684828182777623
18250.0 0.7591174172248168
18350.0 0.7473651376123778
18450.0 0.7335714580696044
18550.0 0.7154761903928631
18650.0 0.691476959610258
18750.0 0.6808248114494212
18850.0 0.6756477237171475
18950.0 0.6728444532815979
19050.0 0.672016836131979
19150.0 0.6688980556708023
19250.0 0.6616714413623588
19350.0 0.6527371413931388
19450.0 0.6426040147699036
19550.0 0.6311592440396294
19650.0 0.6173544330618257
19750.0 0.6055511938448852
19850.0 0.595384815254136
19950.0 0.5903835034995614
20050.0 0.5873124822842526
20150.0 0.5823849964999781
20250.0 0.5749558516029118
20350.0 0.5719690840113096
20450.0 0.5724014198627582
20550.0 0.5709228893396415
20650.0 0.5685710534058525
20750.0 0.5660205215958319
20850.0 0.5630491359567021
20950.0 0.5606214170299363
21050.0 0.5590180569555466
21150.0 0.5562204211538871
21250.0 0.5520427365868052
21350.0 0.5482314934649218
21450.0 0.5447703794116938
21550.0 0.5393542645257999
21650.0 0.5322732268945826
21750.0 0.5269613344924684
21850.0 0.5230862945032299
21950.0 0.5179987865556275
22050.0 0.5118934917514488
22150.0 0.5058874303262219
22250.0 0.4999731140361657
22350.0 0.49440952628236023
22450.0 0.4892373005128309
22550.0 0.4839092196281172
22650.0 0.4783608652306839
22750.0 0.4643900933696719
22850.0 0.4331218511754174
22950.0 0.4254050862443786
23050.0 0.4254323787685788
23150.0 0.4105927444777673
23250.0 0.3872320897717206
23350.0 0.37044870604788627
23450.0 0.3602516839138938
23550.0 0.35505055703655336
23650.0 0.3593999837993336
23750.0 0.3522536315344862
23850.0 0.34049126035044186
23950.0 0.33198237817232695
24050.0 0.3264437077169756
24150.0 0.3212034709909721
24250.0 0.3166312553011581
24350.0 0.3074328845495428
24450.0 0.29562332945604197
24550.0 0.28597723735763075
24650.0 0.2796829414043275
24750.0 0.26401423749305386
24850.0 0.24419425598536212
24950.0 0.23143743542613068
25050.0 0.22884965895027073
25150.0 0.22861451043826908
25250.0 0.2294692581620753
25350.0 0.22940148071099814
25450.0 0.22771112904554036
25550.0 0.21819621854384424
25650.0 0.21870937354278097
25750.0 0.21047812493272028
25850.0 0.2130863555335317
25950.0 0.21089438796625315
26050.0 0.21812862126651897
26150.0 0.21887877809274886
26250.0 0.22096184592030843
26350.0 0.21712728707826565
26450.0 0.21911712523445018
26550.0 0.2161989375522246
26650.0 0.2195419538909485
26750.0 0.21966881272388655
26850.0 0.22183118941482832
26950.0 0.22313056989207
27050.0 0.22404770291207465
27150.0 0.2228341410475011
27250.0 0.21874139271213464
27350.0 0.22079328226590283
27450.0 0.21806863459636566
27550.0 0.21837479915177074
27650.0 0.21597976412284245
27750.0 0.2192211075965422
27850.0 0.21741205826929158
27950.0 0.22156158134030304
28050.0 0.2171129130471096
28150.0 0.22282944499014679
28250.0 0.21847251767624837
28350.0 0.22591902812475
28450.0 0.22265627151214815
28550.0 0.22349325781756874
28650.0 0.2189431563497282
28750.0 0.21773477754217996
28850.0 0.21640992699348008
28950.0 0.21889701933887754
29050.0 0.21941130321878127
29150.0 0.22064977470713998
29250.0 0.22101660518801144
29350.0 0.22006018123809898
29450.0 0.21822110468827757
29550.0 0.22210519213317723
29650.0 0.2235440137148003
29750.0 0.22173699017135068
29850.0 0.22289856026123644
29950.0 0.22328053774642456
30050.0 0.22788245128707957
30150.0 0.2346573387795315
30250.0 0.24386442039748998
30350.0 0.23631427113242326
30450.0 0.2338883499696385
30550.0 0.22600827277674876
30650.0 0.2298448804178324
30750.0 0.2284736846059271
30850.0 0.23651571795307144
30950.0 0.23070246791903812
31050.0 0.23668227550568557
31150.0 0.2331227584730143
31250.0 0.2394679966785629
31350.0 0.2376754046552628
31450.0 0.244367789350942
31550.0 0.23959772457123427
31650.0 0.24099005024463319
31750.0 0.2385120678831727
31850.0 0.2415909036070022
31950.0 0.2403742150206933
32100.0 0.23245498435686307
32300.0 0.2516634120183055
32500.0 0.24942126262238298
32700.0 0.251594435604167
32900.0 0.2591988101587949
33100.0 0.2618773242318259
33300.0 0.2568367079364487
33500.0 0.25300912744157483
33700.0 0.24900095218460547
33900.0 0.2460401198787227
34100.0 0.24641163524784693
34300.0 0.2476883304317809
34500.0 0.2522083933639642
34700.0 0.2603253997147554
34900.0 0.25537206379946686
35100.0 0.25834193145212203
35300.0 0.26198027536044033
35500.0 0.2544549310218917
35700.0 0.2575494246202353
35900.0 0.2551460465195021
36100.0 0.2583406672063098
36300.0 0.26547450063600553
36500.0 0.26753197390294947
36700.0 0.2659018748977039
36900.0 0.2654219020142656
37100.0 0.26103042568633666
37300.0 0.25899088903751827
37500.0 0.26082171956230027
37700.0 0.2605176874804205
37900.0 0.2618522483081177
38100.0 0.2693246259590341
38300.0 0.27125198376154913
38500.0 0.2680024143517452
38700.0 0.26046200464822117
38900.0 0.2608825420285674
39100.0 0.2612718390485305
39300.0 0.26473972363357595
39500.0 0.2609723209352125
39700.0 0.2634701103246398
39900.0 0.2545610601813475
40100.0 0.2597504049441814
40300.0 0.2733079130994905
40500.0 0.2704762025862328
40700.0 0.2671538238515879
40900.0 0.26206041846409295
41100.0 0.26308406530626366
41300.0 0.24817202148005843
41500.0 0.2528603231518693
41700.0 0.2628768214419447
41900.0 0.2500882676591452
42100.0 0.2529736085946298
42300.0 0.24395779353381786
42500.0 0.24943011667224468
42700.0 0.250725674023013
42900.0 0.25848786759488274
43100.0 0.2589245155011453
43300.0 0.2601384456262386
43500.0 0.25813260524357795
43700.0 0.2672081827688241
43900.0 0.2653431168313872
44100.0 0.2676241960287243
44300.0 0.26119499721397094
44500.0 0.262175857764409
44700.0 0.2688984875825558
44900.0 0.259847137862583
45100.0 0.273998403702467
45300.0 0.27482432538901014
45500.0 0.26828752051742466
45700.0 0.2681612006175835
45900.0 0.2637738697879219
46100.0 0.26595567435191475
46300.0 0.26439464850617694
46500.0 0.2739887937516569
46700.0 0.28302699536400167
46900.0 0.2842817922709172
47100.0 0.2750658017706736
47300.0 0.2788427048600421
47500.0 0.2788004146508756
47700.0 0.27979980857398384
47900.0 0.284299461240069
48100.0 0.2788964748583767
48300.0 0.3042965656709565
48500.0 0.28001097509530637
48700.0 0.2991231557782966
48900.0 0.29710488004039903
49100.0 0.2893207624615298
49300.0 0.2711472284261048
49500.0 0.2744594536061249
49700.0 0.2777716787861451
49900.0 0.2810778406646519
50100.0 0.2843814903528209
50300.0 0.28768517250761577
50500.0 0.29098897037755506
50700.0 0.2942927682474943
50900.0 0.2976040430480303
51100.0 0.3009184269728991
51300.0 0.304230903574612
51500.0 0.3075339579886056
51700.0 0.31083701240259914
51900.0 0.31414596413451606
52100.0 0.31745876537591783
52300.0 0.32077137683665774
52500.0 0.32407239045931135
52700.0 0.327373404081965
52900.0 0.33068126340042553
53100.0 0.33399933794720843
53300.0 0.33610911678482824
53500.0 0.3369168009511691
53700.0 0.3338356144444808
53900.0 0.3336162279095319
54100.0 0.3347999476879306
54300.0 0.33333945359176675
54500.0 0.3323164130992111
54700.0 0.3316621543878262
54900.0 0.33298011855831716
55100.0 0.33246701621730884
55300.0 0.32979529412241315
55500.0 0.3285587584038324
55700.0 0.3310735718073637
55900.0 0.3396940491554528
56100.0 0.34152455329794906
56300.0 0.33950274580193984
56500.0 0.3313453519477562
56700.0 0.32888316459820277
56900.0 0.3288935884488993
57100.0 0.3308884096534159
57300.0 0.33192653420024026
57500.0 0.33242506750869694
57700.0 0.3326388052762886
57900.0 0.33237683104450527
58100.0 0.33176276472262045
58300.0 0.3315134120720559
58500.0 0.33167561953342894
58700.0 0.33228119025622854
58900.0 0.33231873564104214
59100.0 0.3327544277462833
59300.0 0.33385870377021204
59500.0 0.33435658976977506
59700.0 0.3352636723743663
59900.0 0.33732973719332976
60100.0 0.33743543231948586
60300.0 0.33719247746464576
60500.0 0.33785148089828065
60700.0 0.33905349425577896
60900.0 0.34100359679149095
61100.0 0.34611516053380037
61300.0 0.353762144546968
61500.0 0.36328582217879607
61700.0 0.37521951420266353
61900.0 0.38288089579177204
62100.0 0.3863360991576537
62300.0 0.3832909467292272
62500.0 0.3785816476353997
62700.0 0.3719203696846035
62900.0 0.36581943996725425
63100.0 0.3605816795007162
63300.0 0.3569304442603065
63500.0 0.3532933152488644
63700.0 0.3495732943053992
63900.0 0.34558365189636614
64200.0 0.3383382288492701
64600.0 0.3345927605705765
65000.0 0.3326368027577409
65400.0 0.33305017013501137
65800.0 0.3342877422811124
66200.0 0.33287120654300684
66600.0 0.3301232934288372
67000.0 0.32725176866742567
67400.0 0.3271516927622119
67800.0 0.3269639576403625
68200.0 0.3247131681080098
68600.0 0.32403171266165204
69000.0 0.3255102873729019
69400.0 0.3298453007055695
69800.0 0.3401606645515448
70200.0 0.3333094688993596
70600.0 0.32811651208249626
71000.0 0.3333666089859583
71400.0 0.33955642723381846
71800.0 0.3390453365084761
72200.0 0.3415336440758863
72600.0 0.34499047400029964
73000.0 0.34872194532344236
73400.0 0.3493510480690413
73800.0 0.3505628336648457
74200.0 0.3573667971500718
74600.0 0.36812375294346306
75000.0 0.37181347437322526
75400.0 0.3820462205182856
75800.0 0.39828032349303777
76200.0 0.427309134332053
76600.0 0.42669113286996896
77000.0 0.4145397489081832
77400.0 0.39239184823023926
77800.0 0.38282326689935914
78200.0 0.3791924276946911
78600.0 0.3762062421687047
79000.0 0.37056620277597063
79400.0 0.36299819743220507
79800.0 0.35357718850789494
80200.0 0.34504001085051406
80600.0 0.3373967978970964
81000.0 0.3319500671205371
81400.0 0.3277237509681749
81800.0 0.32512852964185546
82200.0 0.32167960493976605
82600.0 0.318100058813377
83000.0 0.31454496110609015
83400.0 0.3122268666642699
83800.0 0.31046002674567463
84200.0 0.30930461999080644
84600.0 0.2940366154651719
85000.0 0.2747417783261938
85400.0 0.27550612433326044
85800.0 0.2740649689030098
86200.0 0.27083306451144945
86600.0 0.26203227786533584
87000.0 0.25357613816261815
87400.0 0.24548486658268248
87800.0 0.23824672778193673
88200.0 0.2318917082995212
88600.0 0.22681680632236934
89000.0 0.2242796502735869
89400.0 0.22272092969071833
89800.0 0.22237075822735117
90200.0 0.21810124885661
90600.0 0.21263939552444497
91000.0 0.20752733030257775
91400.0 0.21514996920798563
91800.0 0.22738724870999083
92200.0 0.22454499404032538
92600.0 0.2221756937916664
93000.0 0.2201962281184198
93400.0 0.2195865288616201
93800.0 0.2186943642047473
94200.0 0.21748918608197707
94600.0 0.2187365812122149
95000.0 0.21969326650058515
95400.0 0.21986923814765216
95800.0 0.21955993637525983
96200.0 0.21638893497936598
96600.0 0.20639377777532905
97000.0 0.20322741753666576
97400.0 0.20225717719938502
97800.0 0.20054898036539592
98200.0 0.2004245154685217
98600.0 0.20119874897864942
99000.0 0.2023399168948003
99400.0 0.20373906592920846
99800.0 0.20533941378311008
100200.0 0.20643607278397735
100400.00000000009 0.20698440228441123
100748.43066198383 0.20805248846413518
101098.07052641988 0.2090045036357399
101448.92378975474 0.20940827050142088
101800.9946629978 0.21018550365971614
102154.28737177301 0.2114745468524212
102508.80615636887 0.2124196851708083
102864.55527178946 0.21319742686846826
103221.53898780573 0.21406212669840705
103579.76158900595 0.21514494635962517
103939.22737484834 0.21706516935398334
104299.94065971187 0.22202635753304378
104661.9057729482 0.23028694932843607
105025.12705893395 0.22747122784781298
105389.60887712192 0.22193580866659082
105755.35560209466 0.2241427593472016
106122.37162361621 0.22531789836662153
106490.66134668495 0.22480887276330347
106860.22919158668 0.22555842891163916
107231.07959394684 0.22646238686018388
107603.217004785 0.21557693105820136
107976.64589056744 0.20880565518286862
108351.370733261 0.20906377824055566
108727.39603038708 0.2098932655744462
109104.72629507471 0.2109956847936503
109483.36605611602 0.21266664113918693
109863.31985801981 0.21475321346743162
110244.59226106624 0.21735713966616468
110627.1878413618 0.22066153803866867
111011.11119089334 0.22538061667612208
111396.36691758451 0.23488298202467145
111782.95964535022 0.2460045102724917
112170.89401415233 0.2580710164283286
112560.17468005554 0.2508049098638023
112950.80631528242 0.24239476493572618
113342.79360827077 0.23240569984665044
113736.1412637291 0.23822363648653205
114130.85400269323 0.2436699761587247
114526.93656258319 0.23995996036240644
114924.39369725919 0.23590597877981717
115323.23017708007 0.23179935502024462
115723.45078895958 0.22821005094911145
116125.06033642414 0.22593243263448934
116528.06363967061 0.22452997437780536
116932.46553562334 0.2235918372954427
117338.27087799355 0.22298203573466632
117745.48453733666 0.22265897551281907
118154.11140111096 0.22280243742746816
118564.15637373661 0.2245201767911359
118975.62437665339 0.2277374982941994
119388.52034838134 0.22959632853487147
119802.84924457902 0.2310742460587062
120218.61603810318 0.23190283384885357
120635.82571906883 0.21961573678537613
121054.48329490799 0.21348138155645172
121474.59379043133 0.2132896367175614
121896.16224788758 0.22258452770502715
122319.19372702412 0.22649379435840475
122743.69330514787 0.2268241352762456
123169.6660771864 0.22742422570262652
123597.11715574806 0.22737511442434255
124026.0516711849 0.2272383451091606
124456.47477165324 0.22774908110926415
124888.39162317566 0.2281392332260242
125321.80740970328 0.22648002277664098
125756.72733317701 0.22145468488679013
126193.15661359143 0.22056169257355598
126631.1004890565 0.2209590158882636
127070.56421586059 0.22322066184781506
127511.55306853396 0.23180861413176823
127954.0723399109 0.23660177544801764
128398.12734119488 0.23414610365898036
128843.72340202122 0.21983074660794424
129290.86587052139 0.22080823276942638
129739.56011338736 0.2196875695027575
130189.81151593504 0.21644478590226574
130641.62548217046 0.21460150310191028
131095.00743485359 0.2144378655592623
131549.96281556363 0.21477706416854925
132006.49708476473 0.21515519892514737
132464.61572187033 0.21453229822572456
132924.3242253105 0.21570178907004522
133385.628112597 0.21704441735980873
133848.53292038973 0.21776883015869797
134313.04420456337 0.21916844513003497
134779.167540273 0.22082491282553018
135246.90852202274 0.2205956715185648
135716.27276373174 0.2177816117246188
136187.2658988018 0.218124891378175
136659.8935801853 0.21888628154412265
137134.16148045196 0.219950152368221
137610.07529185852 0.22117388705112523
138087.64072641605 0.22216487688272202
138566.86351595866 0.22375156207427957
139047.7494122127 0.22589796151861125
139530.30418686455 0.22848041149185302
140014.53363163173 0.23125855845105422
140500.44355833106 0.23245919947912738
140988.03979894897 0.23355050837553593
141477.32820571162 0.23914507497957582
141968.3146511539 0.24709433609171444
142461.00502819192 0.2458267657308456
142955.40525019236 0.24547276355983216
143451.52125104374 0.2354920012645228
143949.35898522806 0.2228543144598153
144448.924427891 0.2142859202392999
144950.2235749154 0.2180034113966191
145453.2624429921 0.23853915904993106
145958.04706969234 0.25245945821240495
146464.58351354074 0.2540233076530855
146972.87785408652 0.2426978250022819
147482.9361919785 0.22065543334335383
147994.76464903704 0.2100295839921611
148508.36936832778 0.20308942724521858
149023.7565142358 0.2020352412593448
149540.9322725382 0.20119688938399352
150059.90285048028 0.20061752268653948
150580.6744768489 0.1955129839622391
151103.25340204738 0.18476067104608251
151627.64589817091 0.19179477689988492
152153.85825908065 0.20659526371643466
152681.89680048096 0.21636113793074785
153211.76785999417 0.2182655638054971
153743.47779723676 0.19471623733364718
154277.0329938962 0.17574796473402238
154812.43985380605 0.1611142492508385
155349.70480302497 0.16096440818992447
155888.8342899124 0.16537144165661333
156429.8347852063 0.17859019726219594
156972.71278210124 0.18454081773913733
157517.47479632485 0.18054554189237113
158064.1273662182 0.1814589302611569
158612.67705281274 0.1848394446221324
159163.1304399096 0.1974576734226526
159715.49413415877 0.20391025511276323
160269.77476513712 0.20182016410258963
160825.97898542997 0.2024550023972447
161384.11347070962 0.20669103811583497
161944.18491981577 0.2291649197611129
162506.2000548363 0.24144202394039868
163070.1656211866 0.24359069887538362
163636.0883876925 0.22540903582289792
164203.97514667013 0.2098731029432355
164773.83271400793 0.20894703147670632
165345.66792924836 0.2085443829634948
165919.48765567035 0.20838316822222575
166495.29878037024 0.20797419889081425
167073.10821434658 0.21129595698348264
167652.9228925817 0.21854257818376394
168234.74977412526 0.21811223977456204
168818.59584217807 0.21012445435034707
169404.46810417465 0.189104810068298
169992.37359186928 0.18495919881946282
170582.3193614191 0.18612817352093858
171174.31249346913 0.18949354531010923
171768.3600932375 0.1892707738601663
172364.46929059955 0.18753270279743336
172962.64724017525 0.1863337597278644
173562.90112141386 0.18400193589396502
174165.23813868032 0.1808981612508885
174769.6655213422 0.17699505179875097
175376.19052385495 0.17409580502182792
175984.8204258511 0.17195149036478144
176595.5625322263 0.1706005703836589
177208.42417322725 0.16970898358589576
177823.4127045401 0.1690880244234877
178440.53550737724 0.16821709829890547
179059.79998856818 0.1757619587507307
179681.21358064678 0.18595767697709792
180304.7837419411 0.18497057903226188
180930.51795666298 0.1842911994341337
181558.42373499667 0.1840032986664408
182188.508613191 0.1845285452660428
182820.7801536484 0.18586881128824873
183455.24594501613 0.18655364941018365
184091.9136022776 0.18561681403245042
184730.79076684228 0.1873954748562403
185371.88510663982 0.19859760340550878
186015.20431621035 0.2187346630898919
186660.7561167974 0.22740531829130115
187308.54825644082 0.22936663787795994
187958.58851006837 0.2259617902392451
188610.8846795912 0.2170908103811808
189265.44459399607 0.21395394059802608
189922.27610943964 0.2157921072181777
190581.38710934314 0.2219018902092349
191242.78550448545 0.21979601210970295
191906.4792331004 0.22361557928119744
192572.47626097052 0.22526567510092183
193240.7845815229 0.2157143536534855
193911.41221592567 0.21196808188669455
194584.36721318262 0.20807642815333116
195259.65765023217 0.20369667739380437
195937.29163204285 0.19893492854727005
196617.27729171072 0.1930668772937838
197299.62279055765 0.18772287797477713
197984.33631822755 0.18340281466868996
198671.42609278703 0.18081606013688312
199360.90036082253 0.17685910020883513
200052.7673975396 0.17391859238630428
200747.03550686277 0.17240697753157957
201443.7130215334 0.17227069534806883
202142.80830321225 0.16971639819174314
202844.3297425782 0.17419834442988041
203548.28575942936 0.1772503276996896
204254.6848027845 0.16679813252560724
204963.53535098286 0.16202695073946657
205674.84591178835 0.17315162865529304
206388.62502249 0.18431491393058713
207104.88125000495 0.18338334624814
207823.62319098154 0.17960995151868825
208544.8594719008 0.17285378591752246
209268.59874918268 0.16113639851468
209994.84970928813 0.14937834679859577
210723.62106882382 0.15582834473823304
211454.9215746472 0.16305799537353557
212188.76000396966 0.16545276764281458
212925.1451644646 0.16408257886955455
213664.08589437135 0.16153083139490132
214405.5910626017 0.15377688578621834
215149.66956884676 0.1459960306914609
215896.33034368197 0.14770927348682739
216645.5823486771 0.15145500051945565
217397.43457650184 0.1574053618812776
218151.8960510343 0.16573180676482047
218908.9758274697 0.1696670999773654
219668.68299242735 0.14996227574541
220431.02666406232 0.13018906740039207
221196.01599217302 0.11983104275448277
221963.66015831166 0.111111241926927
222733.96837589474 0.10986095254208915
223506.94989031187 0.11451335654006292
224282.61397903945 0.11951994392451784
225060.96995175022 0.1253884309134303
225842.02715042542 0.13089575883672372
226625.79494946744 0.12372261428630887
227412.28275581042 0.11652457587629453
228201.50000903595 0.11056532500422392
228993.45618148448 0.10492497679983856
229788.16077836952 0.10462567556767967
230585.62333789226 0.10848060839758417
231385.85343135396 0.11134606799445888
232188.8606632739 0.11239547653024452
232994.65467150253 0.11318258038178107
233803.24512733784 0.11259025036589644
234614.64173564175 0.11199586471316338
235428.8542349548 0.10833550045537872
236245.89239761574 0.10461130575897158
237065.76602987712 0.10244294956421636
237888.48497202326 0.10061006040331434
238714.05909848903 0.10086090050201414
239542.4983179762 0.10213073665876334
240373.81257357553 0.10403097222074094
241208.01184288395 0.10647258759851225
242045.10613812497 0.10452207620633461
242885.10550626923 0.09650175341184512
243728.0200291531 0.08988994373616054
244573.85982360275 0.08636309395820942
245422.63504155353 0.08517313630672067
246274.3558701723 0.09203258785825108
247129.0325319802 0.0980327753524008
247986.67528497343 0.09902825816061905
248847.29442274923 0.09998661785974228
249710.90027462755 0.10052105733770936
250577.5032057754 0.10068113384691119
251447.1136173319 0.09122140479124169
252319.741946531 0.08175034597710631
253195.39866682977 0.08484339317893445
254074.09428803218 0.08794717456885105
254955.83935641564 0.0943088741851802
255840.64445485763 0.10076261963001767
256728.52020296326 0.10685886731558976
257619.47725719062 0.11296410725697101
258513.52631098175 0.11445914150819089
259410.67809488898 0.1158258751115811
260310.94337670426 0.10893248192201027
261214.33296158884 0.10189063679227654
262120.8576922009 0.09353246030011887
263030.5284488288 0.08555918443328134
263943.3561495196 0.08455001675420278
264859.35175021074 0.08413111659688129
265778.5262448618 0.08860059335616854
266700.8906655845 0.0928460552771242
267626.45608277834 0.09595805783293757
268555.23360526125 0.097381622821888
269487.23438040353 0.09367939256474962
270422.46959426196 0.09091306994411096
271360.9504717122 0.09000653981947675
272302.6882765867 0.08824305109644266
273247.69431180746 0.08536929397063542
274195.97991952254 0.08332582196351904
275147.55648124265 0.08197137662149113
276102.4354179754 0.08168567257380611
277060.6281903659 0.08193031012050984
278022.1462988321 0.0877745841771387
278987.001283703 0.0950197487890744
279955.20472535834 0.09574241077784885
280926.7682443648 0.09588275795713355
281901.7035016192 0.09411794326670862
282880.0221984859 0.09083942697999062
283861.73607693805 0.08340464545591582
284846.856919699 0.07888916843414036
285835.39655038144 0.07806289740785874
286827.3668336328 0.07613672352026139
287822.7796752752 0.07355819235745556
288821.64702244906 0.07941781806039179
289823.9808637571 0.0869423276285259
290829.79322940577 0.09082451160334046
291839.0961913531 0.09318576296626958
292851.90186345164 0.09096638870163536
293868.22240159387 0.08995963898024606
294888.0700038592 0.09028403810065722
295911.45691065746 0.08795228439037252
296938.39540488017 0.08455086826203333
297968.8978120446 0.08351156392986177
299002.9765004432 0.08245754637423919
300040.643881292 0.08101749996880094
301081.9124088775 0.08269860885116458
302126.7945807098 0.08773190864177441
303175.3029376698 0.08763968484394037
304227.45006416074 0.08597925918525565
305283.2485882598 0.0859342035769888
306342.71118186694 0.08554178276622589
307405.8505608609 0.08446162422982925
308472.6794852493 0.08427521696230594
309543.21075932245 0.08459626676771369
310617.4572318076 0.08339742557362147
311695.4317960206 0.08207646582298025
312777.1473900245 0.08064711206690546
313862.6169967824 0.08075494304738753
314951.8536443137 0.08189380262154701
316044.87040585116 0.0828788126867013
317141.68039999536 0.08319416881922412
318242.2967908759 0.08183764191327593
319346.7327883069 0.08480683781437652
320455.0016479461 0.09023146429567044
321567.116671454 0.09179283411736378
322683.09120665427 0.09149274871197685
323802.93864769104 0.08805465043119952
324926.672435194 0.08826244381880273
326054.30605643673 0.08927181163591223
327185.8530454994 0.08784689477997788
328321.326983432 0.08699327115410413
329460.74149841425 0.08663475067054915
330604.11026592366 0.0871175440798929
331751.4470088968 0.08792781167801988
332902.76549789455 0.08924288856953698
334058.07955126825 0.09451325768416055
335217.40303532267 0.09820825328795449
336380.74986448674 0.09075026255337242
337548.13400147745 0.08859357722947034
338719.56945746863 0.0892774366463952
339895.07029225933 0.08702523059390072
341074.65061444003 0.08401367105822534
342258.32458156615 0.08031172537336147
343446.10640032514 0.08127302359673821
344638.0103267076 0.08428692199052057
345834.0506661794 0.08974937204214802
347034.2417738501 0.10068399034600203
348238.5980546498 0.0
349447.1339634991 0.0
350659.8640054834 0.0
351876.8027360276 0.0
353097.96476106776 0.0
354323.3647372312 0.0
355553.01737200917 0.0
356786.93742393394 0.0
358025.13970275706 0.0
359267.6390696242 0.0
360514.4504372573 0.0
361765.5887701314 0.0
363021.06908465445 0.0
364280.90644934855 0.0
365545.1159850277 0.0
366813.7128649837 0.0
368086.7123151656 0.0
369364.1296143627 0.0
370645.98009438923 0.0
371932.2791402647 0.0
373223.04219040385 0.0
374518.28473679814 0.0
375818.0223252031 0.0
377122.2705553253 0.0
378431.04508100665 0.0
379744.36161041673 0.0
381062.23590623855 0.0
382384.6837858583 0.0
383711.7211215558 0.0
385043.36384069227 0.0
386379.62792590604 0.0
387720.529415301 0.0
389066.08440264023 0.0
390416.3090375398 0.0
391771.21952565934 0.0
393130.8321289014 0.0
394495.16316560353 0.0
395864.22901073477 0.0
397238.0460960931 0.0
398616.63091049937 0.0
400000.0000000001 0.0
