91.0 0.0
94.0 0.0
96.0 0.0
98.0 0.0
100.0 0.0
102.0 2.601686437609051e-09
104.0 3.377741045776174e-09
106.0 4.585186186207824e-09
108.0 6.3479396457355115e-09
110.0 9.656813914690124e-09
114.0 1.5620409544127707e-08
118.0 2.4018116452315274e-08
121.0 9.639561006038634e-08
125.0 1.3806315945717495e-07
127.0 1.584816531295201e-07
128.0 1.7402646178657547e-07
131.0 2.111816416596382e-07
132.0 2.565607094821793e-07
134.0 2.8578121080579383e-07
137.0 3.873766167750976e-07
140.0 4.610891171712264e-07
143.0 1.4622551453271298e-06
147.0 3.988362391076922e-06
151.0 4.6433995957476326e-06
155.0 5.48182397199029e-06
159.0 6.446783995727532e-06
162.0 7.229009574740529e-06
166.0 8.438368477352596e-06
170.0 9.712023910234506e-06
173.0 1.0710125751414574e-05
177.0 1.2173949483850801e-05
180.0 1.3390408738331247e-05
182.0 1.4231046987346253e-05
186.0 1.6091345996939496e-05
191.0 1.84220013843899e-05
194.0 2.0086391879475603e-05
198.0 2.2204585435145175e-05
202.0 2.4870817295097574e-05
205.0 2.66532463538564e-05
210.0 2.8861956127232635e-05
216.0 3.4659344986374586e-05
220.0 3.8038558558527946e-05
223.0 3.997938744633135e-05
227.0 4.3800955633032465e-05
230.0 6.70173735054078e-05
234.0 0.00012128604046397073
240.0 0.00015749458633128262
246.0 0.00015768794174685847
252.0 0.00017568967691394902
257.0 0.00015625037344941392
260.0 0.00018214576197868407
264.0 0.00019823451497853227
269.0 0.0002051322290567169
274.0 0.00021151754687085466
279.0 0.00021977690259215816
284.0 0.0002266391545004346
290.0 0.00022473000910669882
296.0 0.00023696935116551297
301.0 0.00024193823321730978
308.0 0.0002543374099468204
318.0 0.00027197228359093957
328.0 0.00028467602895828936
338.0 0.0002944680125374055
348.0 0.00030417329739033683
357.0 0.00031169564627878436
366.0 0.0003225143330185284
375.0 0.00032854476644771693
385.0 0.00032642691632874833
395.0 0.0003428700744084538
405.0 0.0003518809875081354
414.0 0.0003560809787553548
422.0 0.0003569821238757176
430.0 0.0003595984047356397
441.0 0.0003659329229214471
451.0 0.0003664454468696236
460.0 0.00036757183618619106
470.0 0.0003696987781207786
480.0 0.0003743765713721404
490.0 0.0003706650536235986
500.0 0.00037706024027926727
506.0 0.0003751819135379274
512.0 0.0004136088484874945
520.0 0.00041740483424230286
530.0 0.00041775780352599205
540.0 0.0004107282589614089
550.0 0.0004373774525451913
560.0 0.00046125465040688875
570.0 0.00048603968647964674
580.0 0.0004788250551854054
590.0 0.0005168055175914486
600.0 0.0005235695791633955
610.0 0.0005299767853826951
620.0 0.0006048941694953985
630.0 0.0006304877997034041
640.0 0.0006373913102325495
650.0 0.0006867711797981736
658.0 0.0007229115725345282
665.0 0.0007508917574652765
675.0 0.0007549977595246084
685.0 0.0007515093443457277
695.0 0.000910794720739994
705.0 0.0008898202815920722
716.0 0.0010159773957532686
726.0 0.001060736046651668
735.0 0.0011083734048942322
745.0 0.0012361251989276975
755.0 0.001317342469771301
765.0 0.0013762643119858678
775.0 0.0015289909547751067
785.0 0.0016328095044640643
795.0 0.0017235198359685205
805.0 0.0018037313775926462
815.0 0.0018837626991830502
825.0 0.002060115744330274
835.0 0.0017374290183663455
845.0 0.0021884615773829883
855.0 0.002288445345056938
865.0 0.0024819537236434896
875.0 0.00269341639647487
885.0 0.002966054034352924
895.0 0.0031597452431934704
905.0 0.0031561016733942754
915.0 0.00737433939848743
925.0 0.04118588256138964
935.0 0.08892761646358799
945.0 0.18819052123906838
955.0 0.2710276645965496
965.0 0.2677154706737589
975.0 0.045798178016707033
985.0 0.21473490781134913
995.0 0.24977317134560073
1005.0 0.4179581064739586
1015.0 0.4043027965641036
1025.0 0.20406984178139193
1035.0 0.2663626946887377
1045.0 0.5899847068798038
1055.0 0.5809701289442197
1065.0 0.43704614395437175
1075.0 0.532909429737711
1085.0 0.415671339981677
1095.0 0.5898293120525616
1105.0 0.5674612758999847
1115.0 0.5335410517131541
1125.0 0.47531197095225514
1135.0 0.6537655570830451
1145.0 0.5970637339692926
1155.0 0.6544109457309327
1165.0 0.6637605757213638
1175.0 0.4411732911808573
1185.0 0.6435023868390857
1195.0 0.4047911235867386
1205.0 0.2763884956654877
1208.72 0.24981022323575225
1208.8 0.24929119986665313
1208.87 0.24883700937582237
1208.94 0.24838277685944118
1209.02 0.24786360254142328
1209.09 0.2474092800167532
1209.16 0.2469549155098804
1209.23 0.2465005090345884
1209.31 0.24598113597630764
1209.38 0.24552663961506113
1209.45 0.24507210132866825
1209.53 0.24455257768209293
1209.6 0.2440979496024135
1209.67 0.24364327964080043
1209.75 0.24312360556115517
1209.82 0.24266884589880144
1209.89 0.24221404439767344
1209.96 0.24175920107149432
1210.04 0.24123932893053257
1210.11 0.24078439602541607
1210.18 0.2403294213383298
1210.26 0.23980939912335203
1210.33 0.23935433494959263
1210.4 0.2388992290368911
1210.47 0.23844408139892911
1210.55 0.23792386159521206
1210.62 0.23746862459200913
1210.69 0.23701334590649592
1210.77 0.23649297638672281
1210.84 0.23603760842795155
1210.91 0.2355821988297666
1210.99 0.2350616797480147
1211.06 0.2346061809684324
1211.13 0.23415064059227628
1211.2 0.2336950586331686
1211.28 0.23317434263660644
1211.35 0.2327186716170041
1211.42 0.23226295905721286
1211.5 0.23174209385507172
1211.57 0.2312862923263679
1211.64 0.2308304493001846
1211.72 0.2303094350458698
1211.79 0.2298535031422339
1211.86 0.22939752978377315
1211.93 0.22894151498404583
1212.01 0.2284203044859111
1212.08 0.22796420092910807
1212.15 0.22750805597361762
1212.23 0.226986696778154
1212.3 0.22653046315676867
1212.37 0.22607418817922054
1212.44 0.2256178718590261
1212.52 0.22509631688677892
1212.59 0.22463991202069933
1212.66 0.22418346585442292
1212.74 0.223661762538609
1212.81 0.22320522791734995
1212.88 0.22274865203828736
1212.96 0.22222680053117652
1213.03 0.22177013628791412
1213.1 0.22131343082918714
1213.17 0.22085668416845325
1213.25 0.22033463755058175
1213.32 0.21987780264513343
1213.39 0.21942092657994208
1213.47 0.21889873212299107
1213.54 0.21844176790359107
1213.61 0.2179847625666575
1213.69 0.21746242042222996
1213.76 0.21785970709158797
1213.83 0.21939624550567322
1213.9 0.22093290996419596
1213.98 0.22268925220409458
1214.05 0.2242261866192074
1214.12 0.22576324694941452
1214.2 0.2275200414558039
1214.27 0.2290573714656394
1214.34 0.230594827261405
1214.41 0.23213240880204467
1214.49 0.2338897987691435
1214.56 0.23542764962488352
1214.63 0.23696562609656255
1214.71 0.23872346725561194
1214.78 0.24026171276628785
1214.85 0.2418000837641367
1214.93 0.24355837565265165
1215.0 0.24509701541377105
1215.07 0.2466357805334751
1215.14 0.24817467097089085
1215.22 0.24993355629719838
1215.29 0.25147271513498304
1215.36 0.25301199916211464
1215.44 0.2547713341481463
1215.51 0.25631088630078047
1215.58 0.25785056351457464
1215.66 0.2596103476998996
1215.73 0.26115029276469587
1215.8 0.2626903627626381
1215.87 0.264230557653031
1215.95 0.2659909332622639
1216.02 0.2675313956423818
1216.09 0.2690719827871635
1216.17 0.2708328065307235
1216.24 0.27237366089158627
1216.31 0.27391463988949866
1216.38 0.27545574348389695
1216.46 0.27721715724973384
1216.53 0.2787585277000595
1216.6 0.2803000226194787
1216.68 0.2820618834580067
1216.75 0.28360364496056845
1216.82 0.2851455308050081
1216.9 0.28690783825928373
1216.97 0.2884499904144449
1217.04 0.28999226678443946
1217.11 0.2915346673288806
1217.19 0.2932975628068032
1217.26 0.2948402293034261
1217.33 0.296383019847677
1217.41 0.29814636088445057
1217.48 0.2996894171093135
1217.55 0.3012325972551572
1217.63 0.30299638339588547
1217.7 0.3045398289511377
1217.77 0.3060833983008943
1217.84 0.3076270914049491
1217.92 0.30939146357962344
1217.99 0.3109354217361502
1218.06 0.312479503520724
1218.14 0.3142443197471819
1218.21 0.31578866631387226
1218.28 0.31733313638252864
1218.35 0.3188777299130702
1218.43 0.32064313078869144
1218.5 0.32218798874552973
1218.57 0.32373297003839685
1218.65 0.32549881391692154
1218.72 0.32704405936657527
1218.79 0.328589428026572
1218.87 0.33035571445655026
1218.94 0.3319013470041929
1219.01 0.33344710263665706
1219.08 0.3349929813140457
1219.16 0.33675985041858725
1219.23 0.3383059926293899
1219.3 0.3398522577598242
1219.38 0.34161956837163865
1219.45 0.3431660967671834
1219.52 0.3447127479572368
1219.6 0.3464804996268957
1219.67 0.348027413814124
1219.74 0.34957445067090115
1219.81 0.3511216101575096
1219.89 0.35288994253596767
1219.96 0.3544373646671052
1220.03 0.3559849093033422
1220.11 0.3577536817001356
1220.18 0.3593014887138051
1220.25 0.3608494181080063
1220.32 0.3623974698431457
1220.4 0.3641668215806238
1220.47 0.3657151353416545
1220.54 0.3672635713192828
1220.62 0.36903336203884307
1220.69 0.3705820597761032
1220.76 0.3721308796057829
1220.84 0.37390110886142275
1220.91 0.3754501901848302
1220.98 0.3769993934766526
1221.05 0.3785487186974744
1221.13 0.3803195253429735
1221.2 0.3818691117075578
1221.27 0.38341881987735776
1221.35 0.385190064027324
1221.42 0.3867400330758211
1221.49 0.38829012380591327
1221.57 0.39006180501634374
1221.64 0.39161215636042135
1221.71 0.39316262926264545
1221.78 0.3947132236837769
1221.86 0.39648548034198483
1221.93 0.3980363350287116
1222.0 0.3995873111111129
1222.08 0.4013600038028053
1222.15 0.40291123988692035
1222.22 0.40446259724364886
1222.29 0.40601407583387533
1222.37 0.407787342621724
1222.44 0.4093390808663667
1222.51 0.4108909402216605
1222.59 0.4126646420192366
1222.66 0.4142167607658941
1222.73 0.41576900050052756
1222.81 0.41754313686720285
1222.88 0.41909563573050324
1222.95 0.42064825545927115
1223.02 0.4222009960145668
1223.1 0.4239757045501039
1223.17 0.42552870388832853
1223.24 0.4270818239307861
1225.0 0.4663317233216448
1235.0 0.730194648484937
1245.0 0.8457001977487809
1255.0 0.7992805037347933
1265.0 0.665181606747384
1275.0 0.9176066765270053
1285.0 0.9680489841304548
1295.0 0.7032980521009109
1305.0 0.7325462018248166
1315.0 0.9364974924505352
1325.0 0.8929442019817385
1335.0 0.7802216846851908
1345.0 0.9545814915224077
1355.0 0.9463021489399865
1365.0 0.8179989592632476
1375.0 0.8782132130275027
1385.0 0.8786381698299053
1395.0 0.7681681316536713
1405.0 0.7973625781585982
1415.0 0.8153018866671153
1425.0 0.8524055222572163
1435.0 0.8517268365021526
1442.0 0.9071099705253439
1447.0 0.9281356219771997
1455.0 0.9017124514503779
1465.0 0.8243724850732695
1475.0 0.821996607516929
1485.0 0.8447665897142371
1495.0 0.8667951041229363
1505.0 0.7860030962255313
1512.0 0.714708231188574
1517.0 0.7629461829643805
1525.0 0.7356547561557922
1535.0 0.6272775438809155
1545.0 0.7060981448253646
1555.0 0.677262707996956
1565.0 0.6909885340245495
1575.0 0.7392693072643364
1585.0 0.7844227316157533
1595.0 0.8006128012954173
1605.0 0.7960866233234879
1615.0 0.8051776123988902
1625.0 0.7587782762432408
1635.0 0.8204662964533064
1645.0 0.8311725382950742
1655.0 0.7701318041563119
1665.0 0.8319108097965052
1672.0 0.7546058677051513
1677.0 0.8597675676513808
1685.0 0.8914431365055275
1695.0 0.8403054548935974
1705.0 0.8081555833005535
1715.0 0.7471346276010322
1725.0 0.7457209564793459
1735.0 0.8063324319238246
1745.0 0.7895492190197805
1755.0 0.8486643078889817
1765.0 0.7825688618722096
1775.0 0.7903643145242711
1785.0 0.8098699922405326
1795.0 0.8793893652282281
1805.0 0.8684851130564679
1815.0 0.7992718483026081
1825.0 0.8176180575627128
1835.0 0.7884362909562069
1845.0 0.7143580680643161
1855.0 0.7063349664572505
1865.0 0.7281773376187872
1875.0 0.813827007734437
1885.0 0.7363031022014188
1895.0 0.7133986007842011
1905.0 0.7570707312306784
1915.0 0.7213430982811836
1925.0 0.7145037636208696
1935.0 0.7396046044626737
1945.0 0.7706771324329145
1955.0 0.7187901077056729
1967.0 0.7946796482257985
1976.0 0.8283260259926818
1984.0 0.7750484410210768
1995.0 0.7566283423559675
2005.0 0.7882214259602733
2015.0 0.7561055513014501
2025.0 0.7948325673789973
2035.0 0.7515178464433444
2045.0 0.7789590503551297
2055.0 0.7542100668421873
2065.0 0.7496021292985632
2074.0 0.80214734901455
2078.0 0.78307050105001
2085.0 0.7940150588070671
2095.0 0.746386866805906
2105.0 0.7547968028331585
2115.0 0.7652741321280593
2125.0 0.7708502259224531
2135.0 0.7223059359119864
2145.0 0.7416846506206534
2155.0 0.7685996598517738
2165.0 0.7491884634298394
2175.0 0.7394610230257752
2185.0 0.7287236210036243
2195.0 0.7591970184362645
2205.0 0.7358349713946776
2215.0 0.7006998845346186
2225.0 0.6828714308041273
2235.0 0.7233938878665908
2245.0 0.6927086317739517
2255.0 0.6626638190404457
2265.0 0.6844865943934593
2275.0 0.7024325497550806
2285.0 0.7191250817996548
2295.0 0.6873852481201425
2305.0 0.6781581982038232
2315.0 0.6081728113280837
2325.0 0.5005568078109742
2335.0 0.5957823007039945
2345.0 0.5863896183006915
2355.0 0.6265779540349062
2365.0 0.5880365620918571
2375.0 0.5935847396087504
2385.0 0.5670923651581744
2395.0 0.5985821693169332
2405.0 0.5730457152351175
2415.0 0.5887247167188171
2425.0 0.616211541994372
2435.0 0.6014689111538403
2445.0 0.6318379609898626
2455.0 0.6230645304674419
2465.0 0.6216875632694827
2475.0 0.6035393443822034
2485.0 0.6172232957070871
2495.0 0.583581599180142
2505.0 0.636311390683375
2513.0 0.5826413387783226
2518.0 0.6045756412149657
2525.0 0.5763326110806021
2535.0 0.5834044107667881
2545.0 0.5727762210508736
2555.0 0.6067587149533935
2565.0 0.5963667584021423
2575.0 0.626770541477389
2585.0 0.6244331171879609
2595.0 0.619731076399911
2605.0 0.6023777356594127
2615.0 0.5971886368658409
2625.0 0.6170212727664567
2635.0 0.6290948998888601
2645.0 0.6791774520116007
2655.0 0.6871655991402115
2665.0 0.6401224422249869
2675.0 0.6572742586632949
2685.0 0.6538551282236048
2695.0 0.6313615999305623
2705.0 0.6436124049673277
2715.0 0.6217575206780861
2725.0 0.6200986409306006
2735.0 0.644653842259918
2745.0 0.571681201243415
2755.0 0.5792221246129194
2765.0 0.5943497872341699
2775.0 0.6245885405591438
2785.0 0.6071303983775277
2795.0 0.5052467399551145
2805.0 0.5332370705509749
2815.0 0.6281321999732984
2825.0 0.6452876081982107
2835.0 0.6127498442286994
2845.0 0.6033307312821575
2855.0 0.6025188054782485
2865.0 0.6371045484703062
2875.0 0.6362558211185328
2885.0 0.6353865896584703
2895.0 0.6323586612703234
2910.0 0.6730364812551762
2930.0 0.6585839577982116
2950.0 0.6484378948309863
2970.0 0.6552398164534263
2990.0 0.6574471327170756
3010.0 0.6630115962093993
3030.0 0.6651195454298179
3050.0 0.6623804962750189
3070.0 0.6651085138153929
3090.0 0.6678509332221246
3110.0 0.6678581947369181
3130.0 0.6597057952159394
3150.0 0.6634991787849538
3170.0 0.6633664096697056
3190.0 0.6367351384664662
3210.0 0.650241512371847
3230.0 0.6315782605734985
3250.0 0.6593840091669635
3270.0 0.6786640440753613
3290.0 0.674502896532235
3310.0 0.6730547126416725
3330.0 0.6849904803120527
3350.0 0.6913369553797947
3370.0 0.6350717129804266
3390.0 0.6858068798708734
3410.0 0.6584070861050474
3430.0 0.6770800281015584
3450.0 0.6746949089680249
3470.0 0.6529273109877631
3490.0 0.657704150313356
3510.0 0.6560255659264849
3530.0 0.6691646482683534
3550.0 0.7013738676736249
3570.0 0.6666698453054983
3590.0 0.5925786805525304
3610.0 0.6498391392541231
3630.0 0.7232303010355488
3640.0 0.6596600372459118
3650.0 0.6557307330591364
3670.0 0.6541131690139476
3690.0 0.6814943817892608
3704.66 0.7202795849424072
3704.88 0.7180843615969644
3705.11 0.7157892611541646
3705.33 0.7135938575720714
3705.55 0.7113983658838334
3705.78 0.7091029849212763
3706.0 0.7069073130354857
3706.22 0.7047115530626682
3706.45 0.7026827421931421
3706.67 0.703422221465972
3706.89 0.7041617287752919
3707.12 0.7049348800280513
3707.34 0.7056744446784267
3707.56 0.7064140373591176
3707.79 0.7071872778571625
3708.01 0.7079269278662792
3708.24 0.7087002282941508
3708.46 0.7094399356232102
3708.68 0.7101796709722651
3708.91 0.7109530606125655
3709.13 0.7116928532689383
3709.35 0.7123351455918632
3709.58 0.7129840002808577
3709.8 0.7136046677250738
3710.0 0.7141689310729876
3710.02 0.7142253584667033
3710.25 0.7148742873319711
3710.47 0.7154950257221419
3710.7 0.7161440043980993
3710.92 0.7167647904297454
3711.14 0.7173855997502055
3711.37 0.7180346525750565
3711.59 0.718655509526471
3711.81 0.719276389761556
3712.04 0.7219159942209188
3712.26 0.726186242180128
3712.48 0.7304566575091469
3712.71 0.7349213615671337
3712.93 0.7391921192061507
3713.16 0.7436571811074505
3713.38 0.7479282810062954
3713.6 0.7521995482138929
3713.83 0.7566651428069323
3714.05 0.7609367521996564
3714.27 0.7652085288646154
3714.5 0.7696746560331256
3714.72 0.7755551851236873
3714.94 0.7857251236989945
3715.17 0.7963577597888692
3715.39 0.8065285163122927
3715.62 0.8171620074671488
3715.84 0.827333581818945
3716.06 0.8375055559543219
3716.29 0.8481403199739114
3716.51 0.8583131117593357
3716.73 0.868486303241166
3716.96 0.879122339847935
3717.18 0.8892963488014936
3717.4 0.8994707573643387
3717.63 0.9363199671091627
3717.85 0.9727081270783224
3718.08 1.0107518262163413
3718.3 1.0471429166656363
3718.52 1.0835354396378711
3718.75 1.1215836997634265
3718.97 1.1579791525770495
3719.19 1.1943760376015469
3719.42 1.2324288577205804
3719.64 1.2688286719478161
3719.86 1.3052299180737577
3720.09 1.3432872971923608
3720.31 1.3991671140494815
3720.53 1.4623526392467967
3720.76 1.528412892038749
3720.98 1.5916035024326063
3721.21 1.6576690711773836
3721.43 1.7208647660234693
3721.65 1.7840629463309692
3721.88 1.850136428496906
3722.1 1.9133396921482495
3722.32 1.9765454407192342
3722.55 2.0426268345813927
3722.77 2.105837665388136
3722.99 2.160219404488205
3723.22 2.2037384790005214
3723.44 2.245367091428478
3723.67 2.2888896609546876
3723.89 2.330521616194502
3724.11 2.372155205519825
3724.34 2.4156829777849533
3724.56 2.4573199091931803
3724.78 2.498958474330565
3725.01 2.5424914482000354
3725.23 2.5841333546914824
3725.45 2.6257768945557047
3725.68 2.658560907410357
3725.9 2.6410585253425305
3726.13 2.6227598397499685
3726.35 2.6052560407355827
3726.57 2.5877515490670833
3726.8 2.5694506581440706
3727.02 2.5519447498373182
3727.24 2.5344381490272037
3727.47 2.5161350532536053
3727.69 2.4986270361134273
3727.91 2.4811183266206145
3728.14 2.4628130264762222
3728.36 2.4453029009615594
3728.59 2.3863055259734725
3728.81 2.326164105989804
3729.03 2.2660203192312594
3729.26 2.20314019357679
3729.48 2.1429915662156267
3729.7 2.0828405725954053
3729.93 2.019952913045866
3730.0 2.0008126772991255
3730.15 1.9597970798775224
3730.37 1.8996388809658584
3730.6 1.8367436891629034
3730.82 1.7765806517577019
3731.05 1.7136804019000258
3731.27 1.6634910963255254
3731.49 1.6190019692893425
3731.72 1.5724887389462525
3731.94 1.5279960341516932
3732.16 1.48350158042155
3732.39 1.436982781669616
3732.61 1.3924847509607736
3732.83 1.3479849716974932
3733.06 1.3014606057502411
3733.28 1.2569572502878206
3733.51 1.210429145860681
3733.73 1.1659222147228208
3733.95 1.1284792046182122
3734.18 1.1022598946290236
3734.4 1.077179546675469
3734.62 1.052098213228892
3734.85 1.0258757655437765
3735.07 1.0007924165355215
3735.29 0.9757080822490164
3735.52 0.9494824975517842
3735.74 0.9243961481429265
3735.96 0.8993088136704553
3736.19 0.8730800926448122
3736.41 0.8479907434892465
3736.64 0.8241122588776538
3736.86 0.8248972162012473
3737.08 0.8256822028827194
3737.31 0.8265029021645586
3737.53 0.8272879488896128
3737.75 0.8280730249660642
3737.98 0.8288938176993611
3738.2 0.8296789538061364
3738.42 0.8304641192578319
3738.65 0.8312850054219539
3738.87 0.832070230890718
3739.1 0.832891179795306
3739.32 0.8336764652722409
3739.54 0.8248596198433168
3739.77 0.8134107874961014
3739.99 0.8024592905094214
3740.21 0.7915073633719132
3740.44 0.7800571614742997
3740.66 0.7691043545787631
3740.88 0.7581511176261346
3741.11 0.7466995464765694
3741.33 0.7357454299576317
3741.56 0.7242929393287499
3741.78 0.713337943372208
3742.0 0.7023825175152809
3742.23 0.6963941604303486
3742.45 0.6954582458061986
3742.67 0.6945222933837347
3742.9 0.6935437572577395
3743.12 0.6926077275289132
3743.34 0.6916716600099511
3743.57 0.6906930035645419
3743.79 0.6897568587559435
3744.02 0.6887781215136028
3744.24 0.687841899426599
3744.46 0.6869056395631271
3744.69 0.6859267820448893
3744.91 0.6843193169274936
3745.13 0.6809220781782205
3745.36 0.6773702762544985
3745.58 0.6739727635074605
3745.8 0.6705751168205285
3746.03 0.6670228884477021
3746.25 0.6636249678226441
3746.48 0.6600724530808876
3746.7 0.6566742585577473
3746.92 0.6532759301434463
3747.15 0.649722989107747
3747.37 0.6463243868549939
3747.59 0.6429256507402275
3747.82 0.6468401955687573
3748.04 0.6509093894205799
3748.26 0.6549787410987203
3748.49 0.6592332320456153
3748.71 0.6633029065150178
3748.93 0.6673727387762262
3749.16 0.6716277321140102
3750.0 0.6871691725867232
3770.0 0.7709821940944627
3790.0 0.8673606342247195
3810.0 0.9806035385653978
3830.0 0.7749023894172051
3850.0 0.9782326634335705
3870.0 1.0635752711762232
3890.0 0.8139587186822121
3910.0 1.0371445287289114
3930.0 0.8774767531630845
3950.0 1.0136600710519985
3970.0 0.7315498423045806
3990.0 1.0
4010.0 1.0506536081868063
4030.0 1.053492685371434
4050.0 1.0645209070567996
4070.0 1.0675128495634512
4078.2 1.0148316866301574
4078.45 1.0138765947913053
4078.7 1.0129214626652803
4078.94 1.0120044979251621
4079.19 1.0110492868457759
4079.43 1.0101322463164697
4079.68 1.0091299147963555
4079.93 1.006998522457897
4080.17 1.0049523035173156
4080.42 1.0028207397364786
4080.66 1.0007743562243976
4080.91 0.9986426210286394
4081.16 0.9965107983868661
4081.4 0.9944641663881839
4081.65 0.9923321723729494
4081.9 0.9902000909328504
4082.14 0.9881532105076765
4082.39 0.9860209577355671
4082.63 0.9856045196103556
4082.88 0.9854133656911013
4083.13 0.9852222022315555
4083.37 0.9850386763355827
4083.62 0.9848474941792453
4083.86 0.984663950335738
4084.11 0.9844727494854959
4084.36 0.9842815390986592
4084.6 0.9840979681559658
4084.85 0.9839067390795836
4085.1 0.983715500468831
4085.34 0.981459291635473
4085.59 0.9783893090225225
4085.83 0.9754420082242062
4086.08 0.9723717808505411
4086.33 0.969301428614086
4086.57 0.9663537730056581
4086.82 0.9632831760677755
4087.06 0.9603352855648242
4087.31 0.9572644439647653
4087.56 0.9541934775521853
4087.8 0.9512452323819682
4088.05 0.9483655936529937
4088.3 0.9456363619085014
4088.54 0.9430161949343686
4088.79 0.9402867454915337
4089.03 0.9376663695437446
4089.28 0.9349367024374768
4089.53 0.9322069242918856
4089.77 0.9295862328147576
4090.0 0.9270746408043286
4090.02 0.9268562370584462
4090.26 0.9242353366917738
4090.51 0.9215051233596405
4090.76 0.9181003076966792
4091.0 0.9140074332517336
4091.25 0.9097438535129314
4091.5 0.9054801014833156
4091.74 0.9013867374567922
4091.99 0.897122647778124
4092.23 0.8930289596345273
4092.48 0.8887645323610226
4092.73 0.884499932866139
4092.97 0.8804057553382787
4093.22 0.8761408183304212
4093.47 0.8725115435809778
4093.71 0.8705969346082952
4093.96 0.8686024705135751
4094.2 0.8666877084304868
4094.45 0.8646930848585351
4094.7 0.8626983799304941
4094.94 0.8607833866659381
4095.19 0.858788522299256
4095.43 0.8568733759858721
4095.68 0.8548783522060974
4095.93 0.8528832471029539
4096.17 0.8511609751259906
4096.42 0.8507749585192708
4096.67 0.8503889248849154
4096.91 0.8500183165776075
4097.16 0.8496322495730629
4097.4 0.8492616092329016
4097.65 0.8488755088634344
4097.9 0.8484893914730762
4098.14 0.8481187027663492
4098.39 0.84773255201902
4098.63 0.8473618312921295
4098.88 0.8469756471930939
4099.13 0.8483248045521983
4099.37 0.849689460437382
4099.62 0.8511110310079396
4099.87 0.852532656700015
4100.11 0.8538974692185047
4100.36 0.8553192029355512
4100.6 0.8566841191496258
4100.85 0.8581059608741589
4101.1 0.8595278576978174
4101.34 0.8608929304815611
4101.59 0.8623149352863057
4101.83 0.8627455716918031
4102.08 0.8629994674951286
4102.33 0.8632533717949845
4102.57 0.8634971279157091
4102.82 0.8637510488666625
4103.07 0.864004978312002
4103.31 0.8642487585703741
4103.56 0.8645027046626078
4103.8 0.8647465009006623
4104.05 0.8650004636370082
4104.3 0.8652544348641763
4104.54 0.8663565749573531
4104.79 0.8678728399648562
4105.03 0.8693285096713167
4105.28 0.870844889880916
4105.53 0.8723613288599135
4105.77 0.8738171655655007
4106.02 0.8753337197184433
4106.27 0.8768503326264229
4106.51 0.8783063362903173
4106.76 0.8798230643440972
4107.0 0.8812791785390157
4107.25 0.8830980898515672
4107.5 0.8851959095935399
4107.74 0.8872098935523299
4107.99 0.8893078737179825
4108.23 0.8913220116710635
4108.48 0.8934201522344762
4108.73 0.8955183746234965
4108.97 0.8975327450922312
4109.22 0.8996311278398742
4109.47 0.9017295923931585
4109.71 0.9037441953207972
4109.96 0.9063584448485233
4110.0 0.906900484577419
4110.2 0.9096107343177897
4110.45 0.9129986662428111
4110.7 0.9163867312126717
4110.94 0.9196393987421541
4111.19 0.9230277244481326
4111.44 0.9264161831665366
4111.68 0.9296692286641398
4111.93 0.933057948055137
4112.17 0.9363112437782299
4112.42 0.9397002237997644
4112.67 0.9429791914678413
4112.91 0.9457922732504201
4113.16 0.9487226791759196
4113.4 0.9515359767616446
4113.65 0.954466607463945
4113.9 0.9573973528343082
4114.14 0.9602109762608116
4114.39 0.9631419463531834
4114.64 0.9660730310856654
4114.88 0.9688869802734968
4115.13 0.9718182896732069
4115.37 0.9743950169878276
4115.62 0.9743585181603527
4115.87 0.9743220160558114
4116.11 0.974286970952609
4116.36 0.9742504624257103
4116.6 0.9742154111574857
4116.85 0.9741788962091473
4117.1 0.974142377984918
4117.34 0.9741073174079212
4117.59 0.9740707927636385
4117.84 0.9740342648441714
4118.08 0.9739991949604117
4118.33 0.9744079310857555
4118.57 0.9748375024203539
4118.82 0.9752849881716509
4119.07 0.9757324898513113
4119.31 0.9761621064479494
4119.56 0.9766096393433218
4119.81 0.9770571881630981
4120.05 0.9774868500105205
4120.3 0.9779344300382486
4120.54 0.9783641218428387
4120.79 0.9788117330733812
4121.04 0.9811394990298695
4121.28 0.9838254813573697
4121.53 0.9866234865245983
4121.77 0.9893096741099525
4122.02 0.9921078930701731
4122.27 0.9949062210951516
4122.51 0.9975927185989124
4122.76 1.000391260364753
4123.01 1.003189911168757
4123.25 1.005876718515364
4123.5 1.008675583008111
4123.74 1.0101158661836827
4123.99 1.01083699631483
4124.24 1.011558153125321
4124.48 1.0122504887612565
4124.73 1.012971697856817
4124.97 1.013664083682326
4125.22 1.0143853450544238
4125.47 1.0151066330949376
4125.71 1.015799094701414
4125.96 1.0165204350055805
4126.21 1.0172418019715899
4126.45 1.0171489367419053
4126.7 1.0162340526139704
4126.94 1.0153557279950491
4127.19 1.014440769169892
4130.0 1.0179117955904449
4150.0 1.0430001054698508
4170.0 1.0084282779807257
4190.0 1.0232047096925645
4210.0 1.020780373677582
4230.0 1.0252620462716338
4250.0 1.011545797230159
4270.0 0.9964289670724081
4290.0 0.9786011984679097
4310.0 0.9241969152681249
4315.65 0.9729206466931922
4315.91 0.9729111227265019
4316.17 0.9727901231959956
4316.43 0.9726691171420725
4316.69 0.9725481045652622
4316.95 0.9724270854660935
4317.21 0.9723060598450955
4317.47 0.9721850277027979
4317.73 0.9720639890397298
4317.99 0.97194294385642
4318.25 0.9718218921533976
4318.52 0.971194643750254
4318.78 0.9694435519192839
4319.04 0.9676923901768065
4319.3 0.9659411585287649
4319.56 0.9641898569810955
4319.82 0.9624384855397415
4320.08 0.9606870442106256
4320.34 0.9589355329996903
4320.6 0.9571839519128694
4320.86 0.9554323009561044
4321.12 0.9536805801353163
4321.38 0.9527306616259898
4321.64 0.9520761367560036
4321.9 0.9514215846796247
4322.16 0.9507670053991435
4322.42 0.9501123989168564
4322.68 0.9494577652350579
4322.94 0.9488031043560436
4323.2 0.9481484162821031
4323.46 0.947493701015532
4323.73 0.946813775613465
4323.99 0.9459664059999175
4324.25 0.9444769928467863
4324.51 0.9429875201031983
4324.77 0.9414979877742098
4325.03 0.9400083958648838
4325.29 0.9385187443802653
4325.55 0.9370290333254164
4325.81 0.9355392627053926
4326.07 0.9340494325252537
4326.33 0.9325595427900446
4326.59 0.9310695935048252
4326.85 0.9281760414706677
4327.11 0.9245393087401874
4327.37 0.9209024331940951
4327.63 0.9172654148445609
4327.89 0.9136282537037401
4328.15 0.9099909497838011
4328.41 0.9063535030968728
4328.67 0.9027159136551205
4328.94 0.8989382658439175
4329.2 0.8953003854395805
4329.46 0.8922048363446792
4329.72 0.8920928305631334
4329.98 0.8919808187854332
4330.0 0.8919722022464933
4330.24 0.891868801012065
4330.5 0.8917567772435159
4330.76 0.8916447474802726
4331.02 0.8915327117228218
4331.28 0.8914206699716507
4331.54 0.8913086222272452
4331.8 0.8911965684900925
4332.06 0.8910845087606788
4332.32 0.8934276026937389
4332.58 0.8973052902467044
4332.84 0.9011831263454392
4333.1 0.9050611109772484
4333.36 0.9089392441294241
4333.62 0.9128175257893003
4333.88 0.9166959559441713
4334.15 0.9207237136478463
4334.41 0.9246024464647512
4334.67 0.9284813277380924
4334.93 0.9324304702448161
4335.19 0.9372211336555423
4335.45 0.942011980763403
4335.71 0.9468030115526869
4335.97 0.9515942260077015
4336.23 0.9563856241127388
4336.49 0.9611772058521417
4336.75 0.9659689712102049
4337.01 0.9707609201712408
4337.27 0.9755530527195627
4337.53 0.9803453688394687
4337.79 0.9831415972792267
4338.05 0.9842268093333626
4338.31 0.9853120615389841
4338.57 0.986397353892636
4338.83 0.9874826863908751
4339.09 0.988568059030246
4339.35 0.9896534718072986
4339.62 0.9907806737089254
4339.88 0.9918661682944129
4340.14 0.9929517030070989
4340.4 0.9940372778435306
4340.66 0.9886618535722016
4340.92 0.9832862197449546
4341.18 0.9779103763796352
4341.44 0.9725343234941065
4341.7 0.9671580611061734
4341.96 0.961781589233696
4342.22 0.9564049078945148
4342.48 0.9510280171064863
4342.74 0.94565091688741
4343.0 0.9402736072551406
4343.26 0.9354023869892535
4343.52 0.9311216701885704
4343.78 0.9268407863833893
4344.04 0.9225597355878977
4344.3 0.9182785178163272
4344.57 0.9138324611052066
4344.83 0.9095509030033433
4345.09 0.9052691779685904
4345.35 0.9009872860151592
4345.61 0.8967052271572756
4345.87 0.8924230014091192
4346.13 0.8920721348607805
4346.39 0.8920488866256803
4346.65 0.8920256358514571
4346.91 0.8920023825383037
4347.17 0.8919791266864122
4347.43 0.891955868295975
4347.69 0.8919326073671843
4347.95 0.8919093439002325
4348.21 0.8918860778953118
4348.47 0.8918628093526147
4348.73 0.8919822536388525
4348.99 0.8923300498775565
4349.25 0.8926778578830398
4349.51 0.893025677654275
4349.78 0.8933868875611646
4350.0 0.8936812161242123
4350.04 0.8937347313132507
4350.3 0.894082586827967
4350.56 0.8944304541042863
4350.82 0.8947783331411804
4351.08 0.8951262239376243
4351.34 0.8954741264925905
4351.6 0.8997293709410698
4351.86 0.9046952149968152
4352.12 0.9096612486658284
4352.38 0.9146274719318984
4352.64 0.9195938847788334
4352.9 0.9245604871904246
4353.16 0.9295272791505178
4353.42 0.9344942606429071
4353.68 0.9394614316514057
4353.94 0.9444287921598103
4354.2 0.9490118845131156
4354.46 0.9527301052013588
4354.72 0.9564484672514886
4354.99 0.9603099928356021
4355.25 0.9640286430090924
4355.51 0.967747434507769
4355.77 0.971466367319555
4356.03 0.9751854414323619
4356.29 0.9789046568341409
4356.55 0.9826240135128052
4356.81 0.986343511456282
4357.07 0.9865419490093563
4357.33 0.9859019949215272
4357.59 0.9852620144166343
4357.85 0.9846220074969042
4358.11 0.9839819741645645
4358.37 0.9833419144218367
4358.63 0.9827018282709489
4358.89 0.9820617157141261
4359.15 0.9814215767535959
4359.41 0.9807814113915791
4359.67 0.9810253580281375
4359.93 0.9842164968630223
4360.2 0.987530499691917
4360.46 0.9907218848131472
4360.72 0.9939133907384045
4360.98 0.9971050174573505
4361.24 1.0002967649596815
4361.5 1.0034886332350625
4361.76 1.0066806222731688
4362.02 1.009872732063677
4362.28 1.0130649625962538
4362.54 1.0142414426820339
4362.8 1.0146752624478914
4363.06 1.0151090970151246
4363.32 1.0155429463824432
4363.58 1.0159768105485611
4363.84 1.016410689512188
4364.1 1.0168445832720359
4364.36 1.0172784918268138
4364.62 1.0177124151752368
4364.88 1.0181463533160147
4365.15 1.0184175767351125
4365.41 1.0179185380972504
4365.67 1.0174194784543853
4365.93 1.0169203978082806
4366.19 1.016421296160702
4366.45 1.0159221735134092
4366.71 1.0154230298681675
4366.97 1.01492386522674
4367.23 1.0144246795908916
4367.49 1.0139254729623817
4370.0 1.0027022384929298
4390.0 0.9725973828038273
4410.0 1.0086265795629308
4430.0 0.9971505204169135
4450.0 1.0118416177304626
4470.0 1.0358755157798034
4490.0 1.0190838481920375
4510.0 1.028077782984892
4530.0 0.9635284630729373
4550.0 0.9895189920412113
4570.0 1.012788725555665
4590.0 1.0155562437520629
4610.0 1.0172936208808971
4630.0 1.0215863169021113
4650.0 1.0001012226253445
4670.0 0.9950457988317281
4690.0 0.9988230456035937
4710.0 0.9759916107800424
4730.0 0.9795472776231554
4750.0 0.989397535311542
4770.0 0.9745583466106815
4790.0 0.9787871049223593
4810.0 0.9979769029658115
4830.0 0.991528192645593
4834.84 0.9931139432170863
4835.13 0.9929146931421717
4835.42 0.9927154337579823
4835.71 0.9925161650653681
4836.0 0.9923168870651797
4836.29 0.9921175997582685
4836.59 0.9919114306825224
4836.88 0.9917121244438677
4837.17 0.9912966841806081
4837.46 0.9890081106117766
4837.75 0.9867194496421211
4838.05 0.9843517773638633
4838.34 0.9820629386039662
4838.63 0.9797740124680444
4838.92 0.9774849989642689
4839.21 0.9751958981008095
4839.5 0.9729067098858363
4839.8 0.9705384922332723
4840.09 0.9682690794077644
4840.38 0.9660085590542781
4840.67 0.9637479524628549
4840.96 0.9614872596415596
4841.26 0.9591485211626678
4841.55 0.9568876529330721
4841.84 0.9546266984980692
4842.13 0.9523656578657197
4842.42 0.9501045310440832
4842.72 0.9481356624262613
4843.01 0.9470676388758336
4843.3 0.9459995736969075
4843.59 0.9449314668933649
4843.88 0.943863318469087
4844.17 0.942795128427954
4844.47 0.9416900604574079
4844.76 0.9406217857594787
4845.05 0.9395534694564688
4845.34 0.9384851115522566
4845.63 0.937555568548486
4845.93 0.9366169176057179
4846.22 0.9357095188315683
4846.51 0.934802084478124
4846.8 0.9338946145486997
4847.09 0.9329871090466084
4847.38 0.9320795679751651
4847.68 0.9311406949572485
4847.97 0.930233081530797
4848.26 0.9301225202242676
4848.55 0.9308659914954743
4848.84 0.9316094887435586
4849.14 0.9323786511611235
4849.43 0.9331222012511374
4849.72 0.9338657773105786
4850.0 0.9345837374555633
4850.01 0.9346093793369922
4850.3 0.9353530073279239
4850.59 0.9360966612809197
4850.89 0.9372354515573178
4851.18 0.9433365185619312
4851.47 0.9494378110180175
4851.76 0.955539328904427
4852.05 0.961641072200013
4852.35 0.9679534576166077
4852.64 0.974055659438007
4852.93 0.9801580866044248
4853.22 0.9862607390947213
4853.51 0.9923636168877602
4853.81 1.0072316685831968
4854.1 1.0257394091459182
4854.39 1.0442478364699848
4854.68 1.0627569504910197
4854.97 1.0812667511446545
4855.26 1.0997772383665256
4855.56 1.118926740671305
4855.85 1.137438624505768
4856.14 1.155951194713199
4856.43 1.1758353678693112
4856.72 1.2000289535036037
4857.02 1.225057745007404
4857.31 1.2492531561938873
4857.6 1.2734494645580883
4857.89 1.2976466700159213
4858.18 1.3218447724833078
4858.47 1.3460437718761786
4858.77 1.3710781632859503
4859.06 1.3952789871987843
4859.35 1.4022988703784025
4859.64 1.4065698667330073
4859.93 1.4108410191606824
4860.23 1.4152596169295515
4860.52 1.4195310868399822
4860.81 1.4238027127790114
4861.1 1.4280744947320052
4861.39 1.4323464326843172
4861.68 1.4366185266213016
4861.98 1.4284284613708942
4862.27 1.4065801915242486
4862.56 1.384731107968893
4862.85 1.3628812107809496
4863.14 1.3410305000366034
4863.44 1.318425460468513
4863.73 1.2965730947928236
4864.02 1.2747199157917941
4864.31 1.2528659235417154
4864.6 1.2308973104929664
4864.9 1.2048737389837283
4865.19 1.1797166682775797
4865.48 1.154558662208017
4865.77 1.1293997208625424
4866.06 1.104239844328887
4866.35 1.0790790326945352
4866.65 1.0530496229352306
4866.94 1.0278869091248906
4867.23 1.0027232604795122
4867.52 0.9878128446068325
4867.81 0.9782989044812732
4868.11 0.9684565244508335
4868.4 0.9589418632182996
4868.69 0.9494268475936845
4868.98 0.939911477610155
4869.27 0.9303957533008455
4869.56 0.9208796746989765
4869.86 0.9110350826622732
4870.0 0.9064408099814459
4870.15 0.9036569073108005
4870.44 0.902999971026467
4870.73 0.9023430087457179
4871.02 0.9016860204709655
4871.32 0.9010063500767191
4871.61 0.9003493089250743
4871.9 0.8996922417867542
4872.19 0.8990351486641727
4872.48 0.898378029559743
4872.77 0.8977208844758768
4873.07 0.8980264819861444
4873.36 0.8985124223669119
4873.65 0.8989983790790297
4873.94 0.8994843521209495
4874.23 0.8999703414911231
4874.53 0.9004731062963194
4874.82 0.9009591288812646
4875.11 0.9014451677897662
4875.4 0.9019312230202764
4875.69 0.903343645333084
4875.98 0.9060684727384464
4876.28 0.9088873640009355
4876.57 0.9116123930268151
4876.86 0.9143375211401987
4877.15 0.9170627483317914
4877.44 0.9197880745922973
4877.74 0.9226074818625838
4878.03 0.9253330096483993
4878.32 0.9279521594415494
4878.61 0.927589992305459
4878.9 0.9272278100821703
4879.2 0.9268531229416408
4879.49 0.9264909100280053
4879.78 0.9261286820313958
4880.07 0.9257664389532047
4880.36 0.9254041807948234
4880.65 0.9250419075576438
4880.95 0.9246671262736517
4881.24 0.9232423914783414
4881.53 0.9211683270702004
4881.82 0.9190941843867318
4882.11 0.917019963435242
4882.41 0.9148741352682308
4882.7 0.9127997551043519
4882.99 0.9107252966946188
4883.28 0.9086507600463345
4883.57 0.9065761451668022
4883.86 0.9053571800348852
4884.16 0.9074896013339473
4884.45 0.9095510176039684
4884.74 0.9116125082651293
4885.03 0.9136740733104486
4885.32 0.9157357127329459
4885.62 0.9178685214310766
4885.91 0.9199303121511152
4886.2 0.9219921772271539
4886.49 0.9240541166522147
4886.78 0.9259168952178161
4887.07 0.9277382326739008
4887.37 0.929622443746933
4887.66 0.9314439143590526
4887.95 0.9332654504114266
4888.24 0.935087051897912
4888.53 0.9369087188123666
4888.83 0.9387932706718564
4889.12 0.9406150706794276
4889.41 0.9423169098314911
4889.7 0.943848769623804
4890.0 0.945433509741048
4890.29 0.9469654808367838
4890.58 0.948497506633185
4890.87 0.950029587125114
4891.16 0.9515617223074329
4891.45 0.9530939121750056
4891.74 0.9546261567226949
4892.04 0.9562001599751618
4892.33 0.9574095989667075
4892.62 0.9586190807353369
4892.91 0.9598286052770272
4910.0 0.9544558618556027
4928.77 0.9604569682897722
4929.07 0.9602008085720571
4929.36 0.9599531765758935
4929.66 0.9596969942336403
4929.96 0.9594408003890016
4930.0 0.959406640340706
4930.26 0.9591845950430672
4930.55 0.9582632915499967
4930.85 0.955761583947813
4931.15 0.9532597802470341
4931.45 0.9507578804569079
4931.74 0.9483392859969042
4932.04 0.9458371972580933
4932.34 0.9433350124574161
4932.64 0.9408327316041313
4932.93 0.9384137688179863
4933.23 0.9362420266585896
4933.53 0.9370468050954841
4933.83 0.9378516120324117
4934.12 0.9386296191596987
4934.42 0.939434482138599
4934.72 0.9402393736093031
4935.02 0.9410442935690378
4935.31 0.9418224099412472
4935.61 0.9426273859213171
4935.91 0.9434323903821942
4936.21 0.944984405929026
4936.5 0.9465649743282327
4936.8 0.9482001037851462
4937.1 0.9498352929303486
4937.4 0.9514705417580499
4937.69 0.9530513390175941
4937.99 0.9546867052040121
4938.29 0.9563221310557711
4938.59 0.957957616567087
4938.88 0.9587502118271541
4939.18 0.9591408857407079
4939.48 0.959531572501851
4939.78 0.9599222721093235
4940.07 0.9602999606065086
4940.37 0.9606906854747451
4940.67 0.9610814231855657
4940.97 0.9614721737377092
4941.26 0.9618499114766523
4941.56 0.9624010196871078
4941.86 0.9631618161518242
4942.16 0.9639226393506544
4942.45 0.9646581271860011
4942.75 0.9654190029543241
4943.05 0.966179905449037
4943.35 0.9669408346675378
4943.64 0.9676764249787537
4943.94 0.9684374067464447
4944.24 0.9695548727015747
4944.54 0.9720982353965477
4944.83 0.974556908314352
4945.13 0.9771004550956853
4945.43 0.9796440954668151
4945.73 0.9821878294186763
4946.02 0.9846468611840004
4946.32 0.987190779151562
4946.62 0.9897347906730045
4946.92 0.9922788957392672
4947.21 0.9935521795479596
4947.51 0.9948694164099139
4947.81 0.9961867007741221
4948.11 0.9975040326359716
4948.4 0.9987774985805825
4948.7 1.000094923841032
4949.0 1.0014123965854602
4949.3 1.002729916809261
4949.59 1.0040035648197194
4949.89 1.0115928783282333
4950.0 1.0152119298045312
4950.19 1.0214631352443049
4950.49 1.0313337601184112
4950.78 1.0408757138944924
4951.08 1.0507470623156676
4951.38 1.0606187785894234
4951.68 1.0704908626802312
4951.97 1.0800342268984862
4952.27 1.0899070342591972
4952.57 1.101965333849006
4952.87 1.115936102703686
4953.16 1.1294416745661728
4953.46 1.1434134681366985
4953.76 1.1573857826745504
4954.06 1.1713586181294253
4954.35 1.18486618751575
4954.65 1.1988400472939982
4954.95 1.2128144278401063
4955.25 1.2254548945754842
4955.54 1.234664514219059
4955.84 1.2441920552211287
4956.14 1.2537199503595389
4956.44 1.2632481996000589
4956.73 1.2724591770941922
4957.03 1.281988122635854
4957.33 1.2915174221782109
4957.63 1.3010470756870751
4957.92 1.30931057345337
4958.22 1.3046080832689897
4958.52 1.29990541475978
4958.82 1.2952025679429326
4959.11 1.2906563132114532
4959.41 1.2859531157729818
4959.71 1.2812497400778093
4960.01 1.2765461861431067
4960.3 1.2719992479291269
4960.6 1.2672953435067655
4960.9 1.2546345122742257
4961.2 1.2407490675319413
4961.49 1.2273259755582067
4961.79 1.2134395059209195
4962.09 1.199552515225116
4962.39 1.1856650035210388
4962.68 1.172239913673686
4962.98 1.1583513774665914
4963.28 1.1444623204002005
4963.58 1.1318005610736503
4963.87 1.1202475689304185
4964.17 1.1082957568869065
4964.47 1.0963434965530718
4964.77 1.0843907879721324
4965.06 1.0728360769674132
4965.36 1.0608824869599351
4965.66 1.0489284488335076
4965.96 1.0369739626313683
4966.25 1.0282667604969693
4966.55 1.0234346469191333
4966.85 1.0186023511266464
4967.15 1.013769873137075
4967.44 1.009098304575179
4967.74 1.0042654683158303
4968.04 0.9994324499114456
4968.34 0.9945992493795701
4968.63 0.9899269824262867
4968.93 0.9857267826403576
4969.23 0.9846932778164891
4969.53 0.9836597325991455
4969.82 0.9826606004964509
4970.0 0.9820404305545831
4970.12 0.9816269758499152
4970.42 0.9805933108214002
4970.72 0.9795596054147785
4971.02 0.9785258596339237
4971.31 0.9775265336714518
4971.61 0.9764927084992356
4971.91 0.9751060138864035
4972.21 0.9737070990251
4972.5 0.9723547633766642
4972.8 0.9709557424186541
4973.1 0.969556667520851
4973.4 0.968157538688439
4973.69 0.9668049962207941
4973.99 0.9654057613320819
4974.29 0.9640064725241212
4974.58 0.9627206279771071
4974.88 0.9614167398062636
4975.18 0.9601128012861585
4975.48 0.9588088124216292
4975.78 0.957504773217501
4976.07 0.9562441541408059
4976.37 0.9549400159495719
4976.48 0.9544618193365924
4976.67 0.9536358274330784
4976.78 0.9531576123687142
4976.97 0.9523315885961569
4977.08 0.951853355082179
4977.26 0.9504922557058083
4977.38 0.9495077021987536
4977.56 0.9480308439349199
4977.68 0.9470462530910392
4977.86 0.9455693388246675
4977.98 0.9445847106475525
4978.16 0.9431077403840147
4978.28 0.9421230748772557
4978.45 0.9407281065174332
4978.58 0.9396613457891334
4978.75 0.9382663245531936
4978.88 0.9371995233921607
4979.05 0.9358044492851895
4979.18 0.934737607695312
4979.35 0.9333424807223946
4979.48 0.9322755987075687
4979.64 0.9309624891049144
4979.78 0.9298134964378885
4979.94 0.9295860216273389
4980.08 0.9303369592703487
4980.24 0.9311951892008901
4980.39 0.9319997947576474
4980.54 0.9328044148267838
4980.69 0.9336090494076015
4980.83 0.9343600547751777
4980.99 0.9352183621014796
4981.13 0.9359693945542964
4981.29 0.936827732833662
4981.43 0.9375787923690995
4981.59 0.9384371615985346
4981.73 0.9391882482139677
4981.89 0.9400466483904832
4982.02 0.9407441106862118
4982.19 0.9416561932038907
4982.32 0.9423536806405105
4982.49 0.9432657960331541
4982.62 0.9439958009916826
4982.79 0.9451841377637374
4982.92 0.9460928823732307
4983.09 0.9472812622710693
4983.21 0.9481201333820098
4983.39 0.9493784628769636
4983.51 0.9502173644252699
4983.69 0.9514757395740591
4983.81 0.9523146715567959
4983.99 0.9535730923550151
4984.11 0.9544120547692286
4984.29 0.955670521212473
4984.4 0.9564395975201412
4984.59 0.9577680261390793
4984.7 0.9585371303369269
4984.89 0.9598656071274831
4985.0 0.9606347392128151
4985.19 0.961963264170328
4985.3 0.962732424140455
4985.49 0.9632088602018806
4985.59 0.9633400213064655
4985.79 0.9636023477792215
4985.89 0.9637335131473006
4986.09 0.9639958481466285
4986.19 0.9641270177777838
4986.39 0.964389361302849
4986.49 0.9645205351966638
4986.69 0.9647828872466288
4986.78 0.9649009475231501
4986.99 0.9651764259767173
4987.08 0.9652944900888867
4987.29 0.9655699774918608
4987.38 0.9656880454393024
4987.59 0.9659635417908066
4987.68 0.9660816135731448
4987.9 0.9663702383284805
4987.97 0.9664620749193716
4988.2 0.9671540495058446
4988.5 0.9686119183297102
4988.8 0.9700698393948258
4989.1 0.9715278126961372
4989.4 0.9729858382285869
4989.7 0.9744439159871299
4990.0 0.9759020459667095
4990.3 0.9773602281622731
4990.6 0.9788184625687695
4990.9 0.9797933360712469
4991.2 0.979179857071407
4991.5 0.9785663535019552
4991.8 0.9779528253652382
4992.1 0.9773392726636013
4992.4 0.9767256953993927
4992.7 0.9761120935749539
4993.0 0.9754984671926322
4993.3 0.9748848162547725
4993.6 0.9744558858544881
4993.9 0.9766134169001358
4994.2 0.978771026001902
4994.5 0.9809287131522402
4994.8 0.9830864783436112
4995.1 0.9852443215684771
4995.41 0.9874741748713489
4995.71 0.9896321767410777
4996.01 0.9917902566214408
4996.31 0.9939484145049026
4996.61 1.0086906327793839
4996.91 1.0238673330709922
4997.21 1.0390445929260226
4997.51 1.05422241229056
4997.81 1.069400791110694
4998.11 1.084579729332474
4998.41 1.0997592269020937
4998.71 1.1149392837656138
4999.01 1.130119899869147
4999.31 1.1590322346508146
4999.61 1.1913784895315636
4999.91 1.2237259379826058
5000.21 1.2560745798888757
5000.51 1.288424415135417
5000.81 1.3207754436072847
5001.11 1.3531276651894493
5001.41 1.3854810797671864
5001.71 1.4178356872254902
5002.01 1.4555671413500437
5002.31 1.495987863312381
5002.61 1.5364100756690484
5002.92 1.5781812606941257
5003.22 1.6186065030769878
5003.52 1.6590332354189414
5003.82 1.699461457576369
5004.12 1.7398911694060348
5004.42 1.780322370764352
5004.72 1.8075222717908064
5005.02 1.8231442688584487
5005.32 1.8387668391882748
5005.62 1.85438998272515
5005.92 1.8700136994138021
5006.22 1.8856379891990134
5006.52 1.9012628520255699
5006.82 1.9168882878382176
5007.12 1.9325142965818503
5007.42 1.928292780323446
5007.72 1.8942984088174866
5008.02 1.8603027798587664
5008.32 1.8263058935683967
5008.62 1.7923077500671671
5008.92 1.7583083494761647
5009.22 1.724307691916359
5009.52 1.6903057775087083
5009.82 1.6563026063742614
5010.0 1.635900100514907
5010.12 1.6196451814356017
5010.42 1.5756905254674314
5010.73 1.5302690092008886
5011.03 1.486311053200625
5011.33 1.4423514744706272
5011.63 1.3983902731670512
5011.93 1.3544274494460355
5012.23 1.3104630034638372
5012.53 1.2664969353762952
5012.83 1.225326055981784
5013.13 1.2023332617750053
5013.43 1.179339618478538
5013.73 1.1563451261741424
5014.03 1.1333497849433618
5014.33 1.1103535948679397
5014.63 1.0873565560295413
5014.93 1.064358668509823
5015.23 1.041359932390503
5015.53 1.0183603477530814
5015.83 1.010388981207669
5016.13 1.0024173194077781
5016.43 0.9944453623817998
5016.73 0.9864731101581452
5017.03 0.9785005627651514
5017.33 0.9705277202312232
5017.63 0.9625545825847394
5017.93 0.9545811498540757
5018.23 0.9466074220676295
5018.54 0.9447911440876972
5018.84 0.9442288600770535
5019.14 0.9436665536372337
5019.44 0.9431042247703781
5019.74 0.9425418734786217
5020.04 0.9419794997641042
5020.34 0.9414171036289631
5020.64 0.9408546850753365
5020.94 0.940292244105363
5021.24 0.9403905209120157
5021.54 0.9407290731619458
5021.84 0.9410676361087021
5022.14 0.9414062097512366
5022.44 0.9417447940884992
5022.74 0.9420833891194443
5023.04 0.9424219948430228
5023.34 0.9427606112581867
5023.64 0.9430992383638875
5023.94 0.9430878151603167
5024.24 0.9428086911711399
5024.54 0.9425295551872526
5024.84 0.9422504072097893
5025.14 0.941971247239884
5025.44 0.9416920752786719
5025.74 0.9414128913272857
5026.04 0.9411336953868596
5026.35 0.9408451803211378
5026.65 0.9404770842752289
5026.95 0.9400073988548443
5027.25 0.9395376944624974
5027.55 0.9390679710999931
5027.85 0.9385982287691368
5028.15 0.9381284674717343
5028.45 0.9376586872095883
5028.75 0.9371888879845046
5029.05 0.9367190697982877
5029.35 0.9362242599991443
5029.65 0.9356711597335445
5029.95 0.935118037460334
5030.0 0.9350258482753175
5030.25 0.934564893181612
5030.55 0.9340117268994744
5030.85 0.933458538616019
5031.15 0.9329053283333433
5031.45 0.9323520960535405
5031.75 0.9317988417787085
5032.05 0.9312977115611112
5032.35 0.9310572962904108
5032.65 0.9308168704934192
5032.95 0.9305764341711279
5033.25 0.9303359873245313
5033.55 0.9300955299546214
5033.85 0.9298550620623918
5034.16 0.9296065675205274
5034.46 0.9293660782359748
5034.76 0.9290699949799717
5035.06 0.9279957165959603
5035.36 0.9269213971721589
5035.66 0.9258470367124877
5035.96 0.9247726352208756
5036.26 0.9236981927012488
5050.0 0.9591454933060329
5070.0 0.9552408973145549
5090.0 0.950652595767574
5110.0 0.9251589650631532
5130.0 0.9186078160202062
5150.0 0.9205116637567681
5170.0 0.8426399373389568
5190.0 0.891355666598015
5210.0 0.8937015048818966
5230.0 0.8845579699972002
5250.0 0.889434687704813
5270.0 0.8758481907234239
5290.0 0.9628842876959286
5310.0 0.9608804404828699
5330.0 0.920772321242631
5350.0 0.945691747322141
5370.0 0.9361523119609285
5390.0 0.9249486668173263
5410.0 0.9123569058583866
5430.0 0.9060637620240054
5450.0 0.9282431522300902
5470.0 0.9040090390221753
5490.0 0.9398630036548298
5510.0 0.9481041404991947
5530.0 0.9415339373800676
5550.0 0.9562574130248273
5570.0 0.9324614728273845
5590.0 0.8916804914800465
5610.0 0.932667926433313
5630.0 0.9291280615537612
5650.0 0.904586255499729
5670.0 0.9116303930211191
5690.0 0.926941557873436
5710.0 0.9123870529137923
5730.0 0.9662929166422339
5750.0 0.9450730706567613
5770.0 0.9270760966097585
5790.0 0.9128839329034949
5810.0 0.9362529194715127
5830.0 0.9283246937784437
5850.0 0.9179802833225637
5870.0 0.9051806744669769
5890.0 0.7860725719591809
5910.0 0.8914457442048339
5930.0 0.8999050494484793
5950.0 0.8875454587260503
5970.0 0.9090753068196884
5990.0 0.9055977152873156
6010.0 0.9011845191012771
6030.0 0.8914836222265632
6050.0 0.9187911784055895
6070.0 0.9229008562037015
6090.0 0.9004072285343916
6110.0 0.9068066302648964
6130.0 0.9047906530785127
6150.0 0.8838756870208684
6170.0 0.8520481814527107
6190.0 0.870370249736079
6210.0 0.8717603535421917
6230.0 0.836028634532587
6250.0 0.8230694004497484
6270.0 0.8682020377015758
6290.0 0.8717899931751504
6310.0 0.8836438931626589
6330.0 0.8932405002513139
6350.0 0.8856889586987718
6370.0 0.89120957796934
6390.0 0.8927400843266131
6410.0 0.8809308174248576
6430.0 0.8891708639131045
6450.0 0.89232886272717
6470.0 0.8586972602574171
6490.0 0.8487701265775092
6510.0 0.8865502419665485
6523.64 0.8540745902164012
6524.04 0.8533735280037349
6524.43 0.8526899663653706
6524.82 0.8520063790788341
6525.22 0.8538535129804252
6525.61 0.8573109373648435
6526.0 0.8607684792056565
6526.4 0.8643147979591365
6526.79 0.8677725776692223
6527.19 0.871319140353291
6527.58 0.8747771578587598
6527.97 0.87824583467217
6528.37 0.8818103319691628
6528.76 0.8852858362661243
6529.15 0.8887614584654281
6529.55 0.8923263216395491
6529.94 0.8958021826113001
6530.0 0.8963369409134171
6530.34 0.899367290642214
6530.73 0.8976827141025118
6531.12 0.8934176947028107
6531.52 0.8890431607920658
6531.91 0.8847778390891904
6532.3 0.8805123681826184
6532.7 0.8761373712597808
6533.09 0.8718715981901518
6533.49 0.8712218432001049
6533.88 0.8723372776246211
6534.27 0.8734527484452359
6534.67 0.8745968588838305
6535.06 0.8757124034127827
6535.46 0.8768565894379384
6535.85 0.8779722076523492
6536.24 0.8782585370593218
6536.64 0.8782180501162413
6537.03 0.8781785718781265
6537.42 0.878139090215833
6537.82 0.8780985926467682
6538.21 0.878059104049918
6538.6 0.8780196120304691
6539.0 0.8822036228009987
6539.39 0.8878455439387479
6539.79 0.8936323292410431
6540.18 0.8992746394127512
6540.57 0.9049171415947049
6540.97 0.910704522747395
6541.36 0.9163474137831354
6541.76 0.9282892063190786
6542.15 0.9416748699118953
6542.54 0.9550609915470547
6542.94 0.9687908228067256
6543.33 0.9821778720563803
6543.72 0.9955653791362921
6544.12 1.009296631144705
6544.51 1.0169349225769284
6544.91 1.023479218907061
6545.3 1.0298601274194883
6545.69 1.0362412527093554
6546.09 1.0427862217479833
6546.48 1.0491677860495343
6546.87 1.0555495670282318
6547.27 1.0556975303661558
6547.66 1.0545186182726531
6548.06 1.0533094330645494
6548.45 1.052130434008961
6548.84 1.0509513920326476
6549.24 1.0497420736320346
6549.63 1.0485629447338483
6550.0 1.04944259007479
6550.02 1.0495070171592622
6550.42 1.0507955812922047
6550.81 1.0520519724772943
6551.21 1.0533406210251444
6551.6 1.0545970945020204
6551.99 1.0558536085945536
6552.39 1.0571423831818012
6552.78 1.1046024923741358
6553.17 1.1573447175086842
6553.57 1.2114411820792008
6553.96 1.2641870625756197
6554.36 1.3182872756549502
6554.75 1.3710368103818005
6555.14 1.4237881486788164
6555.54 1.5679925192980029
6555.93 1.7157194317311688
6556.33 1.867239463849869
6556.72 2.014976613259987
6557.11 2.1627188151993293
6557.51 2.314254526437254
6557.9 2.462006960622804
6558.29 2.622609055142388
6558.69 2.7880469722543486
6559.08 2.949354523871027
6559.48 3.114803891236693
6559.87 3.2761226051239816
6560.26 3.4374468282263186
6560.66 3.6029132919071096
6561.05 3.6190080858250857
6561.44 3.6351034215489952
6561.84 3.651612020925047
6562.23 3.667708453899864
6562.63 3.68421817848744
6563.02 3.7003157083738927
6563.41 3.7164137796485717
6563.81 3.5722032814346076
6564.2 3.4315931730007847
6564.59 3.2909782543109687
6564.99 3.1467528288080637
6565.38 3.0061281685164207
6565.78 2.8618927531712233
6566.17 2.7201271790005737
6566.56 2.557429659725297
6566.96 2.3905546349917732
6567.35 2.227845856902353
6567.75 2.060959286451402
6568.14 1.8982392530267893
6568.53 1.735513664453481
6568.93 1.5775227079097736
6569.32 1.5016878173645323
6569.71 1.4258503373704923
6570.0 1.3694566866713418
6570.11 1.3480656171272176
6570.5 1.2722228930499213
6570.9 1.1944327950904485
6571.29 1.1185848285496574
6571.68 1.0493191218373894
6572.08 1.0373707329226467
6572.47 1.025720649291279
6572.86 1.0140701664013494
6573.26 1.0021205384987029
6573.65 0.9904692470406969
6574.05 0.9785187899654918
6574.44 0.9719811872261789
6574.83 0.9935735721944053
6575.23 1.0157203692558454
6575.62 1.037314238443424
6576.01 1.0589088401779567
6576.41 1.0810579104949252
6576.8 1.1026539957645471
6577.2 1.1284742921738788
6577.59 1.1705177685810786
6577.98 1.2125626723698135
6578.38 1.2556871331371124
6578.77 1.2977349276223766
6579.16 1.339784148831336
6579.56 1.3829130370387228
6579.95 1.419925358814733
6580.35 1.4378577389822216
6580.74 1.455342408120997
6581.13 1.4728276680689318
6581.53 1.4907618816479973
6581.92 1.5082483380874088
6582.31 1.525735385063753
6582.71 1.5355404399693888
6583.1 1.5177936511870624
6583.5 1.4995911869015333
6583.89 1.481843170421273
6584.28 1.4640945480019045
6584.68 1.4458902033528793
6585.07 1.4281403538009496
6585.46 1.405282019194988
6585.86 1.3666438330778288
6586.25 1.3289703038652494
6586.65 1.2903294559063594
6587.04 1.2526533317981217
6587.43 1.2149759269603495
6587.83 1.1763311046139084
6588.22 1.1416924591008475
6588.62 1.1141046876605682
6589.01 1.0872056843662605
6589.4 1.0603057667956224
6589.8 1.0327151581530314
6590.0 1.0189194932722214
6590.19 1.0058133890128165
6590.58 0.9789107060168887
6590.98 0.9566668157993834
6591.37 0.9458113074722052
6591.77 0.9346770685634612
6592.16 0.9238208110760829
6592.55 0.9129641838351702
6592.95 0.9018287974993769
6593.34 0.8909714214428772
6593.73 0.8836024740041197
6594.13 0.8824341691958373
6594.52 0.8812950309170486
6594.92 0.8801266418266392
6595.31 0.8789874213854231
6595.7 0.8778481603923358
6596.1 0.8766796454604738
6596.49 0.8761497465303155
6596.88 0.8765949548647486
6597.28 0.8770515923557701
6597.67 0.877496827126802
6598.07 0.8779534917281058
6598.46 0.8783987529275903
6598.85 0.8788440271710296
6599.25 0.8794989271351343
6599.64 0.880398921207072
6600.04 0.8813220215510454
6600.43 0.8822220731454494
6600.82 0.8831221531304886
6601.22 0.8840453415769027
6601.61 0.8849454790579596
6602.0 0.8858610270661629
6610.0 0.8748852418863926
6630.0 0.8880364428917837
6650.0 0.9150593570063177
6670.0 0.8895650500896779
6690.0 0.9011977000821647
6710.0 1.1180248892469489
6730.0 1.3360264435243592
6750.0 0.8338157796942703
6770.0 0.8689739133499405
6790.0 0.8790080259526698
6810.0 0.8630500292689375
6830.0 0.8701054015633721
6850.0 0.871977333331056
6870.0 0.8430802441138365
6890.0 0.8528132710127747
6910.0 0.8603453556118847
6930.0 0.871008836899661
6950.0 0.8869932358921782
6970.0 0.8821745667723649
6990.0 0.8580574428373087
7010.0 0.8885933214100679
7030.0 0.8742421069794493
7050.0 0.9213798845539161
7070.0 0.8598442502840169
7090.0 0.8403916798937825
7110.0 0.8251117533396943
7130.0 0.83571452535887
7150.0 0.810131383262759
7170.0 0.8247292144295332
7190.0 0.7973861927936234
7210.0 0.7915840067697871
7230.0 0.8299228797837297
7250.0 0.8415474396787435
7270.0 0.8504593246907456
7290.0 0.8337825728101479
7310.0 0.8593425590308065
7330.0 0.8903673577323503
7350.0 0.9067607439791667
7370.0 0.8783808852371566
7390.0 0.9038602760262515
7410.0 0.9031193959889889
7430.0 0.8981086086290779
7450.0 0.897708008097735
7470.0 0.9141313732276877
7490.0 0.9042607905179173
7510.0 0.8953604031729037
7530.0 0.9204370547322207
7550.0 0.9284059890812976
7570.0 0.9225268752273702
7590.0 0.9214891351103925
7610.0 0.8982717446961656
7630.0 0.8981182351257961
7650.0 0.8847920327006139
7670.0 0.7970853769435002
7690.0 0.8379327258595359
7710.0 0.816397354221159
7730.0 0.8603737235704911
7750.0 0.8634989805110976
7770.0 0.8426222358170784
7790.0 0.8365659050077598
7810.0 0.84972483886949
7830.0 0.8569610177917036
7850.0 0.8693143487637937
7870.0 0.8724575116348868
7890.0 0.8616805388485944
7910.0 0.8544456002276976
7930.0 0.8311623170069545
7950.0 0.8364557759644788
7970.0 0.8583558835851355
7990.0 0.8696265475789663
8010.0 0.8677935001770994
8030.0 0.8634988846231199
8050.0 0.8573642838441955
8070.0 0.8761872109857158
8090.0 0.8683643571245019
8110.0 0.8820733224851551
8130.0 0.8924252492295578
8150.0 0.882942379122616
8170.0 0.8755110540122006
8190.0 0.8337891684064522
8210.0 0.8260422324671195
8230.0 0.8830358618386219
8250.0 0.8712364606176465
8270.0 0.8651523157920717
8290.0 0.8588236015767831
8310.0 0.8569276323901739
8330.0 0.8533436214546876
8350.0 0.8526338871090845
8370.0 0.8707195320694681
8390.0 0.8296293302505239
8410.0 0.8512127130604116
8430.0 0.8478873498282734
8450.0 0.8222288837323175
8470.0 0.8190900744769402
8490.0 0.8488062508768609
8510.0 0.8276777207375144
8530.0 0.8353003154735967
8550.0 0.6451621958136255
8570.0 0.8149220777782773
8590.0 0.8311191254612915
8610.0 0.8288528080401049
8630.0 0.8430575848428893
8650.0 0.8453203796330707
8670.0 0.5876053333227081
8690.0 0.7856757610272402
8710.0 0.8260034837256219
8730.0 0.8575506336993926
8750.0 0.8340790581559165
8770.0 0.8343524147696346
8790.0 0.8607534720808093
8810.0 0.8434523963195039
8830.0 0.8147364914997249
8850.0 0.8416047796583866
8870.0 0.7820805699902783
8890.0 0.805587716028156
8910.0 0.8317197662139191
8930.0 0.8243756437547232
8950.0 0.8045397337254815
8970.0 0.7946263124131713
8990.0 0.7446301827861084
9010.0 0.7448928813127405
9030.0 0.7944987890653151
9050.0 0.8506003570493652
9070.0 0.8353039402829704
9090.0 0.8029413932989662
9110.0 0.8381621856912047
9130.0 0.8393948880012282
9150.0 0.7747163673835477
9170.0 0.73134366929712
9190.0 0.7554628168411506
9210.0 0.7974602598703849
9230.0 0.7707644609755476
9250.0 0.7831582319633691
9270.0 0.8059179530147156
9290.0 0.8224708901880445
9310.0 0.8342218126459385
9330.0 0.8395921947107539
9350.0 0.83965901678595
9370.0 0.831234776811521
9390.0 0.8327534066606997
9410.0 0.8420944513548043
9430.0 0.8429358744837547
9450.0 0.8434556489524878
9470.0 0.8574022420736979
9490.0 0.854514862480483
9510.0 0.8350385555818876
9530.0 0.8372452453014096
9550.0 0.8110517979539623
9570.0 0.8302467652376365
9590.0 0.8502384302746318
9610.0 0.8507370665736965
9630.0 0.8492152084164042
9650.0 0.8468754649579857
9670.0 0.8438851600422616
9690.0 0.8493560505297386
9710.0 0.8364075180854119
9730.0 0.8282627027349041
9750.0 0.8269085286680689
9770.0 0.830044965370551
9790.0 0.8250760020967094
9810.0 0.8337633745691463
9830.0 0.8420978213629444
9850.0 0.8390979175574258
9870.0 0.836491231891851
9890.0 0.8347824942304468
9910.0 0.8284876646974201
9930.0 0.8364436298821818
9950.0 0.8412290825976689
9970.0 0.8428022815069426
9990.0 0.8427836521357392
10025.0 0.8420187192732612
10075.0 0.831188659397052
10125.0 0.856925345316564
10175.0 0.8541854744813675
10225.0 0.8622104062829077
10275.0 0.8697277393944981
10325.0 0.8687628262192845
10375.0 0.8615266146371259
10425.0 0.854269762364525
10475.0 0.8469925380543739
10525.0 0.8383880343849542
10575.0 0.8286105728305844
10625.0 0.8188093963321263
10675.0 0.8089848084129413
10725.0 0.8019862054525706
10775.0 0.7966570510448381
10825.0 0.7913126906848744
10875.0 0.7859533156970016
10925.0 0.7766068071909235
10975.0 0.7651194169444694
11025.0 0.7536080852419519
11075.0 0.742073108532316
11125.0 0.7378174785222413
11175.0 0.7383775323344177
11225.0 0.7389330162571615
11275.0 0.7394839858416432
11325.0 0.74080785354862
11375.0 0.7429820858324983
11425.0 0.7451543300094394
11475.0 0.7473246097887415
11525.0 0.7477911796013522
11575.0 0.7437592613825568
11625.0 0.739716765129972
11675.0 0.7356638156359111
11725.0 0.7282708120959698
11775.0 0.7179553474099875
11825.0 0.7076213525137641
11875.0 0.6972690427597021
11925.0 0.6950962195069244
11975.0 0.6959196226984552
12025.0 0.6967399830730241
12075.0 0.6975573353778758
12125.0 0.6977502116616637
12175.0 0.6965654264763967
12225.0 0.6953752066738774
12275.0 0.6941796134707394
12325.0 0.6912318823529122
12375.0 0.6853808968381216
12425.0 0.6795190244744556
12475.0 0.6736463861843492
12525.0 0.6688607133593013
12575.0 0.6658791944566775
12625.0 0.6628907181757137
12675.0 0.6598953606524119
12725.0 0.6568916394274201
12775.0 0.65387776362789
12825.0 0.6508572227183409
12875.0 0.6478300885967463
12925.0 0.6457912157591629
12975.0 0.6440326747171569
13025.0 0.6422691765539542
13075.0 0.6405007739786734
13125.0 0.6369705170035249
13175.0 0.6322088744342934
13225.0 0.6274392574495391
13275.0 0.6226617497003258
13325.0 0.6180634570618871
13375.0 0.6138314316025484
13425.0 0.6095923482657668
13475.0 0.6053462800715004
13525.0 0.6023879316503828
13575.0 0.6001821951318218
13625.0 0.5979717774332571
13675.0 0.5957567263192372
13725.0 0.5924323857638523
13775.0 0.585711097089297
13825.0 0.5789808623825802
13875.0 0.5722417717445545
13925.0 0.564981946341238
13975.0 0.5570356210127584
14025.0 0.5490795592550298
14075.0 0.5411138578435097
14125.0 0.5365315539930637
14175.0 0.5345864166307186
14225.0 0.5326375626739603
14275.0 0.5306850285674696
14325.0 0.531128220449654
14375.0 0.5329202666023497
14425.0 0.5347121453844147
14475.0 0.536503858392182
14525.0 0.5338701776661079
14570.0 0.5294747710396368
14620.0 0.5245852285655425
14675.0 0.5191997990587335
14725.0 0.5193962865695884
14775.0 0.5225716175609169
14825.0 0.5257480673783926
14875.0 0.5289256254346197
14925.0 0.5313054814619242
14975.0 0.5330142636351217
15025.0 0.5347228917750951
15075.0 0.5364313672989942
15125.0 0.5387335343684146
15175.0 0.5419331348886068
15225.0 0.5451338033802408
15275.0 0.5483355299853239
15325.0 0.5507454909752247
15375.0 0.5498982647495361
15425.0 0.5490488466250708
15475.0 0.5481972565352912
15525.0 0.5461593377402892
15575.0 0.5434771088483779
15625.0 0.5407913533318058
15675.0 0.5381021028909214
15725.0 0.5343661419592216
15775.0 0.5285855450043127
15825.0 0.522799217110398
15875.0 0.5170072091952945
15925.0 0.5150317904422245
15975.0 0.5146892085862134
16050.0 0.5141724991603377
16150.0 0.5138947422330136
16250.0 0.5142643133195356
16350.0 0.5133155627462889
16450.0 0.5111672113580877
16550.0 0.5109392785924509
16650.0 0.5118059737504649
16750.0 0.512281334044613
16850.0 0.5120107670244508
16950.0 0.5107648150148254
17050.0 0.5081029907218187
17150.0 0.5028697406754988
17250.0 0.49448889946543784
17350.0 0.48628486764915774
17450.0 0.47828319274223857
17550.0 0.46899561295122866
17650.0 0.4582324744797075
17750.0 0.4479456132538567
17850.0 0.43827341336689335
17950.0 0.4280959190031387
18050.0 0.4171306342086471
18150.0 0.407587714445626
18250.0 0.40116412627934295
18350.0 0.394628172260408
18450.0 0.3880242095815564
18550.0 0.3803433357620074
18650.0 0.3716684522472698
18750.0 0.364523753410149
18850.0 0.35989908138453097
18950.0 0.35717467886016613
19050.0 0.35548512967826695
19150.0 0.3521382176715237
19250.0 0.3468476404062084
19350.0 0.341465733029217
19450.0 0.33603927832585917
19550.0 0.33010957580170336
19650.0 0.3235903950254008
19750.0 0.31851268828139334
19850.0 0.3141906060567863
19950.0 0.31067361536081434
20050.0 0.308497421106615
20150.0 0.30495477856854375
20250.0 0.30021652235736096
20350.0 0.298173212942364
20450.0 0.2974323377639358
20550.0 0.2959304993045951
20650.0 0.2928526390159971
20750.0 0.2901042601067682
20850.0 0.28779957531241845
20950.0 0.2858680046681624
21050.0 0.2842937207856149
21150.0 0.2821640200326737
21250.0 0.2796266928950467
21350.0 0.27733287079411156
21450.0 0.2751837098811157
21550.0 0.27184637589568145
21650.0 0.2678831663808308
21750.0 0.26521861311334904
21850.0 0.2631981346003807
21950.0 0.2604352280904398
22050.0 0.2572907916596626
22150.0 0.2540359596311638
22250.0 0.25071669965528065
22350.0 0.24795027117164326
22450.0 0.24556232998056415
22550.0 0.24292967627782872
22650.0 0.2400800922747978
22750.0 0.23331750728211556
22850.0 0.22175299471038745
22950.0 0.21369931308531798
23050.0 0.21223050233862856
23150.0 0.20250492371362488
23250.0 0.19016265411239233
23350.0 0.18220972647434314
23450.0 0.17689302669937423
23550.0 0.17462498333477616
23650.0 0.175798607185661
23750.0 0.174118955871608
23850.0 0.16562901107341643
23950.0 0.16075261179506084
24050.0 0.1578136729495498
24150.0 0.1554407888855452
24250.0 0.15378638747734039
24350.0 0.14948128297132493
24450.0 0.14438190301739678
24550.0 0.14108311194760867
24650.0 0.1394193475607154
24750.0 0.13494079992448632
24850.0 0.12234427322638962
24950.0 0.11617387750191899
25050.0 0.11539875251875925
25150.0 0.11492754246722296
25250.0 0.11542031037617159
25350.0 0.11553294303598455
25450.0 0.11526297134771592
25550.0 0.11598157553726178
25650.0 0.11703947461993991
25750.0 0.1172909827701942
25850.0 0.11626792984501942
25950.0 0.11581619412242825
26050.0 0.11573713933959966
26150.0 0.11537636827293471
26250.0 0.11395363552109047
26350.0 0.1128266229454435
26450.0 0.11214660221578017
26550.0 0.11131401434673473
26650.0 0.11036839750412208
26750.0 0.10969126119301628
26850.0 0.10910889539246493
26950.0 0.10843921734061181
27050.0 0.10753426743865534
27150.0 0.10658571992627876
27250.0 0.10557312071362847
27350.0 0.10470664364649458
27450.0 0.1039724719909565
27550.0 0.10293431225926714
27650.0 0.10171917852050645
27750.0 0.10096607936366409
27850.0 0.10038591605645304
27950.0 0.09972085623167995
28050.0 0.09903533220038614
28150.0 0.09835289394706323
28250.0 0.09768195881519989
28350.0 0.09695175069676026
28450.0 0.09607013216201156
28550.0 0.0951951206472126
28650.0 0.09433499105647684
28750.0 0.09355518406835964
28850.0 0.09293161532869376
28950.0 0.09227487991910245
29050.0 0.0915569236507341
29150.0 0.09080859116295394
29250.0 0.09000313653943792
29350.0 0.08923728863329022
29450.0 0.08855329543992152
29550.0 0.08793111301279578
29650.0 0.08745716930655122
29750.0 0.08688999405600624
29850.0 0.08604235415110509
29950.0 0.08522422147419187
30050.0 0.08453476584813818
30150.0 0.08389253372106316
30250.0 0.08326130992968785
30350.0 0.08290188109592422
30450.0 0.08264653924339804
30550.0 0.08228158163193369
30650.0 0.08185040351030946
30750.0 0.0814679168790344
30850.0 0.08113208222552618
30950.0 0.08079835798514505
31050.0 0.0804681893152215
31150.0 0.08009825799187406
31250.0 0.07958768176577866
31350.0 0.07921696371440509
31450.0 0.07888044868895916
31550.0 0.0785993841737314
31650.0 0.07835008291081798
31750.0 0.07817723253382637
31850.0 0.07809654813443702
31950.0 0.07806724681752354
32100.0 0.07832887172216516
32300.0 0.0792036108511431
32500.0 0.0820268835380988
32700.0 0.09523272724851424
32900.0 0.11808650174380211
33100.0 0.11713551931694687
33300.0 0.08740869122815752
33500.0 0.07796351666632191
33700.0 0.0737666665211089
33900.0 0.0701411901494917
34100.0 0.06837759788383356
34300.0 0.06665452471787792
34500.0 0.06563040414372802
34700.0 0.06422924142681859
34900.0 0.06325370985710975
35100.0 0.06206851419286005
35300.0 0.06124981538528868
35500.0 0.060124948489076846
35700.0 0.05934184735563778
35900.0 0.0582619948085846
36100.0 0.05720056192349829
36300.0 0.056468650914949084
36500.0 0.05544976203630968
36700.0 0.054748555294335234
36900.0 0.05366195557971821
37100.0 0.05257785033292196
37300.0 0.05201331069485997
37500.0 0.05100925836209071
37700.0 0.050326990300583935
37900.0 0.04970973935300219
38100.0 0.048864149367445736
38300.0 0.04808738099762173
38500.0 0.047249862667567345
38700.0 0.04660307444874204
38900.0 0.04580346588747818
39100.0 0.04509055864360321
39300.0 0.04427950079800266
39500.0 0.043469228634963844
39700.0 0.0429622870312534
39900.0 0.04215857672590269
40100.0 0.04151701631518972
40300.0 0.04088676561637386
40500.0 0.040114534948884145
40700.0 0.039569004256420834
40900.0 0.039182861547987724
41100.0 0.03864891578065823
41300.0 0.038090076824793644
41500.0 0.03745885921622287
41700.0 0.0369188541517589
41900.0 0.03638921299352559
42100.0 0.035807549130839646
42300.0 0.03544356789352986
42500.0 0.03487377320156587
42700.0 0.03430356698114999
42900.0 0.03325236247870418
43100.0 0.03229327651882952
43300.0 0.03205919375957991
43500.0 0.03117720922477737
43700.0 0.030635427563671006
43900.0 0.03016022800552854
44100.0 0.02947842242792799
44300.0 0.029137762138803126
44500.0 0.028723489479410128
44700.0 0.028190533875563882
44900.0 0.02804546240108539
45100.0 0.027614054699088543
45300.0 0.027250015434731815
45500.0 0.027067967119321995
45700.0 0.026780002627934337
45900.0 0.026284768889731934
46100.0 0.02615176506869432
46300.0 0.025726326860054844
46500.0 0.025515157492029254
46700.0 0.02533996331070112
46900.0 0.02507071145210567
47100.0 0.0248055578526192
47300.0 0.02474116802090754
47500.0 0.02442337267986596
47700.0 0.024126910486181805
47900.0 0.02391420780830993
48100.0 0.023620515659233378
48300.0 0.023620515659233378
48500.0 0.023358370735332538
48700.0 0.023040055593738756
48900.0 0.022851851872369894
49100.0 0.022665705881635096
49300.0 0.022526930695403048
49500.0 0.02227439609142756
49700.0 0.022167292254885375
49900.0 0.021947211452409184
50100.0 0.021901884336322078
50300.0 0.021772837857908723
50500.0 0.021695800448041352
50700.0 0.021696838308657557
50900.0 0.02164781574560807
51100.0 0.021583947554024117
51300.0 0.021550204593968947
51500.0 0.021501316622908967
51700.0 0.021502397895282563
51900.0 0.021453520292644322
52100.0 0.021454578713298037
52300.0 0.021406081097867954
52500.0 0.02145809837849914
52700.0 0.021506557134562187
52900.0 0.02149088186258586
53100.0 0.021458712538559292
53300.0 0.02153910374408851
53500.0 0.021570989055310245
53700.0 0.0216523230353792
53900.0 0.02173384455110311
54100.0 0.02181179803315579
54300.0 0.021846515190958583
54500.0 0.021978381373982562
54700.0 0.022059872685535914
54900.0 0.022215381647221474
55100.0 0.02232799935717127
55300.0 0.02257325512748944
55500.0 0.02270578826345438
55700.0 0.022947929794870453
55900.0 0.023157857627520574
56100.0 0.023453323250402044
56300.0 0.023714607534989034
56500.0 0.02407144215245672
56700.0 0.024475620235751377
56900.0 0.02482343408196001
57100.0 0.025323221313280176
57300.0 0.025831832369951867
57500.0 0.026471002533527105
57700.0 0.02706370743038709
57900.0 0.027860881188848836
58100.0 0.028672756845862683
58300.0 0.029650655965788905
58500.0 0.030648896287339557
58700.0 0.03193358114662735
58900.0 0.03341491050496359
59100.0 0.03488340065898693
59300.0 0.035355985092220286
59500.0 0.037234995486243
59700.0 0.04231394444520372
59900.0 0.04761373792303764
60100.0 0.05210717158316107
60300.0 0.05376230542802674
60500.0 0.055096448595712895
60700.0 0.057044978573702325
60900.0 0.06358492362786304
61100.0 0.07217016085394026
61300.0 0.08291573527320444
61500.0 0.10845857865935778
61700.0 0.1339134783146472
61900.0 0.15928167423607226
62100.0 0.1669494828707715
62300.0 0.16624540458790413
62500.0 0.15468217841574614
62700.0 0.1372673041170792
62900.0 0.11921639890583617
63100.0 0.1017548238090555
63300.0 0.09173080630797795
63500.0 0.08415750718711354
63700.0 0.07748723241884024
63900.0 0.07186889086966597
64200.0 0.06377678835702293
64600.0 0.056752248418160726
65000.0 0.05298061280728002
65400.0 0.04973640543258284
65800.0 0.049934378883339445
66200.0 0.05240450386705046
66600.0 0.05072250424139013
67000.0 0.04840260422710111
67400.0 0.050500219270231864
67800.0 0.05302307045533662
68200.0 0.05170783732800495
68600.0 0.05283095624596295
69000.0 0.05103847108445787
69400.0 0.05550860691222854
69800.0 0.06595388448072168
70200.0 0.060777667070952064
70600.0 0.058236708527017046
71000.0 0.06026802810282168
71400.0 0.06625007830890485
71800.0 0.06864273312690307
72200.0 0.06982956378886043
72600.0 0.07751857906101914
73000.0 0.08309091302960045
73400.0 0.09072818750676429
73800.0 0.0996322563601796
74200.0 0.11111235183436573
74600.0 0.12798677371389933
75000.0 0.13930329972638855
75400.0 0.1539878044391815
75800.0 0.17057191223160964
76200.0 0.16730034634308344
76600.0 0.16692816070943212
77000.0 0.16087985793379717
77400.0 0.15603028935677177
77800.0 0.1516881067862561
78200.0 0.14804091517703452
78600.0 0.13986613576226434
79000.0 0.12968419191919806
79400.0 0.11695783722868365
79800.0 0.10582273690844167
80200.0 0.09554927702463586
80600.0 0.08620512520136857
81000.0 0.07923667192545064
81400.0 0.07398982345524277
81800.0 0.07084730743246127
82200.0 0.06880492194913247
82600.0 0.06788141765435811
83000.0 0.06798472357626315
83400.0 0.06815634654357335
83800.0 0.06834364580060988
84200.0 0.06862140583298247
84600.0 0.07026042080796245
85000.0 0.07505476151238397
85400.0 0.07834177440871422
85800.0 0.08007734489632673
86200.0 0.07763204904057187
86600.0 0.07200196795244954
87000.0 0.06460431076601142
87400.0 0.05666477525150034
87800.0 0.04853514470245582
88200.0 0.040265306014441206
88600.0 0.03584133022938969
89000.0 0.03194950655666033
89400.0 0.028696897956997657
89800.0 0.027433237060059706
90200.0 0.025680660479952492
90600.0 0.022665565409162182
91000.0 0.021345428146386288
91400.0 0.020444148645058856
91800.0 0.019579176312629343
92200.0 0.019378707521834848
92600.0 0.019324338729857934
93000.0 0.018594119981849018
93400.0 0.018168759483723023
93800.0 0.01792314094675864
94200.0 0.017438488477657492
94600.0 0.017054795077558853
95000.0 0.01676759824898677
95400.0 0.016757957669907016
95800.0 0.01667334385281687
96200.0 0.016466530919198384
96600.0 0.017111185235474544
97000.0 0.017191278942914983
97400.0 0.015746993560877644
97800.0 0.01529593833528239
98200.0 0.015089523002780564
98600.0 0.014664450885129493
99000.0 0.014237124090274682
99400.0 0.013869332765668357
99800.0 0.013957266456192384
100200.0 0.013782629389294535
100400.00000000009 0.013595602342217347
100748.43066198383 0.013510467940721008
101098.07052641988 0.01372286741486173
101448.92378975474 0.013824912445217224
101800.9946629978 0.013873677781224959
102154.28737177301 0.013771394240736355
102508.80615636887 0.013714501031964048
102864.55527178946 0.013970599502614423
103221.53898780573 0.014380438625986038
103579.76158900595 0.015002503737835932
103939.22737484834 0.01565824317598275
104299.94065971187 0.01633040273846948
104661.9057729482 0.017383914970831974
105025.12705893395 0.018507164265463075
105389.60887712192 0.019789410579474667
105755.35560209466 0.020326252998557687
106122.37162361621 0.02027804213394546
106490.66134668495 0.020179754462358795
106860.22919158668 0.02018053299403886
107231.07959394684 0.020632300656544
107603.217004785 0.020866771614697993
107976.64589056744 0.020901012308557405
108351.370733261 0.021537941821911107
108727.39603038708 0.02262900980660857
109104.72629507471 0.02505973296741112
109483.36605611602 0.028229373060807954
109863.31985801981 0.03196614786241048
110244.59226106624 0.034366432056789666
110627.1878413618 0.037759540008657486
111011.11119089334 0.04353731616581957
111396.36691758451 0.05730342074498933
111782.95964535022 0.07414103462944723
112170.89401415233 0.08694377184897234
112560.17468005554 0.09023667446683835
112950.80631528242 0.08385698202843575
113342.79360827077 0.07188076512140401
113736.1412637291 0.06056335109664069
114130.85400269323 0.05175015252312049
114526.93656258319 0.04539651863321009
114924.39369725919 0.040114831133992404
115323.23017708007 0.03606238616742059
115723.45078895958 0.033148483063532255
116125.06033642414 0.030911086123665606
116528.06363967061 0.029136872939450865
116932.46553562334 0.027920006357740227
117338.27087799355 0.02718854513663469
117745.48453733666 0.027904067508591455
118154.11140111096 0.028569583458987365
118564.15637373661 0.029189000300031086
118975.62437665339 0.030458373359058995
119388.52034838134 0.03113445976068219
119802.84924457902 0.03120682737827964
120218.61603810318 0.030546737311634035
120635.82571906883 0.029864577396314443
121054.48329490799 0.029158810787377667
121474.59379043133 0.028374876431898604
121896.16224788758 0.028287472918835457
122319.19372702412 0.02884604238600508
122743.69330514787 0.030286973332999973
123169.6660771864 0.03139818155395689
123597.11715574806 0.03230791346427089
124026.0516711849 0.033182660709838295
124456.47477165324 0.034502844278113884
124888.39162317566 0.03601512572297979
125321.80740970328 0.03759572310535173
125756.72733317701 0.039225885382892296
126193.15661359143 0.04068648099714291
126631.1004890565 0.04194781470847426
127070.56421586059 0.04412866664542223
127511.55306853396 0.051651866909281724
127954.0723399109 0.05929805344008122
128398.12734119488 0.05523512296424022
128843.72340202122 0.039953861674908664
129290.86587052139 0.027739307780072366
129739.56011338736 0.02305360098700506
130189.81151593504 0.021644444247654947
130641.62548217046 0.020805223544388286
131095.00743485359 0.020444136183588056
131549.96281556363 0.020543247248020226
132006.49708476473 0.020209613716646813
132464.61572187033 0.019878659124297562
132924.3242253105 0.01958592749426306
133385.628112597 0.019348599365186576
133848.53292038973 0.018970691109506457
134313.04420456337 0.018836651043145556
134779.167540273 0.01894718810738007
135246.90852202274 0.019174434828196443
135716.27276373174 0.019025738034364977
136187.2658988018 0.018625438215995892
136659.8935801853 0.017869792832691914
137134.16148045196 0.016551020110347165
137610.07529185852 0.0159676761207882
138087.64072641605 0.01583798266402948
138566.86351595866 0.01575667659838907
139047.7494122127 0.015410084059961183
139530.30418686455 0.015588038277387058
140014.53363163173 0.015878294633912153
140500.44355833106 0.016144052138858993
140988.03979894897 0.016357759593594208
141477.32820571162 0.016574125771627587
141968.3146511539 0.016912727847266905
142461.00502819192 0.01690787382764539
142955.40525019236 0.016320269218362188
143451.52125104374 0.015340021388026735
143949.35898522806 0.0149145515339147
144448.924427891 0.014424234940149147
144950.2235749154 0.01393619735023128
145453.2624429921 0.013655074182446499
145958.04706969234 0.01348165956329405
146464.58351354074 0.013217999934946741
146972.87785408652 0.012940375811021552
147482.9361919785 0.012764030060124765
147994.76464903704 0.012602431904385246
148508.36936832778 0.012487516644981862
149023.7565142358 0.012379704169866041
149540.9322725382 0.012280164753852992
150059.90285048028 0.012229244530856718
150580.6744768489 0.012199659651441753
151103.25340204738 0.012177078647044018
151627.64589817091 0.012179021778228187
152153.85825908065 0.012285633230924044
152681.89680048096 0.0123385972198987
153211.76785999417 0.012325529765119176
153743.47779723676 0.012763614462773142
154277.0329938962 0.013388925159791776
154812.43985380605 0.01640046819653162
155349.70480302497 0.01865952344522575
155888.8342899124 0.019125164127521084
156429.8347852063 0.01751543037876895
156972.71278210124 0.0145183802826065
157517.47479632485 0.013622054286271975
158064.1273662182 0.013169247447493704
158612.67705281274 0.01351353063838941
159163.1304399096 0.013657637564178631
159715.49413415877 0.013649366967901571
160269.77476513712 0.01361883123856397
160825.97898542997 0.013602146598652535
161384.11347070962 0.013630907977490472
161944.18491981577 0.014179360870678089
162506.2000548363 0.015044632001860358
163070.1656211866 0.01728629611690935
163636.0883876925 0.019549682811886585
164203.97514667013 0.021828017007625457
164773.83271400793 0.021891661974483834
165345.66792924836 0.021128837165762148
165919.48765567035 0.019691485306090804
166495.29878037024 0.018991389577291715
167073.10821434658 0.0188643980038983
167652.9228925817 0.01886017288071785
168234.74977412526 0.018893291691643208
168818.59584217807 0.018978148714582806
169404.46810417465 0.020415691633971483
169992.37359186928 0.0218611386038609
170582.3193614191 0.0226063281087937
171174.31249346913 0.021562812078497393
171768.3600932375 0.020062482079578173
172364.46929059955 0.019614364354336743
172962.64724017525 0.019642622945848884
173562.90112141386 0.01978412975884545
174165.23813868032 0.018823782364774704
174769.6655213422 0.017460897544963393
175376.19052385495 0.015907830602690708
175984.8204258511 0.01515591147134453
176595.5625322263 0.01477905408321943
177208.42417322725 0.014654266200619603
177823.4127045401 0.014412113387036418
178440.53550737724 0.01403404192779986
179059.79998856818 0.013549140007209338
179681.21358064678 0.012941271638965286
180304.7837419411 0.012371377275725081
180930.51795666298 0.0118877403105714
181558.42373499667 0.011689198625769434
182188.508613191 0.011654659655031402
182820.7801536484 0.01168287931266092
183455.24594501613 0.011717809684433114
184091.9136022776 0.011653197543574799
184730.79076684228 0.011771722964263999
185371.88510663982 0.012189045529397704
186015.20431621035 0.015301836853121044
186660.7561167974 0.019179645279398354
187308.54825644082 0.02244601792071744
187958.58851006837 0.018520709059836837
188610.8846795912 0.015183598083652768
189265.44459399607 0.0128648972760851
189922.27610943964 0.01216712088726834
190581.38710934314 0.012092249366828458
191242.78550448545 0.01189078528057113
191906.4792331004 0.011581696882879525
192572.47626097052 0.011412736648022108
193240.7845815229 0.011293434863081297
193911.41221592567 0.0111885518198753
194584.36721318262 0.011095703096491579
195259.65765023217 0.011133773331094407
195937.29163204285 0.011156830769008145
196617.27729171072 0.01116479105516191
197299.62279055765 0.011154656300046657
197984.33631822755 0.011050010123104529
198671.42609278703 0.010977305085195376
199360.90036082253 0.010960222789813068
200052.7673975396 0.011017492159913963
200747.03550686277 0.011091176812174966
201443.7130215334 0.011107842202936622
202142.80830321225 0.011048656846914983
202844.3297425782 0.010923034036209556
203548.28575942936 0.010903193277375182
204254.6848027845 0.010732205048909729
204963.53535098286 0.010656185741322228
205674.84591178835 0.010981787789566143
206388.62502249 0.011308519815272334
207104.88125000495 0.011256710233155469
207823.62319098154 0.011095349036410188
208544.8594719008 0.010949257976388982
209268.59874918268 0.010835809355962142
209994.84970928813 0.010721967020615819
210723.62106882382 0.01094909402213757
211454.9215746472 0.0112193025412648
212188.76000396966 0.01134795572972241
212925.1451644646 0.011319384583605286
213664.08589437135 0.011277962613234077
214405.5910626017 0.011087522561222056
215149.66956884676 0.010896421601307622
215896.33034368197 0.010968509206619383
216645.5823486771 0.011153497135698093
217397.43457650184 0.011339497587370774
218151.8960510343 0.011526859122810174
218908.9758274697 0.011714870882391345
219668.68299242735 0.011519717564602867
220431.02666406232 0.011323737787138362
221196.01599217302 0.01120336720455005
221963.66015831166 0.011119342096474626
222733.96837589474 0.011133521873486837
223506.94989031187 0.011317234662932314
224282.61397903945 0.011497035370539825
225060.96995175022 0.011623360674546487
225842.02715042542 0.011750124381036219
226625.79494946744 0.011727152715233495
227412.28275581042 0.011667479013430411
228201.50000903595 0.011607812909515151
228993.45618148448 0.011548117762763545
229788.16077836952 0.011542026662412379
230585.62333789226 0.011658017460158978
231385.85343135396 0.011772954538222394
232188.8606632739 0.011871833887789153
232994.65467150253 0.011971056390714736
233803.24512733784 0.012009018870490506
234614.64173564175 0.012038074470448915
235428.8542349548 0.01199058443921319
236245.89239761574 0.0119065656303502
237065.76602987712 0.011881559630813224
237888.48497202326 0.011915826494557656
238714.05909848903 0.011937737652389434
239542.4983179762 0.011935113707317674
240373.81257357553 0.01194073659996665
241208.01184288395 0.011982044565834156
242045.10613812497 0.01201761128173461
242885.10550626923 0.01195079671797859
243728.0200291531 0.011883750279295521
244573.85982360275 0.011833294544971399
245422.63504155353 0.011783837772058202
246274.3558701723 0.011842718791527105
247129.0325319802 0.01192411954565859
247986.67528497343 0.01201506138012294
248847.29442274923 0.01210960671943426
249710.90027462755 0.01219324094456255
250577.5032057754 0.0122713889424276
251447.1136173319 0.012300021114403217
252319.741946531 0.012295105984263645
253195.39866682977 0.012275934577339857
254074.09428803218 0.012244871873046695
254955.83935641564 0.012319767925399619
255840.64445485763 0.0124971802952319
256728.52020296326 0.01276385432917842
257619.47725719062 0.01312553548489267
258513.52631098175 0.01339304358962349
259410.67809488898 0.013555570905622753
260310.94337670426 0.013435874223819696
261214.33296158884 0.013003845906953157
262120.8576922009 0.012647694388659647
263030.5284488288 0.012370974362103463
263943.3561495196 0.012239076565363612
264859.35175021074 0.012243392461299404
265778.5262448618 0.01228758317587983
266700.8906655845 0.012363898481930537
267626.45608277834 0.012395665764446031
268555.23360526125 0.01239837164304309
269487.23438040353 0.012438107851393746
270422.46959426196 0.012496334199403129
271360.9504717122 0.012503653612723022
272302.6882765867 0.012493324905618667
273247.69431180746 0.012468231361602241
274195.97991952254 0.012440018923698809
275147.55648124265 0.012422376176552952
276102.4354179754 0.012408715782660269
277060.6281903659 0.012480860581406334
278022.1462988321 0.01256862110402698
278987.001283703 0.012739895114478043
279955.20472535834 0.012967777222577961
280926.7682443648 0.013335694971853038
281901.7035016192 0.01353822636517394
282880.0221984859 0.013519463149848797
283861.73607693805 0.013291522398603667
284846.856919699 0.012912339768493692
285835.39655038144 0.012752206342625453
286827.3668336328 0.012666918241550413
287822.7796752752 0.012720735285083393
288821.64702244906 0.012790706011153353
289823.9808637571 0.012893059962102934
290829.79322940577 0.013000089548921765
291839.0961913531 0.013117677803081323
292851.90186345164 0.013162244831548733
293868.22240159387 0.013134241969607763
294888.0700038592 0.013115096396201563
295911.45691065746 0.013099415240741706
296938.39540488017 0.01317667345495084
297968.8978120446 0.013252597501067954
299002.9765004432 0.01329456773134594
300040.643881292 0.013303080880121334
301081.9124088775 0.013265226696339954
302126.7945807098 0.013395091883018738
303175.3029376698 0.013606686129935344
304227.45006416074 0.01360953367675937
305283.2485882598 0.013628306380037957
306342.71118186694 0.013760505822868902
307405.8505608609 0.013846685909299595
308472.6794852493 0.013884901127636394
309543.21075932245 0.013899919349186432
310617.4572318076 0.013913902273521163
311695.4317960206 0.013989364975205174
312777.1473900245 0.014012128971362092
313862.6169967824 0.01395199657050844
314951.8536443137 0.014128570596953813
316044.87040585116 0.014397891599065082
317141.68039999536 0.01449556495635555
318242.2967908759 0.014548582074267504
319346.7327883069 0.014524494551604891
320455.0016479461 0.014656179910864148
321567.116671454 0.01486047782180174
322683.09120665427 0.015197336928011035
323802.93864769104 0.015309526723129203
324926.672435194 0.015114076715260102
326054.30605643673 0.015198718184289008
327185.8530454994 0.015338450095637283
328321.326983432 0.015383832042358509
329460.74149841425 0.015475841367789202
330604.11026592366 0.015605821984538307
331751.4470088968 0.016832019062833836
332902.76549789455 0.019216425519572592
334058.07955126825 0.023675810009442338
335217.40303532267 0.02443526344239368
336380.74986448674 0.023320251874028895
337548.13400147745 0.0189589197284553
338719.56945746863 0.016887907471049596
339895.07029225933 0.01639627528164722
341074.65061444003 0.016147910556128884
342258.32458156615 0.01592792266803216
343446.10640032514 0.01574105286870326
344638.0103267076 0.01669544629575758
345834.0506661794 0.01951611250540214
347034.2417738501 0.025418040298804567
348238.5980546498 0.029304165399351077
349447.1339634991 0.0
350659.8640054834 0.0
351876.8027360276 0.0
353097.96476106776 0.0
354323.3647372312 0.0
355553.01737200917 0.0
356786.93742393394 0.0
358025.13970275706 0.0
359267.6390696242 0.0
360514.4504372573 0.0
361765.5887701314 0.0
363021.06908465445 0.0
364280.90644934855 0.0
365545.1159850277 0.0
366813.7128649837 0.0
368086.7123151656 0.0
369364.1296143627 0.0
370645.98009438923 0.0
371932.2791402647 0.0
373223.04219040385 0.0
374518.28473679814 0.0
375818.0223252031 0.0
377122.2705553253 0.0
378431.04508100665 0.0
379744.36161041673 0.0
381062.23590623855 0.0
382384.6837858583 0.0
383711.7211215558 0.0
385043.36384069227 0.0
386379.62792590604 0.0
387720.529415301 0.0
389066.08440264023 0.0
390416.3090375398 0.0
391771.21952565934 0.0
393130.8321289014 0.0
394495.16316560353 0.0
395864.22901073477 0.0
397238.0460960931 0.0
398616.63091049937 0.0
400000.0000000001 0.0
