91.0 0.0
94.0 0.0
96.0 0.0
98.0 0.0
100.0 0.0
102.0 0.0
104.0 8.698348284365014e-10
106.0 1.0660775780896465e-09
108.0 1.2763187094422268e-09
110.0 1.9144424531498097e-09
114.0 2.736640701512969e-09
118.0 3.6510341590495867e-09
121.0 9.324297210761959e-09
125.0 1.2467212005160043e-08
127.0 1.4209356691587768e-08
128.0 1.537654183487315e-08
131.0 1.863470898255617e-08
132.0 2.060534640873598e-08
134.0 2.3421390286066648e-08
137.0 2.912344495037134e-08
140.0 3.516052890503331e-08
143.0 5.338500882877009e-08
147.0 8.062105584906332e-08
151.0 1.002928381256857e-07
155.0 1.2141700229288106e-07
159.0 1.4722814770695766e-07
162.0 1.6991994676079935e-07
166.0 2.0542535679169543e-07
170.0 2.409680146947263e-07
173.0 2.755720110865033e-07
177.0 3.230505397074687e-07
180.0 3.6450677837779696e-07
182.0 3.9350224771410306e-07
186.0 4.518136479539171e-07
191.0 5.424580486967965e-07
194.0 6.004452630468319e-07
198.0 6.838984767365906e-07
202.0 7.740700766694209e-07
205.0 8.53924319594296e-07
210.0 9.76781823185628e-07
216.0 1.1751124966280798e-06
220.0 1.3134527180494428e-06
223.0 1.4351185526462628e-06
227.0 1.6274033614740412e-06
230.0 2.6535449317902865e-06
234.0 4.5746061851529895e-06
240.0 6.284303344142787e-06
246.0 6.656042762117387e-06
252.0 7.514672614222511e-06
257.0 6.612278509411764e-06
260.0 8.175306375240579e-06
264.0 8.989444816870485e-06
269.0 9.571552534636018e-06
274.0 1.0144816204139144e-05
279.0 1.0623025439069974e-05
284.0 1.1260971935003014e-05
290.0 1.1554774242450181e-05
296.0 1.2403452779076872e-05
301.0 1.2291880368640147e-05
308.0 1.3441312903774543e-05
318.0 1.5089003572708402e-05
328.0 1.638149160622094e-05
338.0 1.7494282653432248e-05
348.0 1.8574124959647226e-05
357.0 1.9797676758939142e-05
366.0 2.1224448363163253e-05
375.0 2.229302934458027e-05
385.0 2.2733196611554017e-05
395.0 2.4640282480690424e-05
405.0 2.6127629189535995e-05
414.0 2.718876744843838e-05
422.0 2.791238096823993e-05
430.0 2.855878220016472e-05
441.0 3.0178981406874118e-05
451.0 3.131694859291574e-05
460.0 3.201335127820857e-05
470.0 3.304594763225822e-05
480.0 3.437804564193912e-05
490.0 3.501807211477032e-05
500.0 3.6636715603095924e-05
506.0 3.931086847968143e-05
512.0 4.858436845595285e-05
520.0 4.9353007334787156e-05
530.0 5.037045037949081e-05
540.0 5.010058053502449e-05
550.0 5.387482173840634e-05
560.0 5.9713781606814965e-05
570.0 6.319799861042754e-05
580.0 6.36107990894717e-05
590.0 6.834526423917107e-05
600.0 6.90863057765709e-05
610.0 7.103512728979882e-05
620.0 8.061146912796733e-05
630.0 8.41707626660996e-05
640.0 8.811189691050811e-05
650.0 9.306365040402374e-05
658.0 9.593812915003367e-05
665.0 0.00010102816899596418
675.0 0.00010554094308141207
685.0 0.00010605366807421755
695.0 0.0001200748015891683
705.0 0.00011890896625934643
716.0 0.00013549000161880727
726.0 0.00014175241775541008
735.0 0.00014881825873032365
745.0 0.00015930495230354495
755.0 0.0001678788853942176
765.0 0.00017383946557330047
775.0 0.000190317699537081
785.0 0.00020251982872501964
795.0 0.00021361599946226177
805.0 0.00022555618856824866
815.0 0.00023837147051353555
825.0 0.0002557562576840474
835.0 0.00024411053879219794
845.0 0.0002833990182884322
855.0 0.0002995654255438077
865.0 0.0003222353825877255
875.0 0.0003457052716751729
885.0 0.0003721735826794891
895.0 0.00039606101437000493
905.0 0.00041385622221015993
915.0 0.0006102411628587912
925.0 0.0034905238320011214
935.0 0.007407777006537295
945.0 0.019581760138994892
955.0 0.04536309560223252
965.0 0.06144055013075048
975.0 0.017360874585452164
985.0 0.0959485726350962
995.0 0.11167191629850994
1005.0 0.13621629169226881
1015.0 0.10783137818451927
1025.0 0.02018213960533285
1035.0 0.07884097204144674
1045.0 0.17973301866649477
1055.0 0.19406600822809847
1065.0 0.17806319467523657
1075.0 0.20402096637818387
1085.0 0.18437530911973715
1095.0 0.21613543115137607
1105.0 0.21714602210280293
1115.0 0.21480899317181332
1125.0 0.2155893619619965
1135.0 0.24381473164764592
1145.0 0.23122653580179253
1155.0 0.24464467858682723
1165.0 0.26304240311125804
1175.0 0.23611036507657315
1185.0 0.26424537094035344
1195.0 0.18680332830287028
1205.0 0.12356184621394337
1208.72 0.09137691612468264
1208.8 0.09067919360407271
1208.87 0.09006849452594445
1208.94 0.08945761640024665
1209.02 0.08875925077000042
1209.09 0.08814798907867218
1209.16 0.08753654844031215
1209.23 0.08692492888690669
1209.31 0.08622571607295852
1209.38 0.08561371323784311
1209.45 0.08500153158817572
1209.53 0.08430167650153891
1209.6 0.08368911178547034
1209.67 0.08307636835530506
1209.75 0.08237587135681322
1209.82 0.0817627450754819
1209.89 0.08114944018047901
1209.96 0.08053595670375469
1210.04 0.079834614099833
1210.11 0.07922074805554456
1210.18 0.07860670352991
1210.26 0.07790471985013589
1210.33 0.07729029297200102
1210.4 0.07667568771286488
1210.47 0.0760609041046519
1210.55 0.07535807592101035
1210.62 0.07474291024367113
1210.69 0.07412756631754983
1210.77 0.07342409789338686
1210.84 0.07280837211302897
1210.91 0.07219246818415224
1210.99 0.0714883598795971
1211.06 0.07087207431129604
1211.13 0.07025561069470385
1211.2 0.06963896906170804
1211.28 0.06893401782847812
1211.35 0.06831699483910064
1211.42 0.06769979393349627
1211.5 0.06699420365422902
1211.57 0.0663766216068798
1211.64 0.0657588617434486
1211.72 0.06505263277784827
1211.79 0.06443449198723002
1211.86 0.06381617348064053
1211.93 0.0631976772899231
1212.01 0.06249060696898107
1212.08 0.06187173013378395
1212.15 0.0612526757145199
1212.23 0.06054496754060459
1212.3 0.05992553269123801
1212.37 0.059305920357830846
1212.44 0.058686130572199166
1212.52 0.057977582140998546
1212.59 0.05735741220773254
1212.66 0.056737064922218056
1212.74 0.05602787947069841
1212.81 0.05540715225174398
1212.88 0.05478624778047991
1212.96 0.05407642566760553
1213.03 0.053455141477016535
1213.1 0.052833680134021704
1213.17 0.05221204167039804
1213.25 0.051501380870334235
1213.32 0.05087936296950581
1213.39 0.05025716804790099
1213.47 0.04954587141811164
1213.54 0.04892329727323124
1213.61 0.04830054620739109
1213.69 0.04758861410639225
1213.76 0.0469654840311226
1213.83 0.046342177134670204
1213.9 0.045718693448772135
1213.98 0.04500592422873116
1214.05 0.04438206181517225
1214.12 0.04375802271189641
1214.2 0.04304461885123244
1214.27 0.0424202012339529
1214.34 0.041795607026644886
1214.41 0.041170836261017384
1214.49 0.040456596375689616
1214.56 0.039831447377576344
1214.63 0.03920612192078129
1214.71 0.03849124822468015
1214.78 0.037865544748867094
1214.85 0.037239664913973396
1214.93 0.03652415776484004
1215.0 0.03589790012431119
1215.07 0.03527146622426163
1215.14 0.03464485609635945
1215.22 0.033928514487318304
1215.29 0.033301526834935175
1215.36 0.03267436305420998
1215.44 0.031957388820912085
1215.51 0.03132984772889437
1215.58 0.030702130608003673
1215.66 0.03019346056589099
1215.73 0.031028153506066712
1215.8 0.03186307638080616
1215.87 0.03269822914867583
1215.95 0.03365297090346365
1216.02 0.0344886161599735
1216.09 0.035324491179429034
1216.17 0.036280058205213156
1216.24 0.03711642543439978
1216.31 0.03795302229640143
1216.38 0.03878984874982685
1216.46 0.03974650291871247
1216.53 0.0405838212143897
1216.6 0.04142136897142854
1216.68 0.042378847328072164
1216.75 0.043216886648724494
1216.82 0.04405515530073314
1216.9 0.045013457378174485
1216.97 0.04585221731527241
1217.04 0.046691206453775884
1217.11 0.0475304247523486
1217.19 0.04848981193043862
1217.26 0.049329521147133674
1217.33 0.05016945939401926
1217.41 0.051129669211168814
1217.48 0.051970098097924605
1217.55 0.05281075588504749
1217.63 0.05377178787495166
1217.7 0.054612936023810676
1217.77 0.05545431294326848
1217.84 0.056295918592046953
1217.92 0.05725803364299986
1217.99 0.058100129287064546
1218.06 0.05894245353075495
1218.14 0.05990538967424824
1218.21 0.06074820363536688
1218.28 0.06159124606647172
1218.35 0.0624345169263259
1218.43 0.0633985347076575
1218.5 0.06424229491885554
1218.57 0.06508628342923749
1218.65 0.06605112122397255
1218.72 0.06689559880811861
1218.79 0.06774030456193979
1218.87 0.06870596190490033
1218.94 0.0695511564550297
1219.01 0.07039657904537909
1219.08 0.07124222963477336
1219.16 0.07220896658091629
1219.23 0.07305510560106086
1219.3 0.0739014724908729
1219.38 0.07486902790766646
1219.45 0.07571588295105221
1219.52 0.07656296573478519
1219.6 0.07753133915772878
1219.67 0.07837890981798433
1219.74 0.07922670808932104
1219.81 0.08007473393062468
1219.89 0.08104418492505364
1219.96 0.08189269827785771
1220.03 0.08274143907144134
1220.11 0.08371170699602266
1220.18 0.08456093502434132
1220.25 0.08541039036430748
1220.32 0.08626007297484914
1220.4 0.08723141705328935
1220.47 0.0880815865339226
1220.54 0.08893198315607859
1220.62 0.08990414308978907
1220.69 0.09075502630555987
1220.76 0.09160613653385583
1220.84 0.09257911185951201
1220.91 0.09343070840506838
1220.98 0.09428253183421387
1221.05 0.09513458210593861
1221.13 0.09610863155887549
1221.2 0.09696116778376464
1221.27 0.09781393072237418
1221.35 0.09878879449398616
1221.42 0.09964204310970062
1221.49 0.10049551831033324
1221.57 0.1014711959379962
1221.64 0.10232515653979804
1221.71 0.10317934359777761
1221.78 0.10403375707098723
1221.86 0.10501050680241478
1221.93 0.10586540531325485
1222.0 0.10672053011066046
1222.08 0.10769809262650513
1222.15 0.10855370218590092
1222.22 0.10940953790326015
1222.29 0.11026559973767953
1222.37 0.11124423294543886
1222.44 0.1121007791787005
1222.51 0.11295755140049604
1222.59 0.11393699632219208
1222.66 0.11479425266748824
1222.73 0.11565173487285534
1222.81 0.11663199104707068
1222.88 0.11748995710072523
1222.95 0.11834814888604848
1223.02 0.11920656636220095
1223.1 0.1201878912101076
1223.17 0.1210467921719653
1223.24 0.12190591869632669
1225.0 0.1430245143574875
1235.0 0.2626800539530885
1245.0 0.31688305557652974
1255.0 0.3205590388982741
1265.0 0.2779374925539678
1275.0 0.3439381097635405
1285.0 0.3686665366832331
1295.0 0.3322328094935027
1305.0 0.32951070180833814
1315.0 0.3828938200998092
1325.0 0.3752062171781913
1335.0 0.3567739174329274
1345.0 0.3998474183986035
1355.0 0.3941546408779019
1365.0 0.37732782924761604
1375.0 0.39419379802719473
1385.0 0.4061719730603598
1395.0 0.39801194938003126
1405.0 0.411152810105731
1415.0 0.40593264136091317
1425.0 0.41389408517648474
1435.0 0.41468211482714035
1442.0 0.43038809475749157
1447.0 0.4355794916361197
1455.0 0.43246477741769024
1465.0 0.4220948600128903
1475.0 0.42039690432837096
1485.0 0.4233756738616134
1495.0 0.43005307049712144
1505.0 0.42692180855067263
1512.0 0.408783838362782
1517.0 0.42276597217429923
1525.0 0.4104132132022526
1535.0 0.3953602533383719
1545.0 0.4233886726886068
1555.0 0.4071684127003076
1565.0 0.40400671573883995
1575.0 0.42338130922652173
1585.0 0.43582113431954556
1595.0 0.4485089189497046
1605.0 0.43581487247680495
1615.0 0.4369022826520888
1625.0 0.42451776215231535
1635.0 0.43737707324220104
1645.0 0.4392562475238753
1655.0 0.417140450783021
1665.0 0.4487221841058781
1672.0 0.43052828319082864
1677.0 0.4431120427582944
1685.0 0.459161860894921
1695.0 0.44529333934982873
1705.0 0.4369954372362676
1715.0 0.4271042492053423
1725.0 0.4274335621297389
1735.0 0.4435150012385715
1745.0 0.437055145188918
1755.0 0.4531983167589999
1765.0 0.42831872728496956
1775.0 0.44963545846442
1785.0 0.4532854294951801
1795.0 0.4675783234705298
1805.0 0.46784023027161975
1815.0 0.4543880361477053
1825.0 0.4564253604915495
1835.0 0.4500392726665501
1845.0 0.4304522198839913
1855.0 0.42987855649182144
1865.0 0.43644546954519703
1875.0 0.45758833379994723
1885.0 0.4434583693418836
1895.0 0.4306138794829136
1905.0 0.44841751125228774
1915.0 0.4377207305287843
1925.0 0.43713438019605916
1935.0 0.44285900667938977
1945.0 0.4569931810331486
1955.0 0.4430740679799209
1967.0 0.46357952384930345
1976.0 0.4712298662863487
1984.0 0.459434106349681
1995.0 0.4478590589934308
2005.0 0.45469250992342575
2015.0 0.45108577572070035
2025.0 0.4625394338963521
2035.0 0.45547316790077336
2045.0 0.4602667143133486
2055.0 0.4472095365217446
2065.0 0.45433019474345615
2074.0 0.4674885882539043
2078.0 0.46132972298375186
2085.0 0.46565157360287185
2095.0 0.4552110155299188
2105.0 0.4608158977853857
2115.0 0.4624293312342909
2125.0 0.4679178532440147
2135.0 0.45607915580105685
2145.0 0.45949910267212746
2155.0 0.46652057354634585
2165.0 0.45822252348001263
2175.0 0.4554330501312526
2185.0 0.4545449489696246
2195.0 0.46658144452893546
2205.0 0.4610261907962558
2215.0 0.4500669305816151
2225.0 0.4407306823670667
2235.0 0.45830027425429387
2245.0 0.44614525366514457
2255.0 0.43981557252884484
2265.0 0.44538680084987076
2275.0 0.4542861894362582
2285.0 0.4606736760681415
2295.0 0.44794227215156496
2305.0 0.4480039695739474
2315.0 0.44209129811532993
2325.0 0.3962900631599115
2335.0 0.42509153873354083
2345.0 0.4169550803658467
2355.0 0.4326055534662311
2365.0 0.4152309720444737
2375.0 0.42619912154532796
2385.0 0.4096745755680341
2395.0 0.422119661459043
2405.0 0.41529360897531886
2415.0 0.42127028826061125
2425.0 0.4348538872562911
2435.0 0.42424734586795987
2445.0 0.43730742570121844
2455.0 0.43419139965198794
2465.0 0.43184843539473033
2475.0 0.42524652451224576
2485.0 0.43363420273946934
2495.0 0.4287803757003457
2505.0 0.4483728063263748
2513.0 0.42739511841854305
2518.0 0.4270299183035569
2525.0 0.41663507075553385
2535.0 0.4183618005736231
2545.0 0.4178525642578566
2555.0 0.4328656124269103
2565.0 0.43336985848287984
2575.0 0.44738208213968345
2585.0 0.4479939976290796
2595.0 0.443598425959342
2605.0 0.43545112929896207
2615.0 0.4341118332184224
2625.0 0.44347418376183334
2635.0 0.4506116124237
2645.0 0.4726429595697882
2655.0 0.479019466765343
2665.0 0.463396729930814
2675.0 0.47160740000605045
2685.0 0.47509767851038875
2695.0 0.46498994340558636
2705.0 0.467511323964312
2715.0 0.4558883749338014
2725.0 0.4543089764614949
2735.0 0.46554724309110623
2745.0 0.4395467368107221
2755.0 0.4425285189713674
2765.0 0.45341469393818423
2775.0 0.4635675539803957
2785.0 0.454485597022395
2795.0 0.41492381443378523
2805.0 0.4260283724587532
2815.0 0.4620769159501536
2825.0 0.47578760181206214
2835.0 0.4694684250562123
2845.0 0.4569001854979768
2855.0 0.45087686733030097
2865.0 0.47519627314324964
2875.0 0.4772216380803178
2885.0 0.4783319322779303
2895.0 0.48118862107480825
2910.0 0.5020956296465711
2930.0 0.4916379196376176
2950.0 0.48797276653240895
2970.0 0.49313789079347814
2990.0 0.49505961528955555
3010.0 0.5000731767606721
3030.0 0.5032388499739369
3050.0 0.5056336537556284
3070.0 0.5075060608314097
3090.0 0.509425361035357
3110.0 0.5123851702948943
3130.0 0.5099797267008829
3150.0 0.5114000873196276
3170.0 0.5148466854253883
3190.0 0.5038276261065784
3210.0 0.5150338984562536
3230.0 0.507857699882709
3250.0 0.5264941346032401
3270.0 0.5392594084319604
3290.0 0.5385981814012616
3310.0 0.5380108740582787
3330.0 0.5107195844591034
3350.0 0.5168274913052351
3370.0 0.47332730152038205
3390.0 0.5170154661202381
3410.0 0.49643035498242477
3430.0 0.5316554588195342
3450.0 0.5097015813416099
3470.0 0.5163706228531864
3490.0 0.5337264704310838
3510.0 0.5208322957836977
3530.0 0.5180240530192713
3550.0 0.5544138487929643
3570.0 0.5309838625810368
3590.0 0.5020362157088007
3610.0 0.5009247094907255
3630.0 0.4405021538404206
3640.0 0.5755310339674644
3650.0 0.49204285523259844
3670.0 0.42709678714134297
3690.0 0.561792600474115
3704.66 0.6075160011045772
3704.88 0.5847807307801696
3705.11 0.5610088265563518
3705.33 0.5519154346441335
3705.55 0.5479391849414631
3705.78 0.5437816306904206
3706.0 0.5398042983487259
3706.22 0.5358264367184656
3706.45 0.5316671972738745
3706.67 0.5276882530112547
3706.89 0.5237087794633614
3707.12 0.5195478548356788
3707.34 0.5155672986621809
3707.56 0.5115862132067295
3707.79 0.5074236034065269
3708.01 0.5078748222593022
3708.24 0.5150419331716035
3708.46 0.5218983499742904
3708.68 0.5287556657517084
3708.91 0.5359256388955906
3709.13 0.5427847934780673
3709.35 0.5496448470284825
3709.58 0.5568176823823049
3709.8 0.5636795747238237
3710.0 0.5699184387609162
3710.02 0.5705423660264279
3710.25 0.577718063568373
3710.47 0.5845826936479886
3710.7 0.5922327194233622
3710.92 0.602563757262623
3711.14 0.6128961502442304
3711.37 0.6236996463869846
3711.59 0.6340348112401605
3711.81 0.6443713312253279
3712.04 0.6551791419516093
3712.26 0.6655184337870724
3712.48 0.675859080744082
3712.71 0.6866712060206338
3712.93 0.6970146248064591
3713.16 0.7078296478964687
3713.38 0.7181758384966157
3713.6 0.700986952981838
3713.83 0.6766165370676105
3714.05 0.6533025617573068
3714.27 0.6299855135956209
3714.5 0.605605314077997
3714.72 0.5822819805615909
3714.94 0.5589555742164443
3715.17 0.5345655911678191
3715.39 0.5112328995147201
3715.62 0.48683634547877835
3715.84 0.4634973685492462
3716.06 0.44015531882953796
3716.29 0.43493830123938704
3716.51 0.4467739597041818
3716.73 0.45861117015513453
3716.96 0.4709880950289292
3717.18 0.4828284799844863
3717.4 0.4946704169139196
3717.63 0.5070522830928786
3717.85 0.5188973945015639
3718.08 0.53128257944537
3718.3 0.543130865316226
3718.52 0.5549807031400662
3718.75 0.5673708293226737
3718.97 0.5774785971254892
3719.19 0.5829333967582299
3719.42 0.5886369024636028
3719.64 0.5940931572216865
3719.86 0.5995501233713685
3720.09 0.6052558940652386
3720.31 0.6107143153278384
3720.53 0.6161734479759384
3720.76 0.6218814836388905
3720.98 0.6273420713873866
3721.21 0.6330516282872557
3721.43 0.6385136711276957
3721.65 0.6439764253433375
3721.88 0.7150088909371201
3722.1 0.7858023162454024
3722.32 0.8566050251558386
3722.55 0.9306359651549303
3722.77 1.001457663173283
3722.99 1.0722886447173747
3723.22 1.1463491423882177
3723.44 1.2171991128838815
3723.67 1.291279462585017
3723.89 1.3621484219260487
3724.11 1.4330266646640917
3724.34 1.5071365716266627
3724.56 1.544496549119592
3724.78 1.5662096677243023
3725.01 1.5889127758822212
3725.23 1.6106316902668416
3725.45 1.6323534381314981
3725.68 1.6550655677619894
3725.9 1.6767931113558678
3726.13 1.699511300139853
3726.35 1.7212446394285434
3726.57 1.7429808121555546
3726.8 1.7657080222791528
3727.02 1.7874499906495571
3727.24 1.8014303842407036
3727.47 1.801841881502921
3727.69 1.8022355242808374
3727.91 1.8026292029436535
3728.14 1.8030408144592494
3728.36 1.8034345665213747
3728.59 1.8038462547714647
3728.81 1.8042400802307097
3729.03 1.804633941572191
3729.26 1.8050457440671765
3729.48 1.8054396788025129
3729.7 1.8058336494184888
3729.93 1.8029350634427168
3730.0 1.7914733674420773
3730.15 1.766910977358705
3730.37 1.7308821599938518
3730.6 1.693210610370715
3730.82 1.6571721154267298
3731.05 1.6194904483634514
3731.27 1.583442275895792
3731.49 1.5473893722145193
3731.72 1.5096926415145435
3731.94 1.4736300603923342
3732.16 1.4375627480972644
3732.39 1.3998509538901063
3732.61 1.3637739642376272
3732.83 1.3230154348461893
3733.06 1.278960377966021
3733.28 1.236815110112235
3733.51 1.1927482433157612
3733.73 1.1505916790537352
3733.95 1.108429592127544
3734.18 1.064345141807402
3734.4 1.0221717585726253
3734.62 0.9799928527227584
3734.85 0.9358908190349162
3735.07 0.8937006169770364
3735.29 0.8515048923534179
3735.52 0.8121665596930049
3735.74 0.7795230447127235
3735.96 0.74687525691176
3736.19 0.7127389102066086
3736.41 0.6800823825847925
3736.64 0.6459368988218991
3736.86 0.6132716314322747
3737.08 0.5806020912868113
3737.31 0.5464430035635128
3737.53 0.5137647237299012
3737.75 0.481082171179536
3737.98 0.44690947962027644
3738.2 0.4205979972904183
3738.42 0.422994093992751
3738.65 0.4254994348020454
3738.87 0.4278961639946675
3739.1 0.4304021660415236
3739.32 0.43279952772005637
3739.54 0.43519719861231354
3739.77 0.4377041851599033
3739.99 0.44010248853149747
3740.21 0.44250110111360447
3740.44 0.4450090721516715
3740.66 0.44740831720650115
3740.88 0.44980787146860196
3741.11 0.4615251540548115
3741.33 0.4740557619721222
3741.56 0.4871576865256612
3741.78 0.49969162992273936
3742.0 0.5122272039908047
3742.23 0.5253343204121659
3742.45 0.5378732299273041
3742.67 0.5504137700974568
3742.9 0.5635260783356193
3743.12 0.5760699539199317
3743.34 0.5886154601431269
3743.57 0.6017329601467298
3743.79 0.6117347028384449
3744.02 0.6206707114802864
3744.24 0.6292193320656234
3744.46 0.6377690615042977
3744.69 0.6467086006068024
3744.91 0.655260598142981
3745.13 0.6638137045211969
3745.36 0.672756774048388
3745.58 0.6813121485009208
3745.8 0.6898686317841191
3746.03 0.6988152316997879
3746.25 0.7073739830339681
3746.48 0.7103490806888056
3746.7 0.7024804892968629
3746.92 0.6946108669724285
3747.15 0.6863824322574892
3747.37 0.6785107012175496
3747.59 0.6706379392549081
3747.82 0.6624062222014244
3748.04 0.6545313515433698
3748.26 0.6466554499724695
3748.49 0.6384204506118397
3748.71 0.6305424403657408
3748.93 0.6226633992167527
3749.16 0.6135438194992106
3750.0 0.5093989597508614
3770.0 0.5984693319601183
3790.0 0.7901426746509449
3810.0 0.7460318707141503
3830.0 0.7132481505219219
3850.0 0.8160974013915965
3870.0 1.0613077589499473
3890.0 0.9230838625499515
3910.0 1.134177400114307
3930.0 0.7421248503941246
3950.0 0.71942652200117
3970.0 0.6205878283527553
3990.0 1.0
4010.0 0.9136029708840143
4030.0 0.7348330257615668
4050.0 0.8948456434097568
4070.0 0.9430047440337289
4078.2 0.9263181781660538
4078.45 0.9094431700453492
4078.7 0.8925658942460095
4078.94 0.8763615760712296
4079.19 0.872216490392793
4079.43 0.8729919941652527
4079.68 0.8737999084302089
4079.93 0.8746079225257387
4080.17 0.8753837099767573
4080.42 0.8761919197361656
4080.66 0.8769678950219321
4080.91 0.8777763004398551
4081.16 0.8785848056814838
4081.4 0.879361064626292
4081.65 0.8801697655183272
4081.9 0.8770215111395434
4082.14 0.8710138413185217
4082.39 0.8647550237466756
4082.63 0.858745763838763
4082.88 0.8524852899453232
4083.13 0.846223971004422
4083.37 0.840212309809661
4083.62 0.833949334604336
4083.86 0.8279360834139083
4084.11 0.8216714519820723
4084.36 0.8154059755513297
4084.6 0.8114048407394685
4084.85 0.8107340985884948
4085.1 0.8100632591494817
4085.34 0.809419161760338
4085.59 0.8087481316395716
4085.83 0.80810385119773
4086.08 0.8074326303989287
4086.33 0.8067613123168497
4086.57 0.8061167554348462
4086.82 0.8054452466803579
4087.06 0.8048005067546332
4087.31 0.8074349067040816
4087.56 0.8205396642958487
4087.8 0.8331218702735628
4088.05 0.8462300417815876
4088.3 0.8593399550523558
4088.54 0.8719271104230452
4088.79 0.8850404374874502
4089.03 0.897630870061037
4089.28 0.9107476108377681
4089.53 0.9238660932731066
4089.77 0.936461474943757
4090.0 0.9485335551954697
4090.02 0.947734160755532
4090.26 0.9381407575918668
4090.51 0.9281463142295027
4090.76 0.9181505289779055
4091.0 0.9085533127018216
4091.25 0.8985548973936849
4091.5 0.8885551402436378
4091.74 0.8789541109895888
4091.99 0.8689517238758359
4092.23 0.859348169886152
4092.48 0.8493431528702536
4092.73 0.8393367940912867
4092.97 0.8317705905008101
4093.22 0.8240813960909827
4093.47 0.816391169105744
4093.71 0.8090075797644047
4093.96 0.8013153289671304
4094.2 0.7939297967890049
4094.45 0.7862355222271133
4094.7 0.7785402151505396
4094.94 0.7711517489786864
4095.19 0.763454418209211
4095.43 0.7560640093150061
4095.68 0.7670040831463439
4095.93 0.7851947559785494
4096.17 0.802660074019674
4096.42 0.8208554804111281
4096.67 0.8390533018399666
4096.91 0.8565254824512735
4097.16 0.8747280372673281
4097.4 0.8922047618756236
4097.65 0.9104120499648225
4097.9 0.928621752945311
4098.14 0.9461053397087452
4098.39 0.948901996966942
4098.63 0.9399569765827616
4098.88 0.93063802330477
4099.13 0.9213178213568218
4099.37 0.9123692527521008
4099.62 0.903046603454784
4099.87 0.8937227055321654
4100.11 0.8847705888337957
4100.36 0.8754442436494071
4100.6 0.8664897776075787
4100.85 0.8571609852195069
4101.1 0.8479659834733275
4101.34 0.8393320929135368
4101.59 0.8303372773509461
4101.83 0.8217011220439577
4102.08 0.8127039473977751
4102.33 0.8037055691591608
4102.57 0.7950659937239243
4102.82 0.7860652564866069
4103.07 0.7770633157002044
4103.31 0.7684203202598634
4103.56 0.7594160205597914
4103.8 0.7521863374714347
4104.05 0.7502581275004256
4104.3 0.7483296543378368
4104.54 0.7464780724939698
4104.79 0.7445490834848086
4105.03 0.7426970064339082
4105.28 0.7407675015900032
4105.53 0.7388377335696683
4105.77 0.7369849086766193
4106.02 0.7350546248394315
4106.27 0.7331240778349499
4106.51 0.7317987225670709
4106.76 0.7430740073138794
4107.0 0.7538996822224293
4107.25 0.7651778868503918
4107.5 0.77645758118598
4107.74 0.7872874892477119
4107.99 0.7985701033559935
4108.23 0.8094028143650008
4108.48 0.8206883481740607
4108.73 0.8319753715986437
4108.97 0.842812315499154
4109.22 0.8541022585157616
4109.47 0.869489493959808
4109.71 0.8846050846604319
4109.96 0.9003525299974915
4110.0 0.902872314269652
4110.2 0.915472034320027
4110.45 0.9312235562962908
4110.7 0.9469771581517434
4110.94 0.9621025726589706
4111.19 0.9778602510015735
4111.44 0.9936200091457247
4111.68 1.0087513336170746
4111.93 1.0245151680960758
4112.17 1.025233538221266
4112.42 1.020975739761631
4112.67 1.016717367540026
4112.91 1.0126287904184827
4113.16 1.0083692936435933
4113.4 1.0042796369637317
4113.65 1.000019015662305
4113.9 0.9957578206331634
4114.14 0.991666533648615
4114.39 0.9874042141333869
4114.64 0.983141320911099
4114.88 0.9846481266218242
4115.13 0.9903846469597655
4115.37 0.9958924124065286
4115.62 1.0016304034066557
4115.87 1.0073691447302933
4116.11 1.012879042296339
4116.36 1.0186192542259271
4116.6 1.0241305635558147
4116.85 1.0298722460540697
4117.1 1.0356146788280827
4117.34 1.0411281201415414
4117.59 1.042669527900591
4117.84 1.0379069696047662
4118.08 1.033334311750309
4118.33 1.0285704995235996
4118.57 1.0239966379099767
4118.82 1.0192315717825655
4119.07 1.0144658659215384
4119.31 1.0098901864408576
4119.56 1.0051232267247754
4119.81 1.0003556272983856
4120.05 0.9957781300169155
4120.3 0.9925727438949763
4120.54 0.994248407471573
4120.79 0.9959941074364304
4121.04 0.9977400289009007
4121.28 0.9994163218907957
4121.53 1.0011626774856586
4121.77 1.0028393872351096
4122.02 1.0045861769486388
4122.27 1.0063331881467623
4122.51 1.0080105272668276
4122.76 1.0097579725658865
4123.01 1.0108009011100991
4123.25 1.004021429935407
4123.5 0.9969585575051728
4123.74 0.9901773136246276
4123.99 0.9831125946484597
4124.24 0.9760469335744919
4124.48 0.9692630126288466
4124.73 0.9621955050774708
4124.97 0.9554098115352914
4125.22 0.9483404575519431
4125.47 0.9412701615289869
4125.71 0.9344817910870883
4125.96 0.9327274764922003
4126.21 0.9316981278938821
4126.45 0.930709817307479
4126.7 0.9296801855190383
4126.94 0.9286916030731369
4127.19 0.9276616881008657
4130.0 0.9905287013798918
4150.0 1.052115311002295
4170.0 0.9087747737741202
4190.0 0.9847737446530185
4210.0 1.0928604788949305
4230.0 1.0761145160929964
4250.0 1.009216400184076
4270.0 1.0074325488009608
4290.0 0.9399054048872395
4310.0 0.9726253209757253
4315.65 0.9914998992177458
4315.91 0.9811060498504701
4316.17 0.9707108427881064
4316.43 0.9603142780537979
4316.69 0.9499163556707303
4316.95 0.93951707566199
4317.21 0.9291164380507817
4317.47 0.9187144428602814
4317.73 0.9083110901137103
4317.99 0.8979063798341886
4318.25 0.8911162415980973
4318.52 0.890072414147409
4318.78 0.889067105833773
4319.04 0.8880616590464525
4319.3 0.887056073787648
4319.56 0.8860503500595557
4319.82 0.8850444878643792
4320.08 0.8840384872043094
4320.34 0.8830323480815516
4320.6 0.8820260704983056
4320.86 0.8810196544567782
4321.12 0.8852462589268151
4321.38 0.8904249479942735
4321.64 0.8956042998330979
4321.9 0.9007843144316068
4322.16 0.9059649917781707
4322.42 0.9111463318611012
4322.68 0.9163283346687214
4322.94 0.9215110001893361
4323.2 0.9266943284112975
4323.46 0.9318783193229008
4323.73 0.9370418907073688
4323.99 0.9415105299166822
4324.25 0.945979739009643
4324.51 0.9504495179761578
4324.77 0.954919866806129
4325.03 0.959390785489441
4325.29 0.96386227401602
4325.55 0.9683343323757431
4325.81 0.9728069605584994
4326.07 0.9772801585541575
4326.33 0.9817539263526313
4326.59 0.9799809024790851
4326.85 0.9759058319837413
4327.11 0.9718302255071701
4327.37 0.967754083058464
4327.63 0.9636774046467601
4327.89 0.9596001902811871
4328.15 0.9555224399708893
4328.41 0.951444153724973
4328.67 0.9473653315525896
4328.94 0.9431290643724596
4329.2 0.9404412077605803
4329.46 0.9436000165849125
4329.72 0.9467592250794564
4329.98 0.949918833237021
4330.0 0.9501618965722624
4330.24 0.9530788410504457
4330.5 0.9562392485125346
4330.76 0.9594000556160996
4331.02 0.9625612623539521
4331.28 0.9657228687188874
4331.54 0.968884874703734
4331.8 0.9720472803012821
4332.06 0.9759110394342011
4332.32 0.980213413178264
4332.58 0.9845163336051977
4332.84 0.9888198007052036
4333.1 0.9931238144684952
4333.36 0.9974283748852668
4333.62 1.0017334819457562
4333.88 1.006039135640151
4334.15 1.0105109699639896
4334.41 1.0148177379202232
4334.67 1.0182122272920773
4334.93 1.0106525364684456
4335.19 1.003091860981532
4335.45 0.9955302008483585
4335.71 0.9879675560860333
4335.97 0.9804039267116436
4336.23 0.9728393127423101
4336.49 0.9652737141950796
4336.75 0.9577071310870845
4337.01 0.9501395634354372
4337.27 0.9425710112572563
4337.53 0.9463520656869681
4337.79 0.9598633043499929
4338.05 0.973376276309864
4338.31 0.9868909815358459
4338.57 1.000407419997146
4338.83 1.0139255916631034
4339.09 1.027445496502903
4339.35 1.0409671344857683
4339.62 1.055010669848932
4339.88 1.068535840681917
4340.14 1.0820627445643856
4340.4 1.0736723412458455
4340.66 1.0652808472580082
4340.92 1.056888262619939
4341.18 1.0484945873506806
4341.44 1.040099821469312
4341.7 1.031703964994831
4341.96 1.0233070179463293
4342.22 1.0149089803428777
4342.48 1.0065098522035814
4342.74 0.9981096335474651
4343.0 0.9876873886762665
4343.26 0.9745077943804835
4343.52 0.9613264947506263
4343.78 0.9481434898167446
4344.04 0.9349587796087633
4344.3 0.9217723641567531
4344.57 0.9080769740271342
4344.83 0.8948870825937908
4345.09 0.8816954860077171
4345.35 0.8685021842989812
4345.61 0.8553071774977089
4345.87 0.8592356433996107
4346.13 0.8653984693232285
4346.39 0.8715620800628998
4346.65 0.8777264756044745
4346.91 0.8838916559338624
4347.17 0.8900576210369046
4347.43 0.8962243708994574
4347.69 0.902391905507352
4347.95 0.9085602248464797
4348.21 0.9147293289026608
4348.47 0.9226253521275583
4348.73 0.934406433997698
4348.99 0.9461890215101703
4349.25 0.9579731146379106
4349.51 0.9697587133538861
4349.78 0.9819991978618431
4350.0 0.9919741263985147
4350.04 0.9937878655777728
4350.3 1.0055780387997428
4350.56 1.0173697175006835
4350.82 1.0291629016534742
4351.08 1.0409575912311098
4351.34 1.0384906563885756
4351.6 1.031744181713402
4351.86 1.0249968314338789
4352.12 1.018248605565388
4352.38 1.0114995041233898
4352.64 1.0047495271233249
4352.9 0.9979986745806643
4353.16 0.9912469465108135
4353.42 0.9844943429292525
4353.68 0.9777408638514447
4353.94 0.9706815858466135
4354.2 0.9623406326132604
4354.46 0.9539986004804966
4354.72 0.9456554894674517
4354.99 0.9369903476684663
4355.25 0.9286450374587384
4355.51 0.9202986484268982
4355.77 0.911951180592103
4356.03 0.9036026339735458
4356.29 0.8952530085903383
4356.55 0.8869023044616867
4356.81 0.8872332888193963
4357.07 0.8921613614159739
4357.33 0.8970900577938228
4357.59 0.9020193779415283
4357.85 0.9069493218476897
4358.11 0.9118798895008856
4358.37 0.9168110808897423
4358.63 0.921742896002831
4358.89 0.926675334828736
4359.15 0.9316083973560203
4359.41 0.9364376177884493
4359.67 0.9404664928653531
4359.93 0.9444958756265068
4360.2 0.9486807719869089
4360.46 0.9527111896139384
4360.72 0.9567421148968163
4360.98 0.960773547826175
4361.24 0.9648054883926857
4361.5 0.9688379365869757
4361.76 0.9728708923996809
4362.02 0.9769043558214372
4362.28 0.9802068232508404
4362.54 0.9829732343391268
4362.8 0.9857399907151182
4363.06 0.9885070923723707
4363.32 0.9912745393044275
4363.58 0.9940423315048589
4363.84 0.9968104689672057
4364.1 0.9995789516850145
4364.36 1.0023477796518216
4364.62 1.0051169528611883
4364.88 1.007886471306647
4365.15 1.0077047670777572
4365.41 1.007529760631588
4365.67 1.0073547227860884
4365.93 1.0071796535416193
4366.19 1.0070045528985412
4366.45 1.0068294208572135
4366.71 1.0066542574179975
4366.97 1.0064790625812545
4367.23 1.006303836347346
4367.49 1.006128578716632
4370.0 1.0253177963832134
4390.0 0.9529691125145978
4410.0 0.9655544388590092
4430.0 1.1078585350524135
4450.0 1.078454469353554
4470.0 1.0543396965833292
4490.0 1.028238732580027
4510.0 1.1056915634840025
4530.0 0.9481630870290728
4550.0 0.9978454637536458
4570.0 1.0987528403501376
4590.0 1.099583027724287
4610.0 1.1713560471817275
4630.0 1.0709672709772347
4650.0 1.1333579076045228
4670.0 1.1273561975674582
4690.0 1.0986957258369423
4710.0 0.9640281137053758
4730.0 1.0686649997886797
4750.0 1.048125870795065
4770.0 1.124636164990097
4790.0 1.0751900680061788
4810.0 1.1155909456253565
4830.0 1.09835656066971
4834.84 1.0621483232004618
4835.13 1.0591411857796336
4835.42 1.0561745839824204
4835.71 1.0532076028350803
4836.0 1.0502402423481643
4836.29 1.0472725025322258
4836.59 1.0442020276967854
4836.88 1.0412335161750728
4837.17 1.038264625356371
4837.46 1.035295355251241
4837.75 1.0333699024544443
4838.05 1.0347729361827156
4838.34 1.0361293646084904
4838.63 1.0374859527638942
4838.92 1.0388427006442043
4839.21 1.0401996082446958
4839.5 1.0415566755606458
4839.8 1.0429607063678124
4840.09 1.04431809860752
4840.38 1.0456756505483449
4840.67 1.048650122309163
4840.96 1.0518836527623108
4841.26 1.0552290979990206
4841.55 1.05846342832515
4841.84 1.0616981517919442
4842.13 1.0649332683880353
4842.42 1.068168778102054
4842.72 1.0715162707897914
4843.01 1.0747525802603577
4843.3 1.073743988945921
4843.59 1.0675099605031493
4843.88 1.061275147014327
4844.17 1.0550395485015907
4844.47 1.0485881032787252
4844.76 1.0423509077167148
4845.05 1.0361129271979834
4845.34 1.0298741617446832
4845.63 1.0236346113789678
4845.93 1.0174817455054543
4846.22 1.0200185160117725
4846.51 1.0225555927812542
4846.8 1.0250929758049878
4847.09 1.0276306650740623
4847.38 1.0301686605795644
4847.68 1.032794495420284
4847.97 1.0353331139309958
4848.26 1.0378720386510776
4848.55 1.0404112695716106
4848.84 1.0379363351263975
4849.14 1.0317138065417382
4849.43 1.0256979262262174
4849.72 1.01968128962181
4850.0 1.0138714056450746
4850.01 1.0136638967499048
4850.3 1.0076457476318954
4850.59 1.0016268422891788
4850.89 0.9953995927197661
4851.18 0.9893791489169842
4851.47 0.9844920640634195
4851.76 0.985048454197879
4852.05 0.9856049046394804
4852.35 0.9861806064876504
4852.64 0.9867371796172187
4852.93 0.9872938130481558
4853.22 0.987850506778558
4853.51 0.9884072608065219
4853.81 0.9889832766994676
4854.1 0.9895401533959056
4854.39 1.007135671323861
4854.68 1.0301550654704825
4854.97 1.0531773052717799
4855.26 1.0762023906461662
4855.56 1.1000244388445821
4855.85 1.1230553132364556
4856.14 1.1460890329537587
4856.43 1.16912559791485
4856.72 1.1921650080380735
4857.02 1.2186394545694335
4857.31 1.249334272438349
4857.6 1.280032883115372
4857.89 1.3107352864916422
4858.18 1.3414414824582777
4858.47 1.372151470906381
4858.77 1.4039244152565238
4859.06 1.4346421191065641
4859.35 1.4653636151075133
4859.64 1.4960889031503994
4859.93 1.5134569710350612
4860.23 1.5298312691052067
4860.52 1.5456617372226782
4860.81 1.5614941517072283
4861.1 1.577328512502788
4861.39 1.5931648195532313
4861.68 1.6090030728024225
4861.98 1.6253895206768556
4862.27 1.6412317332605775
4862.56 1.6400830295893933
4862.85 1.6207264047121366
4863.14 1.6013673704350888
4863.44 1.581338247868948
4863.73 1.561974311922281
4864.02 1.5426079667848969
4864.31 1.5232392125258585
4864.6 1.5038680492140588
4864.9 1.4838263797358375
4865.19 1.4638488174382531
4865.48 1.4386554667866827
4865.77 1.4134589884471027
4866.06 1.3882593825093597
4866.35 1.3630566490630762
4866.65 1.336981564802718
4866.94 1.3117724687711867
4867.23 1.2865602455034064
4867.52 1.2613448950890596
4867.81 1.2361264176180817
4868.11 1.210090732494738
4868.4 1.1849466458816582
4868.69 1.1597994424595461
4868.98 1.1346491223179493
4869.27 1.1094956855463545
4869.56 1.0843391322344977
4869.86 1.0583118320689022
4870.0 1.0461646173462769
4870.15 1.033148938486028
4870.44 1.007982928634727
4870.73 0.9882094656701854
4871.02 0.9853923976829264
4871.32 0.9824778143207585
4871.61 0.9796600211515312
4871.9 0.9768418715522545
4872.19 0.974023365533034
4872.48 0.9712045031039767
4872.77 0.9683852842751828
4873.07 0.965468475968708
4873.36 0.9626485320820335
4873.65 0.9649632967730456
4873.94 0.9683482097082989
4874.23 0.9717335316615316
4874.53 0.9752360192590327
4874.82 0.9786221733152967
4875.11 0.9820087363531682
4875.4 0.985395708360656
4875.69 0.988783089325769
4875.98 0.9921708792365126
4876.28 0.9967424805617116
4876.57 1.0027088488159879
4876.86 1.0086759436831987
4877.15 1.0146437651421554
4877.44 1.0206123131716662
4877.74 1.0267874377633965
4878.03 1.032757463922745
4878.32 1.0387282165883212
4878.61 1.0446996957389203
4878.9 1.050671901353334
4879.2 1.0500738719060971
4879.49 1.0492697831376219
4879.78 1.048465586132381
4880.07 1.0476612808933221
4880.36 1.0468568674233931
4880.65 1.0460523457255422
4880.95 1.0452199680130545
4881.24 1.0444152261364663
4881.53 1.0436103760409061
4881.82 1.0453054282720209
4882.11 1.04903206353257
4882.41 1.052887676419791
4882.7 1.0566152260609296
4882.99 1.0603432251233211
4883.28 1.0640716735937434
4883.57 1.067800571458975
4883.86 1.071529918705791
4884.16 1.0753883370120856
4884.45 1.079432016516311
4884.74 1.0854351671035354
4885.03 1.0914390464621808
4885.32 1.0974436545709012
4885.62 1.1036560849862318
4885.91 1.1096621756585052
4886.2 1.1156689950160543
4886.49 1.1216765430375193
4886.78 1.1276848197015363
4887.07 1.1336938249867372
4887.37 1.1312713775327425
4887.66 1.1258922996163674
4887.95 1.1205125508761324
4888.24 1.1151321313313383
4888.53 1.1097510410012905
4888.83 1.1041836899729773
4889.12 1.0988012350014968
4889.41 1.093418109303361
4889.7 1.088034312897886
4890.0 1.0835482531724923
4890.29 1.0813072146297427
4890.58 1.0790658914695979
4890.87 1.0768242837001525
4891.16 1.0745823913295003
4891.45 1.0723402143657381
4891.74 1.0700977528169635
4892.04 1.067777665542383
4892.33 1.0655346250353075
4892.62 1.0632912999677997
4892.91 1.0629284773590473
4910.0 1.0238887604156766
4928.77 1.03258071307859
4929.07 1.0368742509322855
4929.36 1.0410251746697798
4929.66 1.045319754877662
4929.96 1.0496148650717463
4930.0 1.050187586473475
4930.26 1.0539105052355842
4930.55 1.0580634611441864
4930.85 1.0623601435338763
4931.15 1.066653465348461
4931.45 1.0708344851097418
4931.74 1.0748766273016845
4932.04 1.0790586603357533
4932.34 1.0832412085695176
4932.64 1.0874242719869587
4932.93 1.0914683896527948
4933.23 1.0956524662180485
4933.53 1.0998370579194554
4933.83 1.104022164740975
4934.12 1.1039605551003706
4934.42 1.1030114669228777
4934.72 1.1020622495575023
4935.02 1.1011129030080087
4935.31 1.1001950785503551
4935.61 1.0992454779497456
4935.91 1.0982957481761837
4936.21 1.0973458892334385
4936.5 1.0964275694765078
4936.8 1.1006896295737785
4937.1 1.1089382433126997
4937.4 1.117187881142947
4937.69 1.1251635044714452
4937.99 1.133415156255508
4938.29 1.1416678320368117
4938.59 1.1499215317836244
4938.88 1.1579010815118094
4939.18 1.1661567949648706
4939.48 1.1715380335792405
4939.78 1.1711685780658678
4940.07 1.1708113835667586
4940.37 1.1704418159800203
4940.67 1.170072191409106
4940.97 1.1697025098555527
4941.26 1.1693450968567336
4941.56 1.168975303241812
4941.86 1.1686054526488168
4942.16 1.1680098636875422
4942.45 1.1654704997562588
4942.75 1.162843237694389
4943.05 1.1602156361269738
4943.35 1.1575876950642705
4943.64 1.1550470293375026
4943.94 1.1524184206306665
4944.24 1.1497894724589712
4944.54 1.1471601848326878
4944.83 1.1446182174664863
4945.13 1.1454123688012863
4945.43 1.1468914731885884
4945.73 1.1483707521524134
4946.02 1.1498008877568726
4946.32 1.1512805100381858
4946.62 1.1527603068794026
4946.92 1.154240278274912
4947.21 1.1556710832088517
4947.51 1.1571513978781107
4947.81 1.1554176577771254
4948.11 1.1515407369565211
4948.4 1.147792576212591
4948.7 1.1439146817156103
4949.0 1.1400362921513474
4949.3 1.1361574075349026
4949.59 1.132407348511936
4949.89 1.1285274903369267
4950.0 1.1271047516451156
4950.19 1.1246471371545586
4950.49 1.1241582107224
4950.78 1.129349337443011
4951.08 1.1347201180315838
4951.38 1.140091559106457
4951.68 1.1454636606469715
4951.97 1.1506573199259935
4952.27 1.1560307203219897
4952.57 1.1614047811223036
4952.87 1.1667795023062975
4953.16 1.1721119093696708
4953.46 1.1788501781614174
4953.76 1.1855892772917078
4954.06 1.192329206734588
4954.35 1.1988452610965474
4954.65 1.2055868234117775
4954.95 1.2123292159626022
4955.25 1.219072438723034
4955.54 1.225591676527387
4955.84 1.2323365319576098
4956.14 1.242252969321752
4956.44 1.2525229599536274
4956.73 1.262451824239649
4957.03 1.272724311402373
4957.33 1.282998067928761
4957.63 1.2932730937791734
4957.92 1.3032068252936369
4958.22 1.3134843473656421
4958.52 1.3237631386440434
4958.82 1.320266075283794
4959.11 1.310225810780208
4959.41 1.299838045800393
4959.71 1.2894489746311313
4960.01 1.2790585973127764
4960.3 1.2690133243756987
4960.6 1.2586203784151988
4960.9 1.2482261264253847
4961.2 1.2378305684465696
4961.49 1.2320781354019092
4961.79 1.2324255649903761
4962.09 1.2327730266971375
4962.39 1.2331205205209679
4962.68 1.2334564617452444
4962.98 1.2338040187290709
4963.28 1.2341516078263355
4963.58 1.2344992290358108
4963.87 1.234835293394927
4964.17 1.232130725412506
4964.47 1.214163598480155
4964.77 1.1961942248260649
4965.06 1.1788216947255248
4965.36 1.1608479027222258
4965.66 1.1428718642040931
4965.96 1.124893579240963
4966.25 1.1075124351381145
4966.55 1.0895297323700988
4966.85 1.0715447833641663
4967.15 1.0739455504129998
4967.44 1.077674391289893
4967.74 1.0815322749393523
4968.04 1.0853906284581998
4968.34 1.089249451831584
4968.63 1.0929800943680648
4968.93 1.0968398417453724
4969.23 1.1007000589331342
4969.53 1.1045607459165139
4969.82 1.0988321003562616
4970.0 1.092633359908612
4970.12 1.088500607591444
4970.42 1.0781678214183188
4970.72 1.0678337418770694
4971.02 1.0574983690078856
4971.31 1.0475062792254122
4971.61 1.037168362928588
4971.91 1.0268291534230631
4972.21 1.0164886507490822
4972.5 1.0110234036573
4972.8 1.0111392914839048
4973.1 1.0112551845981799
4973.4 1.011371082999777
4973.69 1.011483123146887
4973.99 1.0115990319458685
4974.29 1.0117149460311388
4974.58 1.0118270013381507
4974.88 1.011942925818774
4975.18 1.0132462747972455
4975.48 1.0192997478407584
4975.78 1.0253539627016441
4976.07 1.0312070755171108
4976.37 1.0372627492172015
4976.48 1.0394833487575303
4976.67 1.043319164665224
4976.78 1.0455400361739295
4976.97 1.04937632183777
4977.08 1.0515974653062685
4977.26 1.0552322787995876
4977.38 1.057655636131136
4977.56 1.0612908946287323
4977.68 1.0637145486251158
4977.86 1.0673502521129208
4977.98 1.0657416547661707
4978.16 1.063328606315659
4978.28 1.061719805729869
4978.45 1.0594405324076306
4978.58 1.057697448606975
4978.75 1.0554178873759823
4978.88 1.0536745834132164
4979.05 1.0513947342823824
4979.18 1.0496512101643232
4979.35 1.0473710731425632
4979.48 1.04562732887604
4979.64 1.0434810511293728
4979.78 1.0416029395640767
4979.94 1.0394563908779002
4980.08 1.0375780422441832
4980.24 1.035431222626879
4980.39 1.0334184480064548
4980.54 1.0314055463920615
4980.69 1.0296834255677212
4980.83 1.0283135960362078
4980.99 1.0267479771521715
4981.13 1.0253779736379256
4981.29 1.02381215591955
4981.43 1.0224419784279424
4981.59 1.0208759618813668
4981.73 1.019505610417779
4981.89 1.017939395049133
4982.02 1.016666766984802
4982.19 1.0150024554343715
4982.32 1.0137296658345167
4982.49 1.012065143048579
4982.62 1.0107921919181913
4982.79 1.0091274579032814
4982.92 1.0078543452473516
4983.09 1.0061894000099967
4983.21 1.0050140724858287
4983.39 1.0032038099672798
4983.51 1.0018396898625614
4983.69 0.9997933803778267
4983.81 0.9984290878374614
4983.99 0.9963825197032792
4984.11 0.9950180547326312
4984.29 0.9929712279570062
4984.4 0.9917203129786022
4984.59 0.9895595051523677
4984.7 0.9883084321225775
4984.89 0.9861473513027257
4985.0 0.9848961202264493
4985.19 0.9827347664214556
4985.3 0.9814833773035837
4985.49 0.9793217505219025
4985.59 0.9781839827758538
4985.79 0.9759083036174452
4985.89 0.9747703922060659
4986.09 0.9724944257214541
4986.19 0.9714350150680388
4986.39 0.9693553836613109
4986.49 0.9683155022095111
4986.69 0.9662356078112772
4986.78 0.9652995981326756
4986.99 0.9631154374841508
4987.08 0.9621793094648092
4987.29 0.9599948726921733
4987.38 0.9590586263357616
4987.59 0.9568739134475762
4987.68 0.9559375487577648
4987.9 0.953648507846773
4987.97 0.9529201321648987
4988.2 0.9505267465862501
4988.5 0.9474045909102264
4988.8 0.9442820408309409
4989.1 0.953719797203513
4989.4 0.9662990807334374
4989.7 0.9788799102015121
4990.0 0.9914622855588604
4990.3 1.0040462067566382
4990.6 1.0166316737459928
4990.9 1.0292186864780284
4991.2 1.0418072449039555
4991.5 1.0543973489748641
4991.8 1.0526457674747114
4992.1 1.0425894715898822
4992.4 1.0325319245545763
4992.7 1.0224731264079798
4993.0 1.0124130771893733
4993.3 1.0023517769380137
4993.6 0.9922892256931628
4993.9 0.9822254234941199
4994.2 0.9721603703800964
4994.5 0.9681093588494968
4994.8 0.9709328828780863
4995.1 0.9737567466715188
4995.41 0.9766750961883323
4995.71 0.9794996508033528
4996.01 0.9823245451501714
4996.31 0.9851497792178913
4996.61 0.9879753529956058
4996.91 0.9908012664724325
4997.21 0.9975216302529742
4997.51 1.012031515283184
4997.81 1.026543180456468
4998.11 1.041056625716372
4998.41 1.0555718510065675
4998.71 1.0700888562705848
4999.01 1.0846076414519923
4999.31 1.099128206494348
4999.61 1.1136505513411605
4999.91 1.127823762365112
5000.21 1.1402440338933644
5000.51 1.1526658256354325
5000.81 1.1650891375430426
5001.11 1.1775139695678742
5001.41 1.1899403216617137
5001.71 1.202368193776229
5002.01 1.2147975858631173
5002.31 1.2272284978740708
5002.61 1.2401139944018358
5002.92 1.2670083634994898
5003.22 1.2930384187522541
5003.52 1.319071667130708
5003.82 1.345108108533441
5004.12 1.3711477428592649
5004.42 1.3971905700067426
5004.72 1.4232365898744996
5005.02 1.44928580236115
5005.32 1.4753382073652124
5005.62 1.4890219172796522
5005.92 1.5013325587779882
5006.22 1.5136447014219652
5006.52 1.5259583451637357
5006.82 1.5382734899554074
5007.12 1.550590135749194
5007.42 1.5629082824971925
5007.72 1.5752279301515275
5008.02 1.5875490786643192
5008.32 1.5863204359952154
5008.62 1.5801635828022198
5008.92 1.5740059587621678
5009.22 1.5678475638992466
5009.52 1.561688398237644
5009.82 1.5555284618015708
5010.0 1.5518321299782218
5010.12 1.549367754615184
5010.42 1.543206276702703
5010.73 1.53683860652828
5011.03 1.517943422250931
5011.33 1.4905572891309067
5011.63 1.4631677787971646
5011.93 1.4357748913567374
5012.23 1.4083786269167542
5012.53 1.380978985584111
5012.83 1.353575967465968
5013.13 1.326169572669415
5013.43 1.2987598013015578
5013.73 1.2746119413143222
5014.03 1.2547313596356933
5014.33 1.234848326616438
5014.63 1.2149628423343022
5014.93 1.1950749068670425
5015.23 1.1751845202924869
5015.53 1.155291682688292
5015.83 1.1353963941323073
5016.13 1.1154986547023318
5016.43 1.104017316017238
5016.73 1.1156878208274268
5017.03 1.1273597472340409
5017.33 1.1390330951915861
5017.63 1.1507078646545983
5017.93 1.162384055577608
5018.23 1.1740616679151021
5018.54 1.186130027223834
5018.84 1.19781052963062
5019.14 1.2058980285503662
5019.44 1.1906213154063414
5019.74 1.1753427194081858
5020.04 1.1600622406157548
5020.34 1.144779879088868
5020.64 1.1294956348873526
5020.94 1.1142095080710883
5021.24 1.098921498699827
5021.54 1.083631606833465
5021.84 1.0683398325318627
5022.14 1.0611967211336693
5022.44 1.0543337960577375
5022.74 1.047470021255204
5023.04 1.040605396753025
5023.34 1.0337399225781412
5023.64 1.026873598757495
5023.94 1.0200064253180554
5024.24 1.0131384022867318
5024.54 1.006269529690499
5024.84 1.0144741493563292
5025.14 1.025694817023535
5025.44 1.036916848760641
5025.74 1.048140244523957
5026.04 1.059365004269684
5026.35 1.0709653555664151
5026.65 1.0821928886080217
5026.95 1.0934217854992851
5027.25 1.1046520461963838
5027.55 1.1050344801329897
5027.85 1.100767013770762
5028.15 1.0964990159187329
5028.45 1.0922304865936874
5028.75 1.0879614258124501
5029.05 1.0836918335918366
5029.35 1.079421709948662
5029.65 1.0751510548997605
5029.95 1.0708798684619267
5030.0 1.0701679523939887
5030.25 1.0698019101352367
5030.55 1.0715185209817297
5030.85 1.0732353321838375
5031.15 1.0749523437349544
5031.45 1.0766695556284913
5031.75 1.078386967857842
5032.05 1.0801045804164044
5032.35 1.081822393297575
5032.65 1.0835404064947463
5032.95 1.085424145959747
5033.25 1.0875940318666113
5033.55 1.089764173188408
5033.85 1.0919345699167646
5034.16 1.0941775815126116
5034.46 1.0963484975418105
5034.76 1.0985196689521626
5035.06 1.1006910957352891
5035.36 1.1028627778828053
5035.66 1.1033313885673248
5035.96 1.0982030600946402
5036.26 1.093074096319278
5050.0 1.054904358675249
5070.0 1.1120019745615268
5090.0 1.071186075221696
5110.0 1.0628968506941119
5130.0 1.0386606985689935
5150.0 1.0498250028858334
5170.0 0.931249379482627
5190.0 1.0499138226878215
5210.0 1.0164472077687832
5230.0 1.0658731704090292
5250.0 1.0201157887046368
5270.0 1.030605376835157
5290.0 1.0473594558367367
5310.0 1.1190427019540796
5330.0 1.0315184560563033
5350.0 1.1101109971225587
5370.0 1.062978692510343
5390.0 1.1516120203896434
5410.0 1.0108262898119362
5430.0 1.0958625568537321
5450.0 1.150216223639715
5470.0 1.0076050819375098
5490.0 0.999001920768591
5510.0 1.1075854598116988
5530.0 1.1282989666472523
5550.0 1.0737990988361057
5570.0 1.1456577043030436
5590.0 1.0709047607062712
5610.0 0.9892821710350842
5630.0 1.071726167022034
5650.0 1.1109559324604532
5670.0 1.0860274109145232
5690.0 1.082796330015678
5710.0 1.1124354615408374
5730.0 1.1277256349348042
5750.0 1.1081842608463808
5770.0 1.1219738986524084
5790.0 1.1095654189462394
5810.0 1.1177213525657361
5830.0 1.0971114182528208
5850.0 1.097023033514508
5870.0 1.0371110884884585
5890.0 0.755757743935551
5910.0 1.0624130828033118
5930.0 1.1925666537552813
5950.0 1.0837744781148833
5970.0 1.1555467375541653
5990.0 1.0165937514289807
6010.0 1.031613901609041
6030.0 1.077294434566781
6050.0 1.169698397701666
6070.0 1.1538255644643496
6090.0 1.0984683354329368
6110.0 1.1691138781535078
6130.0 1.1487291867739762
6150.0 1.1407676000962286
6170.0 1.0730248754609655
6190.0 1.1420393665755113
6210.0 1.1035384362791913
6230.0 1.0189538460512972
6250.0 1.1909343597527535
6270.0 1.1959881134577994
6290.0 1.752815605658241
6310.0 0.9525501529853324
6330.0 0.969688596431896
6350.0 1.2410112201066226
6370.0 1.0225201779995223
6390.0 1.0692655274153402
6410.0 1.100649956395652
6430.0 1.1691266672733958
6450.0 1.2419246736245213
6470.0 1.056715911977645
6490.0 1.1907297736857656
6510.0 1.016883366950565
6523.64 1.225680505079916
6524.04 1.2251163369609728
6524.43 1.2245661961651246
6524.82 1.2240159794695562
6525.22 1.2234515758169595
6525.61 1.2217238521232896
6526.0 1.2184721955312852
6526.4 1.215136761146279
6526.79 1.2118843207241108
6527.19 1.2085480824861254
6527.58 1.2052948583808045
6527.97 1.202041247448121
6528.37 1.1984880752271594
6528.76 1.19476621877881
6529.15 1.1910439218190982
6529.55 1.1872257237914146
6529.94 1.183502534638842
6530.0 1.1829296972189662
6530.34 1.1796834216274106
6530.73 1.175959340449384
6531.12 1.170942131320842
6531.52 1.1642487670967918
6531.91 1.1577219649275345
6532.3 1.1511944005515307
6532.7 1.144498671031125
6533.09 1.1379695629145166
6533.49 1.1312722502191412
6533.88 1.1283523798362438
6534.27 1.1288626016624363
6534.67 1.1293859550837702
6535.06 1.1298962724245976
6535.46 1.1304197238002185
6535.85 1.1309301366372717
6536.24 1.1314405966112437
6536.64 1.1459292659825775
6537.03 1.1723772449031915
6537.42 1.1988282480834147
6537.82 1.2259606233913456
6538.21 1.2524177517746569
6538.6 1.278877903567343
6539.0 1.3060196611844725
6539.39 1.317684671192781
6539.79 1.3166372934654367
6540.18 1.3156159680410258
6540.57 1.3145945121611264
6540.97 1.313546729601486
6541.36 1.3125250095023415
6541.76 1.3114769559738357
6542.15 1.313737689499158
6542.54 1.3185354597807928
6542.94 1.3234568071299693
6543.33 1.3282556641282197
6543.72 1.333055057531259
6544.12 1.337978069463348
6544.51 1.342778549276887
6544.91 1.3513139111483874
6545.3 1.3622394343239077
6545.69 1.3731661947906342
6546.09 1.3843744137682616
6546.48 1.3953036801903447
6546.87 1.4062341835556453
6547.27 1.4174462410420698
6547.66 1.43262814069131
6548.06 1.4512328259984957
6548.45 1.4693744813192111
6548.84 1.4875181971735012
6549.24 1.5061292767727554
6549.63 1.524277165941478
6550.0 1.5414962983350347
6550.02 1.5424271150643698
6550.42 1.5245512001905268
6550.81 1.4833980920706746
6551.21 1.4411848736465787
6551.6 1.4000222062868521
6551.99 1.3588548204715898
6552.39 1.316626959634091
6552.78 1.2754500172638958
6553.17 1.2929921478537967
6553.57 1.3486318049271746
6553.96 1.4028867324800698
6554.36 1.4585392338826049
6554.75 1.512806683478281
6555.14 1.5670803139732599
6555.54 1.6227519960758532
6555.93 1.71326582621396
6556.33 1.8269201491040135
6556.72 1.9377459037150673
6557.11 2.0485842850399525
6557.51 2.1622777914218316
6557.9 2.2731417463431747
6558.29 2.3840183244309427
6558.69 2.543635203270786
6559.08 2.7208209203966813
6559.48 2.9025708202553355
6559.87 3.0797974059403526
6560.26 3.257044164408552
6560.66 3.438856664883177
6561.05 3.6161442804275468
6561.44 3.73997631580383
6561.84 3.8426203166702986
6562.23 3.942709726673022
6562.63 4.045377334953923
6563.02 4.145489760020517
6563.41 4.245613545357158
6563.81 4.348316407073867
6564.2 4.2982016933025315
6564.59 4.189046564414642
6564.99 4.077079634864927
6565.38 3.9678992523126166
6565.78 3.8559064240036607
6566.17 3.7467007925350364
6566.56 3.6374826981618438
6566.96 3.4650351714356713
6567.35 3.274534643792349
6567.75 3.07912694535717
6568.14 2.888582463109051
6568.53 2.698016284800163
6568.93 2.502541258679319
6569.32 2.311931138110922
6569.71 2.1849274468804425
6570.0 2.1067950246609417
6570.11 2.0771568583693307
6570.5 1.9720684191772073
6570.9 1.86427297974989
6571.29 1.7591603131925697
6571.68 1.6540356879700606
6572.08 1.5462031381549382
6572.47 1.489747993627325
6572.86 1.4478953628489373
6573.26 1.4049646360513324
6573.65 1.3631023500265593
6574.05 1.3201617213430727
6574.44 1.2782897818871357
6574.83 1.2364130774823394
6575.23 1.2171541206956362
6575.62 1.2050824747167619
6576.01 1.1930094471800183
6576.41 1.180625419820055
6576.8 1.168549594135722
6577.2 1.1561626971504233
6577.59 1.1440840738442533
6577.98 1.181179699605944
6578.38 1.232247490695978
6578.77 1.282044291225089
6579.16 1.331846723237726
6579.56 1.382931990069289
6579.95 1.432745827843807
6580.35 1.4838427917924844
6580.74 1.5356469808893218
6581.13 1.587816852029774
6581.53 1.6413305339686897
6581.92 1.69351234205032
6582.31 1.7457000422244633
6582.71 1.79923200863198
6583.1 1.851431642393841
6583.5 1.8624752173947452
6583.89 1.8659308964857826
6584.28 1.869386948169124
6584.68 1.872932003571161
6585.07 1.8763888098862704
6585.46 1.8798459886885481
6585.86 1.8833922000007692
6586.25 1.851349850068347
6586.65 1.8131273155636267
6587.04 1.775856058301632
6587.43 1.738580569570517
6587.83 1.7003449038795337
6588.22 1.6630608449141298
6588.62 1.6248163900653334
6589.01 1.5728039125645543
6589.4 1.5191031788894405
6589.8 1.464019185315827
6590.0 1.43647478947347
6590.19 1.4103061320992492
6590.58 1.3565869979374188
6590.98 1.3014841338438237
6591.37 1.2477526835993478
6591.77 1.223911455415632
6592.16 1.2040518244964533
6592.55 1.1841899398474314
6592.95 1.1638164351713485
6593.34 1.1439499859154945
6593.73 1.1240812835624472
6594.13 1.1037007870263544
6594.52 1.1066069925947648
6594.92 1.1115351214506315
6595.31 1.11634058489487
6595.7 1.1211465792913309
6596.1 1.1260763558096347
6596.49 1.1308834255734017
6596.88 1.1356910261400177
6597.28 1.143457338119082
6597.67 1.1512544673423644
6598.07 1.1592524239856348
6598.46 1.1670513101344175
6598.85 1.1748510635042306
6599.25 1.1828517113265118
6599.64 1.1906532211278573
6600.04 1.1796659225992898
6600.43 1.1679775441606854
6600.82 1.1562878381118136
6601.22 1.1442970170306956
6601.61 1.1326046220971988
6602.0 1.1209108999258373
6610.0 1.1472791652473888
6630.0 1.1642283957617259
6650.0 1.1145165544842321
6670.0 1.2416808622864293
6690.0 1.1339537711508385
6710.0 1.0915240701945899
6730.0 1.6967334182035019
6750.0 1.0452320599699214
6770.0 1.1718737711471472
6790.0 1.0872257969671615
6810.0 1.1761580198465893
6830.0 1.3050611087973345
6850.0 1.1046740983342322
6870.0 1.085624351372734
6890.0 1.1021496207540873
6910.0 1.1093453458728697
6930.0 1.1096661266271772
6950.0 1.1206524325071099
6970.0 1.1180682871579097
6990.0 1.116614574244381
7010.0 1.103363101896159
7030.0 1.1208916666413948
7050.0 1.1318928001701365
7070.0 1.1220880461370948
7090.0 1.1103481950350353
7110.0 1.1100489250486918
7130.0 1.108614098159342
7150.0 1.0908659011026924
7170.0 1.0771694047591984
7190.0 1.0322508557890808
7210.0 1.0564298675618244
7230.0 1.091292975636114
7250.0 1.0732855867232214
7270.0 1.1052685999013487
7290.0 1.1073694091299797
7310.0 1.107441776638694
7330.0 1.1220331701019357
7350.0 1.1305056286583992
7370.0 1.1315241540586645
7390.0 1.1230732346500316
7410.0 1.1310354989151994
7430.0 1.132659673389796
7450.0 1.1436309537076987
7470.0 1.1432908470938001
7490.0 1.1430347156792444
7510.0 1.141000837201385
7530.0 1.1372302993343868
7550.0 1.1448170963865951
7570.0 1.1342269264920137
7590.0 1.1294167714152215
7610.0 1.110945151828693
7630.0 1.1230845785611436
7650.0 1.11432833929356
7670.0 1.052407589346945
7690.0 1.083029189527359
7710.0 1.0808698751787247
7730.0 1.078056144998905
7750.0 1.080804091489793
7770.0 1.0658950125089848
7790.0 1.071336495863171
7810.0 1.0837200738812236
7830.0 1.0968823664544411
7850.0 1.0949420095411857
7870.0 1.104004330712762
7890.0 1.0899564442439134
7910.0 1.0791017453257927
7930.0 1.0713196376767362
7950.0 1.0651434023203628
7970.0 1.0781956836871005
7990.0 1.0861209595003258
8010.0 1.0853213011527325
8030.0 1.0935959319988564
8050.0 1.1036845391982277
8070.0 1.102853387529298
8090.0 1.0978945509706022
8110.0 1.0899196754121048
8130.0 1.1001924064484212
8150.0 1.0843033068677919
8170.0 1.0832440179697438
8190.0 1.0887965911432416
8210.0 1.081386580526661
8230.0 1.0390490249127056
8250.0 1.067483640503755
8270.0 1.1109559178834847
8290.0 1.0803344089722715
8310.0 1.0620953101578154
8330.0 1.0740585702278502
8350.0 1.0804138706994664
8370.0 1.082439261660447
8390.0 1.065310143733811
8410.0 1.078200787608994
8430.0 1.0817668345011326
8450.0 1.0392934175917303
8470.0 1.0715624207427532
8490.0 1.062375485631377
8510.0 0.9188317131001796
8530.0 1.0500934297081628
8550.0 0.9944637162970712
8570.0 1.0628540083275635
8590.0 1.0676385519904934
8610.0 1.020774795924778
8630.0 1.0667100562890717
8650.0 1.0574268329160852
8670.0 1.0145753410547806
8690.0 1.012732564546036
8710.0 1.0400436134078879
8730.0 1.0495230303607037
8750.0 1.0272044567742833
8770.0 1.024530975083476
8790.0 1.055709809210683
8810.0 1.0520033537654663
8830.0 1.0539278915095271
8850.0 1.0305638160565085
8870.0 1.0042787581402435
8890.0 1.0131231575157194
8910.0 1.0281184540157162
8930.0 1.0404522576533959
8950.0 1.0367043818198516
8970.0 0.9950263500964553
8990.0 1.002109681456144
9010.0 0.9544466075039377
9030.0 0.9568991629548627
9050.0 1.054976723379711
9070.0 1.0439536701137246
9090.0 1.0178644399272954
9110.0 0.9964669783317379
9130.0 0.9910210718508309
9150.0 0.9936970080274116
9170.0 0.981954899399035
9190.0 0.9941695589010099
9210.0 0.9864978515884173
9230.0 0.9546148761680803
9250.0 0.9767793387887488
9270.0 1.0106064479717825
9290.0 1.0031996081767816
9310.0 0.9427388575082432
9330.0 1.0149302588006803
9350.0 1.0118417186452717
9370.0 1.0065891393404287
9390.0 1.0093052868869123
9410.0 1.00005977499113
9430.0 1.0030675451504287
9450.0 1.0020323736985728
9470.0 1.0005890856173698
9490.0 0.9955121801805299
9510.0 0.9833567278760176
9530.0 0.9609542856111379
9550.0 0.9358992414962571
9570.0 0.9734570209570822
9590.0 0.984684175693066
9610.0 0.9817162543621448
9630.0 0.9806022063636967
9650.0 0.9748632508984317
9670.0 0.9720429957785193
9690.0 0.9734300043112111
9710.0 0.9710553331802679
9730.0 0.9641899925050861
9750.0 0.9621578237368661
9770.0 0.9624881788904637
9790.0 0.9556851070559086
9810.0 0.9602721475926673
9830.0 0.9586617028024238
9850.0 0.9571877101277768
9870.0 0.9540589960073329
9890.0 0.9493098097445082
9910.0 0.9457330815489248
9930.0 0.9448252344914343
9950.0 0.943884689523064
9970.0 0.9411025232817319
9990.0 0.9383383384105205
10025.0 0.9150436240412263
10075.0 0.9029268227284112
10125.0 0.9142325725086708
10175.0 0.9110163675689562
10225.0 0.906321536797559
10275.0 0.901900700883372
10325.0 0.8934599776322317
10375.0 0.8871135741627046
10425.0 0.8806973384260899
10475.0 0.8742119587672849
10525.0 0.8677383113359668
10575.0 0.8612346176047592
10625.0 0.854664453418221
10675.0 0.8480284677314074
10725.0 0.8407771730684694
10775.0 0.8321051698606621
10825.0 0.823358971122511
10875.0 0.8145392956679434
10925.0 0.8077871607345426
10975.0 0.8058137148869099
11025.0 0.8038052142775148
11075.0 0.8017619915968025
11125.0 0.798707098077788
11175.0 0.7926864297515102
11225.0 0.7866124201815452
11275.0 0.7804855745379058
11325.0 0.7762523189204316
11375.0 0.7730758960352985
11425.0 0.7698628631273434
11475.0 0.766613561945141
11525.0 0.7625175027428421
11575.0 0.7573501376829715
11625.0 0.7521388865270696
11675.0 0.7468841562017556
11725.0 0.7421476866564002
11775.0 0.7376094730608653
11825.0 0.7330325866683857
11875.0 0.7284173821919775
11925.0 0.7238805373713713
11975.0 0.7195178512036599
12025.0 0.7151193184312886
12075.0 0.710685264486678
12125.0 0.7067413011347802
12175.0 0.7033214347995552
12225.0 0.6998715759472507
12275.0 0.6963919937571267
12325.0 0.6930005691880174
12375.0 0.6896754713775507
12425.0 0.6863223097034711
12475.0 0.6829413334926349
12525.0 0.6794378784434834
12575.0 0.6758312057997826
12625.0 0.6721967744467535
12675.0 0.6685348286658126
12725.0 0.6649589928602555
12775.0 0.661471904430223
12825.0 0.6579588964514662
12875.0 0.6544201947207949
12925.0 0.6509501655667552
12975.0 0.6476165294121081
13025.0 0.6442588129853201
13075.0 0.6408772239406733
13125.0 0.6375775095282687
13175.0 0.6342848860260957
13225.0 0.6309694890970939
13275.0 0.6276315131818188
13325.0 0.6252323555064924
13375.0 0.6236848950195187
13425.0 0.6221218434358736
13475.0 0.6205433320929037
13525.0 0.618653191083
13575.0 0.6155858424807114
13625.0 0.6124984616341111
13675.0 0.6093912161834276
13725.0 0.6063330621650753
13775.0 0.6033420985192115
13825.0 0.6003322754218993
13875.0 0.5973037491471391
13925.0 0.5943590370118671
13975.0 0.5914562689398822
14025.0 0.5885357776145927
14075.0 0.5855977084554398
14125.0 0.5833831379218261
14175.0 0.5813813157839067
14225.0 0.5793653636059747
14275.0 0.5773353960247901
14325.0 0.5755324310245217
14375.0 0.5747626142396031
14425.0 0.5739830244855981
14475.0 0.5731937400143865
14525.0 0.5720732480316567
14570.0 0.5699277479392993
14620.0 0.5675304431437569
14675.0 0.5648772269805201
14725.0 0.562676060067345
14775.0 0.5615960195786521
14825.0 0.5605062133167573
14875.0 0.5594067180936239
14925.0 0.5580984931314519
14975.0 0.5567165100573449
15025.0 0.5553243295088719
15075.0 0.553922031010738
15125.0 0.5532895492650762
15175.0 0.5531360549358002
15225.0 0.552976123991164
15275.0 0.5528098059192885
15325.0 0.5525234472660575
15375.0 0.5520707929209879
15425.0 0.551611171881311
15475.0 0.5511446372998664
15525.0 0.5503080358650088
15575.0 0.5475285058049518
15625.0 0.5447362764381358
15675.0 0.5419314443005856
15725.0 0.5391934322583392
15775.0 0.5365044609581887
15825.0 0.5338035249302905
15875.0 0.5310907142805027
15925.0 0.5288375570393536
15975.0 0.5284954670407028
16050.0 0.5279716039972436
16150.0 0.5269496756978376
16250.0 0.5256066932714252
16350.0 0.5208640884225534
16450.0 0.5141916255399337
16550.0 0.5081618437675977
16650.0 0.5032370683480187
16750.0 0.49701934041911017
16850.0 0.48930518658827027
16950.0 0.4829320432847182
17050.0 0.4777534309179574
17150.0 0.46990767074247886
17250.0 0.4600517222399755
17350.0 0.4535249607883307
17450.0 0.44927592167278924
17550.0 0.44392055538045255
17650.0 0.43778695886885177
17750.0 0.43178855974236224
17850.0 0.4258865184471228
17950.0 0.4189306530142341
18050.0 0.4109853327148432
18150.0 0.4049394208214757
18250.0 0.40128315668314474
18350.0 0.39672727087213017
18450.0 0.3905048400346448
18550.0 0.3837247842774093
18650.0 0.37663231429040245
18750.0 0.37149745502259773
18850.0 0.3682256258985726
18950.0 0.36448369013066784
19050.0 0.35987650866719334
19150.0 0.3550948924564917
19250.0 0.35018788581602567
19350.0 0.3441711949229098
19450.0 0.33640960649287455
19550.0 0.3316104451842162
19650.0 0.32878306370474863
19750.0 0.3254206529886174
19850.0 0.3210485639780517
19950.0 0.317153927018681
20050.0 0.3137015710441462
20150.0 0.3098179968280504
20250.0 0.3057200408808904
20350.0 0.3020538537689215
20450.0 0.299196815611295
20550.0 0.295539521902147
20650.0 0.29099046842080367
20750.0 0.2869281309667749
20850.0 0.28322103376080004
20950.0 0.27981446282777844
21050.0 0.27655546372360157
21150.0 0.2738921523879021
21250.0 0.27144349315092786
21350.0 0.2687265822101939
21450.0 0.2653632885867102
21550.0 0.2615652470321379
21650.0 0.25683835276772193
21750.0 0.2530913000706131
21850.0 0.25140437286074396
21950.0 0.24920017476049117
22050.0 0.24587929126022193
22150.0 0.24235106064080156
22250.0 0.23832511100396933
22350.0 0.23538466978175013
22450.0 0.2327931371955299
22550.0 0.23008814142045197
22650.0 0.22732735816299338
22750.0 0.22102723165006236
22850.0 0.21247515148457755
22950.0 0.20796853454152217
23050.0 0.2073126127343818
23150.0 0.20325036000053648
23250.0 0.19395018482320986
23350.0 0.18586824693022586
23450.0 0.18137768644253252
23550.0 0.1802530637094988
23650.0 0.18103045029392123
23750.0 0.17863467795313726
23850.0 0.1725945779705395
23950.0 0.16767539415022306
24050.0 0.165773943521242
24150.0 0.16483637550802047
24250.0 0.16450360017342863
24350.0 0.16226071227313654
24450.0 0.1569710693170356
24550.0 0.15538749650403386
24650.0 0.15538921287348076
24750.0 0.1517324242578523
24850.0 0.14332155885771833
24950.0 0.14068604088308387
25050.0 0.1402659055859125
25150.0 0.13992437604680116
25250.0 0.13969203548270787
25350.0 0.13906070583942778
25450.0 0.13824047063148878
25550.0 0.13768331190120053
25650.0 0.1376375013672247
25750.0 0.13658531035798263
25850.0 0.13477963918759248
25950.0 0.1339928812551951
26050.0 0.1334730865794058
26150.0 0.13240915081149124
26250.0 0.13052182525232944
26350.0 0.12942897070631645
26450.0 0.1288932108623007
26550.0 0.12784885860841175
26650.0 0.1266465967194325
26750.0 0.12556227911807838
26850.0 0.12473718759856128
26950.0 0.12377988564202719
27050.0 0.12267001205660226
27150.0 0.12148592636443742
27250.0 0.1202511450931742
27350.0 0.11927700654324437
27450.0 0.11840223412181805
27550.0 0.11746791224662273
27650.0 0.1162981485566993
27750.0 0.11521413738776179
27850.0 0.11434516903495898
27950.0 0.11338490885650453
28050.0 0.11226883330117284
28150.0 0.11122014460625365
28250.0 0.11026075102891304
28350.0 0.1091902425286828
28450.0 0.10800136400964261
28550.0 0.106764468257708
28650.0 0.10548344636639241
28750.0 0.10448468125712923
28850.0 0.10371966738945214
28950.0 0.10283414146726948
29050.0 0.10185267290744103
29150.0 0.10082061537561476
29250.0 0.09974755611704088
29350.0 0.09875135898494275
29450.0 0.09782085745762885
29550.0 0.0969015405964333
29650.0 0.09599303660134872
29750.0 0.09509547576610218
29850.0 0.09421092988241986
29950.0 0.09333485424425791
30050.0 0.09247211769991331
30150.0 0.09155037857645107
30250.0 0.09051090180906916
30350.0 0.08948899422707944
30450.0 0.08852572384590826
30550.0 0.08778087479891951
30650.0 0.0870754698383503
30750.0 0.08631448569068104
30850.0 0.08553220448794037
30950.0 0.08476297147586165
31050.0 0.0840017720917441
31150.0 0.08328951630779553
31250.0 0.08258097543564905
31350.0 0.08185199131196672
31450.0 0.08107716233496987
31550.0 0.08027009340132868
31650.0 0.07926045046479546
31750.0 0.07849199624901969
31850.0 0.07783610620300781
31950.0 0.07722693953002925
32100.0 0.07638746091734505
32300.0 0.07536350245810436
32500.0 0.07526326489754163
32700.0 0.0771348775319661
32900.0 0.08480287006625083
33100.0 0.08355499938975056
33300.0 0.07414871124417269
33500.0 0.06790527732820337
33700.0 0.06552233539530486
33900.0 0.063225975498441
34100.0 0.061871072417784084
34300.0 0.06023556097688665
34500.0 0.05919324366241526
34700.0 0.05806515587673242
34900.0 0.056656413756443064
35100.0 0.055420497747395006
35300.0 0.05437814772752218
35500.0 0.05321560795662405
35700.0 0.05232675963245433
35900.0 0.05111355014911851
36100.0 0.05036330966674009
36300.0 0.04929625043107372
36500.0 0.048086112585262554
36700.0 0.04738953034488032
36900.0 0.046315140053871905
37100.0 0.04565301075170522
37300.0 0.044740799288118326
37500.0 0.043544253636635145
37700.0 0.04316025751580712
37900.0 0.0423629570541758
38100.0 0.04138991734692587
38300.0 0.04068148563233434
38500.0 0.040190102714756655
38700.0 0.039332067014698414
38900.0 0.03852495294356897
39100.0 0.037796249206427
39300.0 0.03734887502143668
39500.0 0.036656836325973004
39700.0 0.03592319065980316
39900.0 0.03520883365907578
40100.0 0.034524985359033845
40300.0 0.03394886491079605
40500.0 0.03344813898643995
40700.0 0.03302463997330035
40900.0 0.03247892501316672
41100.0 0.03192870050892388
41300.0 0.03139130067097171
41500.0 0.030857042213496035
41700.0 0.030291683743661306
41900.0 0.029846366460194285
42100.0 0.029400810229503558
42300.0 0.02912352990710201
42500.0 0.028693202722098795
42700.0 0.028225740877355084
42900.0 0.027248812240748075
43100.0 0.026242303732940734
43300.0 0.02607893407325713
43500.0 0.025190518776798135
43700.0 0.024591844525092398
43900.0 0.02418328626529759
44100.0 0.02340566250539451
44300.0 0.023073527307477547
44500.0 0.022704430576431275
44700.0 0.021904804946417646
44900.0 0.021844991760322247
45100.0 0.021394626757838955
45300.0 0.020941563247314436
45500.0 0.020839968706074852
45700.0 0.0206330743996441
45900.0 0.02001237158512386
46100.0 0.02009953642406704
46300.0 0.019779828355218066
46500.0 0.019551980355778435
46700.0 0.019410659805945057
46900.0 0.019100222571850393
47100.0 0.018849207145980745
47300.0 0.018841591274322844
47500.0 0.018565653895413294
47700.0 0.018366447723058416
47900.0 0.01820751597878834
48100.0 0.017842863905515583
48300.0 0.017857546338190065
48500.0 0.017600728010504562
48700.0 0.017383717394595013
48900.0 0.017141710076508193
49100.0 0.016972846893155587
49300.0 0.01683472151678154
49500.0 0.016665219357229925
49700.0 0.01655687069262459
49900.0 0.016331235870156006
50100.0 0.01626782569409688
50300.0 0.016205537835401164
50500.0 0.01596775333378495
50700.0 0.015942231968289634
50900.0 0.015944324044300334
51100.0 0.015828770702240005
51300.0 0.015719000404082844
51500.0 0.015659838329024484
51700.0 0.01568649423783822
51900.0 0.015602656455134582
52100.0 0.015521509592923071
52300.0 0.015464402695837114
52500.0 0.015419823110392781
52700.0 0.015457665779879498
52900.0 0.015355192234643291
53100.0 0.015284408596423894
53300.0 0.015286430027028298
53500.0 0.015253237956508198
53700.0 0.015220000074716878
53900.0 0.015221937357097159
54100.0 0.01521013820973354
54300.0 0.01515590719266444
54500.0 0.015178242376674256
54700.0 0.01518823193149915
54900.0 0.015188013878646621
55100.0 0.015197934930561556
55300.0 0.015296299267236928
55500.0 0.015273016155526554
55700.0 0.01534570978302217
55900.0 0.015381202132114592
56100.0 0.015424044043438263
56300.0 0.015480751947883519
56500.0 0.015590408108176372
56700.0 0.01570239887783587
56900.0 0.01577050926215512
57100.0 0.01594389399324924
57300.0 0.016107219708985224
57500.0 0.016285964883954583
57700.0 0.016463585062062393
57900.0 0.016737643392277717
58100.0 0.01695758011488348
58300.0 0.017287351146365953
58500.0 0.017607356981276277
58700.0 0.01800788448094171
58900.0 0.01845709211715507
59100.0 0.01738318824320012
59300.0 0.016965065402358107
59500.0 0.01958402707863049
59700.0 0.02188393001846548
59900.0 0.02328735583870159
60100.0 0.02279226557249312
60300.0 0.025321511422322397
60500.0 0.02815228470254264
60700.0 0.028506589527351335
60900.0 0.02916224539612112
61100.0 0.030617876569251395
61300.0 0.037138537241078545
61500.0 0.04549667628467759
61700.0 0.0552593929910033
61900.0 0.06419973676414988
62100.0 0.06808653157430022
62300.0 0.0662136754694193
62500.0 0.06206937895679691
62700.0 0.05730816809602344
62900.0 0.05183925169932592
63100.0 0.04532658745779813
63300.0 0.03963485429668305
63500.0 0.03673370652322941
63700.0 0.03435622453830043
63900.0 0.03232762809495108
64200.0 0.030370521422351145
64600.0 0.027195820785505063
65000.0 0.02405352151109393
65400.0 0.023320588445049844
65800.0 0.02436442735061411
66200.0 0.02433055615018955
66600.0 0.02442778416132337
67000.0 0.02400597194623569
67400.0 0.023639195655304233
67800.0 0.02570358770922875
68200.0 0.025266534808255872
68600.0 0.02537088717088295
69000.0 0.02387662054405608
69400.0 0.02650289355655199
69800.0 0.028287792656515803
70200.0 0.026101965796599357
70600.0 0.026123771680436184
71000.0 0.02507647072905265
71400.0 0.028859599444189706
71800.0 0.027469276791794936
72200.0 0.02680935855140483
72600.0 0.030448155322046706
73000.0 0.03279919315035211
73400.0 0.035744795149903474
73800.0 0.03861577087461086
74200.0 0.04294089938254491
74600.0 0.04633077936701155
75000.0 0.051467928363322125
75400.0 0.05921010457609394
75800.0 0.06150714765454363
76200.0 0.059660292852302295
76600.0 0.061382435317478355
77000.0 0.05929200742332388
77400.0 0.05755130413907149
77800.0 0.05606205262533216
78200.0 0.05466012631777704
78600.0 0.053078318095260445
79000.0 0.05130263060135349
79400.0 0.04585224002663752
79800.0 0.04119541901667479
80200.0 0.03830344740888037
80600.0 0.03551215502515263
81000.0 0.03306111538061529
81400.0 0.0314532875805693
81800.0 0.030573274836852793
82200.0 0.0300205328200623
82600.0 0.029701215450726032
83000.0 0.029798768513792918
83400.0 0.030129388516256912
83800.0 0.030144341915016075
84200.0 0.029849597803099426
84600.0 0.029264536650515375
85000.0 0.03022626331571883
85400.0 0.03226872660668031
85800.0 0.03576762313115845
86200.0 0.03417527931435528
86600.0 0.03151081857706222
87000.0 0.028286076530505962
87400.0 0.024415292385884232
87800.0 0.020634458292037323
88200.0 0.017995763956367965
88600.0 0.01642574543735024
89000.0 0.015364458526893825
89400.0 0.013817043422532418
89800.0 0.013051982969084157
90200.0 0.012924256021349648
90600.0 0.011904834405512058
91000.0 0.01127331993316147
91400.0 0.011120982183302508
91800.0 0.010727463204292699
92200.0 0.01053745940293229
92600.0 0.010788240361289062
93000.0 0.010530333165284596
93400.0 0.010154447255203142
93800.0 0.009826090250504736
94200.0 0.01009901267701847
94600.0 0.010582194124507002
95000.0 0.010684688863165233
95400.0 0.01046042119814713
95800.0 0.009998774071571265
96200.0 0.009353898360256572
96600.0 0.00944407295699069
97000.0 0.010322301903879134
97400.0 0.010693262930059282
97800.0 0.010689760797340516
98200.0 0.010134927397547448
98600.0 0.009931222207858154
99000.0 0.009653970283007235
99400.0 0.008991659329632707
99800.0 0.009070270705888034
100200.0 0.009303542731614321
100400.00000000009 0.0091146124834037
100748.43066198383 0.00878546702613994
101098.07052641988 0.009140715628304957
101448.92378975474 0.009343855741589418
101800.9946629978 0.00897399456004877
102154.28737177301 0.008467170649938318
102508.80615636887 0.007796451912171202
102864.55527178946 0.0076691996483419815
103221.53898780573 0.007770394982369034
103579.76158900595 0.008223817128278072
103939.22737484834 0.008780354970004789
104299.94065971187 0.009628837203869513
104661.9057729482 0.010269876696308803
105025.12705893395 0.010713977585489035
105389.60887712192 0.011080645446014385
105755.35560209466 0.011402772115025701
106122.37162361621 0.011498520957454123
106490.66134668495 0.011564829511790468
106860.22919158668 0.011589296852855407
107231.07959394684 0.012046755693067806
107603.217004785 0.012603769189812099
107976.64589056744 0.01232197282401457
108351.370733261 0.012223681275233295
108727.39603038708 0.012397359523146328
109104.72629507471 0.013666541876800003
109483.36605611602 0.015274875950334442
109863.31985801981 0.016694206797765114
110244.59226106624 0.017987318399462136
110627.1878413618 0.019142173293684714
111011.11119089334 0.0233932248203165
111396.36691758451 0.02909625399684978
111782.95964535022 0.03769419197910273
112170.89401415233 0.042882614712535606
112560.17468005554 0.04579688066684732
112950.80631528242 0.04093241408716571
113342.79360827077 0.03568364135752915
113736.1412637291 0.029972240326010677
114130.85400269323 0.02542651413018203
114526.93656258319 0.02146986130638236
114924.39369725919 0.01849440935396445
115323.23017708007 0.01669531730955802
115723.45078895958 0.015395589282343277
116125.06033642414 0.014489072011419414
116528.06363967061 0.01387535611029389
116932.46553562334 0.013448100234714658
117338.27087799355 0.013225582775639424
117745.48453733666 0.013157990732748547
118154.11140111096 0.013237771185213779
118564.15637373661 0.013872694893990633
118975.62437665339 0.014459409068300405
119388.52034838134 0.014964416794942047
119802.84924457902 0.014479699151081632
120218.61603810318 0.014220003970037115
120635.82571906883 0.014129777349381862
121054.48329490799 0.013684748350434182
121474.59379043133 0.013404277423042024
121896.16224788758 0.013247808130758409
122319.19372702412 0.013098239941027254
122743.69330514787 0.013334437000959157
123169.6660771864 0.013768189946079519
123597.11715574806 0.014067494127504687
124026.0516711849 0.014797720880656862
124456.47477165324 0.015462485121637157
124888.39162317566 0.015516647745782925
125321.80740970328 0.01637041090236321
125756.72733317701 0.017056446827062654
126193.15661359143 0.017277056856253584
126631.1004890565 0.018575840530664592
127070.56421586059 0.019916721312636897
127511.55306853396 0.021374757818827198
127954.0723399109 0.023336630197829826
128398.12734119488 0.02102742390858008
128843.72340202122 0.016895262231491348
129290.86587052139 0.011955280838177592
129739.56011338736 0.01026488806422984
130189.81151593504 0.009504715038673988
130641.62548217046 0.009274993267536027
131095.00743485359 0.008849115264268112
131549.96281556363 0.009079252645266558
132006.49708476473 0.00908733758657643
132464.61572187033 0.008783792417777119
132924.3242253105 0.008839998833545356
133385.628112597 0.008525566070295964
133848.53292038973 0.008360787006649205
134313.04420456337 0.008560346532649366
134779.167540273 0.009042848956606194
135246.90852202274 0.008918547461352266
135716.27276373174 0.008618590381977
136187.2658988018 0.008336175883586186
136659.8935801853 0.008084743896037421
137134.16148045196 0.007750020743985395
137610.07529185852 0.007464129591121362
138087.64072641605 0.007257867825547346
138566.86351595866 0.007096272400502933
139047.7494122127 0.006783612480590869
139530.30418686455 0.006716360607909496
140014.53363163173 0.006820666905330504
140500.44355833106 0.006936984912972789
140988.03979894897 0.006995470350686287
141477.32820571162 0.0069836326145960624
141968.3146511539 0.007067073427619456
142461.00502819192 0.007103914228283975
142955.40525019236 0.0066769210842872835
143451.52125104374 0.006289192599339626
143949.35898522806 0.005981266554032507
144448.924427891 0.005981482032555868
144950.2235749154 0.006081630173605681
145453.2624429921 0.005792172859650544
145958.04706969234 0.006007566734119856
146464.58351354074 0.006006111955258612
146972.87785408652 0.005654945394363306
147482.9361919785 0.005303006878478462
147994.76464903704 0.004950169989457261
148508.36936832778 0.005018402718018456
149023.7565142358 0.005199073448051828
149540.9322725382 0.005270540962936588
150059.90285048028 0.005332516942846228
150580.6744768489 0.005363551985186399
151103.25340204738 0.005389672175002186
151627.64589817091 0.005410416136611374
152153.85825908065 0.005338078166802045
152681.89680048096 0.0052311294559716885
153211.76785999417 0.005200969629168613
153743.47779723676 0.005403780722674722
154277.0329938962 0.006251968152099188
154812.43985380605 0.007913459721137776
155349.70480302497 0.010249633786352158
155888.8342899124 0.009899826904517682
156429.8347852063 0.008912473850038571
156972.71278210124 0.007166872699764703
157517.47479632485 0.0061500126686235435
158064.1273662182 0.006004120781977375
158612.67705281274 0.006189488739697792
159163.1304399096 0.0064258471614572635
159715.49413415877 0.006318063375540773
160269.77476513712 0.006243382132219745
160825.97898542997 0.006208765066282967
161384.11347070962 0.006315882594853851
161944.18491981577 0.006585986962258889
162506.2000548363 0.007500966170284045
163070.1656211866 0.008814481464385219
163636.0883876925 0.01047496836951318
164203.97514667013 0.01172078746936531
164773.83271400793 0.012208944409959203
165345.66792924836 0.011039315939102826
165919.48765567035 0.010176494457022215
166495.29878037024 0.009534118614424384
167073.10821434658 0.009647491973355848
167652.9228925817 0.00958266555635075
168234.74977412526 0.009353733516348085
168818.59584217807 0.00963500079670253
169404.46810417465 0.010302786536739833
169992.37359186928 0.011560976282311659
170582.3193614191 0.011412059470057481
171174.31249346913 0.010913225984777328
171768.3600932375 0.010317601431987233
172364.46929059955 0.010142825706032473
172962.64724017525 0.010158722751592762
173562.90112141386 0.010302460069417985
174165.23813868032 0.009803861938472505
174769.6655213422 0.008960649606641934
175376.19052385495 0.008023746531228653
175984.8204258511 0.007466636061048356
176595.5625322263 0.0071681956413310035
177208.42417322725 0.007126497050405315
177823.4127045401 0.0070121653595413185
178440.53550737724 0.006811497181047747
179059.79998856818 0.006356230854247361
179681.21358064678 0.005950286595101314
180304.7837419411 0.005591524819841062
180930.51795666298 0.005326831502040478
181558.42373499667 0.005252120134916794
182188.508613191 0.005211662262521695
182820.7801536484 0.0050786028017164395
183455.24594501613 0.00504571796371608
184091.9136022776 0.005087705397850036
184730.79076684228 0.0052164139227117295
185371.88510663982 0.005628943793845454
186015.20431621035 0.007894886813250965
186660.7561167974 0.011617989129600173
187308.54825644082 0.013045511150566843
187958.58851006837 0.010516922686563946
188610.8846795912 0.007009883417389822
189265.44459399607 0.005750800307010735
189922.27610943964 0.005489355772841968
190581.38710934314 0.005295255331665307
191242.78550448545 0.0050183787630708925
191906.4792331004 0.004714635579211672
192572.47626097052 0.004609222993967275
193240.7845815229 0.004646987616440115
193911.41221592567 0.004808457471997447
194584.36721318262 0.004659296752602268
195259.65765023217 0.004639547862440771
195937.29163204285 0.004642632129996217
196617.27729171072 0.004458250951146389
197299.62279055765 0.004516548835137311
197984.33631822755 0.004509893958060538
198671.42609278703 0.004455062438635381
199360.90036082253 0.004466990390403264
200052.7673975396 0.004355562596920349
200747.03550686277 0.004255139076887187
201443.7130215334 0.004218155707451917
202142.80830321225 0.004310634597790683
202844.3297425782 0.004413728625515826
203548.28575942936 0.004316185327587513
204254.6848027845 0.004184662445369456
204963.53535098286 0.004201458498972453
205674.84591178835 0.004247901252589964
206388.62502249 0.004302261767212853
207104.88125000495 0.004319299573317005
207823.62319098154 0.004256546253630332
208544.8594719008 0.004193575153259235
209268.59874918268 0.004136939217487788
209994.84970928813 0.004081114525253336
210723.62106882382 0.004088418053198875
211454.9215746472 0.004178714603566907
212188.76000396966 0.004266849770614695
212925.1451644646 0.004223677809749123
213664.08589437135 0.004180356023834712
214405.5910626017 0.004091983081620126
215149.66956884676 0.00397601193494806
215896.33034368197 0.003894497435950142
216645.5823486771 0.003920598587011799
217397.43457650184 0.003946790320158547
218151.8960510343 0.004148433851109582
218908.9758274697 0.004373629073553312
219668.68299242735 0.004371911518580027
220431.02666406232 0.004178188376484941
221196.01599217302 0.00402800308646801
221963.66015831166 0.004035659721203795
222733.96837589474 0.004043342927715576
223506.94989031187 0.0040955276476761565
224282.61397903945 0.004152230306822492
225060.96995175022 0.004171189548231925
225842.02715042542 0.004167022304989556
226625.79494946744 0.0041528702592263786
227412.28275581042 0.004119920388081022
228201.50000903595 0.004091263622123728
228993.45618148448 0.0041068961621049125
229788.16077836952 0.004122582953642412
230585.62333789226 0.0041094593316029285
231385.85343135396 0.004091171658350387
232188.8606632739 0.004111313774718878
232994.65467150253 0.00415468575376937
233803.24512733784 0.004200151752012051
234614.64173564175 0.004248513359328273
235428.8542349548 0.004271949390945799
236245.89239761574 0.004207346369279803
237065.76602987712 0.004145168020669388
237888.48497202326 0.004141064365775956
238714.05909848903 0.004136946469456316
239542.4983179762 0.0041446316702984
240373.81257357553 0.004153956128431666
241208.01184288395 0.004160085229522708
242045.10613812497 0.004165049245731408
242885.10550626923 0.004144712074800614
243728.0200291531 0.0041072349861963455
244573.85982360275 0.004075824414975546
245422.63504155353 0.0040510776744968014
246274.3558701723 0.00405148944057839
247129.0325319802 0.004094409247836303
247986.67528497343 0.004128894093044443
248847.29442274923 0.004141564752684431
249710.90027462755 0.004159184834056112
250577.5032057754 0.004196011247052784
251447.1136173319 0.004230258452963146
252319.741946531 0.004248034466450534
253195.39866682977 0.0042614718235940985
254074.09428803218 0.004230432935562565
254955.83935641564 0.00420497437744106
255840.64445485763 0.004281397967864277
256728.52020296326 0.0043601737658443265
257619.47725719062 0.004509478897361163
258513.52631098175 0.004656020025439605
259410.67809488898 0.004621125827311785
260310.94337670426 0.004582520386354526
261214.33296158884 0.00436091605807141
262120.8576922009 0.004144823825915866
263030.5284488288 0.0041102668365570845
263943.3561495196 0.004077042062891988
264859.35175021074 0.0040665327381827245
265778.5262448618 0.004054926468491014
266700.8906655845 0.004033577060426061
267626.45608277834 0.00401509247351355
268555.23360526125 0.00401329776668874
269487.23438040353 0.004006231088849433
270422.46959426196 0.003979568510453035
271360.9504717122 0.003971146440534991
272302.6882765867 0.00400838015786934
273247.69431180746 0.0040251146877540375
274195.97991952254 0.004007154912238806
275147.55648124265 0.003990289547376686
276102.4354179754 0.003974669871776872
277060.6281903659 0.0039493693874748615
278022.1462988321 0.003916980115447908
278987.001283703 0.003964115247348651
279955.20472535834 0.0040456924254703
280926.7682443648 0.0042124358516569885
281901.7035016192 0.0043971047527421436
282880.0221984859 0.004259789993331648
283861.73607693805 0.004122911217625338
284846.856919699 0.004055625730237156
285835.39655038144 0.00400584199879212
286827.3668336328 0.003999650262741961
287822.7796752752 0.003995466330672404
288821.64702244906 0.003993628973102522
289823.9808637571 0.004023576657278845
290829.79322940577 0.004071007805388184
291839.0961913531 0.00407967155324177
292851.90186345164 0.0040805372851604295
293868.22240159387 0.004071423412650199
294888.0700038592 0.004050539623334415
295911.45691065746 0.003996270945539336
296938.39540488017 0.003997348833090651
297968.8978120446 0.004057381766174215
299002.9765004432 0.004068719632843512
300040.643881292 0.004061030229446964
301081.9124088775 0.004043220527145169
302126.7945807098 0.004039168890609972
303175.3029376698 0.004086287850741887
304227.45006416074 0.0041131255883842385
305283.2485882598 0.004117912169977994
306342.71118186694 0.00417203616449878
307405.8505608609 0.004238816908622517
308472.6794852493 0.004200199499014448
309543.21075932245 0.004163816604669483
310617.4572318076 0.0041322333266080105
311695.4317960206 0.004147178090105511
312777.1473900245 0.004190231343079815
313862.6169967824 0.004149560763178069
314951.8536443137 0.004132583923390908
316044.87040585116 0.004204818601819962
317141.68039999536 0.004280620562647752
318242.2967908759 0.004359121596709168
319346.7327883069 0.004331926043593854
320455.0016479461 0.004335306474575289
321567.116671454 0.004458511638313449
322683.09120665427 0.004486168067836964
323802.93864769104 0.004451617910278552
324926.672435194 0.004481509536812496
326054.30605643673 0.004483382263133717
327185.8530454994 0.004424957779328095
328321.326983432 0.0044899529283469195
329460.74149841425 0.004607798312261021
330604.11026592366 0.004749122836246553
331751.4470088968 0.005311046970431171
332902.76549789455 0.0063152558417474206
334058.07955126825 0.008699040527946216
335217.40303532267 0.009979399165166755
336380.74986448674 0.008227035658849738
337548.13400147745 0.0063942671347989415
338719.56945746863 0.004772543251100266
339895.07029225933 0.004704942572364625
341074.65061444003 0.004637868392558603
342258.32458156615 0.004571750668547115
343446.10640032514 0.00459214008601327
344638.0103267076 0.00500473193205533
345834.0506661794 0.005892730674366992
347034.2417738501 0.008878278197725612
348238.5980546498 0.010768205153582735
349447.1339634991 0.010384390714554718
350659.8640054834 0.0
351876.8027360276 0.0
353097.96476106776 0.0
354323.3647372312 0.0
355553.01737200917 0.0
356786.93742393394 0.0
358025.13970275706 0.0
359267.6390696242 0.0
360514.4504372573 0.0
361765.5887701314 0.0
363021.06908465445 0.0
364280.90644934855 0.0
365545.1159850277 0.0
366813.7128649837 0.0
368086.7123151656 0.0
369364.1296143627 0.0
370645.98009438923 0.0
371932.2791402647 0.0
373223.04219040385 0.0
374518.28473679814 0.0
375818.0223252031 0.0
377122.2705553253 0.0
378431.04508100665 0.0
379744.36161041673 0.0
381062.23590623855 0.0
382384.6837858583 0.0
383711.7211215558 0.0
385043.36384069227 0.0
386379.62792590604 0.0
387720.529415301 0.0
389066.08440264023 0.0
390416.3090375398 0.0
391771.21952565934 0.0
393130.8321289014 0.0
394495.16316560353 0.0
395864.22901073477 0.0
397238.0460960931 0.0
398616.63091049937 0.0
400000.0000000001 0.0
