91.0 0.0
94.0 0.0
96.0 0.0
98.0 0.0
100.0 0.0
102.0 0.0
104.0 1.754822515046253e-05
106.0 2.0013145999451776e-05
108.0 2.276074574737757e-05
110.0 3.2224892105519186e-05
114.0 3.9293805857222774e-05
118.0 4.583151507335166e-05
121.0 0.00013258098150198814
125.0 0.0001535744442493705
127.0 0.00016217360511458937
128.0 0.00016875678257009688
131.0 0.00018252234668928482
132.0 0.00020148847111825405
134.0 0.000212705044280625
137.0 0.00024835688042655445
140.0 0.0002717714001945225
143.0 0.000537257864947787
147.0 0.0009710312521636294
151.0 0.0010291433844864565
155.0 0.0011029121603990642
159.0 0.0011845035826124808
162.0 0.0012398246356511728
166.0 0.0013359361326820435
170.0 0.0014071360183540236
173.0 0.0014779470035695518
177.0 0.0015541976171765013
180.0 0.0016188081964978037
182.0 0.0016621733037157998
186.0 0.0017398215179488398
191.0 0.001847793808128745
194.0 0.0019189235230026214
198.0 0.001999169406722553
202.0 0.0020952518518563778
205.0 0.0021578776003831814
210.0 0.0021892913947375737
216.0 0.002387501154126965
220.0 0.002484753899318663
223.0 0.0025363387100532805
227.0 0.0026637584782351594
230.0 0.003936673151867141
234.0 0.006456242214474996
240.0 0.007792328090068772
246.0 0.007385677448514897
252.0 0.0076090759555987875
257.0 0.006408791955847295
260.0 0.007369962837893104
264.0 0.007615224581106593
269.0 0.007557871765168938
274.0 0.007454858585605225
279.0 0.0073545969313577025
284.0 0.007264564584421104
290.0 0.006877652009278506
296.0 0.006895877082378532
301.0 0.00666862905597824
308.0 0.006657721150711025
318.0 0.0066282635261093095
328.0 0.006461597441822248
338.0 0.006241590505556971
348.0 0.0060356358115682416
357.0 0.00588275357303963
366.0 0.005776169996857024
375.0 0.005598277460683706
385.0 0.00527660514683663
395.0 0.005264059926596594
405.0 0.005171898801643176
414.0 0.005025315951302244
422.0 0.004873190529252745
430.0 0.004752620284317137
441.0 0.004683705493695417
451.0 0.004570640740115675
460.0 0.004451878494585705
470.0 0.004389165220437525
480.0 0.004404010786712768
490.0 0.0042836392981399985
500.0 0.00442977970679678
506.0 0.004539636052765878
512.0 0.005922758638285148
520.0 0.005975198574520359
530.0 0.006004904434688031
540.0 0.005808480188421536
550.0 0.006432962546875107
560.0 0.0074624445889274775
570.0 0.008206832419167179
580.0 0.008280902451285878
590.0 0.00920450026095555
600.0 0.009100817658315566
610.0 0.009662565815157906
620.0 0.011708792582386985
630.0 0.01220940465552724
640.0 0.0132565509008773
650.0 0.01410366048923001
658.0 0.014395633100278806
665.0 0.015798317071460368
675.0 0.016923371211573338
685.0 0.016398182953894884
695.0 0.01967414067555037
705.0 0.018429820815506977
716.0 0.02266479913114702
726.0 0.023958047501448147
735.0 0.025223418656083203
745.0 0.02656181250491644
755.0 0.02787987370380581
765.0 0.027575718199128626
775.0 0.031173741097351805
785.0 0.031642941342973865
795.0 0.03437124581848918
805.0 0.03613266310421146
815.0 0.03780239005420303
825.0 0.0400182741444718
835.0 0.035018184691655574
845.0 0.042705260622532326
855.0 0.043924104732712375
865.0 0.04696657710126134
875.0 0.04917970936692011
885.0 0.0515791517073455
895.0 0.05370796836056431
905.0 0.05433456681146088
915.0 0.06268335611354237
925.0 0.26728825071447243
935.0 0.5038260070971851
945.0 0.8704749486839579
955.0 1.231981170950521
965.0 1.405542414255805
975.0 0.34124606772696814
985.0 1.200253449497445
995.0 1.3009673209991077
1005.0 1.7338940438891302
1015.0 1.646984353430609
1025.0 0.7877527366181502
1035.0 1.2330122534410575
1045.0 2.1178807946561764
1055.0 2.0493780904956926
1065.0 1.7345055430929188
1075.0 1.9476862869225058
1085.0 1.664948525259018
1095.0 1.9749904054173326
1105.0 1.9407886303390411
1115.0 1.8769194571017178
1125.0 1.7328408131594213
1135.0 2.058366047964999
1145.0 1.893827474557825
1155.0 1.9628572053591706
1165.0 1.9524746943681268
1175.0 1.4718837462715368
1185.0 1.8983587909708546
1195.0 1.3763765595024313
1205.0 1.081938008305387
1208.72 0.9503061346510928
1208.8 0.9474753416692826
1208.87 0.9449983978101988
1208.94 0.9425214539511068
1209.02 0.9396906609692967
1209.09 0.9372137171102127
1209.16 0.9347367732511207
1209.23 0.9322598293920369
1209.31 0.9294290364102267
1209.38 0.9269520925511346
1209.45 0.9244751486920508
1209.53 0.9216443557102405
1209.6 0.9191674118511567
1209.67 0.9166904679920648
1209.75 0.9138596750102546
1209.82 0.9113827311511707
1209.89 0.9089057872920787
1209.96 0.9064288434329948
1210.04 0.9035980504511846
1210.11 0.9011211065921008
1210.18 0.8986441627330088
1210.26 0.8958133697511986
1210.33 0.8933364258921148
1210.4 0.8908594820330228
1210.47 0.8883825381739389
1210.55 0.8855517451921286
1210.62 0.8830748013330448
1210.69 0.8805978574739528
1210.77 0.8777670644921427
1210.84 0.8752901206330587
1210.91 0.8728131767739667
1210.99 0.8699823837921565
1211.06 0.8675054399330727
1211.13 0.8650284960739808
1211.2 0.8625515522148969
1211.28 0.8597207592330868
1211.35 0.8572438153740027
1211.42 0.8547668715149108
1211.5 0.8519360785331006
1211.57 0.8494591346740168
1211.64 0.8469821908149248
1211.72 0.8441513978331145
1211.79 0.8416744539740306
1211.86 0.8391975101149468
1211.93 0.8367205662558548
1212.01 0.8338897732740447
1212.08 0.8314128294149606
1212.15 0.8289358855558688
1212.23 0.8261050925740586
1212.3 0.8236281487149747
1212.37 0.8211512048558908
1212.44 0.8186742609967989
1212.52 0.8158434680149887
1212.59 0.8133665241559047
1212.66 0.8108895802968129
1212.74 0.8080587873150026
1212.81 0.8055818434559188
1212.88 0.8031048995968267
1212.96 0.8002741066150166
1213.03 0.7977971627559327
1213.1 0.7953202188968488
1213.17 0.7928432750377568
1213.25 0.7900124820559467
1213.32 0.7875355381968627
1213.39 0.7850585943377708
1213.47 0.7822278013559607
1213.54 0.7797508574968767
1213.61 0.7772739136377927
1213.69 0.7744431206559745
1213.76 0.7719661767968907
1213.83 0.7694892329378068
1213.9 0.7670122890787149
1213.98 0.7641814960969047
1214.05 0.7617045522378207
1214.12 0.7592276083787369
1214.2 0.7563968153969185
1214.27 0.7539198715378347
1214.34 0.7514429276787508
1214.41 0.7489659838196587
1214.49 0.7461351908378486
1214.56 0.7436582469787647
1214.63 0.7411813031196728
1214.71 0.7383505101378627
1214.78 0.7358735662787788
1214.85 0.7333966224196947
1214.93 0.7305658294378766
1215.0 0.7280888855787927
1215.07 0.7256119417197088
1215.14 0.7231349978606169
1215.22 0.7203042048788066
1215.29 0.7178272610197227
1215.36 0.7153503171606389
1215.44 0.7125195241788207
1215.51 0.7100425803197367
1215.58 0.7075656364606528
1215.66 0.7047348434788346
1215.73 0.7022578996197507
1215.8 0.6997809557606667
1215.87 0.6973040119015829
1215.95 0.6977435503520166
1216.02 0.7028973798348542
1216.09 0.7080512093176918
1216.17 0.7139413001552372
1216.24 0.7190951296380748
1216.31 0.7242489591209123
1216.38 0.7294027886037665
1216.46 0.7352928794412952
1216.53 0.7404467089241327
1216.6 0.7456005384069703
1216.68 0.7514906292445156
1216.75 0.7566444587273531
1216.82 0.7617982882101908
1216.9 0.767688379047736
1216.97 0.7728422085305737
1217.04 0.7779960380134112
1217.11 0.7831498674962487
1217.19 0.7890399583337941
1217.26 0.7941937878166316
1217.33 0.7993476172994692
1217.41 0.8052377081370146
1217.48 0.810391537619852
1217.55 0.8155453671026897
1217.63 0.821435457940235
1217.7 0.8265892874230726
1217.77 0.8317431169059101
1217.84 0.8368969463887477
1217.92 0.842787037226293
1217.99 0.8479408667091306
1218.06 0.8530946961919682
1218.14 0.8589847870295135
1218.21 0.8641386165123511
1218.28 0.8692924459951886
1218.35 0.8744462754780261
1218.43 0.8803363663155716
1218.5 0.885490195798409
1218.57 0.8906440252812465
1218.65 0.896534116118792
1218.72 0.9016879456016295
1218.79 0.9068417750844672
1218.87 0.9127318659219958
1218.94 0.9178856954048501
1219.01 0.9230395248876876
1219.08 0.9281933543705251
1219.16 0.9340834452080705
1219.23 0.939237274690908
1219.3 0.9443911041737456
1219.38 0.9502811950112909
1219.45 0.9554350244941285
1219.52 0.960588853976966
1219.6 0.9664789448144946
1219.67 0.971632774297349
1219.74 0.9767866037801864
1219.81 0.981940433263024
1219.89 0.9878305241005694
1219.96 0.992984353583407
1220.03 0.9981381830662445
1220.11 1.0040282739037731
1220.18 1.0091821033866273
1220.25 1.014335932869465
1220.32 1.0194897623523025
1220.4 1.025379853189848
1220.47 1.0305336826726854
1220.54 1.0356875121555231
1220.62 1.0415776029930517
1220.69 1.046731432475906
1220.76 1.0518852619587435
1220.84 1.057775352796272
1220.91 1.0629291822791265
1220.98 1.068083011761964
1221.05 1.0732368412448015
1221.13 1.079126932082347
1221.2 1.0842807615651844
1221.27 1.0894345910480219
1221.35 1.0953246818855507
1221.42 1.1004785113684048
1221.49 1.1056323408512425
1221.57 1.111522431688771
1221.64 1.1166762611716254
1221.71 1.121830090654463
1221.78 1.1269839201373004
1221.86 1.132874010974829
1221.93 1.1380278404576833
1222.0 1.1431816699405208
1222.08 1.1490717607780494
1222.15 1.1542255902609038
1222.22 1.1593794197437415
1222.29 1.164533249226579
1222.37 1.1704233400641075
1222.44 1.175577169546962
1222.51 1.1807309990297994
1222.59 1.186621089867328
1222.66 1.1917749193501823
1222.73 1.1969287488330198
1222.81 1.2028188396705486
1222.88 1.2079726691534027
1222.95 1.2131264986362404
1223.02 1.218280328119078
1223.1 1.2241704189566065
1223.17 1.2293242484394606
1223.24 1.2344780779222984
1225.0 1.3475995758577963
1235.0 1.8306224614688267
1245.0 2.020345326972269
1255.0 1.9645616016954368
1265.0 1.7490689525000118
1275.0 2.0813728262249667
1285.0 2.1943678910626074
1295.0 1.8226289181105262
1305.0 1.7982534539945303
1315.0 2.1340634743535225
1325.0 2.033351945560042
1335.0 1.8793752183581554
1345.0 2.0947314809483006
1355.0 2.0413873435475094
1365.0 1.872038558920415
1375.0 1.9254178057568943
1385.0 1.9323847184949188
1395.0 1.7014176129046295
1405.0 1.7046620473398262
1415.0 1.795554423700189
1425.0 1.8082864894739104
1435.0 1.8044368865569822
1442.0 1.8725988158658473
1447.0 1.8855911666475687
1455.0 1.8389648432562238
1465.0 1.725756057172716
1475.0 1.7117245439376592
1485.0 1.722431881303828
1495.0 1.7340394454965113
1505.0 1.6666488093339162
1512.0 1.5341555653673709
1517.0 1.5843445110481265
1525.0 1.5213875929310654
1535.0 1.3699093342099102
1545.0 1.429440946117519
1555.0 1.366446004049331
1565.0 1.3956502066101915
1575.0 1.486240038269458
1585.0 1.5297394205602648
1595.0 1.552353334037787
1605.0 1.5113530542267608
1615.0 1.4916594623559063
1625.0 1.434392560332359
1635.0 1.4920395510571878
1645.0 1.4996378759016078
1655.0 1.4169891270726462
1665.0 1.498035942336796
1672.0 1.3971321020884617
1677.0 1.49653937450222
1685.0 1.5552441570300737
1695.0 1.472117396890032
1705.0 1.4266128935892037
1715.0 1.3606202384042052
1725.0 1.347449427802582
1735.0 1.4122271706213647
1745.0 1.3827120565405413
1755.0 1.4334422041786479
1765.0 1.3464016299055654
1775.0 1.3668347779875933
1785.0 1.377106580982956
1795.0 1.4391632914244403
1805.0 1.4285699969152963
1815.0 1.3388871556813844
1825.0 1.3448940475438318
1835.0 1.3109964895225894
1845.0 1.2117405110132713
1855.0 1.2208025226361467
1865.0 1.2406460250650726
1875.0 1.302864357978368
1885.0 1.2111599469288936
1895.0 1.177456306286597
1905.0 1.2252359096180392
1915.0 1.184065912240421
1925.0 1.1617003898108922
1935.0 1.1760503551964052
1945.0 1.2250421678212131
1955.0 1.1582409276810837
1967.0 1.2312237122277163
1976.0 1.255605587196385
1984.0 1.2084696951978244
1995.0 1.1627307603757522
2005.0 1.1808673512618704
2015.0 1.1579389229188837
2025.0 1.1791842611178487
2035.0 1.1440889032371528
2045.0 1.159516924350531
2055.0 1.090791612474034
2065.0 1.1029052709663703
2074.0 1.1747170526415178
2078.0 1.1489245109760675
2085.0 1.159517510499424
2095.0 1.1103501165309164
2105.0 1.1138842867802357
2115.0 1.1218489224744306
2125.0 1.1132491064752916
2135.0 1.064889389986558
2145.0 1.074894611525141
2155.0 1.0985395947676264
2165.0 1.0758043097700274
2175.0 1.0616899758130196
2185.0 1.0488113968543549
2195.0 1.0735732748023148
2205.0 1.0600845361759632
2215.0 1.0017906835407693
2225.0 0.9927599272435909
2235.0 1.024251156958233
2245.0 0.9879720391337725
2255.0 0.9570385727946963
2265.0 0.9682452007149415
2275.0 0.9853528503271131
2285.0 1.0005751229634836
2295.0 0.9503218971229588
2305.0 0.951215862982014
2315.0 0.9255143891682227
2325.0 0.8081899796626041
2335.0 0.8590761923389845
2345.0 0.8404390820902635
2355.0 0.8853731142486779
2365.0 0.8294198960306881
2375.0 0.8426542587022614
2385.0 0.7990425448104176
2395.0 0.8209746359545749
2405.0 0.801294008010667
2415.0 0.8101110011026195
2425.0 0.8446768856467911
2435.0 0.8258112529081427
2445.0 0.850492172362249
2455.0 0.8390394562328151
2465.0 0.8308857701863718
2475.0 0.8087876018789748
2485.0 0.8001082723896233
2495.0 0.7615268769729073
2505.0 0.8334355853375728
2513.0 0.7623637757386431
2518.0 0.7678989497296291
2525.0 0.7496901591251468
2535.0 0.7539672280712114
2545.0 0.7468574043026633
2555.0 0.7820314600608448
2565.0 0.770196902762888
2575.0 0.796415580285867
2585.0 0.7901895162220541
2595.0 0.772824648547537
2605.0 0.7540366833693057
2615.0 0.7424322700893238
2625.0 0.7679515612085122
2635.0 0.7844857537841375
2645.0 0.8257633676055274
2655.0 0.84890271124376
2665.0 0.7937247623586056
2675.0 0.8112519322503617
2685.0 0.8122692996742437
2695.0 0.7802102641233006
2705.0 0.78641352067683
2715.0 0.7553973610835093
2725.0 0.7521529539500482
2735.0 0.7705364857131732
2745.0 0.7042238424412646
2755.0 0.7059036373158385
2765.0 0.7230057362478892
2775.0 0.7418484508372811
2785.0 0.7093869917985484
2795.0 0.6002632669308595
2805.0 0.6254507145668419
2815.0 0.7100550938290655
2825.0 0.7616684846462132
2835.0 0.7433963668823756
2845.0 0.7149004153741322
2855.0 0.6917375545789621
2865.0 0.7454838627139323
2875.0 0.7483612714544476
2885.0 0.7420672213845053
2895.0 0.741062227210425
2910.0 0.7903397957290321
2930.0 0.7595628980639874
2950.0 0.7446116754598555
2970.0 0.7496725636183191
2990.0 0.7473413246392736
3010.0 0.7491562403238284
3030.0 0.7470505536570514
3050.0 0.7451364932209386
3070.0 0.7441078853695878
3090.0 0.7430860641089838
3110.0 0.7420708017202571
3130.0 0.7291578042013477
3150.0 0.7264423103037001
3170.0 0.7266275872902047
3190.0 0.6943964989564395
3210.0 0.7075384230780779
3230.0 0.6819206401978501
3250.0 0.7154814142993042
3270.0 0.7339787102798428
3290.0 0.7278514528646955
3310.0 0.7225689494810594
3330.0 0.7286570338165629
3350.0 0.7481785277381361
3370.0 0.6541568601751385
3390.0 0.7110836844898188
3410.0 0.6923182919677849
3430.0 0.7211973805395797
3450.0 0.7017603924822308
3470.0 0.692519148136761
3490.0 0.70565624158667
3510.0 0.6871639171642067
3530.0 0.6883314761534505
3550.0 0.7226225323301654
3570.0 0.6686880477455428
3590.0 0.6099838747392808
3610.0 0.6624993763732795
3630.0 0.7415163903589055
3640.0 0.6929720717211281
3650.0 0.6931025267546083
3670.0 0.7189113391674329
3690.0 0.7176222697762341
3704.66 0.7017736746461833
3704.88 0.7075289019208173
3705.11 0.713545730435201
3705.33 0.7165688420582161
3705.55 0.7123063119436042
3705.78 0.7078500304601509
3706.0 0.7035875003455478
3706.22 0.6993249702309445
3706.45 0.6948686887474913
3706.67 0.6906061586328793
3706.89 0.6863436285182762
3707.12 0.681887347034823
3707.34 0.677624816920211
3707.56 0.6733622868056078
3707.79 0.6689060053221546
3708.01 0.6646434752075426
3708.24 0.6707068251314743
3708.46 0.6765065511456874
3708.68 0.6823062771598887
3708.91 0.6883696270838323
3709.13 0.6941693530980455
3709.35 0.6999690791122466
3709.58 0.7060324290361902
3709.8 0.7118321550504035
3710.0 0.7171046332451317
3710.02 0.7176318810646046
3710.25 0.7236952309885483
3710.47 0.7294949570027495
3710.7 0.7355583069266931
3710.92 0.736762311495935
3711.14 0.7366146332872401
3711.37 0.7364602424326951
3711.59 0.7363125642239999
3711.81 0.7361648860153049
3712.04 0.73601049516076
3712.26 0.7358628169520648
3712.48 0.7357151387433699
3712.71 0.735560747888825
3712.93 0.7354130696801301
3713.16 0.7352586788255852
3713.38 0.7351110006168899
3713.6 0.7349017247289152
3713.83 0.7346185387267857
3714.05 0.734347665159531
3714.27 0.7340767915922768
3714.5 0.7337936055901473
3714.72 0.7335227320228931
3714.94 0.7332518584556383
3715.17 0.7329686724535088
3715.39 0.7326977988862546
3715.62 0.732414612884125
3715.84 0.7321437393168704
3716.06 0.7318728657496162
3716.29 0.7351105429365037
3716.51 0.7503314674008859
3716.73 0.7655523918652367
3716.96 0.7814651765325281
3717.18 0.796686100996879
3717.4 0.8119070254612611
3717.63 0.8278198101285528
3717.85 0.8430407345929034
3718.08 0.8589535192601949
3718.3 0.8741744437245772
3718.52 0.889395368188928
3718.75 0.9053081528562195
3718.97 0.9205290773205701
3719.19 0.9797344611554869
3719.42 1.0438207013238352
3719.64 1.1051205832239341
3719.86 1.1664204651241599
3720.09 1.2305067052925083
3720.31 1.2918065871926072
3720.53 1.3531064690928327
3720.76 1.4171927092611811
3720.98 1.47849259116128
3721.21 1.5425788313296287
3721.43 1.6038787132297274
3721.65 1.665178595129953
3721.88 1.7622350261412687
3722.1 1.8688689204503184
3722.32 1.9755028147595886
3722.55 2.086983704264614
3722.77 2.193617598573664
3722.99 2.3002514928827136
3723.22 2.4117323823877395
3723.44 2.5183662766970096
3723.67 2.6298471662020355
3723.89 2.7364810605110854
3724.11 2.8431149548203556
3724.34 2.954595844325381
3724.56 3.038812030111001
3724.78 3.0906470813630227
3725.01 3.14483827130826
3725.23 3.1966733225601747
3725.45 3.248508373812089
3725.68 3.302699563757326
3725.9 3.3545346150093485
3726.13 3.408725804954585
3726.35 3.4605608562065
3726.57 3.5123959074585223
3726.8 3.566587097403759
3727.02 3.618422148655674
3727.24 3.6579066943447716
3727.47 3.617410674974266
3727.69 3.5786753520980885
3727.91 3.5399400292219916
3728.14 3.499444009851486
3728.36 3.4607086869753085
3728.59 3.420212667604803
3728.81 3.381477344728706
3729.03 3.3427420218525286
3729.26 3.302246002482023
3729.48 3.263510679605926
3729.7 3.224775356729828
3729.93 3.1842793373593232
3730.0 3.163297847679908
3730.15 3.1109175576080315
3730.37 3.034093132169395
3730.6 2.9537766873925593
3730.82 2.876952261953764
3731.05 2.796635817176928
3731.27 2.719811391738292
3731.49 2.6429869662996555
3731.72 2.56267052152282
3731.94 2.4858460960840243
3732.16 2.409021670645388
3732.39 2.3287052258685526
3732.61 2.2518808004297575
3732.83 2.1753567664476665
3733.06 2.095571783478565
3733.28 2.0192557128123862
3733.51 1.9394707298432847
3733.73 1.8631546591772634
3733.95 1.7868385885112419
3734.18 1.7070536055421406
3734.4 1.6307375348759612
3734.62 1.5544214642099399
3734.85 1.4746364812408386
3735.07 1.3983204105746592
3735.29 1.3220043399086376
3735.52 1.2582747853311178
3735.74 1.226111142741945
3735.96 1.1939475001527065
3736.19 1.1603218738094472
3736.41 1.1281582312202747
3736.64 1.0945326048770156
3736.86 1.0623689622877766
3737.08 1.0302053196986038
3737.31 0.9965796933553449
3737.53 0.9644160507661058
3737.75 0.9322524081769332
3737.98 0.8986267818336743
3738.2 0.8693241765299129
3738.42 0.8686319440802619
3738.65 0.8679082465192639
3738.87 0.8672160140696145
3739.1 0.8664923165086166
3739.32 0.8658000840589657
3739.54 0.8651078516093162
3739.77 0.8643841540483183
3739.99 0.8636919215986688
3740.21 0.8629996891490178
3740.44 0.86227599158802
3740.66 0.8615837591383705
3740.88 0.8608915266887196
3741.11 0.8469598518482214
3741.33 0.8301245360570012
3741.56 0.81252397863889
3741.78 0.7956886628476351
3742.0 0.778853347056415
3742.23 0.7612527896383037
3742.45 0.7444174738470836
3742.67 0.7275821580558286
3742.9 0.7099816006377174
3743.12 0.6931462848464973
3743.34 0.6763109690552424
3743.57 0.6587104116371312
3743.79 0.6490734931589899
3744.02 0.6452698639242939
3744.24 0.6416316098737186
3744.46 0.6379933558231358
3744.69 0.6341897265884396
3744.91 0.6305514725378643
3745.13 0.6269132184872815
3745.36 0.6231095892525854
3745.58 0.6194713352020101
3745.8 0.6158330811514273
3746.03 0.6120294519167313
3746.25 0.6083911978661559
3746.48 0.604411361677903
3746.7 0.6002193143447224
3746.92 0.5960272670115331
3747.15 0.5916446720722945
3747.37 0.5874526247391139
3747.59 0.5832605774059246
3747.82 0.578877982466686
3748.04 0.5746859351335054
3748.26 0.5704938878003161
3748.49 0.5661112928610862
3748.71 0.5619192455278968
3748.93 0.5577271981947163
3749.16 0.5542862093888964
3750.0 0.617375125689431
3770.0 0.7044866897691509
3790.0 0.8394197198373552
3810.0 0.909379719291683
3830.0 0.7756187948558307
3850.0 1.0395543572058785
3870.0 1.0573634643257288
3890.0 0.8485920122698674
3910.0 1.0599866387280772
3930.0 0.8064230989222423
3950.0 0.9306393898912771
3970.0 0.7151967162224682
3990.0 1.0
4010.0 1.0510909544595164
4030.0 0.9973672087616331
4050.0 1.024569900947584
4070.0 1.0371546723030216
4078.2 0.9486393497374628
4078.45 0.9447185354586689
4078.7 0.9454519613632719
4078.94 0.9461560502316915
4079.19 0.9468894761362944
4079.43 0.9475935650047126
4079.68 0.9483269909093155
4079.93 0.9490604168139185
4080.17 0.9497645056823381
4080.42 0.9504979315869408
4080.66 0.9512020204553592
4080.91 0.9519354463599622
4081.16 0.9519050519433682
4081.4 0.9505722866219204
4081.65 0.9491839894120803
4081.9 0.9477956922022404
4082.14 0.9464629268807951
4082.39 0.945074629670955
4082.63 0.9437418643495074
4082.88 0.9423535671396673
4083.13 0.9409652699298272
4083.37 0.9396325046083821
4083.62 0.938244207398542
4083.86 0.9379633441937844
4084.11 0.9418345575673761
4084.36 0.9457057709409679
4084.6 0.9494221357796127
4084.85 0.9532933491532044
4085.1 0.9571645625267962
4085.34 0.960880927365448
4085.59 0.9647521407390397
4085.83 0.9684685055776845
4086.08 0.9723397189512762
4086.33 0.976210932324868
4086.57 0.9791144623228071
4086.82 0.9728252401874813
4087.06 0.966787586937574
4087.31 0.9604983648022483
4087.56 0.9542091426669225
4087.8 0.9481714894170037
4088.05 0.9418822672816779
4088.3 0.9355930451463521
4088.54 0.9295553918964449
4088.79 0.9232661697611191
4089.03 0.9172285165112003
4089.28 0.9109392943758745
4089.53 0.9131765942732202
4089.77 0.9160361814052222
4090.0 0.9187766190733935
4090.02 0.9190149180010603
4090.26 0.9218745051330677
4090.51 0.9248532417289057
4090.76 0.9278319783247438
4091.0 0.9306915654567459
4091.25 0.9336703020525841
4091.5 0.9366490386484221
4091.74 0.939508625780424
4091.99 0.9424873623762623
4092.23 0.9420743820963701
4092.48 0.94074710893971
4092.73 0.93941983578305
4092.97 0.9381456535526576
4093.22 0.9368183803959975
4093.47 0.9354911072393374
4093.71 0.9342169250089425
4093.96 0.9328896518522826
4094.2 0.93161546962189
4094.45 0.93028819646523
4094.7 0.92896092330857
4094.94 0.9269820930075238
4095.19 0.9245538072404701
4095.43 0.9222226529041005
4095.68 0.919794367137047
4095.93 0.9173660813699932
4096.17 0.9150349270336194
4096.42 0.9126066412665657
4096.67 0.9101783554995121
4096.91 0.9078472011631425
4097.16 0.9054189153960889
4097.4 0.9030877610597196
4097.65 0.9028447643894834
4097.9 0.904969164240804
4098.14 0.9070085880980774
4098.39 0.9091329879493978
4098.63 0.9111724118066636
4098.88 0.913296811657984
4099.13 0.9154212115093046
4099.37 0.9174606353665703
4099.62 0.9195850352178908
4099.87 0.9217094350692112
4100.11 0.9237488589264771
4100.36 0.926293409383937
4100.6 0.9294532348575952
4100.85 0.9327447197259796
4101.1 0.9360362045943642
4101.34 0.9391960300680103
4101.59 0.9424875149363949
4101.83 0.9456473404100412
4102.08 0.9489388252784257
4102.33 0.9522303101468101
4102.57 0.9553901356204565
4102.82 0.9586816204888409
4103.07 0.9602328114229051
4103.31 0.9564314611592027
4103.56 0.952471721301191
4103.8 0.9486703710375032
4104.05 0.9447106311794914
4104.3 0.9407508913214796
4104.54 0.9369495410577917
4104.79 0.93298980119978
4105.03 0.929188450936092
4105.28 0.9252287110780804
4105.53 0.9212689712200686
4105.77 0.9173742863313181
4106.02 0.9110811808471532
4106.27 0.9047880753629881
4106.51 0.8987466940981952
4106.76 0.8924535886140301
4107.0 0.8864122073492372
4107.25 0.8801191018650723
4107.5 0.8738259963809072
4107.74 0.8677846151161143
4107.99 0.8614915096319492
4108.23 0.8554501283671563
4108.48 0.8491570228829912
4108.73 0.8497799259058109
4108.97 0.8509552491700568
4109.22 0.8521795442369762
4109.47 0.8534038393038956
4109.71 0.8545791625681372
4109.96 0.8558034576350565
4110.0 0.8559993448457633
4110.2 0.856978780899298
4110.45 0.8582030759662175
4110.7 0.8594273710331368
4110.94 0.8606026942973783
4111.19 0.8618269893642977
4111.44 0.8687234701742728
4111.68 0.876705416330211
4111.93 0.8850199435759565
4112.17 0.8930018897318646
4112.42 0.90131641697761
4112.67 0.9096309442233552
4112.91 0.9176128903792635
4113.16 0.9259274176250087
4113.4 0.9339093637809169
4113.65 0.9422238910266623
4113.9 0.9505384182724076
4114.14 0.9559983978634234
4114.39 0.960372352351496
4114.64 0.9647463068395684
4114.88 0.9689453031481142
4115.13 0.9733192576361867
4115.37 0.9775182539447326
4115.62 0.981892208432805
4115.87 0.9862661629208775
4116.11 0.9904651592294232
4116.36 0.9948391137174958
4116.6 0.9990381100260576
4116.85 0.9987074495295799
4117.1 0.9932801227999047
4117.34 0.9880698891394215
4117.59 0.9826425624097465
4117.84 0.9772152356800713
4118.08 0.9720050020195881
4118.33 0.9665776752899129
4118.57 0.9613674416294297
4118.82 0.9559401148997546
4119.07 0.9505127881700794
4119.31 0.9453025545095763
4119.56 0.9413622313957615
4119.81 0.9400654702656911
4120.05 0.9388205795808247
4120.3 0.9375238184507544
4120.54 0.9362789277658878
4120.79 0.9349821666358176
4121.04 0.9336854055057471
4121.28 0.9324405148208808
4121.53 0.9311437536908105
4121.77 0.9298988630059392
4122.02 0.9286021018758689
4122.27 0.9287055298793203
4122.51 0.933061395728498
4122.76 0.9375987559880623
4123.01 0.9421361162476267
4123.25 0.9464919820968045
4123.5 0.9510293423563689
4123.74 0.9553852082055467
4123.99 0.959922568465111
4124.24 0.9644599287246753
4124.48 0.9688157945738533
4124.73 0.9733531548334176
4124.97 0.9776375221280844
4125.22 0.9803874185244983
4125.47 0.9831373149209122
4125.71 0.985777215461467
4125.96 0.9885271118578811
4126.21 0.991277008254295
4126.45 0.9939169087948498
4126.7 0.9966668051912638
4126.94 0.9993067057318188
4127.19 1.0020566021282327
4130.0 0.9773496411572015
4150.0 1.0475407431390538
4170.0 0.9684381461112365
4190.0 0.9991774872992131
4210.0 1.0827508107586306
4230.0 0.9470040881843969
4250.0 0.9848955704531519
4270.0 0.917264137915339
4290.0 0.9416167016975224
4310.0 0.8581320212229865
4315.65 0.91853343822147
4315.91 0.9217304883675603
4316.17 0.9249275385136507
4316.43 0.9281245886597412
4316.69 0.9313216388058204
4316.95 0.9345186889519107
4317.21 0.936720012950853
4317.47 0.9388383597708646
4317.73 0.9409567065908686
4317.99 0.94307505341088
4318.25 0.9451934002308916
4318.52 0.9473932219285975
4318.78 0.9495115687486015
4319.04 0.951629915568613
4319.3 0.9537482623886244
4319.56 0.9558666092086359
4319.82 0.9524408431303103
4320.08 0.9401444964145739
4320.34 0.9278481496988374
4320.6 0.9155518029831011
4320.86 0.9032554562674077
4321.12 0.8909591095516713
4321.38 0.878662762835935
4321.64 0.8663664161201985
4321.9 0.8540700694045052
4322.16 0.8417737226887687
4322.42 0.8294773759730324
4322.68 0.8265418138948195
4322.94 0.8253082126597935
4323.2 0.8240746114247631
4323.46 0.8228410101897328
4323.73 0.8215599627533585
4323.99 0.8203263615183282
4324.25 0.8190927602832979
4324.51 0.8178591590482677
4324.77 0.8166255578132372
4325.03 0.8153919565782113
4325.29 0.8167904753169621
4325.55 0.8231607762284049
4325.81 0.8295310771398478
4326.07 0.8359013780512682
4326.33 0.8422716789627109
4326.59 0.8486419798741538
4326.85 0.8550122807855965
4327.11 0.861382581697017
4327.37 0.8677528826084598
4327.63 0.8741231835199027
4327.89 0.8804934844313455
4328.15 0.881788768779311
4328.41 0.8818757158502816
4328.67 0.8819626629212522
4328.94 0.8820529541103368
4329.2 0.8821399011813076
4329.46 0.8822268482522782
4329.72 0.8823137953232487
4329.98 0.8824007423942191
4330.0 0.8824074306304477
4330.24 0.8824876894651896
4330.5 0.8825746365361603
4330.76 0.8821811046220104
4331.02 0.880483415462548
4331.28 0.8787857263030916
4331.54 0.8770880371436293
4331.8 0.8753903479841668
4332.06 0.8736926588247044
4332.32 0.871994969665248
4332.58 0.8702972805057855
4332.84 0.8685995913463231
4333.1 0.8669019021868608
4333.36 0.8652042130274044
4333.62 0.8714517030317994
4333.88 0.8806263643071214
4334.15 0.8901538971699311
4334.41 0.8993285584452533
4334.67 0.9085032197205752
4334.93 0.9176778809958972
4335.19 0.9268525422711872
4335.45 0.9360272035465091
4335.71 0.9452018648218313
4335.97 0.9543765260971533
4336.23 0.9635918260632758
4336.49 0.9729425883322068
4336.75 0.9822933506011381
4337.01 0.9916441128700693
4337.27 1.0009948751390003
4337.53 1.010345637407899
4337.79 1.01969639967683
4338.05 1.0290471619457613
4338.31 1.0383979242146923
4338.57 1.0477486864835908
4338.83 1.057099448752522
4339.09 1.0669575134065274
4339.35 1.0770841499114547
4339.62 1.0876002724357754
4339.88 1.0977269089407027
4340.14 1.1078535454456302
4340.4 1.117980181950522
4340.66 1.1281068184554495
4340.92 1.138233454960377
4341.18 1.1483600914653045
4341.44 1.1584867279701965
4341.7 1.16445274452933
4341.96 1.1475353513865507
4342.22 1.1306179582437716
4342.48 1.1137005651010514
4342.74 1.0967831719582721
4343.0 1.079865778815493
4343.26 1.0629483856727135
4343.52 1.0460309925299345
4343.78 1.0291135993872143
4344.04 1.0121962062444352
4344.3 0.9952788131016558
4344.57 0.9837305613634226
4344.83 0.9760199370241646
4345.09 0.9683093126849064
4345.35 0.9605986883456484
4345.61 0.9528880640064171
4345.87 0.9451774396671591
4346.13 0.9374668153279009
4346.39 0.9297561909886429
4346.65 0.9220455666494117
4346.91 0.9143349423101536
4347.17 0.9069556497319348
4347.43 0.9035523382860966
4347.69 0.9001490268402702
4347.95 0.896745715394432
4348.21 0.893342403948594
4348.47 0.8899390925027557
4348.73 0.8865357810569294
4348.99 0.8831324696110914
4349.25 0.8797291581652531
4349.51 0.8763258467194149
4349.78 0.8727916386795151
4350.0 0.8712779370403838
4350.04 0.8712510864569847
4350.3 0.8710765576648903
4350.56 0.870902028872796
4350.82 0.8707275000807023
4351.08 0.8705529712886081
4351.34 0.8703784424965137
4351.6 0.8702039137044194
4351.86 0.8700293849123257
4352.12 0.8698548561202314
4352.38 0.869680327328137
4352.64 0.8694200919176421
4352.9 0.86701719104719
4353.16 0.8646142901767291
4353.42 0.8622113893062684
4353.68 0.8598084884358076
4353.94 0.8574055875653552
4354.2 0.8550026866948945
4354.46 0.8525997858244337
4354.72 0.850196884953973
4354.99 0.8477015648192702
4355.25 0.8452986639488095
4355.51 0.8472466648981902
4355.77 0.8535455676674126
4356.03 0.859844470436613
4356.29 0.8661433732058353
4356.55 0.8724422759750577
4356.81 0.8787411787442801
4357.07 0.8850400815134805
4357.33 0.8913389842827029
4357.59 0.8976378870519253
4357.85 0.9039367898211477
4358.11 0.910235692590348
4358.37 0.9135367887471136
4358.63 0.9167179726393784
4358.89 0.919899156531643
4359.15 0.9230803404238966
4359.41 0.9262615243161613
4359.67 0.929442708208426
4359.93 0.9326238921006907
4360.2 0.9359274292195725
4360.46 0.9391086131118371
4360.72 0.9422897970041019
4360.98 0.9457876957323577
4361.24 0.9496550951026282
4361.5 0.9535224944728988
4361.76 0.9573898938431695
4362.02 0.9612572932134402
4362.28 0.9651246925836973
4362.54 0.968992091953968
4362.8 0.9728594913242387
4363.06 0.9767268906945092
4363.32 0.9805942900647664
4363.58 0.9844616894350371
4363.84 0.9833218189266432
4364.1 0.9817646759283513
4364.36 0.9802075329300647
4364.62 0.9786503899317726
4364.88 0.9770932469334807
4365.15 0.9754762138198739
4365.41 0.9739190708215818
4365.67 0.9723619278232899
4365.93 0.9708047848249979
4366.19 0.9692476418267113
4366.45 0.9668431299212518
4366.71 0.9630828277643105
4366.97 0.9593225256073691
4367.23 0.9555622234504411
4367.49 0.9518019212934997
4370.0 0.9358668628467898
4390.0 0.8926758493109954
4410.0 0.9241660415445851
4430.0 0.9420865869069953
4450.0 0.9540158739428523
4470.0 0.9510788961066067
4490.0 0.9775407990037914
4510.0 1.0085631392384034
4530.0 0.9250717078392866
4550.0 0.9170841169584544
4570.0 0.9230980373993202
4590.0 0.9271533908533856
4610.0 0.9515068699963687
4630.0 0.9708534265430248
4650.0 0.9363266790874989
4670.0 0.9514220465624486
4690.0 0.9818335360247243
4710.0 0.9372359191726609
4730.0 0.9301735977314672
4750.0 0.8598292144233295
4770.0 0.9072690082450192
4790.0 0.9206238604347495
4810.0 0.9262541392962012
4830.0 0.9319421008665338
4834.84 0.9202299068998708
4835.13 0.9196282097355183
4835.42 0.9189207922823783
4835.71 0.9152532067432574
4836.0 0.9115856212041367
4836.29 0.907918035665016
4836.59 0.9041239816590262
4836.88 0.9004563961199054
4837.17 0.8967888105807846
4837.46 0.8931212250416639
4837.75 0.8894536395025431
4838.05 0.8856595854965532
4838.34 0.8856057744864658
4838.63 0.8877603812441106
4838.92 0.8899149880017555
4839.21 0.8920695947594004
4839.5 0.8942242015170453
4839.8 0.8964531050594382
4840.09 0.898607711817083
4840.38 0.900762318574728
4840.67 0.9029169253323728
4840.96 0.9046028673615938
4841.26 0.9044884472618817
4841.55 0.9043778411654935
4841.84 0.9042672350691051
4842.13 0.9041566289727169
4842.42 0.9040460228763285
4842.72 0.9039316027766164
4843.01 0.9038209966802281
4843.3 0.9037103905838398
4843.59 0.9035997844874515
4843.88 0.9001697139942991
4844.17 0.8960480884184843
4844.47 0.8917843378228106
4844.76 0.8876627122469958
4845.05 0.8835410866711809
4845.34 0.8794194610953662
4845.63 0.8752978355195513
4845.93 0.8710340849238778
4846.22 0.8669124593480629
4846.51 0.863707293002901
4846.8 0.8618004439011662
4847.09 0.8598935947994311
4847.38 0.8579867456976962
4847.68 0.8560141431786585
4847.97 0.8541072940769234
4848.26 0.8522004449751885
4848.55 0.8502935958734534
4848.84 0.8483867467717185
4849.14 0.846409872568958
4849.43 0.8443791446392681
4849.72 0.8423484167095782
4850.0 0.8403877138809136
4850.01 0.8403176887798883
4850.3 0.8382869608501984
4850.59 0.8362562329205084
4850.89 0.8341554798897931
4851.18 0.8321247519601033
4851.47 0.8300940240304133
4851.76 0.8280632961007234
4852.05 0.8360156960743973
4852.35 0.8505534895492715
4852.64 0.8646066899083065
4852.93 0.8786598902673414
4853.22 0.8927130906263762
4853.51 0.9067662909854111
4853.81 0.9213040844602854
4854.1 0.9353572848193202
4854.39 0.9494104851783552
4854.68 0.9655613196842368
4854.97 0.9897530850862947
4855.26 1.0139448504883526
4855.56 1.0389708146973964
4855.85 1.0631625800994542
4856.14 1.0873543455015122
4856.43 1.11154611090357
4856.72 1.135737876305628
4857.02 1.1607638405146719
4857.31 1.1849556059167297
4857.6 1.212581805031748
4857.89 1.240923511170287
4858.18 1.2692652173088261
4858.47 1.2976069234473653
4858.77 1.3269259297975995
4859.06 1.3552676359361386
4859.35 1.3836093420746776
4859.64 1.4119510482132167
4859.93 1.4402927543517559
4860.23 1.4588177174417645
4860.52 1.4630804039998666
4860.81 1.4673430905579554
4861.1 1.4716057771160438
4861.39 1.4758684636741324
4861.68 1.4801311502322212
4861.98 1.4845408259819581
4862.27 1.48880351254006
4862.56 1.4930661990981486
4862.85 1.4973288856562375
4863.14 1.476349121293297
4863.44 1.4546459167799601
4863.73 1.4336661524170198
4864.02 1.4126863880540133
4864.31 1.3917066236910727
4864.6 1.3707268593281323
4864.9 1.3490236548147954
4865.19 1.328043890451855
4865.48 1.3070641260889144
4865.77 1.279817801704866
4866.06 1.248741912863598
4866.35 1.2176660240223294
4866.65 1.1855185528072985
4866.94 1.1544426639660301
4867.23 1.1233667751247618
4867.52 1.092290886283396
4867.81 1.0612149974421279
4868.11 1.0290675262270967
4868.4 1.0019388284794342
4868.69 0.9872155884545983
4868.98 0.9724923484297625
4869.27 0.9577691084048806
4869.56 0.9430458683800447
4869.86 0.9278149304233531
4870.0 0.9207071593768632
4870.15 0.9130916903985173
4870.44 0.8983684503736814
4870.73 0.8836452103488457
4871.02 0.8689219703239637
4871.32 0.8616834302791967
4871.61 0.8566176710646106
4871.9 0.8515519118500247
4872.19 0.8464861526354386
4872.48 0.8414203934208525
4872.77 0.8363546342062506
4873.07 0.8311141936394496
4873.36 0.8260484344248636
4873.65 0.8209826752102775
4873.94 0.8181558885068556
4874.23 0.818500979527587
4874.53 0.818857970238689
4874.82 0.8192030612594206
4875.11 0.819548152280152
4875.4 0.8198932433008835
4875.69 0.820238334321615
4875.98 0.8205834253423466
4876.28 0.8209404160534484
4876.57 0.8213652960237069
4876.86 0.8240242665808827
4877.15 0.8266832371380584
4877.44 0.829342207695234
4877.74 0.8320928668923144
4878.03 0.8347518374494902
4878.32 0.8374108080066658
4878.61 0.8400697785638416
4878.9 0.8427287491210173
4879.2 0.8454794083180976
4879.49 0.843831660134239
4879.78 0.839917217876139
4880.07 0.836002775618039
4880.36 0.8320883333599389
4880.65 0.8281738911018388
4880.95 0.8241244680762152
4881.24 0.8202100258181151
4881.53 0.8162955835600151
4881.82 0.812381141301915
4882.11 0.8098505148690833
4882.41 0.8127201709698643
4882.7 0.8154941718672839
4882.99 0.8182681727647034
4883.28 0.8210421736621232
4883.57 0.8238161745595427
4883.86 0.8265901754569622
4884.16 0.8294598315577433
4884.45 0.8322338324551628
4884.74 0.8350078333525824
4885.03 0.8403777974722676
4885.32 0.8462885872632605
4885.62 0.8524031973918783
4885.91 0.8583139871828713
4886.2 0.8642247769738642
4886.49 0.8701355667648573
4886.78 0.8760463565558502
4887.07 0.8819571463468431
4887.37 0.888071756475461
4887.66 0.8918624685823885
4887.95 0.8930438543089322
4888.24 0.8942252400354759
4888.53 0.8954066257620196
4888.83 0.8966287489274105
4889.12 0.8978101346539542
4889.41 0.8989915203804979
4889.7 0.9001729061070416
4890.0 0.9013950292724325
4890.29 0.9024272073055997
4890.58 0.8992815699243162
4890.87 0.8961359325430328
4891.16 0.8929902951617495
4891.45 0.8898446577804662
4891.74 0.8866990203991828
4892.04 0.88344491276337
4892.33 0.8802992753820866
4892.62 0.8771536380008033
4892.91 0.8740080006195199
4910.0 0.9080635414174205
4928.77 0.8821351840219986
4929.07 0.8858927400965345
4929.36 0.8895250443019276
4929.66 0.893282600376475
4929.96 0.8970401564510223
4930.0 0.8975411639276278
4930.26 0.9007977125255696
4930.55 0.9044300167309629
4930.85 0.9081875728055102
4931.15 0.9119451288800461
4931.45 0.9150879769073441
4931.74 0.9127781033226093
4932.04 0.9103885789246061
4932.34 0.9079990545266029
4932.64 0.9056095301285998
4932.93 0.9032996565438651
4933.23 0.9009101321458691
4933.53 0.898520607747866
4933.83 0.8961310833498628
4934.12 0.893821209765128
4934.42 0.8928089011636714
4934.72 0.892072035721525
4935.02 0.8913351702793789
4935.31 0.8906228670186379
4935.61 0.8898860015764938
4935.91 0.8891491361343474
4936.21 0.8884122706922012
4936.5 0.8876999674314603
4936.8 0.8869631019893139
4937.1 0.8853073668664106
4937.4 0.8831196545599207
4937.69 0.8810048659969757
4937.99 0.8788171536904792
4938.29 0.8766294413839827
4938.59 0.8744417290774861
4938.88 0.872326940514541
4939.18 0.8701392282080445
4939.48 0.8679515159015546
4939.78 0.867988353348639
4940.07 0.8708360219282929
4940.37 0.8737818859762129
4940.67 0.8767277500241328
4940.97 0.8796736140720527
4941.26 0.8825212826517067
4941.56 0.8854671466996267
4941.86 0.8884130107475376
4942.16 0.8913588747954576
4942.45 0.8942106236652126
4942.75 0.8971809694537393
4943.05 0.900151315242266
4943.35 0.9031216610307926
4943.64 0.9059929952930331
4943.94 0.9089633410815507
4944.24 0.9119336868700774
4944.54 0.9149040326586042
4944.83 0.9177753669208445
4945.13 0.9207457127093712
4945.43 0.919597087468397
4945.73 0.9183064287436479
4946.02 0.9170587919763835
4946.32 0.9157681332516342
4946.62 0.914477474526881
4946.92 0.9131868158021278
4947.21 0.9119391790348673
4947.51 0.9106485203101141
4947.81 0.909357861585361
4948.11 0.9085338843073033
4948.4 0.9078746719728288
4948.7 0.9071927281785442
4949.0 0.9065107843842598
4949.3 0.9058288405899753
4949.59 0.9051696282555008
4949.89 0.9044876844612164
4950.0 0.904237638403313
4950.19 0.9038057406669339
4950.49 0.9031237968726494
4950.78 0.9080207912943415
4951.08 0.9177567351678849
4951.38 0.9274926790414284
4951.68 0.9372286229149719
4951.97 0.9466400353260571
4952.27 0.9563759791996006
4952.57 0.9661119230731144
4952.87 0.9758478669466579
4953.16 0.9852592793577432
4953.46 0.9987268246664924
4953.76 1.020901439990709
4954.06 1.0430760553149259
4954.35 1.0645115167949863
4954.65 1.0866861321191357
4954.95 1.1088607474433525
4955.25 1.131035362767569
4955.54 1.1524708242476296
4955.84 1.1746454395718464
4956.14 1.1960584747123622
4956.44 1.2106172881996886
4956.73 1.2246908079041363
4957.03 1.239249621391507
4957.33 1.2538084348788776
4957.63 1.2683672483662478
4957.92 1.2824407680706957
4958.22 1.2969995815580664
4958.52 1.3115583950454368
4958.82 1.3261172085327633
4959.11 1.3228265702344697
4959.41 1.317349816795535
4959.71 1.3118730633566
4960.01 1.3063963099176654
4960.3 1.301102114926699
4960.6 1.2956253614877644
4960.9 1.290148608048846
4961.2 1.2846718546099114
4961.49 1.279377659618945
4961.79 1.266212641608623
4962.09 1.248596523056939
4962.39 1.2309804045052546
4962.68 1.2139514899053057
4962.98 1.1963353713536748
4963.28 1.1787192528019905
4963.58 1.1611031342503062
4963.87 1.1440742196503573
4964.17 1.1264581010986732
4964.47 1.1097245429161022
4964.77 1.0941451021392945
4965.06 1.0790849760550578
4965.36 1.0635055352782974
4965.66 1.0479260945014894
4965.96 1.0323466537246817
4966.25 1.0172865276404452
4966.55 1.0017070868636375
4966.85 0.9861276460868297
4967.15 0.9716775996528276
4967.44 0.9612963929886096
4967.74 0.9505572136807899
4968.04 0.9398180343729704
4968.34 0.9290788550651508
4968.63 0.9186976484009326
4968.93 0.907958469093113
4969.23 0.8972192897853258
4969.53 0.8864801104775062
4969.82 0.8760989038132881
4970.0 0.8754686113323716
4970.12 0.8752763855648555
4970.42 0.8747958211460645
4970.72 0.8743152567272734
4971.02 0.8738346923084823
4971.31 0.8733701467036513
4971.61 0.8728895822848616
4971.91 0.8724090178660706
4972.21 0.8719284534472794
4972.5 0.8714639078424484
4972.8 0.8735799168864617
4973.1 0.8764861874191496
4973.4 0.8793924579518289
4973.69 0.8822018528000918
4973.99 0.8851081233327797
4974.29 0.8880143938654675
4974.58 0.8908237887137305
4974.88 0.8937300592464185
4975.18 0.8966363297791063
4975.48 0.8951023110136365
4975.78 0.8901727769024886
4976.07 0.8854075605950492
4976.37 0.8804780264839015
4976.48 0.8786705306431538
4976.67 0.8755484923727537
4976.78 0.873740996532006
4976.97 0.8706189582616058
4977.08 0.8688114624208583
4977.26 0.8658537419541665
4977.38 0.8638819283097104
4977.56 0.8609242078430188
4977.68 0.8589523941985626
4977.86 0.8559946737318859
4977.98 0.8540228600874298
4978.16 0.8525481295181815
4978.28 0.8523559037506653
4978.45 0.8520835839133504
4978.58 0.8518753393318742
4978.75 0.8516030194945593
4978.88 0.8513947749130831
4979.05 0.8511224550757682
4979.18 0.8509142104942921
4979.35 0.8506418906569772
4979.48 0.8504336460755024
4979.64 0.850177345052146
4979.78 0.8499530816567114
4979.94 0.8496967806333565
4980.08 0.8494725172379203
4980.24 0.8492162162145653
4980.39 0.8489759340051691
4980.54 0.8487356517957744
4980.69 0.8484953695863796
4980.83 0.8479260151702146
4980.99 0.8458292287029593
4981.13 0.8439945405441047
4981.29 0.8418977540768494
4981.43 0.840063065917995
4981.59 0.8379662794507395
4981.73 0.836131591291897
4981.89 0.8340348048246298
4982.02 0.8323311658199817
4982.19 0.8301033301985318
4982.32 0.8283996911938838
4982.49 0.8261718555724219
4982.62 0.8244682165677739
4982.79 0.8222403809463121
4982.92 0.820536741941664
4983.09 0.8183089063202023
4983.21 0.8167363164697607
4983.39 0.8143774316940925
4983.51 0.8128048418436509
4983.69 0.8128647979759023
4983.81 0.8132272808517926
4983.99 0.8137710051656226
4984.11 0.8141334880415102
4984.29 0.8146772123553429
4984.4 0.8150094883249058
4984.59 0.8155834195450632
4984.7 0.8159156955146261
4984.89 0.8164896267347834
4985.0 0.8168219027043464
4985.19 0.817395833924501
4985.3 0.8177281098940666
4985.49 0.8183020411142213
4985.59 0.8186041101774624
4985.79 0.8192082483039417
4985.89 0.8195103173671826
4986.09 0.820114455493662
4986.19 0.8204165245569002
4986.39 0.8234188591541177
4986.49 0.8259011068270918
4986.69 0.830865602173063
4986.78 0.8330996250787557
4986.99 0.8383123451920309
4987.08 0.8405463680977235
4987.29 0.8457590882109988
4987.38 0.8479931111166914
4987.59 0.8532058312299668
4987.68 0.8554398541356595
4987.9 0.8609007990162164
4987.97 0.8626383723873231
4988.2 0.8683475420351843
4988.5 0.8757942850541521
4988.8 0.8832410280731202
4989.1 0.8883051734788655
4989.4 0.8855407838698289
4989.7 0.882776394260784
4990.0 0.8800120046517391
4990.3 0.8772476150426943
4990.6 0.8744832254336494
4990.9 0.8717188358246128
4991.2 0.8689544462155679
4991.5 0.866190056606523
4991.8 0.8638664132215654
4992.1 0.865509485853432
4992.4 0.8671525584852936
4992.7 0.8687956311171603
4993.0 0.8704387037490269
4993.3 0.8720817763808936
4993.6 0.8737248490127602
4993.9 0.8753679216446217
4994.2 0.8770109942764884
4994.5 0.878654066908355
4994.8 0.8861542109667282
4995.1 0.89385632300533
4995.41 0.9018151721118673
4995.71 0.9095172841504691
4996.01 0.917219396189071
4996.31 0.9249215082276728
4996.61 0.9326236202662513
4996.91 0.9403257323048532
4997.21 0.9480278443434551
4997.51 0.963446226000993
4997.81 0.9804078615823235
4998.11 0.9973694971636028
4998.41 1.0143311327449336
4998.71 1.0312927683262643
4999.01 1.048254403907595
4999.31 1.0652160394889256
4999.61 1.082177675070205
4999.91 1.0991393106515355
5000.21 1.138950182464976
5000.51 1.1885535840921917
5000.81 1.2381569857194077
5001.11 1.2877603873464731
5001.41 1.3373637889736891
5001.71 1.3869671906009051
5002.01 1.4365705922281207
5002.31 1.4861739938553367
5002.61 1.535777395482402
5002.92 1.59266361287886
5003.22 1.651649296253232
5003.52 1.7106349796276046
5003.82 1.7696206630017983
5004.12 1.8286063463761708
5004.42 1.887592029750543
5004.72 1.9465777131249156
5005.02 2.005563396499288
5005.32 2.0645490798734816
5005.62 2.1043327016733593
5005.92 2.119005935260447
5006.22 2.133679168847534
5006.52 2.1483524024346217
5006.82 2.163025636021665
5007.12 2.177698869608752
5007.42 2.1923721031958396
5007.72 2.2070453367829272
5008.02 2.221718570370015
5008.32 2.217500130133768
5008.62 2.169201117643287
5008.92 2.1209021051528056
5009.22 2.072603092662324
5009.52 2.024304080171843
5009.82 1.9760050676815084
5010.0 1.9470256601871905
5010.12 1.9277060551910272
5010.42 1.879407042700546
5010.73 1.829498063127161
5011.03 1.7793517427036454
5011.33 1.7218161905479086
5011.63 1.6642806383921716
5011.93 1.6067450862364347
5012.23 1.5492095340808723
5012.53 1.4916739819251355
5012.83 1.4341384297693984
5013.13 1.3766028776136616
5013.43 1.3190673254579246
5013.73 1.2623405128742873
5014.03 1.2290671478779909
5014.33 1.1957937828816947
5014.63 1.1625204178853983
5014.93 1.129247052889102
5015.23 1.0959736878929065
5015.53 1.06270032289661
5015.83 1.029426957900314
5016.13 0.9961535929040176
5016.43 0.9628802279077213
5016.73 0.9486742860079141
5017.03 0.9365869466743215
5017.33 0.924499607340729
5017.63 0.9124122680071364
5017.93 0.9003249286735436
5018.23 0.8882375893399878
5018.54 0.8757473386952668
5018.84 0.863659999361674
5019.14 0.8515726600280814
5019.44 0.8460429654492189
5019.74 0.8421526820590054
5020.04 0.8382623986687919
5020.34 0.8343721152785786
5020.64 0.830481831888365
5020.94 0.8265915484981633
5021.24 0.8227012651079499
5021.54 0.8188109817177364
5021.84 0.814920698327523
5022.14 0.8130402365811518
5022.44 0.8121646856566952
5022.74 0.8112891347322361
5023.04 0.8104135838077768
5023.34 0.8095380328833176
5023.64 0.8086624819588586
5023.94 0.807786931034402
5024.24 0.8069113801099428
5024.54 0.8060358291854837
5024.84 0.8090672711465374
5025.14 0.8160057059930805
5025.44 0.8229441408396027
5025.74 0.8298825756861458
5026.04 0.8368210105326889
5026.35 0.8439907265407883
5026.65 0.8509291613873105
5026.95 0.8578675962338534
5027.25 0.8648060310803967
5027.55 0.8691869478581783
5027.85 0.8697315875328082
5028.15 0.8702762272074365
5028.45 0.8708208668820664
5028.75 0.8713655065566963
5029.05 0.8719101462313261
5029.35 0.872454785905956
5029.65 0.8729994255805843
5029.95 0.8735440652552142
5030.0 0.8736348385343194
5030.25 0.8743873233602585
5030.55 0.8760517821489439
5030.85 0.8777162409376292
5031.15 0.8793806997263097
5031.45 0.8810451585149951
5031.75 0.8827096173036804
5032.05 0.884374076092366
5032.35 0.8860385348810513
5032.65 0.8877029936697316
5032.95 0.8888787995787636
5033.25 0.8856567295708692
5033.55 0.8824346595629746
5033.85 0.8792125895550803
5034.16 0.8758831172135968
5034.46 0.8726610472057024
5034.76 0.8694389771978079
5035.06 0.8662169071899135
5035.36 0.8629948371820289
5035.66 0.8597727671741344
5035.96 0.8564683146944472
5036.26 0.8531638622147599
5050.0 0.8799561676430796
5070.0 0.8785877032505218
5090.0 0.8718616321090445
5110.0 0.8475129261565497
5130.0 0.8393713665966659
5150.0 0.7981334389781718
5170.0 0.7382429075862044
5190.0 0.7854384936875979
5210.0 0.7804288527470782
5230.0 0.8022945166043688
5250.0 0.816381003920121
5270.0 0.7959712042138797
5290.0 0.8440119385016666
5310.0 0.836819179811092
5330.0 0.8024600443486183
5350.0 0.8424880092312306
5370.0 0.7989687955778569
5390.0 0.8262028252794098
5410.0 0.7842240739767725
5430.0 0.8167236539787265
5450.0 0.7760744642347478
5470.0 0.8237347074485504
5490.0 0.8361021471862281
5510.0 0.8089948050833752
5530.0 0.8000323771435575
5550.0 0.8259590341869504
5570.0 0.8240855957543284
5590.0 0.7615029682848328
5610.0 0.8208748973013704
5630.0 0.7963603851130343
5650.0 0.7834690538788
5670.0 0.7992697068483742
5690.0 0.7723239264810824
5710.0 0.7713174867292508
5730.0 0.7942231702105467
5750.0 0.8147229803952266
5770.0 0.8016389218867188
5790.0 0.7058186895161146
5810.0 0.797452868225084
5830.0 0.7856892614936203
5850.0 0.7736884786770686
5870.0 0.7337083627545438
5890.0 0.7287309358569463
5910.0 0.7562634630503329
5930.0 0.7455642933308414
5950.0 0.7343413347461618
5970.0 0.7809020770817966
5990.0 0.7845706905988336
6010.0 0.7213429978346794
6030.0 0.7625108004946106
6050.0 0.7277054266432599
6070.0 0.7392954199434266
6090.0 0.7283261244787147
6110.0 0.735737906262849
6130.0 0.7179627839929772
6150.0 0.7300516489278855
6170.0 0.7009955591631467
6190.0 0.6801632233650475
6210.0 0.6744015264312557
6230.0 0.7073194263177551
6250.0 0.6801852641435294
6270.0 0.6826948727829046
6290.0 0.6274310075785143
6310.0 0.7200327198768287
6330.0 0.7118985187082334
6350.0 0.7050291936019273
6370.0 0.710254683275703
6390.0 0.7177289093091628
6410.0 0.6845163531175951
6430.0 0.7099233226669428
6450.0 0.6783503929125142
6470.0 0.7150469021719115
6490.0 0.649835568192268
6510.0 0.667829051722109
6523.64 0.6684007261618256
6524.04 0.6712810614719087
6524.43 0.6740893883992446
6524.82 0.676897715326574
6525.22 0.6792825042580488
6525.61 0.6793299299331235
6526.0 0.6793773556081983
6526.4 0.6794259973262238
6526.79 0.6794734230012986
6527.19 0.6795220647193241
6527.58 0.679569490394399
6527.97 0.6802342054341832
6528.37 0.683810214950514
6528.76 0.6872968242289427
6529.15 0.6907834335073633
6529.55 0.6943594430237021
6529.94 0.6978460523021226
6530.0 0.6983824537295763
6530.34 0.7014220618184615
6530.73 0.7053837433508829
6531.12 0.7109289990633343
6531.52 0.7166164408196977
6531.91 0.7221616965321362
6532.3 0.7277069522445876
6532.7 0.7333943940009382
6533.09 0.7389396497133895
6533.49 0.7417387742135071
6533.88 0.7370436323810937
6534.27 0.7323484905486802
6534.67 0.7275329604641622
6535.06 0.7228378186317487
6535.46 0.7180222885472304
6535.85 0.713327146714817
6536.24 0.7101408734165225
6536.64 0.7108121380015011
6537.03 0.7114666209718533
6537.42 0.7121211039422071
6537.82 0.712792368527184
6538.21 0.7134468514975376
6538.6 0.7141013344678914
6539.0 0.7141240659276997
6539.39 0.7128329495225474
6539.79 0.7115087275685473
6540.18 0.710217611163395
6540.57 0.7089264947582457
6540.97 0.7076022728042426
6541.36 0.7063111563990934
6541.76 0.7081289103831949
6542.15 0.7150069314170755
6542.54 0.7218849524509723
6542.94 0.7289393329985463
6543.33 0.735817354032443
6543.72 0.7426953750663396
6544.12 0.7497497556139137
6544.51 0.7596089813892154
6544.91 0.7741163737903017
6545.3 0.7882610813813857
6545.69 0.8024057889724366
6546.09 0.8169131813735561
6546.48 0.831057888964607
6546.87 0.845202596555691
6547.27 0.8534094840288131
6547.66 0.8531000920791919
6548.06 0.8527827670026566
6548.45 0.8524733750530356
6548.84 0.8521639831034139
6549.24 0.8518466580268793
6549.63 0.8515372660772575
6550.0 0.8514048438818573
6550.02 0.8514091155655801
6550.42 0.8514945492400318
6550.81 0.8515778470726222
6551.21 0.8516632807470736
6551.6 0.8517465785796643
6551.99 0.8518298764122545
6552.39 0.8519153100867064
6552.78 0.8643990505744528
6553.17 0.8886632115846399
6553.57 0.9135495305694038
6553.96 0.9378136915795909
6554.36 0.9627000105643548
6554.75 0.986964171574542
6555.14 1.0112283325847293
6555.54 1.073079293861399
6555.93 1.165992076270886
6556.33 1.2612872377163469
6556.72 1.3542000201258337
6557.11 1.4471128025351039
6557.51 1.5424079639807815
6557.9 1.6353207463900514
6558.29 1.769788162932594
6558.69 1.9406372046198175
6559.08 2.1072150202651514
6559.48 2.2780640619523753
6559.87 2.4446418775977095
6560.26 2.6112196932430436
6560.66 2.7820687349302675
6561.05 2.907312598280908
6561.44 3.006722741447016
6561.84 3.1086818626433157
6562.23 3.2080920058094238
6562.63 3.310051127005723
6563.02 3.409461270172063
6563.41 3.508871413338171
6563.81 3.493755805294446
6564.2 3.410529370846388
6564.59 3.327302936398136
6564.99 3.2419424908103345
6565.38 3.1587160563620826
6565.78 3.073355610774281
6566.17 2.990129176326029
6566.56 2.842065295614736
6566.96 2.6569549326993536
6567.35 2.4764723288565405
6567.75 2.291361965941158
6568.14 2.1108793620983444
6568.53 1.9303967582559522
6568.93 1.7452863953401487
6569.32 1.6146718622102414
6569.71 1.5036483568599395
6570.0 1.4210924169841537
6570.11 1.3897780949623932
6570.5 1.2787545896120913
6570.9 1.164884327714545
6571.29 1.0538608223642432
6571.68 0.9428373170139412
6572.08 0.8907644428220169
6572.47 0.8628477692138387
6572.86 0.8349310956057253
6573.26 0.8062986098537326
6573.65 0.7783819362456194
6574.05 0.7497494504936266
6574.44 0.7218327768855134
6574.83 0.7252855178144177
6575.23 0.7384789181118702
6575.62 0.7513424834019089
6576.01 0.7642060486919475
6576.41 0.7773994489894002
6576.8 0.7902630142794388
6577.2 0.8034564145768913
6577.59 0.8195746433763893
6577.98 0.8364048298185492
6578.38 0.8536665595028653
6578.77 0.8704967459450645
6579.16 0.8873269323872245
6579.56 0.9045886620715403
6579.95 0.9214188485137004
6580.35 0.9466568308097695
6580.74 0.9729134976112621
6581.13 0.9991701644128161
6581.53 1.0261000790810293
6581.92 1.0523567458825833
6582.31 1.0786134126841371
6582.71 1.1055433273523505
6583.1 1.117110284072461
6583.5 1.1267581868801757
6583.89 1.136164892117714
6584.28 1.1455715973552303
6584.68 1.1552195001629673
6585.07 1.1646262054004834
6585.46 1.1740329106380218
6585.86 1.1486902315930134
6586.25 1.1201904731567016
6586.65 1.0909599516836126
6587.04 1.062460193247301
6587.43 1.0339604348109894
6587.83 1.0047299133379004
6588.22 0.9762301549015888
6588.62 0.9443857957062931
6589.01 0.9132034143445574
6589.4 0.8820210329828942
6589.8 0.8500391033810972
6590.0 0.834048138580235
6590.19 0.8188567220194343
6590.58 0.7876743406576984
6590.98 0.7556924110559741
6591.37 0.7450084918021147
6591.77 0.7346038907349477
6592.16 0.7244594046944888
6592.55 0.7143149186540062
6592.95 0.703910317586863
6593.34 0.6937658315463804
6593.73 0.6836213455059215
6594.13 0.6793679689992863
6594.52 0.6752209269053192
6594.92 0.6709675503986936
6595.31 0.6668205083047265
6595.7 0.662673466210769
6596.1 0.6584200897041338
6596.49 0.6545726635064713
6596.88 0.6562681313903983
6597.28 0.6580070728098077
6597.67 0.6597025406937348
6598.07 0.6614414821131441
6598.46 0.6631369499970712
6598.85 0.6648324178809982
6599.25 0.6672807822258325
6599.64 0.6781987481403695
6600.04 0.6893966618988493
6600.43 0.7003146278133862
6600.82 0.7112325937278976
6601.22 0.7224305074864029
6601.61 0.7333484734009144
6602.0 0.7425992621825812
6610.0 0.6660323826579145
6630.0 0.6943989560981343
6650.0 0.6713540562252653
6670.0 0.6902995493800822
6690.0 0.6840280708203615
6710.0 0.7747830427093384
6730.0 1.105601757883272
6750.0 0.6694406126424347
6770.0 0.6473344602034988
6790.0 0.6380440057872654
6810.0 0.668384554787726
6830.0 0.6467106683942325
6850.0 0.6473884835277339
6870.0 0.6244400668466592
6890.0 0.6340317035145743
6910.0 0.633979098925692
6930.0 0.6315417409350912
6950.0 0.6380751143411267
6970.0 0.6367736104700883
6990.0 0.6338839496506654
7010.0 0.6189657157152312
7030.0 0.620861805334953
7050.0 0.6221613605766924
7070.0 0.6191941010167274
7090.0 0.6091039986543958
7110.0 0.6051702968642725
7130.0 0.5997694919534026
7150.0 0.6008795132223641
7170.0 0.5941156494584988
7190.0 0.5595412526647158
7210.0 0.5706672420079004
7230.0 0.5952421599674943
7250.0 0.5793394525688644
7270.0 0.5959703206818862
7290.0 0.5984950053513347
7310.0 0.5924455528327107
7330.0 0.6022160761924727
7350.0 0.6076118172581257
7370.0 0.6041436835523089
7390.0 0.5939242291684783
7410.0 0.612088599614498
7430.0 0.5906935398866037
7450.0 0.6062677133756348
7470.0 0.607419561438339
7490.0 0.6016663988850494
7510.0 0.6006063452842456
7530.0 0.5990016658612385
7550.0 0.6094136348344084
7570.0 0.5981619519512017
7590.0 0.5959881372575282
7610.0 0.5825160285757168
7630.0 0.5863431003042089
7650.0 0.583280630221858
7670.0 0.544222521259177
7690.0 0.5620664714771115
7710.0 0.543759089467435
7730.0 0.5565741557300432
7750.0 0.56039645082596
7770.0 0.5500969151692693
7790.0 0.5446125289660554
7810.0 0.5516464820402848
7830.0 0.562228256458374
7850.0 0.5610287251691229
7870.0 0.5626923933692024
7890.0 0.5499661141320824
7910.0 0.5385256677079212
7930.0 0.5321897886236832
7950.0 0.5334393309132321
7970.0 0.5394539533501431
7990.0 0.5384771179786354
8010.0 0.5411814997800285
8030.0 0.5318455710335375
8050.0 0.5424162289835389
8070.0 0.5501137360516386
8090.0 0.5351521166934037
8110.0 0.5325753448575943
8130.0 0.5401927801962881
8150.0 0.5370594038689206
8170.0 0.5336719421729108
8190.0 0.533468137110508
8210.0 0.5200867191191847
8230.0 0.5077286738738576
8250.0 0.5197639603800874
8270.0 0.548744732399241
8290.0 0.5219392782687995
8310.0 0.5097961147853838
8330.0 0.5125849461278389
8350.0 0.5187390103113747
8370.0 0.5144471439874099
8390.0 0.5051043501302052
8410.0 0.5194852235669328
8430.0 0.5170012856530202
8450.0 0.5076041014163665
8470.0 0.5140403949211209
8490.0 0.5069980392095764
8510.0 0.44606402368671555
8530.0 0.4993128866365456
8550.0 0.4105837236638982
8570.0 0.5049274627974782
8590.0 0.5055714612284546
8610.0 0.48065225405696693
8630.0 0.5003041125713201
8650.0 0.4964558115879529
8670.0 0.44434760331182543
8690.0 0.4757782869066748
8710.0 0.48201113763786446
8730.0 0.4920674191655059
8750.0 0.4852478152425156
8770.0 0.4877618411079494
8790.0 0.4933105862360713
8810.0 0.4981266349164878
8830.0 0.49218426394820103
8850.0 0.48012495526832033
8870.0 0.4436066501917742
8890.0 0.4650286293099633
8910.0 0.4756451480540756
8930.0 0.47488451294047007
8950.0 0.46884351215119646
8970.0 0.4477806154175371
8990.0 0.46854789804792724
9010.0 0.44755120760513045
9030.0 0.43181617147768603
9050.0 0.47776908181308725
9070.0 0.4875998213548697
9090.0 0.4472977670234463
9110.0 0.4452966563471432
9130.0 0.4487250018466449
9150.0 0.44815916133451855
9170.0 0.4455667094673377
9190.0 0.4451588572263369
9210.0 0.449315244932263
9230.0 0.43557024398353766
9250.0 0.43957181117613503
9270.0 0.44487832564340596
9290.0 0.43772459580871514
9310.0 0.4161032266121173
9330.0 0.4602159641611854
9350.0 0.45939435867718065
9370.0 0.4547992492237672
9390.0 0.45627120082967737
9410.0 0.4513030593222999
9430.0 0.45369002350251786
9450.0 0.4542071203528426
9470.0 0.4530788781588195
9490.0 0.45180525355295387
9510.0 0.445357871254069
9530.0 0.4388417978886571
9550.0 0.42504913040906916
9570.0 0.4403368284900719
9590.0 0.44677948578180826
9610.0 0.4448731109282272
9630.0 0.4442777868372783
9650.0 0.4417218828050184
9670.0 0.43910400349302486
9690.0 0.4372659922635195
9710.0 0.43511812706692726
9730.0 0.43239995372229667
9750.0 0.4301063482765582
9770.0 0.43096209723770407
9790.0 0.42664955345405653
9810.0 0.42977045761479377
9830.0 0.42898349387206874
9850.0 0.42792171419494424
9870.0 0.4258948667157981
9890.0 0.42241930826593876
9910.0 0.4211783468908712
9930.0 0.42190071280447267
9950.0 0.4210241418701996
9970.0 0.42018228198902696
9990.0 0.41867894975789566
10025.0 0.4105369626817334
10075.0 0.4040603169236271
10125.0 0.40945918454347546
10175.0 0.4060512610372434
10225.0 0.40459112133474995
10275.0 0.4026757788998693
10325.0 0.3978573707747156
10375.0 0.39379552096097387
10425.0 0.38973367114723206
10475.0 0.38567182133349037
10525.0 0.3812048595987688
10575.0 0.3765070413062519
10625.0 0.3718092230137349
10675.0 0.367111404721218
10725.0 0.3626362587112269
10775.0 0.3582413134906983
10825.0 0.3538463682701697
10875.0 0.3494514230496411
10925.0 0.3453930027019815
10975.0 0.34229637875023755
11025.0 0.3391997547984936
11075.0 0.33610313084674964
11125.0 0.33324680857568706
11175.0 0.3304872136291063
11225.0 0.3277276186825256
11275.0 0.32496802373594486
11325.0 0.32290327556369214
11375.0 0.3213217863721605
11425.0 0.31974029718062896
11475.0 0.3181588079890974
11525.0 0.3160711863558846
11575.0 0.3131912558054993
11625.0 0.3103113252551139
11675.0 0.3074313947047286
11725.0 0.30466498915970663
11775.0 0.3019594977693758
11825.0 0.2992540063790449
11875.0 0.296548514988714
11925.0 0.29398243670790686
11975.0 0.2917370545899315
12025.0 0.2894916724719561
12075.0 0.2872462903539808
12125.0 0.28518560951053246
12175.0 0.28336718364435326
12225.0 0.28154875777817406
12275.0 0.27973033191199487
12325.0 0.27771493208363507
12375.0 0.27550208498761886
12425.0 0.27328923789160264
12475.0 0.2710763907955864
12525.0 0.2689903181235598
12575.0 0.2670299091477936
12625.0 0.26506950017202746
12675.0 0.26310909119626136
12725.0 0.2611879280189124
12775.0 0.25931667351478915
12825.0 0.25744541901066587
12875.0 0.25557416450654263
12925.0 0.25378383885204764
12975.0 0.2521719716864765
13025.0 0.2505601045209054
13075.0 0.24894823735533425
13125.0 0.24706897041246462
13175.0 0.24508581780215805
13225.0 0.24310266519185145
13275.0 0.24111951258154485
13325.0 0.23937286219921125
13375.0 0.2378965724864035
13425.0 0.23642028277359575
13475.0 0.234943993060788
13525.0 0.23357277724143616
13575.0 0.23223369553784215
13625.0 0.2308946138342481
13675.0 0.2295555321306541
13725.0 0.2279496862162202
13775.0 0.2259140922127831
13825.0 0.22387849820934602
13875.0 0.22184290420590894
13925.0 0.21971666698071776
13975.0 0.2175219381076281
14025.0 0.21532720923453838
14075.0 0.21313248036144875
14125.0 0.2116997629669677
14175.0 0.2105886681647094
14225.0 0.2094775733624511
14275.0 0.20836647856019283
14325.0 0.20793680056106487
14375.0 0.20769596987519273
14425.0 0.20745513918932057
14475.0 0.20721430850344846
14525.0 0.20585029150772977
14570.0 0.2043827796255823
14620.0 0.20275221086764067
14675.0 0.20095858523390486
14725.0 0.2005969250833934
14775.0 0.2005969250833934
14825.0 0.2005969250833934
14875.0 0.2005969250833934
14925.0 0.20036638434112888
14975.0 0.20003342544126673
15025.0 0.19970046654140458
15075.0 0.19936750764154246
15125.0 0.19933775586545247
15175.0 0.19955668470452767
15225.0 0.19977561354360288
15275.0 0.19999454238267803
15325.0 0.1999113214432988
15375.0 0.19926399518359406
15425.0 0.19861666892388927
15475.0 0.1979693426641845
15525.0 0.19700245511106942
15575.0 0.19595746671421888
15625.0 0.19491247831736835
15675.0 0.1938674899205178
15725.0 0.19238740182123323
15775.0 0.19046413384740646
15825.0 0.18854086587357965
15875.0 0.18661759789975282
15925.0 0.186346801769038
15975.0 0.186346801769038
16050.0 0.186346801769038
16150.0 0.18591564504205732
16250.0 0.1849986805014774
16350.0 0.18351423404170797
16450.0 0.1816603668774042
16550.0 0.17999665325904754
16650.0 0.17870271997562465
16750.0 0.1769786436535644
16850.0 0.1746775854845471
16950.0 0.17251565014596656
17050.0 0.17049713224997273
17150.0 0.1675966815232775
17250.0 0.16393092262858844
17350.0 0.16107514871884432
17450.0 0.15886672157108747
17550.0 0.15622489802925021
17650.0 0.15323303560658308
17750.0 0.15040539745820447
17850.0 0.1477249787569266
17950.0 0.1447333386176332
18050.0 0.14140196522483572
18150.0 0.13874682307284064
18250.0 0.13708433230788714
18350.0 0.13514987349353141
18450.0 0.1326049425942424
18550.0 0.1299239540308348
18650.0 0.1271571055583626
18750.0 0.12501150544284975
18850.0 0.1235600250774267
18950.0 0.12206454647371956
19050.0 0.12046956239569348
19150.0 0.11873966540736994
19250.0 0.11690198856032519
19350.0 0.11474213434066537
19450.0 0.11197033927786228
19550.0 0.10999889197755613
19650.0 0.10866192617702798
19750.0 0.10716437520355741
19850.0 0.10529283825475225
19950.0 0.10375862050119028
20050.0 0.10259633333212266
20150.0 0.10122517934900074
20250.0 0.09973355314799634
20350.0 0.09844263884061566
20450.0 0.0976022517493573
20550.0 0.09652464825126118
20650.0 0.09513001721879308
20750.0 0.09382106905777794
20850.0 0.09258789058127923
20950.0 0.09151198340267402
21050.0 0.09053432287563672
21150.0 0.08943411996546471
21250.0 0.08827701532781865
21350.0 0.08731368237205764
21450.0 0.08642125698845485
21550.0 0.08535036247014693
21650.0 0.08379275208950691
21750.0 0.08248399464805825
21850.0 0.08182477032948093
21950.0 0.08092077205651582
22050.0 0.0793444478713675
22150.0 0.07815859285013683
22250.0 0.07710470533065301
22350.0 0.07613621400884342
22450.0 0.07520350741411369
22550.0 0.07424004019705824
22650.0 0.07325950181516361
22750.0 0.07095121727889885
22850.0 0.06761108025764023
22950.0 0.06568407959549795
23050.0 0.06539805184399582
23150.0 0.06357537506786878
23250.0 0.05881714410150958
23350.0 0.05652119502115141
23450.0 0.055084984947939904
23550.0 0.05462796954269984
23650.0 0.054858757542303134
23750.0 0.05392234240996615
23850.0 0.05133311801058347
23950.0 0.050177309872146296
24050.0 0.049448698480221424
24150.0 0.04898712585210713
24250.0 0.04873401083448883
24350.0 0.04794719675593627
24450.0 0.04608703849551676
24550.0 0.04522223790089684
24650.0 0.04490121318895361
24750.0 0.04337942432264019
24850.0 0.03990678765696929
24950.0 0.038600266535043726
25050.0 0.03836934723504979
25150.0 0.03822285203113364
25250.0 0.03822285203113364
25350.0 0.03808272624339345
25450.0 0.03785852498300914
25550.0 0.037754496734160904
25650.0 0.03795180726450292
25750.0 0.03779635513858931
25850.0 0.037310149574655775
25950.0 0.03710266491665723
26050.0 0.03699582631329943
26150.0 0.036736152188703616
26250.0 0.03618006161227702
26350.0 0.03582307733868354
26450.0 0.03564258816356448
26550.0 0.03535588850649326
26650.0 0.03502525728733666
26750.0 0.03471338983078817
26850.0 0.03445571258755734
26950.0 0.034183324716384245
27050.0 0.033889289025446384
27150.0 0.03355503287238717
27250.0 0.03318643199397922
27350.0 0.0328505473647631
27450.0 0.03253141163481574
27550.0 0.03225642136202922
27650.0 0.031994617394628416
27750.0 0.03174074144696472
27850.0 0.03151369425175644
27950.0 0.031254465037924166
28050.0 0.030922247847212647
28150.0 0.030606558933759978
28250.0 0.0303189163850626
28350.0 0.030019599870984043
28450.0 0.029704293897212783
28550.0 0.02937755486139147
28650.0 0.029037389000579426
28750.0 0.028765535907037617
28850.0 0.02856654129497581
28950.0 0.028337698703140783
29050.0 0.02807835637621197
29150.0 0.027806737089035714
29250.0 0.027522395861175438
29350.0 0.027241839437946884
29450.0 0.02696548134577891
29550.0 0.0267187131841672
29650.0 0.02650919478153223
29750.0 0.02626701170103771
29850.0 0.025975359333455426
29950.0 0.02571511162174704
30050.0 0.02551634495624669
30150.0 0.02529696815743386
30250.0 0.025020280383001657
30350.0 0.02475671267574836
30450.0 0.02455431746744811
30550.0 0.02436492653218029
30650.0 0.024179282931547738
30750.0 0.02399659164085788
30850.0 0.023815392951310382
30950.0 0.023636321385046368
31050.0 0.023459082344202298
31150.0 0.023283488017809943
31250.0 0.023110405445127904
31350.0 0.022917950252153624
31450.0 0.022663810690801152
31550.0 0.022479769985475833
31650.0 0.02231400517957867
31750.0 0.02217876326879478
31850.0 0.022062880625200725
31950.0 0.021938454120495013
32100.0 0.021733756168913876
32300.0 0.021558374392614887
32500.0 0.0216921570545251
32700.0 0.022501317785606628
32900.0 0.025571229539000845
33100.0 0.025262689590992503
33300.0 0.022033117151397115
33500.0 0.019836553266558143
33700.0 0.019103604752588804
33900.0 0.018414669238364798
34100.0 0.01798634696807767
34300.0 0.01754560779682457
34500.0 0.017241897793814884
34700.0 0.016829471510604387
34900.0 0.016541413398311878
35100.0 0.016181001408304183
35300.0 0.015876940640078382
35500.0 0.015540666193926219
35700.0 0.01530978644044095
35900.0 0.014958731902478302
36100.0 0.014766127801534844
36300.0 0.014431853773891586
36500.0 0.014102864156363292
36700.0 0.013898793175185413
36900.0 0.013547205690593266
37100.0 0.013281466636808592
37300.0 0.013115477981236865
37500.0 0.012764566683760315
37700.0 0.012594439213772585
37900.0 0.012417650867248397
38100.0 0.01216879778692842
38300.0 0.011930380208908922
38500.0 0.011786356726342099
38700.0 0.01154032637017719
38900.0 0.011301988732810643
39100.0 0.011076014528148877
39300.0 0.01088648363105453
39500.0 0.010721821388344991
39700.0 0.010537203998645071
39900.0 0.010306100186552244
40100.0 0.010127191628833864
40300.0 0.009957122543294545
40500.0 0.009810350851489938
40700.0 0.009666232225729286
40900.0 0.009505526675089361
41100.0 0.009365207692876751
41300.0 0.009207696877343716
41500.0 0.009033081403772531
41700.0 0.008882333374864528
41900.0 0.008734711309009827
42100.0 0.008598022445892143
42300.0 0.008484176793787856
42500.0 0.00834394192298197
42700.0 0.008265808322181694
42900.0 0.008016367483563255
43100.0 0.007737361334144541
43300.0 0.007665470926123443
43500.0 0.007442504877670583
43700.0 0.007265195881978469
43900.0 0.007143058798458617
44100.0 0.006944660680475118
44300.0 0.006785700070476109
44500.0 0.006662328359204554
44700.0 0.006518015067834969
44900.0 0.006485818436515551
45100.0 0.006367650131823174
45300.0 0.006239072153683459
45500.0 0.006209634708913288
45700.0 0.006141442898699132
45900.0 0.005982535072489836
46100.0 0.0059746850258750985
46300.0 0.00589489135455375
46500.0 0.005817015371432905
46700.0 0.005745118395220677
46900.0 0.005680807662119956
47100.0 0.005601072494431046
47300.0 0.005589150093388884
47500.0 0.005508924237275222
47700.0 0.005448874573237831
47900.0 0.005365495848079982
48100.0 0.005288304782924919
48300.0 0.005286822181638353
48500.0 0.005221938099075259
48700.0 0.005157674590532726
48900.0 0.005073805592551241
49100.0 0.00502302023472398
49300.0 0.004982421944002664
49500.0 0.004932785255101411
49700.0 0.004877859889327883
49900.0 0.004833866129876007
50100.0 0.004825878355347915
50300.0 0.004817924085280521
50500.0 0.004767860299739331
50700.0 0.00476903714009804
50900.0 0.00476080140250834
51100.0 0.004742102057252367
51300.0 0.004723013868626477
51500.0 0.004715242675411972
51700.0 0.0047243024454226065
51900.0 0.004709826471512581
52100.0 0.004701754893655368
52300.0 0.004687185836809507
52500.0 0.004688261160777325
52700.0 0.004707755657240147
52900.0 0.004684972633919845
53100.0 0.004672042085883539
53300.0 0.004672774139504018
53500.0 0.004681875301330556
53700.0 0.00468046389381665
53900.0 0.004689522372825803
54100.0 0.004695355283902719
54300.0 0.004687315642931095
54500.0 0.004711074960312219
54700.0 0.0047144283425793795
54900.0 0.00473066148136313
55100.0 0.00474297663112004
55300.0 0.004778886817634426
55500.0 0.004789183315744717
55700.0 0.004812030103682371
55900.0 0.004843775002108199
56100.0 0.00487541805436737
56300.0 0.0049015104217570655
56500.0 0.004951668812021122
56700.0 0.0050031994611082565
56900.0 0.005041666506443603
57100.0 0.005112306314128368
57300.0 0.005190005637492628
57500.0 0.005262479741693691
57700.0 0.0053483502829074206
57900.0 0.00545077138898302
58100.0 0.005557807215528482
58300.0 0.005682892780126158
58500.0 0.005830095030925018
58700.0 0.005990995957026044
58900.0 0.005829802625646902
59100.0 0.0035608112580179435
59300.0 0.005858080180654553
59500.0 0.007303556030838974
59700.0 0.007807765123032113
59900.0 0.007755192182323698
60100.0 0.007352789279008311
60300.0 0.006457468410772471
60500.0 0.007149985099417594
60700.0 0.008536780396878284
60900.0 0.010860632495071017
61100.0 0.012555352162275709
61300.0 0.014006711208578968
61500.0 0.01533350605686617
61700.0 0.01933814059563595
61900.0 0.024300650587965374
62100.0 0.025800786399214914
62300.0 0.0250622818601421
62500.0 0.022624374953472717
62700.0 0.020732779362428396
62900.0 0.018756590253240432
63100.0 0.01668727718710443
63300.0 0.014744143774093737
63500.0 0.013020179977325144
63700.0 0.011630944938274003
63900.0 0.011522502360424135
64200.0 0.011177304964700121
64600.0 0.00966343257780681
65000.0 0.008773454629962464
65400.0 0.008402249210045934
65800.0 0.008410138247881845
66200.0 0.011310832651487206
66600.0 0.008075118082516432
67000.0 0.0072952854057861906
67400.0 0.007925129189472593
67800.0 0.007517093249624593
68200.0 0.007286866371764325
68600.0 0.008135088076514176
69000.0 0.00544402356013991
69400.0 0.009495583434090972
69800.0 0.010701518796137415
70200.0 0.007185113690403717
70600.0 0.007710042963102216
71000.0 0.007851942103235574
71400.0 0.009580222497698274
71800.0 0.010018552849851151
72200.0 0.009616185162280298
72600.0 0.010284114111540276
73000.0 0.010860716142472181
73400.0 0.012115222532043002
73800.0 0.01429578714009162
74200.0 0.01832401817157939
74600.0 0.020152523745400535
75000.0 0.021402230548489685
75400.0 0.01734104663459592
75800.0 0.02727901038874728
76200.0 0.024899505311282363
76600.0 0.023264433649262013
77000.0 0.02227828108771969
77400.0 0.021179023164606726
77800.0 0.020504498355696104
78200.0 0.020378428482649216
78600.0 0.018152644230100635
79000.0 0.016118123709618137
79400.0 0.01496241955482278
79800.0 0.013405190087510717
80200.0 0.01195399593828349
80600.0 0.011159525603741196
81000.0 0.010324505021463736
81400.0 0.009480806483674312
81800.0 0.0086901027188899
82200.0 0.008449612308239153
82600.0 0.008569501038850421
83000.0 0.008514699787825758
83400.0 0.008316850986004619
83800.0 0.007976710781613423
84200.0 0.008867160806699845
84600.0 0.009378405192768113
85000.0 0.009241539253382133
85400.0 0.010068938581614582
85800.0 0.010861357971699992
86200.0 0.011209596752386216
86600.0 0.010401104004899695
87000.0 0.009293146584675182
87400.0 0.008439002948014928
87800.0 0.007120103297092286
88200.0 0.005727171510169786
88600.0 0.005605418981832317
89000.0 0.00534174966924211
89400.0 0.0049555529324383325
89800.0 0.00378712547093612
90200.0 0.003274990351018196
90600.0 0.0035077741872672915
91000.0 0.003789302941294232
91400.0 0.0037465302076639157
91800.0 0.003147810124854959
92200.0 0.003379272898798068
92600.0 0.0034714616088660074
93000.0 0.0027239509483374847
93400.0 0.0030304167403220374
93800.0 0.003668547238806855
94200.0 0.004001544453228736
94600.0 0.004087641496496063
95000.0 0.0040048996348791485
95400.0 0.003656417896904073
95800.0 0.003277092067785637
96200.0 0.002870665390597034
96600.0 0.0027326112959950026
97000.0 0.0024362755584246463
97400.0 0.0019290077345583798
97800.0 0.0020837315862400714
98200.0 0.0024197322020139203
98600.0 0.0029450953282163734
99000.0 0.002724065690818945
99400.0 0.002417169514589357
99800.0 0.0024633621236044767
100200.0 0.0024494618290805555
100400.00000000009 0.002429216695766945
100748.43066198383 0.0024372335230126493
101098.07052641988 0.002475204038320266
101448.92378975474 0.0025933385574917157
101800.9946629978 0.002714487170571605
102154.28737177301 0.002585509613273024
102508.80615636887 0.0024684048425944235
102864.55527178946 0.0023789056497188297
103221.53898780573 0.0023246887217706234
103579.76158900595 0.002297730991107166
103939.22737484834 0.0024824109373682273
104299.94065971187 0.0027079109157385362
104661.9057729482 0.0029205704035759126
105025.12705893395 0.0032720216039533404
105389.60887712192 0.0038276995385499242
105755.35560209466 0.0039684645258527594
106122.37162361621 0.003928835539003019
106490.66134668495 0.0034688706051195246
106860.22919158668 0.0031916230710874573
107231.07959394684 0.0032782770101981154
107603.217004785 0.003169641406317789
107976.64589056744 0.002964000107728909
108351.370733261 0.003072829529975643
108727.39603038708 0.0030806095181288105
109104.72629507471 0.002903229581023481
109483.36605611602 0.0034370602665181327
109863.31985801981 0.004233986118932819
110244.59226106624 0.004729017595512947
110627.1878413618 0.005153421554694842
111011.11119089334 0.005493132632465661
111396.36691758451 0.007466481991723999
111782.95964535022 0.00966730086425312
112170.89401415233 0.011604829133640804
112560.17468005554 0.012038298099314254
112950.80631528242 0.011551039684905146
113342.79360827077 0.009728207812103717
113736.1412637291 0.008233899008144658
114130.85400269323 0.0071051377405062
114526.93656258319 0.006114123599846241
114924.39369725919 0.005213765663122563
115323.23017708007 0.0044621898766710275
115723.45078895958 0.004170918110129993
116125.06033642414 0.003916138152427517
116528.06363967061 0.0033951220450270424
116932.46553562334 0.0034909015445595726
117338.27087799355 0.0038092901588737175
117745.48453733666 0.003976013236460716
118154.11140111096 0.003897696645109803
118564.15637373661 0.003695035283787763
118975.62437665339 0.003511637427602089
119388.52034838134 0.003521374224628924
119802.84924457902 0.003625111855253712
120218.61603810318 0.0036425383846865915
120635.82571906883 0.003305663508494405
121054.48329490799 0.002919664367230012
121474.59379043133 0.003193713152552226
121896.16224788758 0.0033038549266438395
122319.19372702412 0.0033575169923110377
122743.69330514787 0.003457539241351885
123169.6660771864 0.0036445804723235745
123597.11715574806 0.0037794303788462233
124026.0516711849 0.003750165850017057
124456.47477165324 0.0033925574017398424
124888.39162317566 0.0032549051945221074
125321.80740970328 0.003457596579412703
125756.72733317701 0.003782666147091475
126193.15661359143 0.004130245167389128
126631.1004890565 0.0044842711628047
127070.56421586059 0.004791850580320759
127511.55306853396 0.005473426978904801
127954.0723399109 0.006072923761147255
128398.12734119488 0.00631534890526451
128843.72340202122 0.004661458574962208
129290.86587052139 0.0033914859945294294
129739.56011338736 0.002562160609280783
130189.81151593504 0.0021651512456598277
130641.62548217046 0.002268459025689858
131095.00743485359 0.002388990051841118
131549.96281556363 0.0023739643621514105
132006.49708476473 0.002166283838108928
132464.61572187033 0.002045036648864165
132924.3242253105 0.002088975530842488
133385.628112597 0.002343210794207853
133848.53292038973 0.0023688264176315917
134313.04420456337 0.0023502221805135897
134779.167540273 0.002286688752084997
135246.90852202274 0.00218135397172842
135716.27276373174 0.0021398610830633703
136187.2658988018 0.002117889418123305
136659.8935801853 0.0019769006655648434
137134.16148045196 0.0017107310229142283
137610.07529185852 0.0019535667573544685
138087.64072641605 0.0018591807928618044
138566.86351595866 0.001654171264366042
139047.7494122127 0.0014634772289807286
139530.30418686455 0.0014200948530410469
140014.53363163173 0.0015606947789478327
140500.44355833106 0.0015164504533827607
140988.03979894897 0.0015664861908371616
141477.32820571162 0.001890931164358028
141968.3146511539 0.0018283657990999908
142461.00502819192 0.0017087342941612558
142955.40525019236 0.0016202011864834345
143451.52125104374 0.0015610586098216866
143949.35898522806 0.0015004190647517229
144448.924427891 0.001398610410802427
144950.2235749154 0.0013448889946957002
145453.2624429921 0.0012580889974061157
145958.04706969234 0.0011607502918332012
146464.58351354074 0.001237052598189173
146972.87785408652 0.0013159587607049978
147482.9361919785 0.0013936577893120835
147994.76464903704 0.0014749052240381811
148508.36936832778 0.001561572644535551
149023.7565142358 0.0015233723971046131
149540.9322725382 0.0014046184058560797
150059.90285048028 0.0013538467181944775
150580.6744768489 0.0012885295853551702
151103.25340204738 0.0009073363345881014
151627.64589817091 0.0007479579002232507
152153.85825908065 0.0010381317643939837
152681.89680048096 0.001183912878011224
153211.76785999417 0.0012306476847523452
153743.47779723676 0.0013550243600732304
154277.0329938962 0.0015972473745740436
154812.43985380605 0.002442724582072972
155349.70480302497 0.0029887581105837004
155888.8342899124 0.0031545902005243173
156429.8347852063 0.002527468062169937
156972.71278210124 0.001664656857152253
157517.47479632485 0.0014218749058100826
158064.1273662182 0.0012896864174895344
158612.67705281274 0.001338626078563452
159163.1304399096 0.0014130753947172487
159715.49413415877 0.0014903944519005655
160269.77476513712 0.0014371693894879127
160825.97898542997 0.00140467389754084
161384.11347070962 0.001402658615338209
161944.18491981577 0.0013482749468446704
162506.2000548363 0.0013315766934629439
163070.1656211866 0.0016534655207984478
163636.0883876925 0.0019141277115309937
164203.97514667013 0.002117230558066519
164773.83271400793 0.002020681535609463
165345.66792924836 0.001922144002443706
165919.48765567035 0.0018926954857384078
166495.29878037024 0.0018657886811774692
167073.10821434658 0.0018593717354080577
167652.9228925817 0.001992323385187179
168234.74977412526 0.0020555932148072927
168818.59584217807 0.0020607433199206927
169404.46810417465 0.0020977675506022335
169992.37359186928 0.0022206984468904384
170582.3193614191 0.002462316284255937
171174.31249346913 0.002316658814625983
171768.3600932375 0.002121364382940409
172364.46929059955 0.0019464689209927766
172962.64724017525 0.0018976193354694095
173562.90112141386 0.0019164442811025258
174165.23813868032 0.0020308573190102354
174769.6655213422 0.0019248861947266536
175376.19052385495 0.0017875737597261559
175984.8204258511 0.0017955018405096859
176595.5625322263 0.0016380018754400608
177208.42417322725 0.0015500154318486288
177823.4127045401 0.0018827877638654057
178440.53550737724 0.0017482326637270177
179059.79998856818 0.0015413693038067737
179681.21358064678 0.0015622159997679705
180304.7837419411 0.0015774444400811726
180930.51795666298 0.0015970798385543058
181558.42373499667 0.0016283574744626944
182188.508613191 0.0015176550245940654
182820.7801536484 0.0014646971112002457
183455.24594501613 0.0015166627341371166
184091.9136022776 0.0016920463285355104
184730.79076684228 0.0018766501988126062
185371.88510663982 0.0020609917687877664
186015.20431621035 0.0021993607893404064
186660.7561167974 0.0027453092979293227
187308.54825644082 0.0030733368345612416
187958.58851006837 0.0024096243471108756
188610.8846795912 0.0018099367581548998
189265.44459399607 0.0015578545099626672
189922.27610943964 0.0016624207092568663
190581.38710934314 0.0015861246786662364
191242.78550448545 0.0014273205147718104
191906.4792331004 0.001370993553261285
192572.47626097052 0.001616645661495922
193240.7845815229 0.0015954566027939197
193911.41221592567 0.0016032782257713368
194584.36721318262 0.0015907281278173045
195259.65765023217 0.0013771760253383973
195937.29163204285 0.0015787398032415985
196617.27729171072 0.0017146559468272195
197299.62279055765 0.0016525283891289165
197984.33631822755 0.0012493200128150252
198671.42609278703 0.0013819459861372316
199360.90036082253 0.001536852246434622
200052.7673975396 0.0016115326907241048
200747.03550686277 0.0017081449423726018
201443.7130215334 0.0018509739513037375
202142.80830321225 0.0016372505977180999
202844.3297425782 0.0012728332887743097
203548.28575942936 0.001364584696584091
204254.6848027845 0.0015518952586007345
204963.53535098286 0.00174539130106071
205674.84591178835 0.001681189910193282
206388.62502249 0.0015876685243468287
207104.88125000495 0.0015478378523854184
207823.62319098154 0.0015753680715346234
208544.8594719008 0.0016037019100913394
209268.59874918268 0.0017006803446178852
209994.84970928813 0.0017979953355203285
210723.62106882382 0.0018259230735020195
211454.9215746472 0.0018063101796611917
212188.76000396966 0.0017980755192461494
212925.1451644646 0.0018363604378372842
213664.08589437135 0.0018747782213639633
214405.5910626017 0.0018607085486281837
215149.66956884676 0.0018349626933710677
215896.33034368197 0.001841786391371731
216645.5823486771 0.001887189352576687
217397.43457650184 0.0019323517903741306
218151.8960510343 0.0019746529476031677
218908.9758274697 0.0020171009078224274
219668.68299242735 0.001998677300369846
220431.02666406232 0.001964132733560361
221196.01599217302 0.0019076703371969572
221963.66015831166 0.001827775200495182
222733.96837589474 0.0017840625599549172
223506.94989031187 0.0018918376005375318
224282.61397903945 0.001999986666306756
225060.96995175022 0.00200586435021489
225842.02715042542 0.0020028794749711205
226625.79494946744 0.0020434961562037883
227412.28275581042 0.002106411332505587
228201.50000903595 0.0021688326893328433
228993.45618148448 0.002230496631938114
229788.16077836952 0.002275845721085525
230585.62333789226 0.00225430213272864
231385.85343135396 0.0022326837789658654
232188.8606632739 0.0022724091940038906
232994.65467150253 0.002312944901818671
233803.24512733784 0.002272716021967453
234614.64173564175 0.002211562782856647
235428.8542349548 0.002206923146556089
236245.89239761574 0.0022374067270305767
237065.76602987712 0.002258079120326318
237888.48497202326 0.0022669300113308402
238714.05909848903 0.0022591203072267487
239542.4983179762 0.0022135604659318207
240373.81257357553 0.002167785700416388
241208.01184288395 0.0021215819074885504
242045.10613812497 0.0020802331590791777
242885.10550626923 0.002124629062554575
243728.0200291531 0.0021691790386797194
244573.85982360275 0.002234488233835596
245422.63504155353 0.0023010935689976126
246274.3558701723 0.0023745524945810504
247129.0325319802 0.002449342622542027
247986.67528497343 0.0024548984726357154
248847.29442274923 0.00244128911492428
249710.90027462755 0.0023904160053807963
250577.5032057754 0.0023249515795484496
251447.1136173319 0.0022981018789880203
252319.741946531 0.002290152056926838
253195.39866682977 0.002266810600408927
254074.09428803218 0.0022345791976242455
254955.83935641564 0.002254258734107524
255840.64445485763 0.0023068755676300037
256728.52020296326 0.0024083762626310964
257619.47725719062 0.0025423072285331687
258513.52631098175 0.0025843308942123736
259410.67809488898 0.0025664188846063027
260310.94337670426 0.002517728047513772
261214.33296158884 0.0024501592635401545
262120.8576922009 0.002401469249252656
263030.5284488288 0.0023629228871471643
263943.3561495196 0.0023746105208340036
264859.35175021074 0.0024089782699739802
265778.5262448618 0.002414237609956759
266700.8906655845 0.002409373852460543
267626.45608277834 0.0024069634812026552
268555.23360526125 0.002405136036902342
269487.23438040353 0.0023645150592776377
270422.46959426196 0.002318624642150833
271360.9504717122 0.002406485310768939
272302.6882765867 0.002495546327493747
273247.69431180746 0.002544626586451473
274195.97991952254 0.0025813929424363695
275147.55648124265 0.00256193459723453
276102.4354179754 0.002528433011589528
277060.6281903659 0.0024626979096141924
278022.1462988321 0.0024286342234687364
278987.001283703 0.0024356619447807575
279955.20472535834 0.0024784949107563023
280926.7682443648 0.0025473362943969876
281901.7035016192 0.0025890938959629984
282880.0221984859 0.00262116764133059
283861.73607693805 0.0026480583710082202
284846.856919699 0.0026673091931518197
285835.39655038144 0.0026014340789925813
286827.3668336328 0.0025468605936925836
287822.7796752752 0.002524267894910898
288821.64702244906 0.0025680212444883443
289823.9808637571 0.0026896995588679
290829.79322940577 0.0027211279583948308
291839.0961913531 0.0027075397425971983
292851.90186345164 0.0026564617427096903
293868.22240159387 0.002601092468159099
294888.0700038592 0.002551470152349972
295911.45691065746 0.0025320704856966747
296938.39540488017 0.0025693538038248725
297968.8978120446 0.002621948321842245
299002.9765004432 0.002685042188557856
300040.643881292 0.002625011065527047
301081.9124088775 0.0025583828164522726
302126.7945807098 0.0026047030864464285
303175.3029376698 0.0026392190407481687
304227.45006416074 0.0026553257487195686
305283.2485882598 0.0026213500033308826
306342.71118186694 0.0025633043391659178
307405.8505608609 0.0025691620660632363
308472.6794852493 0.0025894388732149933
309543.21075932245 0.0026429740776640017
310617.4572318076 0.002721466863364615
311695.4317960206 0.0028178578716617064
312777.1473900245 0.0027881890135345363
313862.6169967824 0.0027523706763798988
314951.8536443137 0.002740177939984498
316044.87040585116 0.0027479610776495436
317141.68039999536 0.0027707824945308597
318242.2967908759 0.0028124041488711633
319346.7327883069 0.002853021803141206
320455.0016479461 0.0028862690273328234
321567.116671454 0.0028808611136350126
322683.09120665427 0.002853154751766785
323802.93864769104 0.002814805344281628
324926.672435194 0.0027961246054242295
326054.30605643673 0.002808728916055615
327185.8530454994 0.002910818771937413
328321.326983432 0.002989813880259254
329460.74149841425 0.0028292409837871097
330604.11026592366 0.0027522259065022813
331751.4470088968 0.002737236891476927
332902.76549789455 0.0035965025646904447
334058.07955126825 0.004079618656309896
335217.40303532267 0.003991164716119884
336380.74986448674 0.0035038174219738922
337548.13400147745 0.0030701941407134253
338719.56945746863 0.0030061961354485587
339895.07029225933 0.002940969245810801
341074.65061444003 0.002929003142062515
342258.32458156615 0.003201041633008936
343446.10640032514 0.003221336914445525
344638.0103267076 0.003162602946605809
345834.0506661794 0.003990716781066466
347034.2417738501 0.004746094868203718
348238.5980546498 0.0
349447.1339634991 0.0
350659.8640054834 0.0
351876.8027360276 0.0
353097.96476106776 0.0
354323.3647372312 0.0
355553.01737200917 0.0
356786.93742393394 0.0
358025.13970275706 0.0
359267.6390696242 0.0
360514.4504372573 0.0
361765.5887701314 0.0
363021.06908465445 0.0
364280.90644934855 0.0
365545.1159850277 0.0
366813.7128649837 0.0
368086.7123151656 0.0
369364.1296143627 0.0
370645.98009438923 0.0
371932.2791402647 0.0
373223.04219040385 0.0
374518.28473679814 0.0
375818.0223252031 0.0
377122.2705553253 0.0
378431.04508100665 0.0
379744.36161041673 0.0
381062.23590623855 0.0
382384.6837858583 0.0
383711.7211215558 0.0
385043.36384069227 0.0
386379.62792590604 0.0
387720.529415301 0.0
389066.08440264023 0.0
390416.3090375398 0.0
391771.21952565934 0.0
393130.8321289014 0.0
394495.16316560353 0.0
395864.22901073477 0.0
397238.0460960931 0.0
398616.63091049937 0.0
400000.0000000001 0.0
