91.0 0.0
94.0 0.0
96.0 0.0
98.0 0.0
100.0 0.0
102.0 0.0
104.0 2.012924077835366e-05
106.0 2.167389244610539e-05
108.0 2.3645641341903265e-05
110.0 3.221113112638809e-05
114.0 3.693821988315483e-05
118.0 4.1073282060286265e-05
121.0 9.360640329436856e-05
125.0 0.0001044727294020745
127.0 0.00010950904286503993
128.0 0.00011232403517294046
131.0 0.00011979247275348489
132.0 0.00013073900615851862
134.0 0.00013683613172774827
137.0 0.00015331778487058805
140.0 0.00016702950368728095
143.0 0.0002454622610195553
147.0 0.000360726374600976
151.0 0.0003909887436624131
155.0 0.00041974373450217553
159.0 0.0004533691330666585
162.0 0.0004789733938618968
166.0 0.0005165274837923042
170.0 0.000548289099411383
173.0 0.0005780056649604146
177.0 0.0006138163278726485
180.0 0.0006385880432942799
182.0 0.000661532980725083
186.0 0.0006978241997400681
191.0 0.0007467511694413971
194.0 0.00077834594131821
198.0 0.0008189817130014707
202.0 0.0008590373030106261
205.0 0.000891786864541095
210.0 0.0009164117501240316
216.0 0.0010067273763165342
220.0 0.001053117213005936
223.0 0.0010789545555667894
227.0 0.0011643992273519628
230.0 0.0017019884831794283
234.0 0.0027205914793494023
240.0 0.003605233980397665
246.0 0.003519459933119517
252.0 0.003712480507344179
257.0 0.003030140448692184
260.0 0.0036466173320737695
264.0 0.003847412487188514
269.0 0.003858850561070859
274.0 0.0038605490559328686
279.0 0.003828690374102855
284.0 0.003865880801392038
290.0 0.0037154902055317263
296.0 0.0037535115804271206
301.0 0.003556215898922339
308.0 0.003652362399717237
318.0 0.0037674348899616747
328.0 0.003752839515265122
338.0 0.0036966551645506896
348.0 0.0036448235471925
357.0 0.0036495857752253434
366.0 0.00370594814501647
375.0 0.003652664025316517
385.0 0.003487264016528719
395.0 0.0035932443496276808
405.0 0.0036149848976074644
414.0 0.003565037701350939
422.0 0.0035075434363606873
430.0 0.0034400021202636035
441.0 0.003449236564431759
451.0 0.003409882693745128
460.0 0.0033229730715091943
470.0 0.003279350859095728
480.0 0.003281436931940042
490.0 0.003186493243110823
500.0 0.0032061414498961213
506.0 0.0031612133488852653
512.0 0.003358191214654451
520.0 0.0033104294174212323
530.0 0.0032358219556829918
540.0 0.0030872185522466864
550.0 0.003031797845256212
560.0 0.0031416215275643375
570.0 0.003167072361216845
580.0 0.0031192628132525424
590.0 0.0031006462915599458
600.0 0.002993910308676387
610.0 0.002719550763846551
620.0 0.0030344664353838084
630.0 0.0029777824768872723
640.0 0.0030177809720942947
650.0 0.0029596979948990883
658.0 0.0028982523702952606
665.0 0.002948470610236052
675.0 0.0029622460491556908
685.0 0.0028300074719870604
695.0 0.002902543811526299
705.0 0.0027728527093450863
716.0 0.0028949694686449317
726.0 0.002884896592018519
735.0 0.002882533104548902
745.0 0.002844122467400206
755.0 0.0028006111213457383
765.0 0.002610552362577277
775.0 0.0027801398114508684
785.0 0.0027077206639950246
795.0 0.0027495613549628605
805.0 0.00276323739455112
815.0 0.0027661630776817207
825.0 0.002766509771549911
835.0 0.0025663155732108213
845.0 0.0027296988607625043
855.0 0.002709021594717061
865.0 0.002728634006352707
875.0 0.0027250574185870556
885.0 0.0027171587796511
895.0 0.002720529072899588
905.0 0.002701250207177668
915.0 0.002736516559580989
925.0 0.004705619125285962
935.0 0.006435351299939091
945.0 0.008033350381650482
955.0 0.009059218138220177
965.0 0.009792177610862575
975.0 0.005948045738127084
985.0 0.008833986307355287
995.0 0.008704856718535476
1005.0 0.009753757024148664
1015.0 0.010001572434884668
1025.0 0.006907330881568408
1035.0 0.00943008055262587
1045.0 0.01140193521036636
1055.0 0.011277719607301383
1065.0 0.01037721972998606
1075.0 0.010982484219952675
1085.0 0.0096497381116373
1095.0 0.011280001987451419
1105.0 0.011089975134260924
1115.0 0.011059550752381683
1125.0 0.010388095722109882
1135.0 0.011432986264685802
1145.0 0.011174864267521414
1155.0 0.01132150401073398
1165.0 0.011398096172333606
1175.0 0.009344735360085366
1185.0 0.011258452512052328
1195.0 0.010360955222412364
1205.0 0.009120059207752754
1208.72 0.00833455783743763
1208.8 0.008317518289428975
1208.87 0.008302603622549502
1208.94 0.008287684231663931
1209.02 0.008270627715796609
1209.09 0.008255698204850965
1209.16 0.008240763972521744
1209.23 0.008225825019643331
1209.31 0.008208746151445177
1209.38 0.008193797085913024
1209.45 0.008178843302453238
1209.53 0.008161747488228973
1209.6 0.00814678359773231
1209.67 0.008131814991928697
1209.75 0.008114702241091792
1209.82 0.008099723533866501
1209.89 0.008084740113954297
1209.96 0.008069751982188757
1210.04 0.008052616920195096
1210.11 0.00803761869440713
1210.18 0.008022615759384722
1210.26 0.008005463782589938
1210.33 0.007990450759156494
1210.4 0.007975433029106855
1210.47 0.007960410593274016
1210.55 0.007943236334064166
1210.62 0.007928203817214438
1210.69 0.007913166597198634
1210.77 0.007895975444984136
1210.84 0.007880928149558916
1210.91 0.00786587615358402
1210.99 0.007848668117762563
1211.06 0.007833606051984009
1211.13 0.00781853928827138
1211.2 0.007803467827456869
1211.28 0.0077862375503255695
1211.35 0.007771156027094098
1211.42 0.007756069809375192
1211.5 0.007738822670411526
1211.57 0.007723726395877457
1211.64 0.007708625429469695
1211.72 0.007691361438061814
1211.79 0.007676250420438919
1211.86 0.007661134713555301
1211.93 0.007646014318242136
1212.01 0.007628728126587815
1212.08 0.007613597687438666
1212.15 0.0075984625624718255
1212.23 0.0075811595401254215
1212.3 0.007566014376918531
1212.37 0.007550864530505016
1212.44 0.007535710001715413
1212.52 0.007518384807785396
1212.59 0.007503220248129502
1212.66 0.007488051008707462
1212.74 0.007470709005821544
1212.81 0.007455529741124994
1212.88 0.007440345799271376
1212.96 0.0074229869968009754
1213.03 0.007407793035262849
1213.1 0.007392594399175953
1213.17 0.007377391089369953
1213.25 0.007360010156306097
1213.32 0.0073447968341814225
1213.39 0.007329578840944764
1213.47 0.007312181130009354
1213.54 0.007296953130039803
1213.61 0.007281720461564572
1213.69 0.0072643059821188094
1213.76 0.007249063312494545
1213.83 0.007233815976970013
1213.9 0.0072185639763739555
1213.98 0.00720112740728062
1214.05 0.007185865412893387
1214.12 0.0071705987560389305
1214.2 0.007153145440124423
1214.27 0.007137868795058349
1214.34 0.007122587490128438
1214.41 0.007107301526162804
1214.49 0.007089826149179906
1214.56 0.007074530204354769
1214.63 0.007059229603096131
1214.71 0.007041737500964398
1214.78 0.007026426924421466
1214.85 0.007011111694046439
1214.93 0.006993602876109361
1215.0 0.006978277676023337
1215.07 0.006962947824705628
1215.14 0.006947613322983426
1215.22 0.006949068207324867
1215.29 0.006978032558787785
1215.36 0.00700700457566134
1215.44 0.007040124836523098
1215.51 0.007069113274598164
1215.58 0.007098109373717748
1215.66 0.007131257151800976
1215.73 0.0071602696627682235
1215.8 0.00718928983041582
1215.87 0.007218317653355574
1215.95 0.007251501680190553
1216.02 0.007280545902654117
1216.09 0.00730959777604816
1216.17 0.007342809283776606
1216.24 0.007371877547350122
1216.31 0.007400953457494391
1216.38 0.00743003701282272
1216.46 0.007463284721440349
1216.53 0.00749238465463682
1216.6 0.0075214922286600825
1216.68 0.0075547673818804175
1216.75 0.007583891324437139
1216.82 0.007613022903465404
1216.9 0.007646325485645033
1216.97 0.007675473423876203
1217.04 0.007704628994225613
1217.11 0.007733792195308571
1217.19 0.007767130909954143
1217.26 0.007796310457946977
1217.33 0.007825497632322615
1217.41 0.007858863739690395
1217.48 0.007888067251655076
1217.55 0.007917278385653821
1217.63 0.007950671870123797
1217.7 0.00797989933239495
1217.77 0.008009134412353382
1217.84 0.00803837710861647
1217.92 0.008071806657231144
1217.99 0.008101065669492086
1218.06 0.008130332293713531
1218.14 0.00816378918324775
1218.21 0.008193072114160291
1218.28 0.008222362652691124
1218.35 0.008251660797459096
1218.43 0.008285153703467977
1218.5 0.008314468142665555
1218.57 0.008343790183760724
1218.65 0.008377310394544958
1218.72 0.008406648720772866
1218.79 0.008435994644560865
1218.87 0.008469542144540645
1218.94 0.008498904344168945
1219.01 0.00852827413702174
1219.08 0.008557651521720017
1219.16 0.008591234970029608
1219.23 0.008620628618325476
1219.3 0.008650029854134005
1219.38 0.00868364055555061
1219.45 0.008713058045674228
1219.52 0.008742483118979719
1219.6 0.008776121057947688
1219.67 0.008805562376290243
1219.74 0.008835011273485786
1219.81 0.008864467748157525
1219.89 0.008898141567415837
1219.96 0.008927614274900983
1220.03 0.008957094555536237
1220.11 0.008990795576313527
1220.18 0.00902029208049432
1220.25 0.009049796153501133
1220.32 0.00907930779395864
1220.4 0.00911304464755515
1220.47 0.00914257249934802
1220.54 0.009172107914270308
1220.62 0.009205871933393053
1220.69 0.009235423550393097
1220.76 0.00926498272620323
1220.84 0.009298773895338383
1220.91 0.009328349263973018
1220.98 0.0093579321871006
1221.05 0.009387522663348039
1221.13 0.009421349597444981
1221.2 0.009450956254326183
1221.27 0.009480570460012827
1221.35 0.009514424508186695
1221.42 0.009544054885264325
1221.49 0.009573692806835014
1221.57 0.009607573953596845
1221.64 0.009637228037320129
1221.71 0.009666889661226263
1221.78 0.009696558823944355
1221.86 0.00973047566791929
1221.93 0.009760160980619013
1222.0 0.009789853827823198
1222.08 0.009823797734508692
1222.15 0.009853506722466586
1222.22 0.009883223240623651
1222.29 0.009912947287610583
1222.37 0.009946926844243103
1222.44 0.009976667019826621
1222.51 0.01000641471993738
1222.59 0.010040421303443951
1222.66 0.010070185122933987
1222.73 0.010099956462650897
1222.81 0.010133990057585343
1222.88 0.010163777507468734
1222.95 0.010193572473280791
1223.02 0.010223374953654468
1223.1 0.01025744413097488
1223.17 0.010287262709377968
1223.24 0.010317088798047162
1225.0 0.010643479355266411
1235.0 0.011848496509381702
1245.0 0.012188069187935168
1255.0 0.012109623166835044
1265.0 0.011939708339731939
1275.0 0.012672852648049302
1285.0 0.012753411317107742
1295.0 0.011825085671260314
1305.0 0.011847341603884076
1315.0 0.012872076824921055
1325.0 0.012616149495416064
1335.0 0.0120049122583091
1345.0 0.012773692056168913
1355.0 0.01257928791909496
1365.0 0.012055570616395997
1375.0 0.012136563722801478
1385.0 0.012168301566822455
1395.0 0.010420251136830996
1405.0 0.010314149333336005
1415.0 0.011779360474572618
1425.0 0.011576927222194057
1435.0 0.011857540508596004
1442.0 0.011979099873662668
1447.0 0.011977984204435991
1455.0 0.011729840673596354
1465.0 0.011391019269836248
1475.0 0.011400457813293458
1485.0 0.01147829840786345
1495.0 0.011404217527977697
1505.0 0.01108193180323837
1512.0 0.010471896094930582
1517.0 0.010696069397982969
1525.0 0.010714044234678094
1535.0 0.009704664051788681
1545.0 0.009358535895809176
1555.0 0.009293662735502379
1565.0 0.009820124291686457
1575.0 0.01020581263092692
1585.0 0.010349472187108475
1595.0 0.01041823751759671
1605.0 0.010217453874747505
1615.0 0.010138868541965494
1625.0 0.009994050461587604
1635.0 0.010254157064038046
1645.0 0.010237727200641433
1655.0 0.010093066921089806
1665.0 0.010371015913447131
1672.0 0.009938867069639255
1677.0 0.010821453329119466
1685.0 0.010955460877417078
1695.0 0.010631708175726326
1705.0 0.010480798276896273
1715.0 0.010509906011058308
1725.0 0.010675354253680049
1735.0 0.011254721129333903
1745.0 0.011225982999184628
1755.0 0.011895480410577478
1765.0 0.011087177373711114
1775.0 0.011455411336134662
1785.0 0.011960401121110716
1795.0 0.01320157783212189
1805.0 0.013135935883876022
1815.0 0.012680417570092698
1825.0 0.012874031825373772
1835.0 0.012763914683417702
1845.0 0.01118566596776951
1855.0 0.012310932068263213
1865.0 0.014016048531650014
1875.0 0.014055675348853018
1885.0 0.013863687393950327
1895.0 0.01474546162168246
1905.0 0.014811270513338833
1915.0 0.015210471049058335
1925.0 0.014069666902444962
1935.0 0.011284598468632041
1945.0 0.01648922044842907
1955.0 0.016551348326825685
1967.0 0.018989794022310415
1976.0 0.018124012449020812
1984.0 0.01902974638339832
1995.0 0.01931485735293095
2005.0 0.018705029924885222
2015.0 0.019310603642273497
2025.0 0.01729701764199242
2035.0 0.020616092087353467
2045.0 0.02285777616767049
2055.0 0.021712497677198725
2065.0 0.021659349254657997
2074.0 0.026285894989656864
2078.0 0.03435893764153269
2085.0 0.038080774244456966
2095.0 0.036314974512398596
2105.0 0.03450319777561161
2115.0 0.03755894025912599
2125.0 0.034898098245989405
2135.0 0.032532510668804956
2145.0 0.0392295825529755
2155.0 0.040100592245079995
2165.0 0.035864434516809915
2175.0 0.03618398399248684
2185.0 0.042988893181259175
2195.0 0.04509940706669276
2205.0 0.0436572222631477
2215.0 0.03635717996480693
2225.0 0.03910358179622626
2235.0 0.049204480560574554
2245.0 0.04926475166828286
2255.0 0.04087090568230018
2265.0 0.03724439996063917
2275.0 0.04175729797514999
2285.0 0.05012694863173965
2295.0 0.043930752016343534
2305.0 0.05188947314774788
2315.0 0.046265754562355016
2325.0 0.038175525471969084
2335.0 0.033994883311255046
2345.0 0.028199850664687852
2355.0 0.040231853869705646
2365.0 0.026362271092257177
2375.0 0.03389992866065913
2385.0 0.021007878548660437
2395.0 0.024399451092537255
2405.0 0.026511594091504085
2415.0 0.03305417425992561
2425.0 0.05118207583727608
2435.0 0.050851943303766294
2445.0 0.058740988944218454
2455.0 0.062013115796066776
2465.0 0.05660056513343122
2475.0 0.049992535679933996
2485.0 0.03580109233194927
2495.0 0.043223270920839905
2505.0 0.05723340210707607
2513.0 0.03466065881783254
2518.0 0.026437163713130006
2525.0 0.024084970260982542
2535.0 0.03832728921638667
2545.0 0.041389800978736686
2555.0 0.06466715979562847
2565.0 0.05531140307544026
2575.0 0.06552858200496561
2585.0 0.05970204045115822
2595.0 0.05139438634006385
2605.0 0.045318823086844956
2615.0 0.04125061211383243
2625.0 0.06604179996689594
2635.0 0.09598505839956936
2645.0 0.1240369962887094
2655.0 0.1580376308104128
2665.0 0.11584375157863129
2675.0 0.1284729039618111
2685.0 0.14329275810942457
2695.0 0.1123428686963758
2705.0 0.12880184795434904
2715.0 0.09811994991019034
2725.0 0.08633679743860401
2735.0 0.09722540175270805
2745.0 0.060780676756398686
2755.0 0.08635659856463293
2765.0 0.10570873417508322
2775.0 0.11261080017274565
2785.0 0.06424465932413383
2795.0 0.03243137774425528
2805.0 0.04358532492333551
2815.0 0.09692446466754992
2825.0 0.14688339280900223
2835.0 0.14046858007434934
2845.0 0.09653917741369465
2855.0 0.06243031234944267
2865.0 0.15146514075390613
2875.0 0.18178730512448904
2885.0 0.17106092740604853
2895.0 0.1967440713036558
2910.0 0.259758543137144
2930.0 0.23195686806876087
2950.0 0.21989404854151928
2970.0 0.229718162961858
2990.0 0.23530199559799395
3010.0 0.2393884241476873
3030.0 0.25257546467416403
3050.0 0.26721725490839654
3070.0 0.28548481382584273
3090.0 0.28582268699097607
3110.0 0.31772704951255126
3130.0 0.2997363327398879
3150.0 0.29767885772548996
3170.0 0.3234213499554974
3190.0 0.2939819564222998
3210.0 0.32335089069147727
3230.0 0.2884680456779435
3250.0 0.386952684501908
3270.0 0.4414997093896388
3290.0 0.43890913409464616
3310.0 0.4135496762491959
3330.0 0.4123067735670736
3350.0 0.4252211924203084
3370.0 0.3748130182643702
3390.0 0.41342277202330013
3410.0 0.41828171574009354
3430.0 0.5030960990636557
3450.0 0.3851259310616946
3470.0 0.45649119140306155
3490.0 0.4426391376672877
3510.0 0.48670032351817905
3530.0 0.3826115454801744
3550.0 0.5390981946260393
3570.0 0.39656866164980475
3590.0 0.4059784411510558
3610.0 0.4720383601170174
3630.0 0.5269655783483345
3640.0 0.5153890801049723
3650.0 0.5290667456358739
3670.0 0.6262526087200447
3690.0 0.6141560487012712
3704.66 0.6733608114913308
3704.88 0.6683547026266187
3705.11 0.6631203309123952
3705.33 0.6581128591078051
3705.55 0.653104720979077
3705.78 0.6478682277659327
3706.0 0.6428587267057003
3706.22 0.6378485593254578
3706.45 0.6326099446264991
3706.67 0.6275984143231974
3706.89 0.6225862177040561
3707.12 0.6173454815325333
3707.34 0.6123319219988915
3707.56 0.6073176961536163
3707.79 0.6020748385229228
3708.01 0.5970592497717977
3708.24 0.5918149672880668
3708.46 0.5867980156369622
3708.68 0.5817803976813577
3708.91 0.5765339937611533
3709.13 0.5715150129143632
3709.35 0.5664953657673998
3709.58 0.5612468404245077
3709.8 0.5562258303952545
3710.0 0.5516606976325971
3710.02 0.5512041540701994
3710.25 0.5459535073185383
3710.47 0.5409304681201919
3710.7 0.5356783965496303
3710.92 0.5306539944840699
3711.14 0.5256289261301154
3711.37 0.5203747331743704
3711.59 0.5153483019623434
3711.81 0.5103212044664135
3712.04 0.5050648901397854
3712.26 0.5000364297950158
3712.48 0.5001893242339209
3712.71 0.5023809128184198
3712.93 0.5040469648396907
3713.16 0.5057179033372486
3713.38 0.5073164029064129
3713.6 0.5089151083670711
3713.83 0.5105867023993337
3714.05 0.5121858289997422
3714.27 0.5137851614897337
3714.5 0.515457411050613
3714.72 0.5170571646764268
3714.94 0.5186571241899045
3715.17 0.5203300292732705
3715.39 0.5219304099186147
3715.62 0.520704459102275
3715.84 0.51805248965834
3716.06 0.5154001669844411
3716.29 0.5126269065110919
3716.51 0.5099738613237292
3716.73 0.5073204629087436
3716.96 0.504546077799498
3717.18 0.5018919568758682
3717.4 0.49923748272696966
3717.63 0.4964619729893579
3717.85 0.4938067763366829
3718.08 0.49103051125592645
3718.3 0.48721114494785184
3718.52 0.4819950442714059
3718.75 0.4765411108951561
3718.97 0.47132359989703965
3719.19 0.46610539941086065
3719.42 0.4606492707844372
3719.64 0.4554296599870293
3719.86 0.450209359706682
3720.09 0.44475103584639375
3720.31 0.4395293252653423
3720.53 0.4343069252065199
3720.76 0.42884640612882313
3720.98 0.425962253690329
3721.21 0.4294697248375805
3721.43 0.4328251438193308
3721.65 0.4361809994558455
3721.88 0.4396898608613183
3722.1 0.4430466096513537
3722.32 0.44640379509230316
3722.55 0.449914046743741
3722.77 0.453272125330307
3722.99 0.4566306405639019
3723.22 0.4601422824489553
3723.44 0.4635016908202173
3723.67 0.4674732912770096
3723.89 0.47588322725594384
3724.11 0.48429426214463656
3724.34 0.49308879176827153
3724.56 0.501502074417225
3724.78 0.5099164559664884
3725.01 0.5187144843615002
3725.23 0.5271311136516234
3725.45 0.5355488418325174
3725.68 0.5443503689685912
3725.9 0.5527703448708294
3726.13 0.5615742218904821
3726.35 0.5699964455008154
3726.57 0.5680672736112583
3726.8 0.5643411148412693
3727.02 0.5607764802694553
3727.24 0.5572113737207448
3727.47 0.5534837122309298
3727.69 0.5499176402786202
3727.91 0.5463510963530421
3728.14 0.542621932154931
3728.36 0.5390544228331928
3728.59 0.5353242493599123
3728.81 0.531755774647062
3729.03 0.5281868279670521
3729.26 0.5274332817611197
3729.48 0.5282317745690902
3729.7 0.5290303673358951
3729.93 0.5298653666509497
3730.0 0.5301195185623961
3730.15 0.5306641638777373
3730.37 0.5314630610621117
3730.6 0.5322983786305636
3730.82 0.5330974802723647
3731.05 0.5339330115908598
3731.27 0.5347323176883599
3731.49 0.5355317237413518
3731.72 0.5363675733065656
3731.94 0.5351103646812432
3732.16 0.5313846425032325
3732.39 0.527489043210063
3732.61 0.5237623145677184
3732.83 0.5200350938781547
3733.06 0.5161379279635504
3733.28 0.512409700817852
3733.51 0.5085114827020084
3733.73 0.5047822491057338
3733.95 0.5010525234689782
3734.18 0.4971527387531789
3734.4 0.49342200667414304
3734.62 0.4894780281136874
3734.85 0.48459792495109044
3735.07 0.47992937181782586
3735.29 0.47526020428103527
3735.52 0.47037814492867425
3735.74 0.46570772066275157
3735.96 0.4610366819985455
3736.19 0.4561526664731729
3736.41 0.45148037109064776
3736.64 0.44659504172719905
3736.86 0.44192148963363853
3737.08 0.4372473231506999
3737.31 0.4327824295148295
3737.53 0.43740026198540766
3737.75 0.4420186938244159
3737.98 0.4468476952349431
3738.2 0.4514673530488425
3738.42 0.4560876102253084
3738.65 0.46091851993686495
3738.87 0.4655400030761407
3739.1 0.4703721944718421
3739.32 0.47499490356579327
3739.54 0.4796182120123715
3739.77 0.48445231167751507
3739.99 0.48907684606655244
3740.21 0.49243860504252945
3740.44 0.49566010446248443
3740.66 0.4987419455684391
3740.88 0.5018241845094631
3741.11 0.5050469505902239
3741.33 0.5081300032805477
3741.56 0.511353620096242
3741.78 0.5144374865301766
3742.0 0.5175217507922278
3742.23 0.5207466342466346
3742.45 0.523831712243755
3742.67 0.5269171880648191
3742.9 0.5220764134811025
3743.12 0.5133299162283701
3743.34 0.5045822740719554
3743.57 0.49543578767332747
3743.79 0.48668580367951125
3744.02 0.47753686900404146
3744.24 0.4687845431876164
3744.46 0.4600310724855322
3744.69 0.4508784926266552
3744.91 0.4421226801241619
3745.13 0.4333657227468908
3745.36 0.4242094977392533
3745.58 0.4195789443478381
3745.8 0.4199026016699127
3746.03 0.4202410119012893
3746.25 0.4205647480650962
3746.48 0.42090324072143565
3746.7 0.42122705572604663
3746.92 0.42155090927471256
3747.15 0.4218895246508609
3747.37 0.42221345703894275
3747.59 0.4225374279704005
3747.82 0.4228761660641948
3748.04 0.4232002158336764
3748.26 0.42430033920115023
3748.49 0.42820925698583334
3748.71 0.4319487158426788
3748.93 0.43568865773889714
3749.16 0.43959911346508396
3750.0 0.4538852628899044
3770.0 0.5247812789965753
3790.0 0.5821289961953914
3810.0 0.6536827646355083
3830.0 0.4873633786478854
3850.0 0.5726453671984155
3870.0 0.5583079264141171
3890.0 0.5444692380888526
3910.0 0.7662350347402361
3930.0 0.4760626168627094
3950.0 0.7180537183155835
3970.0 0.3624170451951665
3990.0 1.0
4010.0 1.042902186968323
4030.0 1.1454979450556517
4050.0 1.0624919623057676
4070.0 1.0760754783119204
4078.2 1.0643110666973106
4078.45 1.0610973389858067
4078.7 1.0594403367958671
4078.94 1.0578493965640343
4079.19 1.0561919399400586
4079.43 1.0546005634561324
4079.68 1.0529426524076624
4079.93 1.05128450951364
4080.17 1.0496924742173925
4080.42 1.0480338769133106
4080.66 1.0464414053880025
4080.91 1.0447823536834338
4081.16 1.04372063648335
4081.4 1.046908382160912
4081.65 1.0502293761026797
4081.9 1.0535508042509885
4082.14 1.05673978376985
4082.39 1.06006206294727
4082.63 1.0632518594440918
4082.88 1.0665749896297994
4083.13 1.0698985539953783
4083.37 1.0730895842577142
4083.62 1.0764139996000885
4083.86 1.0796058467901328
4084.11 1.0812265795164204
4084.36 1.0828475186127753
4084.6 1.0844038142957055
4084.85 1.0860251578694882
4085.1 1.0876467078052685
4085.34 1.0892035898864523
4085.59 1.0908255442838284
4085.83 1.0923828146431047
4086.08 1.094005173491581
4086.33 1.0956277386886124
4086.57 1.0971855954079446
4086.82 1.1039571670655564
4087.06 1.1108885406426348
4087.31 1.1181096559588901
4087.56 1.1253317248419505
4087.8 1.132265808074469
4088.05 1.1394897459144695
4088.3 1.1467146372865724
4088.54 1.1536514300758896
4088.79 1.1608781903368561
4089.03 1.167816777237835
4089.28 1.175045406342525
4089.53 1.1727479626678552
4089.77 1.1687999215711018
4090.0 1.1650158981491194
4090.02 1.1646868302459166
4090.26 1.1607377360042357
4090.51 1.1566235476655176
4090.76 1.1525087996355994
4091.0 1.1485581149754138
4091.25 1.1444422699695405
4091.5 1.1403258652916564
4091.74 1.1363735902674872
4091.99 1.1322560886512931
4092.23 1.1264674361234916
4092.48 1.1197994836107439
4092.73 1.113130631647283
4092.97 1.1067276875690006
4093.22 1.1000570727129777
4093.47 1.093385558437721
4093.71 1.0869800585697353
4093.96 1.0803067814636704
4094.2 1.0738995892977723
4094.45 1.0672245494018509
4094.7 1.0605486101391415
4094.94 1.0569871713164067
4095.19 1.0544986276778672
4095.43 1.0521093045949779
4095.68 1.049620091814602
4095.93 1.0471305376411095
4096.17 1.0447402444555376
4096.42 1.0422500211628754
4096.67 1.039759456488672
4096.91 1.0373681932333192
4097.16 1.0348769594626543
4097.4 1.032485053881926
4097.65 1.0315125661950995
4097.9 1.0315529502225937
4098.14 1.031591714824213
4098.39 1.0316320903832394
4098.63 1.0316708468547728
4098.88 1.0317112139445863
4099.13 1.0317515767130865
4099.37 1.0317903209051753
4099.62 1.031830675203341
4099.87 1.0318710251796201
4100.11 1.0319097570906386
4100.36 1.029136957139084
4100.6 1.0239816779074176
4100.85 1.0186108860941048
4101.1 1.0132393705338771
4101.34 1.0080820347029995
4101.59 1.0027091006239313
4101.83 0.9975504030309411
4102.08 0.9921760504663207
4102.33 0.9868009741974209
4102.57 0.9816402201263513
4102.82 0.976263725422246
4103.07 0.9736708521117088
4103.31 0.9745835413984291
4103.56 0.9755343742548664
4103.8 0.9764472840509717
4104.05 0.9773983466014639
4104.3 0.978349526340313
4104.54 0.9792627691388534
4104.79 0.980214178562006
4105.03 0.9811276418543757
4105.28 0.9820792809553672
4105.53 0.9830310372364379
4105.77 0.9860026335982421
4106.02 0.9933858083403537
4106.27 1.0007699540526507
4106.51 1.0078596474138006
4106.76 1.015245696192031
4107.0 1.0223372164738147
4107.25 1.0297251682707533
4107.5 1.0371140909773915
4107.74 1.0442083701961749
4107.99 1.0515991958501023
4108.23 1.0586953018755592
4108.48 1.0650201970329014
4108.73 1.0679642246539633
4108.97 1.0707908492192824
4109.22 1.0737356227711201
4109.47 1.076680776892488
4109.71 1.0795084828841717
4109.96 1.082454382907311
4110.0 1.0829257622266206
4110.2 1.0852828049554661
4110.45 1.0882294508611472
4110.7 1.0911764773117292
4110.94 1.0940059807162763
4111.19 1.0967031387310626
4111.44 1.0980848318325536
4111.68 1.0994114198724976
4111.93 1.100793451851872
4112.17 1.102120365210109
4112.42 1.1035027360580516
4112.67 1.1048852797945297
4112.91 1.1062126844328268
4113.16 1.1075955670237887
4113.4 1.1089232969579095
4113.65 1.1103065183940182
4113.9 1.1121450450491754
4114.14 1.1189352304995008
4114.39 1.1260092482073416
4114.64 1.1330841922950303
4114.88 1.139877010146301
4115.13 1.146953769903906
4115.37 1.153748330776298
4115.62 1.1608269061579766
4115.87 1.1679064078607917
4116.11 1.174703600967319
4116.36 1.1817849182248858
4116.6 1.1885838542419447
4116.85 1.185414497459064
4117.1 1.1818174948652191
4117.34 1.17836391419954
4117.59 1.1747659570788977
4117.84 1.171167512963489
4118.08 1.1677125484534872
4118.33 1.164113149845412
4118.57 1.1606572690333097
4118.82 1.1570569159551995
4119.07 1.1534560759113104
4119.31 1.1499988113372386
4119.56 1.144830413709061
4119.81 1.139525086619669
4120.05 1.1344313026718276
4120.3 1.1291245798783582
4120.54 1.1240294560707869
4120.79 1.1187213376069662
4121.04 1.1134125070794414
4121.28 1.1083153598716513
4121.53 1.103005133724778
4121.77 1.0979066467386234
4122.02 1.092595025006221
4122.27 1.092862458411381
4122.51 1.094139583157671
4122.76 1.0954700837226303
4123.01 1.0968007498848185
4123.25 1.098078345192191
4123.5 1.0994093359180752
4123.74 1.100687242802226
4123.99 1.1020185580827004
4124.24 1.1033500389487396
4124.48 1.1046284163608326
4124.73 1.1059602217676936
4124.97 1.1075384341931904
4125.22 1.1092866161648383
4125.47 1.111035018627743
4125.71 1.1127136924274426
4125.96 1.1144625270442674
4126.21 1.116211582143219
4126.45 1.1178908824649318
4126.7 1.119640369699898
4126.94 1.121320084866488
4127.19 1.1230700042255977
4130.0 1.1125236081000853
4150.0 1.113576418078568
4170.0 1.1155130504010804
4190.0 1.1502848793251954
4210.0 1.1899072084242714
4230.0 1.0852457559349002
4250.0 1.1959165602158606
4270.0 1.1798895640393978
4290.0 1.1205197652409953
4310.0 0.9829902456041413
4315.65 1.2131268797756802
4315.91 1.2254925581745053
4316.17 1.232574721195517
4316.43 1.239657791836212
4316.69 1.2467417700806784
4316.95 1.2538266559130753
4317.21 1.2609124493174808
4317.47 1.267999150277992
4317.73 1.2750867587786767
4317.99 1.2821752748036688
4318.25 1.2892646983370253
4318.52 1.2966277525250631
4318.78 1.2980063313498458
4319.04 1.298908988291819
4319.3 1.2998117503717508
4319.56 1.300714617587542
4319.82 1.3016175899370948
4320.08 1.302520667418316
4320.34 1.3034238500291055
4320.6 1.3043271377673629
4320.86 1.3052305306309864
4321.12 1.3061340286178813
4321.38 1.3046769835981777
4321.64 1.3000004637609333
4321.9 1.2953233262397905
4322.16 1.2906455710451292
4322.42 1.2859671981873808
4322.68 1.2812882076769625
4322.94 1.276608599524316
4323.2 1.2719283737398335
4323.46 1.2672475303339643
4323.73 1.262386000790394
4323.99 1.2577038984193993
4324.25 1.256820916845546
4324.51 1.256089808878061
4324.77 1.2553585948194288
4325.03 1.254627274671225
4325.29 1.253895848435015
4325.55 1.2531643161123742
4325.81 1.2524326777048767
4326.07 1.2517009332140983
4326.33 1.2509690826416084
4326.59 1.2502371259889864
4326.85 1.2512265866633567
4327.11 1.254224737767889
4327.37 1.2572232652051305
4327.63 1.2602221689682451
4327.89 1.263221449050409
4328.15 1.2662211054447823
4328.41 1.269221138144557
4328.67 1.2722215471428888
4328.94 1.2753377547663935
4329.2 1.2783389308136937
4329.46 1.2814101202018928
4329.72 1.2862227339336307
4329.98 1.2910359579165491
4330.0 1.2914062311916081
4330.24 1.29584979213975
4330.5 1.3006642365922791
4330.76 1.3054792912631956
4331.02 1.3102949561415567
4331.28 1.3151112312163962
4331.54 1.3199281164767975
4331.8 1.3247456119117869
4332.06 1.3295637175104063
4332.32 1.3325127815753577
4332.58 1.3338595523028751
4332.84 1.3352064848096465
4333.1 1.3365535790925525
4333.36 1.3379008351484678
4333.62 1.3392482529742806
4333.88 1.3405958325668643
4334.15 1.3419954133595449
4334.41 1.343343322697795
4334.67 1.3446913937933234
4334.93 1.345071110131666
4335.19 1.3338279153195645
4335.45 1.322583257710164
4335.71 1.3113371373289129
4335.97 1.3000895542012303
4336.23 1.288840508352584
4336.49 1.2775899998083322
4336.75 1.26633802859396
4337.01 1.2550845947349234
4337.27 1.2438296982566874
4337.53 1.2325733391847629
4337.79 1.2235059365993597
4338.05 1.2160437647115174
4338.31 1.208580619775579
4338.57 1.2011165018084555
4338.83 1.1936514108269876
4339.09 1.186185346848096
4339.35 1.1787183098886858
4339.62 1.170963049384543
4339.88 1.1634940290941387
4340.14 1.1560240358746119
4340.4 1.1501119248627465
4340.66 1.1561510341469732
4340.92 1.1621909109279722
4341.18 1.1682315551919382
4341.44 1.1742729669250398
4341.7 1.1803151461135042
4341.96 1.1863580927434916
4342.22 1.1924018068011772
4342.48 1.1984462882727114
4342.74 1.2044915371443021
4343.0 1.2105375534020908
4343.26 1.2171918368579908
4343.52 1.224226677692942
4343.78 1.2312624129355865
4344.04 1.2382990425698657
4344.3 1.2453365665796392
4344.57 1.2526457112080913
4344.83 1.259685058317986
4345.09 1.2667252997543794
4345.35 1.2737664355011344
4345.61 1.2808084655420853
4345.87 1.2879488750252
4346.13 1.295626394190613
4346.39 1.3033048890986385
4346.65 1.3109843597316364
4346.91 1.3186648060720436
4347.17 1.326346228102209
4347.43 1.3340286258045027
4347.69 1.3417119991612618
4347.95 1.3493963481548998
4348.21 1.3570816727677402
4348.47 1.36476797298213
4348.73 1.368039626613772
4348.99 1.3689738558389728
4349.25 1.3699081927716175
4349.51 1.3708426374094977
4349.78 1.3718131362220503
4350.0 1.3726039989062022
4350.04 1.37274780040607
4350.3 1.3736825722886117
4350.56 1.3746174518674656
4350.82 1.3755524391404168
4351.08 1.3764875341052605
4351.34 1.3756617245950038
4351.6 1.3674390706722745
4351.86 1.3592153485659655
4352.12 1.3509905582948194
4352.38 1.342764699877674
4352.64 1.3345377733333434
4352.9 1.3263097786806777
4353.16 1.3180807159384482
4353.42 1.309850585125517
4353.68 1.3016193862607253
4353.94 1.2933871193629496
4354.2 1.292707801720489
4354.46 1.294811622813235
4354.72 1.2969157021811437
4354.99 1.299100981040015
4355.25 1.3012055868767325
4355.51 1.3033104509737186
4355.77 1.3054155733260682
4356.03 1.3075209539288664
4356.29 1.3096265927772206
4356.55 1.3117324898662122
4356.81 1.3148259832408449
4357.07 1.3205999507804218
4357.33 1.3263746466985205
4357.59 1.3321500709817538
4357.85 1.337926223616751
4358.11 1.343703104590117
4358.37 1.3494807138885132
4358.63 1.3552590514985354
4358.89 1.3610381174067965
4359.15 1.366817911599882
4359.41 1.3725984340644368
4359.67 1.3789598968555603
4359.93 1.3854962369840587
4360.2 1.3922848478575434
4360.46 1.398822869395701
4360.72 1.4053617157533027
4360.98 1.411901386915159
4361.24 1.4184418828661443
4361.5 1.4249832035910608
4361.76 1.4315253490747257
4362.02 1.4380683193019552
4362.28 1.4431368326425538
4362.54 1.4448863857873138
4362.8 1.4466361499233749
4363.06 1.4483861250466246
4363.32 1.4501363111529406
4363.58 1.4518867082382187
4363.84 1.4536373162983376
4364.1 1.4553881353291773
4364.36 1.4571391653266128
4364.62 1.4588904062865342
4364.88 1.4606418582048146
4365.15 1.4597672764227212
4365.41 1.4583354128469697
4365.67 1.456903353095865
4365.93 1.4554710971726614
4366.19 1.4540386450806164
4366.45 1.452605996822977
4366.71 1.4511731524030045
4366.97 1.4497401118239563
4367.23 1.4483068750890975
4367.49 1.4468734422016778
4370.0 1.4281826608900081
4390.0 1.2656826999296023
4410.0 1.319816179181946
4430.0 1.513174052358745
4450.0 1.5783090174483045
4470.0 1.546124068664165
4490.0 1.6605880512513715
4510.0 1.8335226224490935
4530.0 1.5627552573193457
4550.0 1.6877077642474618
4570.0 1.7871800485577913
4590.0 1.7559417086051428
4610.0 1.9201092818294927
4630.0 1.8710937862897297
4650.0 1.763818553859138
4670.0 1.7135242905135093
4690.0 1.8014846377995608
4710.0 1.794283660212555
4730.0 1.8724409141368166
4750.0 1.9479042571946215
4770.0 1.8512651804094666
4790.0 1.884427436684783
4810.0 1.9305887924694167
4830.0 1.9071367530865604
4834.84 1.9338141019872297
4835.13 1.9343979642042082
4835.42 1.9349818819115332
4835.71 1.9355658551072745
4836.0 1.9361498837895006
4836.29 1.9367339679562832
4836.59 1.9373382513417803
4836.88 1.9379224483849746
4837.17 1.9362214056291362
4837.46 1.9323870584034533
4837.75 1.9285522160777828
4838.05 1.9245846168214509
4838.34 1.920748767265633
4838.63 1.9169124226513563
4838.92 1.9130755829923125
4839.21 1.9092382483021926
4839.5 1.9054004185946944
4839.8 1.9022900546200707
4840.09 1.9034414705211067
4840.38 1.9045930128012027
4840.67 1.9057446814564185
4840.96 1.9068964764828147
4841.26 1.908088121557643
4841.55 1.9092401736718605
4841.84 1.9103923521452988
4842.13 1.9115446569740144
4842.42 1.9126970881540637
4842.72 1.9115327931182782
4843.01 1.9098376014521108
4843.3 1.9081421818315831
4843.59 1.906446534262828
4843.88 1.9047506587519765
4844.17 1.9030545553051625
4844.47 1.9012997256778579
4844.76 1.8996031585181978
4845.05 1.8979063634411955
4845.34 1.8961887145164127
4845.63 1.8944454477758585
4845.93 1.8926418225469541
4846.22 1.8908980805181161
4846.51 1.8891541048825702
4846.8 1.887409895646623
4847.09 1.8856654528165837
4847.38 1.8839207763987629
4847.68 1.8821156929230862
4847.97 1.8808595601258098
4848.26 1.8826598120752245
4848.55 1.884460270935611
4848.84 1.8862609367007246
4849.14 1.8881239121118336
4849.43 1.889924998801769
4849.72 1.8917262923774774
4850.0 1.8934656686835325
4850.01 1.893527792832711
4850.3 1.8953295001612205
4850.59 1.897131414356757
4850.89 1.8925509369799742
4851.18 1.8862263857694406
4851.47 1.8799010326782095
4851.76 1.873574877728834
4852.05 1.8672479209438735
4852.35 1.8607019494727477
4852.64 1.854373361436758
4852.93 1.8480439716336563
4853.22 1.8417137800860164
4853.51 1.8374386461438246
4853.81 1.8360286091228075
4854.1 1.8346653847628553
4854.39 1.8333019750311086
4854.68 1.8319383799325333
4854.97 1.8305745994720977
4855.26 1.829210633654771
4855.56 1.8277994394841723
4855.85 1.826435096576789
4856.14 1.8246270699175715
4856.43 1.8168312033306036
4856.72 1.8090343542910612
4857.02 1.8009676145644826
4857.31 1.7931687668279273
4857.6 1.7853689367231624
4857.89 1.7775681242780013
4858.18 1.7697663295202601
4858.47 1.76196355247776
4858.77 1.7538906805109566
4859.06 1.7458888339086327
4859.35 1.7378109013037473
4859.64 1.7297319528202781
4859.93 1.7216519884870374
4860.23 1.713292335727044
4860.52 1.705210304753889
4860.81 1.6971272580184473
4861.1 1.689043195549525
4861.39 1.6809581173759574
4861.68 1.6744807738102163
4861.98 1.6709414431530356
4862.27 1.6675196444115783
4862.56 1.6640974074651933
4862.85 1.6606747323261504
4863.14 1.657251619006733
4863.44 1.6537100062046868
4863.73 1.650286001452775
4864.02 1.6468615585577635
4864.31 1.6434366775319647
4864.6 1.6496264461779802
4864.9 1.6560304453515375
4865.19 1.6622217417519098
4865.48 1.6684137890491828
4865.77 1.6746065872214837
4866.06 1.6808001362468812
4866.35 1.686994436103496
4866.65 1.69340312259727
4866.94 1.6995989499394422
4867.23 1.705826136040561
4867.52 1.712070187132873
4867.81 1.7183149947190015
4868.11 1.7247759365468187
4868.4 1.7310222831384368
4868.69 1.7372693861568633
4868.98 1.7435172455800025
4869.27 1.749765861385775
4869.56 1.7560152335520387
4869.86 1.759663887324809
4870.0 1.7587374586554374
4870.15 1.7577447912175763
4870.44 1.7558254426510338
4870.73 1.7539058416321451
4871.02 1.7519859881678657
4871.32 1.7499996672144247
4871.61 1.748079300175868
4871.9 1.7461586807130638
4872.19 1.7442378088329797
4872.48 1.7423166845425848
4872.77 1.7455956441134084
4873.07 1.7491802237683616
4873.36 1.7526457366807027
4873.65 1.7561116617207086
4873.94 1.7595779988761708
4874.23 1.7630447481348739
4874.53 1.7666314741223987
4874.82 1.7700990617603345
4875.11 1.7735670614644403
4875.4 1.780958624913138
4875.69 1.7907487134832518
4875.98 1.8005399933498898
4876.28 1.8106701571433466
4876.57 1.8204638605749488
4876.86 1.8302587551976097
4877.15 1.840054840976561
4877.44 1.8498521178770297
4877.74 1.859988485314396
4878.03 1.8671909710831749
4878.32 1.8675762202651989
4878.61 1.86796150051838
4878.9 1.8683468118414863
4879.2 1.868745442456093
4879.49 1.8691308169866239
4879.78 1.8695162225833415
4880.07 1.8699016592450153
4880.36 1.8702871269704118
4880.65 1.8706726257582986
4880.95 1.8688369718867632
4881.24 1.8668222532844825
4881.53 1.864807270305608
4881.82 1.8627920229574708
4882.11 1.8607765112474006
4882.41 1.8586912209483433
4882.7 1.8566751714211165
4882.99 1.8546588575542127
4883.28 1.8526422793549673
4883.57 1.8538202221957527
4883.86 1.8575942164794221
4884.16 1.8614988199129003
4884.45 1.865273725586906
4884.74 1.8690490792122094
4885.03 1.872824880775478
4885.32 1.8766011302633803
4885.62 1.880508066596125
4885.91 1.8842852273378015
4886.2 1.8869503298771202
4886.49 1.8853508747646035
4886.78 1.8837512065596163
4887.07 1.8821513252680147
4887.37 1.8804960514272275
4887.66 1.8788957366326717
4887.95 1.8772952087692842
4888.24 1.875694467842926
4888.53 1.874093513859461
4888.83 1.8724371303684915
4889.12 1.8721028831719235
4889.41 1.8719713334557972
4889.7 1.8718397512347922
4890.0 1.8717035974909855
4890.29 1.8715719491412657
4890.58 1.8714402682885352
4890.87 1.8713085549334116
4891.16 1.8711768090765097
4891.45 1.8710450307184485
4891.74 1.8750718428462285
4892.04 1.8838476172648357
4892.33 1.892331908261967
4892.62 1.9008172239533854
4892.91 1.9093035643089031
4910.0 1.946530173419813
4928.77 1.9414732051611165
4929.07 1.9553070323710342
4929.36 1.9686813673849586
4929.66 1.9825185780832157
4929.96 1.9887823610753483
4930.0 1.9887338155461147
4930.26 1.988418241879701
4930.55 1.9880661991711686
4930.85 1.9877019541438095
4931.15 1.987337645136584
4931.45 1.9869732721510784
4931.74 1.9866209841183424
4932.04 1.9862564853135256
4932.34 1.9858919225351472
4932.64 1.9856531107450042
4932.93 1.9856322991563444
4933.23 1.9856107493780406
4933.53 1.985589178703064
4933.83 1.9855675871316834
4934.12 1.985546695416411
4934.42 1.9855250627495582
4934.72 1.9855034091871022
4935.02 1.985481734729314
4935.31 1.984522451648186
4935.61 1.9788704566945712
4935.91 1.973217734675082
4936.21 1.9675642856117201
4936.5 1.9620985937755524
4936.8 1.9564437149233929
4937.1 1.950788109092606
4937.4 1.9451317763052092
4937.69 1.9396632969520684
4937.99 1.9340055345474787
4938.29 1.9342161338579988
4938.59 1.9344267418849035
4938.88 1.9346303379290608
4939.18 1.934840963096353
4939.48 1.935051596978162
4939.78 1.9352622395738603
4940.07 1.9354658690321445
4940.37 1.93567652876332
4940.67 1.9358871972065175
4940.97 1.9403757501296512
4941.26 1.9453514375889052
4941.56 1.9504993169037301
4941.86 1.955647823072906
4942.16 1.9607969560767737
4942.45 1.9657750471365172
4942.75 1.9709254128578004
4943.05 1.9760764053553315
4943.35 1.9812280246094105
4943.64 1.9891700616960752
4943.94 1.9987656908859783
4944.24 2.0083625026985206
4944.54 2.017960497096803
4944.83 2.027239682427249
4945.13 2.0368400024699036
4945.43 2.0464415049888802
4945.73 2.0560441899472575
4946.02 2.065327909346759
4946.32 2.071279901843266
4946.62 2.073579373617149
4946.92 2.075879114062068
4947.21 2.078102451870736
4947.51 2.080402720676685
4947.81 2.0827032581278973
4948.11 2.0850040642156764
4948.4 2.0872284321130197
4948.7 2.089529766494046
4949.0 2.090085400449033
4949.3 2.0871489285774105
4949.59 2.0843099722597067
4949.89 2.081372741416278
4950.0 2.0802956600835083
4950.19 2.07843512467213
4950.49 2.075497122038803
4950.78 2.07265668602836
4951.08 2.0697179245133874
4951.38 2.0667787771435417
4951.68 2.0634825187090375
4951.97 2.0585714504979813
4952.27 2.0534903929158297
4952.57 2.0484086822773198
4952.87 2.043326318602274
4953.16 2.0384127463209043
4953.46 2.0333290983986254
4953.76 2.0282447974987385
4954.06 2.0231598436411065
4954.35 2.018243767591462
4954.65 2.0124355524541113
4954.95 2.006601697022068
4955.25 2.0007670955301045
4955.54 1.9951262716045448
4955.84 1.9892902029278312
4956.14 1.9834533882587582
4956.44 1.977615827620124
4956.73 1.9719721432719846
4957.03 1.9661331156262938
4957.33 1.965216508478952
4957.63 1.9655306375606585
4957.92 1.9658343159698664
4958.22 1.9661484870441457
4958.52 1.9664626794690614
4958.82 1.9667768932435892
4959.11 1.9670806535186658
4959.41 1.9673949092777807
4959.71 1.9677091863834721
4960.01 1.9691972329618954
4960.3 1.9712927639363325
4960.6 1.9734608026163993
4960.9 1.975629093508879
4961.2 1.9777976366055814
4961.49 1.9798941346587988
4961.79 1.982063173733192
4962.09 1.984232464987461
4962.39 1.9864020084133975
4962.68 1.9880758496043998
4962.98 1.9892682083043682
4963.28 1.9904606974557
4963.58 1.9916533170539659
4963.87 1.992806306658523
4964.17 1.993999182789523
4964.47 1.9951921893543327
4964.77 1.996385326348526
4965.06 1.9975388160857934
4965.36 1.9974009443627414
4965.66 1.9941565587439731
4965.96 1.9909117515360453
4966.25 1.987774703836474
4966.55 1.9845290675404652
4966.85 1.981283009693199
4967.15 1.9780365303074627
4967.44 1.9748978662175183
4967.74 1.9716505578433883
4968.04 1.9694056975872607
4968.34 1.9736795981719182
4968.63 1.9778115234756464
4968.93 1.9820864338483006
4969.23 1.9863618576481707
4969.53 1.9906377948589025
4969.82 1.9947716888394056
4970.0 1.997337795357583
4970.12 1.9990486357103407
4970.42 2.0033260959435126
4970.72 2.007604069522531
4971.02 2.0060994723512144
4971.31 2.0044520525560134
4971.61 2.002747599293462
4971.91 2.001042916320817
4972.21 1.9993380036448987
4972.5 1.9976897030521938
4972.8 1.9959843386463834
4973.1 1.9942787445575194
4973.4 1.992572920792425
4973.69 1.9933386772418826
4973.99 1.99478266591335
4974.29 1.9962268158539698
4974.58 1.9976229807534431
4974.88 1.9990674478409631
4975.18 2.0005120761816015
4975.48 2.0019568657699467
4975.78 2.003401816600602
4976.07 2.0047987556682547
4976.37 2.00064220387668
4976.48 1.9977486363712422
4976.67 1.9927503405308553
4976.78 1.9898564075921392
4976.97 1.9848574805585832
4977.08 1.9819631821978976
4977.26 1.9772267685989133
4977.38 1.974068960219365
4977.56 1.969331948684613
4977.68 1.9661737416873908
4977.86 1.961436132235409
4977.98 1.9582775266328536
4978.16 1.9535393192821084
4978.28 1.9503803150865664
4978.45 1.9459047862237875
4978.58 1.9424821070794172
4978.75 1.9380060135691846
4978.88 1.9345829026422743
4979.05 1.9302007719661323
4979.18 1.9268717618104
4979.35 1.9225181661929498
4979.48 1.9191887359957112
4979.64 1.9150907258878591
4979.78 1.9115047408759176
4979.94 1.9074062138176617
4980.08 1.903819776481083
4980.24 1.899720732488423
4980.39 1.8958776283610494
4980.54 1.8920342819302125
4980.69 1.888190693199645
4980.83 1.884603125112878
4980.99 1.8805027888543235
4981.13 1.8769147684920255
4981.29 1.8728139153551655
4981.43 1.8692254427313637
4981.59 1.865124072732233
4981.73 1.8648124871715759
4981.89 1.8672656036275905
4982.02 1.8692588765403115
4982.19 1.8718656208348206
4982.32 1.873859133311895
4982.49 1.8764661908778715
4982.62 1.8784599429116378
4982.79 1.8810673137390455
4982.92 1.8830613053218386
4983.09 1.8856689894006535
4983.21 1.8875098144454527
4983.39 1.8902712178450052
4983.51 1.8921122639979482
4983.69 1.8948739990543932
4983.81 1.8967152663084155
4983.99 1.8994773330111505
4984.11 1.9013188213591459
4984.29 1.9040812196975658
4984.4 1.9054043830783296
4984.59 1.9048523065421485
4984.7 1.9045326603826163
4984.89 1.9039805047319325
4985.0 1.903660812769924
4985.19 1.903108578007011
4985.3 1.9027888402438378
4985.49 1.9022365263709617
4985.59 1.90194581473487
4985.79 1.9013643498273722
4985.89 1.90107359655623
4986.09 1.9004920483798282
4986.19 1.9002012534748338
4986.39 1.899619622031915
4986.49 1.8993287854942607
4986.69 1.8987470707872212
4986.78 1.898485281059476
4986.99 1.897874394649329
4987.08 1.8976125674543238
4987.29 1.89823108955577
4987.38 1.8985516513102263
4987.59 1.8992996690383608
4987.68 1.899620265336335
4987.9 1.9004039888018132
4987.97 1.900653368344274
4988.2 1.9014728024057048
4988.5 1.9025417311452135
4988.8 1.9036107750163742
4989.1 1.9046799340152247
4989.4 1.9057492081378007
4989.7 1.9068185973801446
4990.0 1.9107594880666587
4990.3 1.9168967502933154
4990.6 1.9230347536694754
4990.9 1.929173498171441
4991.2 1.935312983775563
4991.5 1.9414532104581361
4991.8 1.9475941781954684
4992.1 1.9537358869638668
4992.4 1.9598783367396126
4992.7 1.9619155814921254
4993.0 1.959260260891424
4993.3 1.9566045949947592
4993.6 1.9539485838126696
4993.9 1.9512922273557032
4994.2 1.9486355256343852
4994.5 1.9459784786592664
4994.8 1.943321086440892
4995.1 1.940663348989808
4995.41 1.9385024754616917
4995.71 1.937308707160302
4996.01 1.9361147743317382
4996.31 1.93492067698085
4996.61 1.9337264151124918
4996.91 1.932531988731508
4997.21 1.9313373978427533
4997.51 1.9301426424510804
4997.81 1.9289477225613447
4998.11 1.9264144929427092
4998.41 1.9207584025355953
4998.71 1.9151015977863053
4999.01 1.9094440787170748
4999.31 1.903785845350138
4999.61 1.8981268977077534
4999.91 1.8924672358121266
5000.21 1.8868068596855254
5000.51 1.8811457693501947
5000.81 1.8768495978552169
5001.11 1.878015748978131
5001.41 1.8791820270643214
5001.71 1.8803484321094377
5002.01 1.8815149641091307
5002.31 1.8826816230590515
5002.61 1.8838484089548484
5002.92 1.885054221072921
5003.22 1.8862212650785941
5003.52 1.887746960974403
5003.82 1.8916033835819899
5004.12 1.8954602640944809
5004.42 1.8993176024970304
5004.72 1.9031753987747992
5005.02 1.9070336529129512
5005.32 1.9108923648966312
5005.62 1.914751534711022
5005.92 1.918611162341265
5006.22 1.9223479096750475
5006.52 1.922508074822311
5006.82 1.92266824262897
5007.12 1.9228284130946034
5007.42 1.922988586218791
5007.72 1.9231487620011092
5008.02 1.9233089404411359
5008.32 1.9234691215384503
5008.62 1.9236293052926314
5008.92 1.9237894917032567
5009.22 1.9194836770473975
5009.52 1.914858296309029
5009.82 1.9102323301693924
5010.0 1.907456469500574
5010.12 1.9056057786467064
5010.42 1.900978641759238
5010.73 1.896196652036696
5011.03 1.8915683249637991
5011.33 1.8869394125814969
5011.63 1.8823099149080533
5011.93 1.8745009743546057
5012.23 1.8663378300688342
5012.53 1.8581736667948117
5012.83 1.8500084845646232
5013.13 1.841842283410331
5013.43 1.8336750633640024
5013.73 1.8255068244577364
5014.03 1.817337566723558
5014.33 1.8091672901935754
5014.63 1.8065774264740837
5014.93 1.80538267246774
5015.23 1.804187755904459
5015.53 1.8029926767890907
5015.83 1.8017974351264963
5016.13 1.8006020309215354
5016.43 1.7994064641790684
5016.73 1.7982107349039582
5017.03 1.79701484310106
5017.33 1.7970183340016173
5017.63 1.7975359318105364
5017.93 1.7980535772356672
5018.23 1.7985712702751777
5018.54 1.7991062697689517
5018.84 1.7996240596187325
5019.14 1.8001418970773466
5019.44 1.8006597821429613
5019.74 1.801177714813752
5020.04 1.802339041912925
5020.34 1.8038729822166313
5020.64 1.8054070945879797
5020.94 1.8069413790211644
5021.24 1.808475835510397
5021.54 1.8100104640498689
5021.84 1.811545264633781
5022.14 1.813080237256329
5022.44 1.814615381911707
5022.74 1.818222282492685
5023.04 1.8236423556297392
5023.34 1.8290630763653954
5023.64 1.8344844446786648
5023.94 1.8399064605485396
5024.24 1.84532912395406
5024.54 1.8507524348742117
5024.84 1.856176393287998
5025.14 1.8616009991744138
5025.44 1.8660986000167825
5025.74 1.869383576544836
5026.04 1.8726689385653514
5026.35 1.8760642176210363
5026.65 1.8793503634372242
5026.95 1.8826368947075314
5027.25 1.8859238114192998
5027.55 1.8892111135598837
5027.85 1.8924988011166315
5028.15 1.894779318623907
5028.45 1.8953196688950893
5028.75 1.895860068594199
5029.05 1.8964005177193295
5029.35 1.89694101626857
5029.65 1.8974815642400142
5029.95 1.8980221616317565
5030.0 1.8981122660016643
5030.25 1.8985628084418873
5030.55 1.8991035046684963
5030.85 1.901288696897123
5031.15 1.9079966437979907
5031.45 1.9147053934768477
5031.75 1.9214149459076344
5032.05 1.9281253010643087
5032.35 1.9348364589208251
5032.65 1.9415484194511146
5032.95 1.9482611826291674
5033.25 1.9549747484289062
5033.55 1.9599876015336883
5033.85 1.956492953732539
5034.16 1.9528813514852623
5034.46 1.949385801402723
5034.76 1.9458898075963107
5035.06 1.9423933700799214
5035.36 1.9388964888674654
5035.66 1.9353991639728214
5035.96 1.9319013954099014
5036.26 1.9276787609294534
5050.0 1.9348804786362892
5070.0 1.9323000287326237
5090.0 1.9279867873754224
5110.0 1.9380395960514878
5130.0 1.8215993458650495
5150.0 1.8621825034457657
5170.0 1.523306588321418
5190.0 1.7711264149824295
5210.0 1.8740272987870907
5230.0 1.9758179305405248
5250.0 2.0788618298909576
5270.0 1.8165830198431254
5290.0 2.2000715440257026
5310.0 2.308131488911776
5330.0 2.089506822027419
5350.0 2.238657171538416
5370.0 2.1730525290602074
5390.0 2.2302577296603627
5410.0 2.137234304103234
5430.0 2.221035234474378
5450.0 2.2066027246302773
5470.0 2.185213405457849
5490.0 2.2411823629606324
5510.0 2.176019210237213
5530.0 2.20504706538271
5550.0 2.2922835790504483
5570.0 2.265009268413959
5590.0 2.1563620989000407
5610.0 2.3092025482372636
5630.0 2.293583653772266
5650.0 2.271655828089315
5670.0 2.27824983166517
5690.0 2.312678698614748
5710.0 2.2442851218160746
5730.0 2.3916187167739658
5750.0 2.4181418608718523
5770.0 2.4199747995280716
5790.0 2.3506458619673123
5810.0 2.457443302024223
5830.0 2.5369325070571995
5850.0 2.437532098138133
5870.0 2.3371882788369023
5890.0 1.9993939354209072
5910.0 2.2626985000330953
5930.0 2.310825628078591
5950.0 2.3894928810740903
5970.0 2.4361784783390887
5990.0 2.334563970361182
6010.0 2.394554118849857
6030.0 2.4576690702906725
6050.0 2.503278979483359
6070.0 2.5450771161280903
6090.0 2.4328484708385583
6110.0 2.493731819035164
6130.0 2.4335310978201043
6150.0 2.4733908601682586
6170.0 2.285580863248589
6190.0 2.329060231590028
6210.0 2.3972750387592567
6230.0 2.359743514421337
6250.0 2.348893598109835
6270.0 2.393537903847955
6290.0 2.485208375644936
6310.0 2.366590235786791
6330.0 2.496713404377892
6350.0 2.470693786317291
6370.0 2.499362964026016
6390.0 2.534264782672369
6410.0 2.541306778301237
6430.0 2.4448934881001434
6450.0 2.5090041835595174
6470.0 2.555090562864124
6490.0 2.4423897652147697
6510.0 2.522788933401796
6523.64 2.6285001984644842
6524.04 2.6173522878703994
6524.43 2.606481779182311
6524.82 2.5956099911583084
6525.22 2.5844581105013087
6525.61 2.5735837313653573
6526.0 2.5627080732522383
6526.4 2.5663657824468973
6526.79 2.580608476452844
6527.19 2.5952180441832273
6527.58 2.6094640070981914
6527.97 2.6237115835512124
6528.37 2.6383261584477014
6528.76 2.6525770028895392
6529.15 2.6431730958153827
6529.55 2.6199388637776257
6529.94 2.597282820596396
6530.0 2.5937970417926137
6530.34 2.5740431181614607
6530.73 2.551381741844271
6531.12 2.528717733082677
6531.52 2.505469861589637
6531.91 2.5098850141414992
6532.3 2.524941596970848
6532.7 2.540386017457011
6533.09 2.5554460544136837
6533.49 2.570894017260737
6533.88 2.5859575076938546
6534.27 2.6010227027678123
6534.67 2.5963131398423376
6535.06 2.5860130495534457
6535.46 2.5754475980835054
6535.85 2.565145058120476
6536.24 2.5548413089942295
6536.64 2.544272105222811
6537.03 2.533965907109318
6537.42 2.541005884242845
6537.82 2.5508438386129115
6538.21 2.5604369329132495
6538.6 2.5700311021200024
6539.0 2.5798723921628457
6539.39 2.58946873843745
6539.79 2.5993122611598305
6540.18 2.5979422952526856
6540.57 2.5959792206356624
6540.97 2.59396554962495
6541.36 2.5920019657946964
6541.76 2.5899877725626212
6542.15 2.588023679613935
6542.54 2.5860593353632426
6542.94 2.591489764124491
6543.33 2.5967850201182117
6543.72 2.60208085656638
6544.12 2.6075130866063905
6544.51 2.6128100986809497
6544.91 2.6182435343776813
6545.3 2.6229135067582106
6545.69 2.6200449746390335
6546.09 2.61710252176103
6546.48 2.614233270801534
6546.87 2.6113636650209826
6547.27 2.608420111054645
6547.66 2.605549786634255
6548.06 2.601486177608155
6548.45 2.5913390870888486
6548.84 2.5811908096400957
6549.24 2.570781087093582
6549.63 2.5606304056889386
6550.0 2.5509991751666266
6550.02 2.550478537687631
6550.42 2.5400651328687474
6550.81 2.529426907580987
6551.21 2.5165910978567987
6551.6 2.50407470890219
6551.99 2.4915568642744423
6552.39 2.4787165372738524
6552.78 2.466195744388358
6553.17 2.453673496237947
6553.57 2.4465261770857154
6553.96 2.454202772237441
6554.36 2.4620770882350462
6554.75 2.4697554091976226
6555.14 2.4774345820227324
6555.54 2.4853115415385316
6555.93 2.492992439688223
6556.33 2.492652329442099
6556.72 2.4774378396818295
6557.11 2.4622215889380503
6557.51 2.4466133487972566
6557.9 2.431393531433367
6558.29 2.4161719535799366
6558.69 2.400558250250165
6559.08 2.3879148310594727
6559.48 2.378752310069596
6559.87 2.369817796356645
6560.26 2.3608822403571827
6560.66 2.3517164849213237
6561.05 2.3427788179194584
6561.44 2.3338401089232517
6561.84 2.3244875824660984
6562.23 2.315188834129183
6562.63 2.3056505318881677
6563.02 2.2963495909575884
6563.41 2.287047567759111
6563.81 2.2775059070009402
6564.2 2.2682016918234638
6564.59 2.269101946958149
6564.99 2.2781141570565215
6565.38 2.2869020517899026
6565.78 2.295916292330533
6566.17 2.304706166558507
6566.56 2.313497017867745
6566.96 2.322514290508034
6567.35 2.3332552900899564
6567.75 2.345391958573744
6568.14 2.3572265496236096
6568.53 2.3690624628746653
6568.93 2.381203234441827
6569.32 2.3930418256210566
6569.71 2.4048817386294665
6570.0 2.4103438312334107
6570.11 2.41152073221547
6570.5 2.4156936696867217
6570.9 2.4199740730955126
6571.29 2.4241479222285016
6571.68 2.4283222213587994
6572.08 2.4326040212089426
6572.47 2.4367792317435395
6572.86 2.457914437562315
6573.26 2.4848126647752276
6573.65 2.5110414269701127
6574.05 2.537945788585175
6574.44 2.56418053125927
6574.83 2.5904182259068786
6575.23 2.617331748149584
6575.62 2.6180681023136585
6576.01 2.614166556505386
6576.41 2.610164484295776
6576.8 2.6062619893394876
6577.2 2.6022589437357673
6577.59 2.598355499808974
6577.98 2.5944515874685163
6578.38 2.605139852452516
6578.77 2.617153887394512
6579.16 2.629169258075989
6579.56 2.641494102608269
6579.95 2.653512178637768
6580.35 2.6658397976245674
6580.74 2.677860578492381
6581.13 2.6849706468589636
6581.53 2.6921312469724974
6581.92 2.6991136058452145
6582.31 2.7060967286137125
6582.71 2.7132596992651115
6583.1 2.720244369194184
6583.5 2.725720579202611
6583.89 2.7107569432620604
6584.28 2.695791587055492
6584.68 2.6804407169380737
6585.07 2.6654718765786187
6585.46 2.650501316435466
6585.86 2.6351451094483176
6586.25 2.621931689528939
6586.65 2.620657816449901
6587.04 2.619415621701827
6587.43 2.618173260605939
6587.83 2.6168988713127783
6588.22 2.615656173302529
6588.62 2.614381438488167
6589.01 2.6137772083159128
6589.4 2.615648392057664
6589.8 2.617567747636645
6590.0 2.6185274986229343
6590.19 2.619439307256059
6590.58 2.621311052408924
6590.98 2.62323098373929
6591.37 2.6251031046628155
6591.77 2.6229915233799517
6592.16 2.6105680745321282
6592.55 2.5981431975135285
6592.95 2.585398250473493
6593.34 2.572970480899139
6593.73 2.5605412835544117
6594.13 2.5477919058264313
6594.52 2.542886735273608
6594.92 2.5532959162903377
6595.31 2.5634460016917213
6595.7 2.5735972065448105
6596.1 2.5840098614683216
6596.49 2.5941633336096603
6596.88 2.6043179248877113
6597.28 2.6121197706425128
6597.67 2.6159038095630187
6598.07 2.619785291382125
6598.46 2.6235701419706587
6598.85 2.627355393199451
6599.25 2.6312381182940525
6599.64 2.635024180961526
6600.04 2.638189196322019
6600.43 2.6405010449824187
6600.82 2.642813128024527
6601.22 2.6451847386976164
6601.61 2.6474972964455623
6602.0 2.6498100885087044
6610.0 2.650604671581655
6630.0 2.6687688133846303
6650.0 2.621314480144487
6670.0 2.561262451873561
6690.0 2.648892293416378
6710.0 2.5991914892112957
6730.0 2.6123187562861805
6750.0 2.5232971957880466
6770.0 2.5855654134910186
6790.0 2.6099220141554613
6810.0 2.564280256933899
6830.0 2.5833200939825116
6850.0 2.4871055759887213
6870.0 2.5025925326644916
6890.0 2.553138707235127
6910.0 2.564743606132603
6930.0 2.5561865381547353
6950.0 2.630911962006978
6970.0 2.65755233712849
6990.0 2.6895869094659273
7010.0 2.6428383248207794
7030.0 2.6294773902886743
7050.0 2.7368454560744873
7070.0 2.609128267094071
7090.0 2.6310932179241875
7110.0 2.6074372926782847
7130.0 2.5539851136526757
7150.0 2.4812865103043924
7170.0 2.465452633052304
7190.0 2.4962744137191932
7210.0 2.567601864218382
7230.0 2.6241316440982034
7250.0 2.6946574886331893
7270.0 2.6704345828708402
7290.0 2.671079848268104
7310.0 2.755202188840891
7330.0 2.7738017835393856
7350.0 2.804381283848499
7370.0 2.7905365031039895
7390.0 2.809342966316079
7410.0 2.7747033287688505
7430.0 2.7809475644800816
7450.0 2.8678076866270152
7470.0 2.8786986495983884
7490.0 2.88724631510732
7510.0 2.9002704219559705
7530.0 2.9393314252597103
7550.0 2.9338881528570644
7570.0 2.890204173768982
7590.0 2.840832672305783
7610.0 2.810207046633859
7630.0 2.8231352463561636
7650.0 2.797535656573161
7670.0 2.713561601222415
7690.0 2.7283347390465504
7710.0 2.69487594780237
7730.0 2.726350610479121
7750.0 2.6469826020285616
7770.0 2.7002933356040066
7790.0 2.737494269302249
7810.0 2.7373150854429573
7830.0 2.822473938286331
7850.0 2.7671748889107084
7870.0 2.8069218378289715
7890.0 2.796418327951208
7910.0 2.7686839832828385
7930.0 2.73818529304513
7950.0 2.6896229905963525
7970.0 2.7660339188117806
7990.0 2.8335393632792676
8010.0 2.7986156307655343
8030.0 2.8781897747206333
8050.0 2.920973573942686
8070.0 2.9113869773998307
8090.0 2.8456229786314347
8110.0 2.839984505621833
8130.0 2.8909834112992265
8150.0 2.871455201372957
8170.0 2.8519593039038504
8190.0 2.7843791210380533
8210.0 2.8591036902156843
8230.0 2.777359330990207
8250.0 2.9196965407204942
8270.0 2.967772544519536
8290.0 2.8813372630434038
8310.0 2.845885735197751
8330.0 2.7782557264976915
8350.0 2.8434217628195406
8370.0 2.88854399956423
8390.0 2.8450164357270435
8410.0 2.8539701850328276
8430.0 2.8452131376013248
8450.0 2.706217311133177
8470.0 2.7958512390116885
8490.0 2.7874691438848065
8510.0 2.629602861762532
8530.0 2.6917025002252255
8550.0 2.760695278093458
8570.0 2.793522646860731
8590.0 2.80025903132554
8610.0 2.7801813486210385
8630.0 2.766549488408701
8650.0 2.7776038974882318
8670.0 2.7078061836482887
8690.0 2.677850515325586
8710.0 2.7186750531404953
8730.0 2.762376480674356
8750.0 2.7908775546357276
8770.0 2.7488408594385283
8790.0 2.737986584490155
8810.0 2.7970069826686608
8830.0 2.838632054740858
8850.0 2.8355501476806038
8870.0 2.8041898621481036
8890.0 2.6990968493060845
8910.0 2.7606588398365823
8930.0 2.777777654600411
8950.0 2.8002286065960793
8970.0 2.7429170315500926
8990.0 2.717794246067942
9010.0 2.6615001925841413
9030.0 2.67627353725617
9050.0 2.919785986981482
9070.0 2.7490932001348107
9090.0 2.763782156936126
9110.0 2.8257842089740124
9130.0 2.8762814225936766
9150.0 2.753505185816893
9170.0 2.7230225361602427
9190.0 2.7541737952488616
9210.0 2.7129726130151686
9230.0 2.639934659649519
9250.0 2.669236310809152
9270.0 2.7624345762880553
9290.0 2.7456561495958893
9310.0 2.690618461887781
9330.0 2.7917063562022375
9350.0 2.781575740676503
9370.0 2.7659999304961262
9390.0 2.7864581913431175
9410.0 2.7549633219187055
9430.0 2.784355994343791
9450.0 2.772332064331098
9470.0 2.7841931989695534
9490.0 2.7897093129462394
9510.0 2.7774127644193407
9530.0 2.7466687459585977
9550.0 2.7314445649265746
9570.0 2.7564075230867577
9590.0 2.7686310897589586
9610.0 2.746035960025216
9630.0 2.7497240486588197
9650.0 2.7255414311513277
9670.0 2.7205204936018426
9690.0 2.735541756425935
9710.0 2.7307517129748144
9730.0 2.7119017296166636
9750.0 2.702132292176404
9770.0 2.697931697466424
9790.0 2.682392463809679
9810.0 2.712322566969745
9830.0 2.7047140572828
9850.0 2.70703300443775
9870.0 2.6979135568607897
9890.0 2.6917845896565504
9910.0 2.684464989811515
9930.0 2.6753395654695624
9950.0 2.673275317518401
9970.0 2.671236444804963
9990.0 2.669183470210325
10025.0 2.644598949145481
10075.0 2.626405555043126
10125.0 2.6294517823269343
10175.0 2.6031485333679756
10225.0 2.6027267386666275
10275.0 2.596030861636066
10325.0 2.5760421327394427
10375.0 2.5630064716645338
10425.0 2.549800111327627
10475.0 2.536424729493299
10525.0 2.5209249874274198
10575.0 2.5001868809807455
10625.0 2.479245332421131
10675.0 2.458102329450985
10725.0 2.4384315359203
10775.0 2.4214118195402476
10825.0 2.4042208192424286
10875.0 2.3868601895496457
10925.0 2.370360901454205
10975.0 2.3553121436012776
11025.0 2.3401123415421226
11075.0 2.32476293855691
11125.0 2.3091541125345065
11175.0 2.293176959104201
11225.0 2.2770527647002097
11275.0 2.2607829210295787
11325.0 2.252301929144712
11375.0 2.246730243132814
11425.0 2.2410699914314702
11475.0 2.2353219981253067
11525.0 2.2260054716379223
11575.0 2.213464196416288
11625.0 2.2008067076777675
11675.0 2.1880340816688637
11725.0 2.174762921121924
11775.0 2.160235628544529
11825.0 2.1455894549076135
11875.0 2.130825491223155
11925.0 2.1174684903816545
11975.0 2.1058978347257624
12025.0 2.0942275286493306
12075.0 2.0824584762767504
12125.0 2.0730782150066456
12175.0 2.0654294773033155
12225.0 2.0577028411137435
12275.0 2.049899004444273
12325.0 2.0408326310052223
12375.0 2.031038243452091
12425.0 2.02116120086343
12475.0 2.0112022375696093
12525.0 2.0015504946437535
12575.0 1.9920270063702907
12625.0 1.9824261111106556
12675.0 1.9727484896431098
12725.0 1.9633407227238924
12775.0 1.954096975125587
12825.0 1.9447807405838664
12875.0 1.9353926501973482
12925.0 1.927158818739879
12975.0 1.9202591585300086
13025.0 1.9132992690574848
13075.0 1.9062796687387369
13125.0 1.8982034247069124
13175.0 1.8874251503858053
13225.0 1.8765755508998432
13275.0 1.8656552355172564
13325.0 1.8586971489572526
13375.0 1.854090960771866
13425.0 1.849438402596233
13475.0 1.844739865047275
13525.0 1.8393431581537516
13575.0 1.8324206208308733
13625.0 1.8254460016853402
13675.0 1.8184197359961343
13725.0 1.8097781163985907
13775.0 1.7997871799328702
13825.0 1.789736436931143
13875.0 1.7796263832199024
13925.0 1.770522014248171
13975.0 1.761744024038472
14025.0 1.7529128177738258
14075.0 1.7440288321216033
14125.0 1.735898544505777
14175.0 1.730525310740599
14225.0 1.7251118527790368
14275.0 1.7196584968163915
14325.0 1.7159939794530732
14375.0 1.7166385850540893
14425.0 1.7172629747116328
14475.0 1.7178673093758756
14525.0 1.7154244364316251
14570.0 1.7072684633333624
14620.0 1.698160670499215
14675.0 1.6880870997458253
14725.0 1.6821227554480216
14775.0 1.6845556938447255
14825.0 1.6869757045350577
14875.0 1.6893828878114638
14925.0 1.691153648510454
14975.0 1.6901585279496687
15025.0 1.6891414366066888
15075.0 1.6881025451516132
15125.0 1.6908738234151708
15175.0 1.6950490117697599
15225.0 1.6992171798490898
15275.0 1.7033783802552362
15325.0 1.7045804644384528
15375.0 1.7031735428320944
15425.0 1.7017451006801596
15475.0 1.7002953021775853
15525.0 1.6980502332029854
15575.0 1.6937529896516352
15625.0 1.689427626522111
15675.0 1.6850743570521252
15725.0 1.6779643131960964
15775.0 1.6695586259497366
15825.0 1.6611156097225162
15875.0 1.652635545641691
15925.0 1.647162063875978
15975.0 1.6481825875324647
16050.0 1.6496895608787976
16150.0 1.6489678786468243
16250.0 1.6461268226565842
16350.0 1.6389440301981912
16450.0 1.6229092600816701
16550.0 1.607046587383239
16650.0 1.5914444262281604
16750.0 1.574108863914487
16850.0 1.5551992098309342
16950.0 1.5356234202499983
17050.0 1.5155491376289105
17150.0 1.491635953073758
17250.0 1.4654706317060116
17350.0 1.444352106953307
17450.0 1.4257932181739688
17550.0 1.4046238065817582
17650.0 1.3820326572675021
17750.0 1.3619722966033192
17850.0 1.3433358994602504
17950.0 1.3226020521217283
18050.0 1.3003437629616363
18150.0 1.282135093250353
18250.0 1.267775494845511
18350.0 1.2530374098883414
18450.0 1.2378057130631235
18550.0 1.2195346779723981
18650.0 1.1942074272080596
18750.0 1.1754531916144626
18850.0 1.1613690257504508
18950.0 1.147080491615645
19050.0 1.1325387745790738
19150.0 1.116640137379174
19250.0 1.1000328538796227
19350.0 1.0804511037032916
19450.0 1.0573906668667075
19550.0 1.0424815044287439
19650.0 1.031486534089664
19750.0 1.0182946367910517
19850.0 1.0020657994392574
19950.0 0.9917055760163451
20050.0 0.9853383164885521
20150.0 0.9756853411331412
20250.0 0.9580977425206229
20350.0 0.9442174790051941
20450.0 0.9352863490521187
20550.0 0.924028895813881
20650.0 0.9108610921065239
20750.0 0.9004276082321876
20850.0 0.8914190776652039
20950.0 0.8823447496470804
21050.0 0.8731579349168082
21150.0 0.8634128500401637
21250.0 0.8525420979994565
21350.0 0.8421270504928231
21450.0 0.8325216844581764
21550.0 0.8215556502806266
21650.0 0.808542922707257
21750.0 0.7979150641820872
21850.0 0.7907904665753858
21950.0 0.7823340376867253
22050.0 0.771878512280921
22150.0 0.7615520568609446
22250.0 0.7514713235141881
22350.0 0.7420191144669397
22450.0 0.7339136519096463
22550.0 0.7248254997268149
22650.0 0.7129939212493638
22750.0 0.6872451558301046
22850.0 0.6554386375535749
22950.0 0.6414959576672045
23050.0 0.6394722393151331
23150.0 0.6219272666427567
23250.0 0.5876737910175444
23350.0 0.5591882971550253
23450.0 0.5417634275235442
23550.0 0.5395597848605842
23650.0 0.5430385992645207
23750.0 0.5339184321556014
23850.0 0.5147187948823737
23950.0 0.4996749341531387
24050.0 0.49194579270281175
24150.0 0.4886205244493882
24250.0 0.4871263543582123
24350.0 0.48057666745046734
24450.0 0.4684970654624141
24550.0 0.4587125621957183
24650.0 0.4567129559297919
24750.0 0.44174734108183134
24850.0 0.4152259457595337
24950.0 0.39460325845264904
25050.0 0.39237958901474823
25150.0 0.3920397688866519
25250.0 0.39346780175726026
25350.0 0.39288650830731675
25450.0 0.39172293897553184
25550.0 0.3921304848083754
25650.0 0.3945564471230281
25750.0 0.3933186565047652
25850.0 0.3902716278927434
25950.0 0.3876400406079765
26050.0 0.386019931170372
26150.0 0.38273115460531204
26250.0 0.37775045739290763
26350.0 0.37496703401455184
26450.0 0.3731775460407116
26550.0 0.3708643949975484
26650.0 0.36704107224603194
26750.0 0.363628940315678
26850.0 0.3607948834348668
26950.0 0.3577459427429722
27050.0 0.3545303049414576
27150.0 0.3517491529076774
27250.0 0.34914852942174235
27350.0 0.34645425772902233
27450.0 0.34339800410865495
27550.0 0.3401150939188918
27650.0 0.33631784309585044
27750.0 0.33302632596386694
27850.0 0.3305171341227389
27950.0 0.3276637561095501
28050.0 0.3244280293420798
28150.0 0.32123962525926364
28250.0 0.3180907275249799
28350.0 0.31498745557174446
28450.0 0.3119136165192173
28550.0 0.3086692639203195
28650.0 0.3053221627116758
28750.0 0.3024897375048691
28850.0 0.2999243565441995
28950.0 0.296947828673316
29050.0 0.2937634240969187
29150.0 0.29085760391839716
29250.0 0.28808881370177575
29350.0 0.28516138530211815
29450.0 0.2821457932407091
29550.0 0.27956825396341356
29650.0 0.27725756416374897
29750.0 0.27462870050114324
29850.0 0.2717640807046735
29950.0 0.2690933788476124
30050.0 0.2666032696138111
30150.0 0.26414085881373645
30250.0 0.2617141897948665
30350.0 0.2594089016849216
30450.0 0.25732465456490966
30550.0 0.25496474716807566
30650.0 0.25181683233597174
30750.0 0.24942389582790478
30850.0 0.24716223414989846
30950.0 0.2449437602602976
31050.0 0.2427393864701995
31150.0 0.24071554114035867
31250.0 0.23866662339489816
31350.0 0.23653426646110162
31450.0 0.2342901236610412
31550.0 0.231779497642846
31650.0 0.22850006650504356
31750.0 0.22633217358774949
31850.0 0.2244385275397219
31950.0 0.22243507724669445
32100.0 0.21932326325290727
32300.0 0.21527645817357793
32500.0 0.20990696184352373
32700.0 0.20649570615399346
32900.0 0.20356773085411906
33100.0 0.1990116366395421
33300.0 0.1938820226284921
33500.0 0.188943874504221
33700.0 0.18522807770762595
33900.0 0.18161970959962614
34100.0 0.17673607827778895
34300.0 0.1736640521493076
34500.0 0.1694875171515489
34700.0 0.16657259281222883
34900.0 0.1626016328939257
35100.0 0.1598402627372951
35300.0 0.1557108384425695
35500.0 0.1533853380888091
35700.0 0.14946975442261154
35900.0 0.1460359155461858
36100.0 0.14389098649310417
36300.0 0.14054006905227107
36500.0 0.13798790085781829
36700.0 0.13475782769866282
36900.0 0.13137750132615944
37100.0 0.1292656269312014
37300.0 0.12657100993154025
37500.0 0.1235248790170879
37700.0 0.12200222810805131
37900.0 0.11931282374076815
38100.0 0.11692723338070189
38300.0 0.11530611837307268
38500.0 0.11284703688762543
38700.0 0.11025347036041909
38900.0 0.10807750392221846
39100.0 0.10642969865554203
39300.0 0.1043904858735532
39500.0 0.10206547754826863
39700.0 0.09998580112231029
39900.0 0.0976167415877397
40100.0 0.09601145638170012
40300.0 0.09475077256468034
40500.0 0.09279225781451438
40700.0 0.0911618049804633
40900.0 0.0896097448256833
41100.0 0.08789867094099273
41300.0 0.08638661576152375
41500.0 0.08473411127142001
41700.0 0.08324284886876548
41900.0 0.0821875467464942
42100.0 0.08074476126465106
42300.0 0.07953797416391503
42500.0 0.0781065981275808
42700.0 0.07680997487757525
42900.0 0.07385434465058113
43100.0 0.0708257201778171
43300.0 0.07042537616052517
43500.0 0.0676339767174895
43700.0 0.07229949765958703
43900.0 0.07175412032289696
44100.0 0.0706827954436524
44300.0 0.06961186935920527
44500.0 0.06854021153195324
44700.0 0.06754265955474131
44900.0 0.06656044432506696
45100.0 0.06557786214897224
45300.0 0.06459939731705593
45500.0 0.06364412028139481
45700.0 0.06274381395057148
45900.0 0.061843506557948326
46100.0 0.0609428266746097
46300.0 0.060042641184992335
46500.0 0.059204863163559815
46700.0 0.05837816821068113
46900.0 0.05755264380633704
47100.0 0.05672837242198744
47300.0 0.05591516578538742
47500.0 0.055158357729183045
47700.0 0.0544015138674205
47900.0 0.053644316356606686
48100.0 0.05288695026598378
48300.0 0.05215950569555796
48500.0 0.05146566278271082
48700.0 0.05077123950378342
48900.0 0.05007709495685344
49100.0 0.04938981605100919
49300.0 0.04872632949856008
49500.0 0.04809004644244698
49700.0 0.047453821171576496
49900.0 0.04681688810030795
50100.0 0.0461840943415378
50300.0 0.04558323687937142
50500.0 0.0449990025948425
50700.0 0.04441506388536975
50900.0 0.04383157552928624
51100.0 0.04324784012651801
51300.0 0.042698514668410265
51500.0 0.04216342188263265
51700.0 0.04162803103431556
51900.0 0.041092402230644046
52100.0 0.04055819672723042
52300.0 0.040048487683136895
52500.0 0.0395574277856881
52700.0 0.03906615600320998
52900.0 0.038575056012141916
53100.0 0.03808434026778147
53300.0 0.03760914913422829
53500.0 0.037158414420333394
53700.0 0.03670801149232916
53900.0 0.03625723091951138
54100.0 0.03580716810357376
54300.0 0.035360128667030866
54500.0 0.034946038182887613
54700.0 0.03453277821693646
54900.0 0.03411967256301631
55100.0 0.03370643103496348
55300.0 0.03329344280874815
55500.0 0.032901792424225966
55700.0 0.03252227323319807
55900.0 0.03214324510020389
56100.0 0.03176467406893226
56300.0 0.03138582157085752
56500.0 0.031012482632088396
56700.0 0.03066209836173014
56900.0 0.0303140317361905
57100.0 0.029966285009179867
57300.0 0.029618528009556014
57500.0 0.02927108119553794
57700.0 0.028935945026198808
57900.0 0.028616810669363862
58100.0 0.028297804904187353
58300.0 0.027978837387678496
58500.0 0.027659512221292214
58700.0 0.027340355754936835
58900.0 0.027039771043344395
59100.0 0.026746737923152204
59300.0 0.026454295482257372
59500.0 0.026161356563932054
59700.0 0.025868543350073582
59900.0 0.025576053729257992
60100.0 0.025302887219282776
60300.0 0.025033980285346577
60500.0 0.02476583974384011
60700.0 0.02449717879173689
60900.0 0.024228603333403643
61100.0 0.023961742251442795
61300.0 0.02370924316382739
61500.0 0.02346276414934988
61700.0 0.023216034572477125
61900.0 0.022969955147462678
62100.0 0.02272328871403638
62300.0 0.022476581564273117
62500.0 0.022244474687593982
62700.0 0.022018548262802275
62900.0 0.02179240362492927
63100.0 0.021565653051753602
63300.0 0.02133956586661397
63500.0 0.021113557660979394
63700.0 0.020895639890873313
63900.0 0.020688211247893648
64200.0 0.020376785141412283
64600.0 0.019961650152301117
65000.0 0.019556791627463946
65400.0 0.019175965894074744
65800.0 0.018794203741703572
66200.0 0.01841579529968913
66600.0 0.018065408477873204
67000.0 0.01771574487750985
67400.0 0.017365578353441942
67800.0 0.01703732466159157
68200.0 0.016716319617637573
68600.0 0.016395336806080775
69000.0 0.016083791297009084
69400.0 0.01578947262309941
69800.0 0.01549445907582074
70200.0 0.015200613587757966
70600.0 0.014927273712715645
71000.0 0.014656879780781834
71400.0 0.014386261837814763
71800.0 0.014124961955268944
72200.0 0.013876641209930138
72600.0 0.013627864792252989
73000.0 0.013379044929362795
73400.0 0.01314756543767364
73800.0 0.012919669697368808
74200.0 0.012691410068251724
74600.0 0.012466655710744878
75000.0 0.012257454301278269
75400.0 0.012047817108849316
75800.0 0.011838421992743552
76200.0 0.011637107588439883
76600.0 0.011444201542087444
77000.0 0.011251856265898677
77400.0 0.011059571216000689
77800.0 0.010877681612629938
78200.0 0.010700902751397573
78600.0 0.010523976758520893
79000.0 0.010347924089753623
79400.0 0.010182024322241145
79800.0 0.010020032224201952
80200.0 0.009857718958571089
80600.0 0.009695694174089489
81000.0 0.009544129198059376
81400.0 0.009395033844110418
81800.0 0.009245866331278536
82200.0 0.009097640576101912
82600.0 0.008957838786158826
83000.0 0.008820670318119788
83400.0 0.008683638995377477
83800.0 0.008546774740573181
84200.0 0.008417459312779714
84600.0 0.008292116288117662
85000.0 0.008166183600090545
85400.0 0.008040396836293894
85800.0 0.007919596567832705
86200.0 0.007804029756553461
86600.0 0.007688542950060401
87000.0 0.0075730230616803985
87400.0 0.007459678415618336
87800.0 0.007353272582909804
88200.0 0.007247171957070129
88600.0 0.007141039480507844
89000.0 0.00703488788947355
89400.0 0.00693596456064848
89800.0 0.006838479144180425
90200.0 0.0067409636139438445
90600.0 0.006643434201312994
91000.0 0.006548982320268302
91400.0 0.006459398077442464
91800.0 0.006369760038211843
92200.0 0.006280207760044739
92600.0 0.006190621644490874
93000.0 0.006107115773786077
93400.0 0.006024759094619963
93800.0 0.005942473833899151
94200.0 0.0058601668455868505
94600.0 0.005779240312425955
95000.0 0.005703559403910061
95400.0 0.0056279263674347945
95800.0 0.005552221330821678
96200.0 0.005476619818494217
96600.0 0.005403899471130785
97000.0 0.005334348195515869
97400.0 0.0052648424894857476
97800.0 0.0051953350618788256
98200.0 0.005125825275462723
98600.0 0.005059987409469337
99000.0 0.004996068702827539
99400.0 0.004932159488757708
99800.0 0.004868259573436422
100200.0 0.004804622160389213
100400.00000000009 0.004773758830523939
100748.43066198383 0.004722557213309777
101098.07052641988 0.0046712482344995815
101448.92378975474 0.004619714284964022
101800.9946629978 0.004568011279873235
102154.28737177301 0.0045161516535095906
102508.80615636887 0.004466462124970438
102864.55527178946 0.0044184513741151385
103221.53898780573 0.004370292686716672
103579.76158900595 0.004321965606573191
103939.22737484834 0.00427345499013912
104299.94065971187 0.004224967767097065
104661.9057729482 0.004179256571355528
105025.12705893395 0.004134161300065864
105389.60887712192 0.004088953137784015
105755.35560209466 0.004043617870282877
106122.37162361621 0.003998045664676098
106490.66134668495 0.0039532718659092084
106860.22919158668 0.003910717894702413
107231.07959394684 0.0038684140500286385
107603.217004785 0.003825994590569574
107976.64589056744 0.0037833998236786737
108351.370733261 0.0037406325242813052
108727.39603038708 0.003699245684789204
109104.72629507471 0.003659674714932514
109483.36605611602 0.0036199474465128637
109863.31985801981 0.0035801449093649544
110244.59226106624 0.0035401559834461376
110627.1878413618 0.0035002066521519206
111011.11119089334 0.0034620643623990304
111396.36691758451 0.0034249121406950034
111782.95964535022 0.0033876668682857724
112170.89401415233 0.003350258286151114
112560.17468005554 0.0033127087983727183
112950.80631528242 0.003275402443999946
113342.79360827077 0.0032402874257451792
113736.1412637291 0.003205417261564964
114130.85400269323 0.003170425679518258
114526.93656258319 0.0031353136226194385
114924.39369725919 0.0031000866486134986
115323.23017708007 0.003065496971265275
115723.45078895958 0.00303288053244497
116125.06033642414 0.0030001834181515607
116528.06363967061 0.0029673300706226317
116932.46553562334 0.002934391091263163
117338.27087799355 0.0029012843802790917
117745.48453733666 0.0028696045879364916
118154.11140111096 0.002838943445688077
118564.15637373661 0.0028081975164956402
118975.62437665339 0.0027773499242741114
119388.52034838134 0.0027463981938808915
119802.84924457902 0.002715361752197169
120218.61603810318 0.002686325080604328
120635.82571906883 0.0026575494297842615
121054.48329490799 0.0026286698889078594
121474.59379043133 0.0025997044009195783
121896.16224788758 0.0025706701591884317
122319.19372702412 0.002541941527528824
122743.69330514787 0.0025149047304015627
123169.6660771864 0.0024879055278501498
123597.11715574806 0.0024608258630813033
124026.0516711849 0.002433570232750851
124456.47477165324 0.0024063134783903315
124888.39162317566 0.0023798731393739653
125321.80740970328 0.0023545701505564643
125756.72733317701 0.002329212378219365
126193.15661359143 0.002303742846142439
126631.1004890565 0.0022781861125496126
127070.56421586059 0.002252650053945021
127511.55306853396 0.002228320356655382
127954.0723399109 0.0022045565532467777
128398.12734119488 0.002180778727187619
128843.72340202122 0.0021568584285373716
129290.86587052139 0.002132911404195155
129739.56011338736 0.00210910569427877
130189.81151593504 0.0020865877861449976
130641.62548217046 0.002064284613925558
131095.00743485359 0.0020418930859048266
131549.96281556363 0.002019469888409305
132006.49708476473 0.001996956313785744
132464.61572187033 0.0019748386699627437
132924.3242253105 0.001953909007915904
133385.628112597 0.0019330257106758841
133848.53292038973 0.0019119772454597808
134313.04420456337 0.001890888061631474
134779.167540273 0.0018697127509796272
135246.90852202274 0.0018494569898747026
135716.27276373174 0.001829869679074625
136187.2658988018 0.0018102036729423872
136659.8935801853 0.00179044809586003
137134.16148045196 0.0017706606063845698
137610.07529185852 0.0017507932023512764
138087.64072641605 0.0017321445233337849
138566.86351595866 0.001713731165819361
139047.7494122127 0.0016952821580005467
139530.30418686455 0.0016767448194000493
140014.53363163173 0.001658099996975135
140500.44355833106 0.0016396367656119383
140988.03979894897 0.0016224050801009354
141477.32820571162 0.001605089743319897
141968.3146511539 0.0015877403229717618
142461.00502819192 0.00157030297398072
142955.40525019236 0.0015528259712921748
143451.52125104374 0.0015358871785762652
143949.35898522806 0.001519676811327323
144448.924427891 0.0015034553910439506
144950.2235749154 0.0014871203659214554
145453.2624429921 0.0014707743811543002
145958.04706969234 0.0014543202769336414
146464.58351354074 0.0014387489379420009
146972.87785408652 0.001423584602356901
147482.9361919785 0.0014082616024283854
147994.76464903704 0.0013929744166198048
148508.36936832778 0.0013776065054678336
149023.7565142358 0.0013623222024234517
149540.9322725382 0.0013478663626119893
150059.90285048028 0.0013335526457205643
150580.6744768489 0.001319250319474389
151103.25340204738 0.0013048646698280817
151627.64589817091 0.001290384703829997
152153.85825908065 0.001276239061147094
152681.89680048096 0.00126276831270162
153211.76785999417 0.0012493615584892373
153743.47779723676 0.0012358560785836771
154277.0329938962 0.0012223237989554424
154812.43985380605 0.001208802339905699
155349.70480302497 0.00119577220749269
155888.8342899124 0.0011831335676207285
156429.8347852063 0.0011705218048612138
156972.71278210124 0.0011578411421463925
157517.47479632485 0.001145164599752863
158064.1273662182 0.0011324654095076364
158612.67705281274 0.001120442107453792
159163.1304399096 0.001108615291231226
159715.49413415877 0.0010967323194972776
160269.77476513712 0.0010848683598213814
160825.97898542997 0.0010729206066722667
161384.11347070962 0.0010610130150443002
161944.18491981577 0.0010499183844696898
162506.2000548363 0.0010388267058094715
163070.1656211866 0.0010276730388351842
163636.0883876925 0.0010164559351991571
164203.97514667013 0.0010052392733733227
164773.83271400793 0.0009943231941935227
165345.66792924836 0.0009839017691945552
165919.48765567035 0.0009734975966292684
166495.29878037024 0.0009630122875502586
167073.10821434658 0.0009525067470017898
167652.9228925817 0.000941901942549735
168234.74977412526 0.0009319343083461448
168818.59584217807 0.0009221176224886084
169404.46810417465 0.0009123231732740639
169992.37359186928 0.0009024498194344525
170582.3193614191 0.0008925749479232726
171174.31249346913 0.0008826989447132374
171768.3600932375 0.0008734548963245216
172364.46929059955 0.0008642451628981872
172962.64724017525 0.0008550072009047227
173562.90112141386 0.0008457970335944361
174165.23813868032 0.0008364502986980667
174769.6655213422 0.0008273833711072051
175376.19052385495 0.0008187012159640419
175984.8204258511 0.000810057757972801
176595.5625322263 0.0008013881929550686
177208.42417322725 0.0007926810646121524
177823.4127045401 0.0007839487329771316
178440.53550737724 0.0007755464217151239
179059.79998856818 0.000767442135691627
179681.21358064678 0.0007593144060962218
180304.7837419411 0.0007511589014428845
180930.51795666298 0.0007429769764910085
181558.42373499667 0.0007348135101478538
182188.508613191 0.000727043777669284
182820.7801536484 0.00071943131641645
183455.24594501613 0.0007117861153552403
184091.9136022776 0.0007041160873750784
184730.79076684228 0.0006964196253524607
185371.88510663982 0.0006888200158301195
186015.20431621035 0.0006816209034437289
186660.7561167974 0.0006744565258675092
187308.54825644082 0.0006672718620391784
187958.58851006837 0.0006600611590985284
188610.8846795912 0.0006528303387325073
189265.44459399607 0.0006457796461659853
189922.27610943964 0.0006390701647338292
190581.38710934314 0.0006323380862336218
191242.78550448545 0.0006255795261375052
191906.4792331004 0.0006187995242742952
192572.47626097052 0.0006119933360572855
193240.7845815229 0.0006055195397582303
193911.41221592567 0.0005992150925187923
194584.36721318262 0.0005928782446576076
195259.65765023217 0.0005865226595246847
195937.29163204285 0.0005801517472126615
196617.27729171072 0.0005737539456580587
197299.62279055765 0.0005678060037591474
197984.33631822755 0.0005618733277648903
198671.42609278703 0.0005559168530964764
199360.90036082253 0.0005499415436178263
200052.7673975396 0.0005439483433586691
200747.03550686277 0.00053803675301702
201443.7130215334 0.0005324739920924641
202142.80830321225 0.0005268928978905749
202844.3297425782 0.0005212934564644682
203548.28575942936 0.000515667568472256
204254.6848027845 0.0005100332097877204
204963.53535098286 0.0005045985569513348
205674.84591178835 0.0004993645977368304
206388.62502249 0.0004941204773402583
207104.88125000495 0.00048885081932538
207823.62319098154 0.00048356262979876917
208544.8594719008 0.00047827778745307404
209268.59874918268 0.00047327001092495384
209994.84970928813 0.0004683460487693558
210723.62106882382 0.0004634111780184822
211454.9215746472 0.0004584525552367514
212188.76000396966 0.0004534774743753567
212925.1451644646 0.00044857441359300986
213664.08589437135 0.0004439070578321717
214405.5910626017 0.0004392820180263543
215149.66956884676 0.00043463062768022
215896.33034368197 0.0004299737851226164
216645.5823486771 0.00042529862093506097
217397.43457650184 0.00042074326466863787
218151.8960510343 0.0004163982738211113
218908.9758274697 0.0004120411606079342
219668.68299242735 0.00040766693638426217
220431.02666406232 0.000403286512130294
221196.01599217302 0.0003988963459166214
221963.66015831166 0.00039469085880170765
222733.96837589474 0.0003906081598127936
223506.94989031187 0.0003865129979126165
224282.61397903945 0.00038239750489913566
225060.96995175022 0.00037827681931088545
225842.02715042542 0.00037416135623887745
226625.79494946744 0.00037028642585051837
227412.28275581042 0.00036644064549873324
228201.50000903595 0.00036258945396016
228993.45618148448 0.0003587228873012027
229788.16077836952 0.0003548404235515909
230585.62333789226 0.00035100476170668826
231385.85343135396 0.00034740823782459536
232188.8606632739 0.0003437919498690585
232994.65467150253 0.0003401653527992436
233803.24512733784 0.000336523337628791
234614.64173564175 0.00033287224738971045
235428.8542349548 0.0003293499627070698
236245.89239761574 0.00032596060438008756
237065.76602987712 0.00032255963121027555
237888.48497202326 0.0003191467079325288
238714.05909848903 0.0003157209381036908
239542.4983179762 0.00031228283283435117
240373.81257357553 0.0003090480796403069
241208.01184288395 0.00030586061848860205
242045.10613812497 0.0003026561352226952
242885.10550626923 0.0002994434798854594
243728.0200291531 0.0002962226465490035
244573.85982360275 0.0002930296462870202
245422.63504155353 0.00029001393372989894
246274.3558701723 0.0002870083478789848
247129.0325319802 0.0002839969162587273
247986.67528497343 0.00028097905210918605
248847.29442274923 0.0002779436343235333
249710.90027462755 0.0002749918006821807
250577.5032057754 0.0002722093346455043
251447.1136173319 0.00026943157705710397
252319.741946531 0.00026664417946954824
253195.39866682977 0.00026384710842794224
254074.09428803218 0.00026104033036129006
254955.83935641564 0.00025822381158209
255840.64445485763 0.0002554515217246078
256728.52020296326 0.0002528661637743431
257619.47725719062 0.00025027183353342164
258513.52631098175 0.00024766849986418107
259410.67809488898 0.0002450561315208993
260310.94337670426 0.00024243469714941836
261214.33296158884 0.00023980416528676652
262120.8576922009 0.0002372976212465766
263030.5284488288 0.00023488327160444886
263943.3561495196 0.0002324605431431571
264859.35175021074 0.00023002940678463853
265778.5262448618 0.00022758983334991568
266700.8906655845 0.00022514179355875182
267626.45608277834 0.00022268525802929113
268555.23360526125 0.00022042112877444938
269487.23438040353 0.00021816599526870126
270422.46959426196 0.00021590303549143532
271360.9504717122 0.0002136322222821664
272302.6882765867 0.00021135352838614688
273247.69431180746 0.0002090669264540453
274195.97991952254 0.0002068285534055963
275147.55648124265 0.00020472961309046792
276102.4354179754 0.00020262338856056523
277060.6281903659 0.00020050985453656664
278022.1462988321 0.00019838898565142143
278987.001283703 0.00019626075645004493
279955.20472535834 0.00019412514138901095
280926.7682443648 0.0001921070616064554
281901.7035016192 0.0001901554865568651
282880.0221984859 0.00018819713871258924
283861.73607693805 0.00018623199456915227
284846.856919699 0.0001842600305405071
285835.39655038144 0.00018228122295875642
286827.3668336328 0.0001802955480738618
287822.7796752752 0.00017848782227799224
288821.64702244906 0.00017667687862814188
289823.9808637571 0.00017485965023431905
290829.79322940577 0.00017303611528579364
291839.0961913531 0.00017120625189614023
292851.90186345164 0.0001693700381029788
293868.22240159387 0.00016758225201438204
294888.0700038592 0.00016589614653747853
295911.45691065746 0.00016420418955811109
296938.39540488017 0.00016250636076907844
297968.8978120446 0.00016080263979270632
299002.9765004432 0.00015909300618060073
300040.643881292 0.00015737743941340228
301081.9124088775 0.00015576060172335242
302126.7945807098 0.0001541850457516143
303175.3029376698 0.00015260402193116872
304227.45006416074 0.00015101751128625737
305283.2485882598 0.00014942549477526686
306342.71118186694 0.0001478279532905042
307405.8505608609 0.0001462311519257848
308472.6794852493 0.0001447640902179302
309543.21075932245 0.00014329193718256526
310617.4572318076 0.0001418146751506192
311695.4317960206 0.00014033228639170474
312777.1473900245 0.00013884475311390005
313862.6169967824 0.0001373520574635384
314951.8536443137 0.0001359067067781341
316044.87040585116 0.00013453583867673824
317141.68039999536 0.0001331602130805219
318242.2967908759 0.00013177981347895564
319346.7327883069 0.0001303946233042123
320455.0016479461 0.00012900462593096743
321567.116671454 0.00012760980467619944
322683.09120665427 0.00012630481294172548
323802.93864769104 0.00012502661290224987
324926.672435194 0.00012374397696550423
326054.30605643673 0.00012245688973704026
327185.8530454994 0.00012116533576898423
328321.326983432 0.0001198692995598509
329460.74149841425 0.00011858194679283454
330604.11026592366 0.00011740207237862441
331751.4470088968 0.0001162181032988445
332902.76549789455 0.00011503002534326545
334058.07955126825 0.00011383782425234154
335217.40303532267 0.0001126414857170426
336380.74986448674 0.00011144099537867773
337548.13400147745 0.00012219602636003675
338719.56945746863 0.00014711141059382127
339895.07029225933 0.00017211326179796059
341074.65061444003 0.00019720188004955345
342258.32458156615 0.00022237756646713877
343446.10640032514 0.0002476406232142501
344638.0103267076 0.00027299135350305516
345834.0506661794 0.0
347034.2417738501 0.0
348238.5980546498 0.0
349447.1339634991 0.0
350659.8640054834 0.0
351876.8027360276 0.0
353097.96476106776 0.0
354323.3647372312 0.0
355553.01737200917 0.0
356786.93742393394 0.0
358025.13970275706 0.0
359267.6390696242 0.0
360514.4504372573 0.0
361765.5887701314 0.0
363021.06908465445 0.0
364280.90644934855 0.0
365545.1159850277 0.0
366813.7128649837 0.0
368086.7123151656 0.0
369364.1296143627 0.0
370645.98009438923 0.0
371932.2791402647 0.0
373223.04219040385 0.0
374518.28473679814 0.0
375818.0223252031 0.0
377122.2705553253 0.0
378431.04508100665 0.0
379744.36161041673 0.0
381062.23590623855 0.0
382384.6837858583 0.0
383711.7211215558 0.0
385043.36384069227 0.0
386379.62792590604 0.0
387720.529415301 0.0
389066.08440264023 0.0
390416.3090375398 0.0
391771.21952565934 0.0
393130.8321289014 0.0
394495.16316560353 0.0
395864.22901073477 0.0
397238.0460960931 0.0
398616.63091049937 0.0
400000.0000000001 0.0
