91.0 0.0
94.0 0.0
96.0 0.0
98.0 0.0
100.0 0.0
102.0 1.0686558813820242e-08
104.0 1.3351171194454258e-08
106.0 1.7436755364379334e-08
108.0 2.307728417872715e-08
110.0 3.5124178753163295e-08
114.0 5.5281028615674195e-08
118.0 8.771452432172758e-08
121.0 2.906196258092836e-07
125.0 3.9891259034149646e-07
127.0 4.5506519065657063e-07
128.0 4.863288840237702e-07
131.0 5.833528866874045e-07
132.0 6.968870077593156e-07
134.0 7.731338398491832e-07
137.0 1.0392953693918133e-06
140.0 1.207490745219488e-06
143.0 3.100455491085316e-06
147.0 7.53244872833741e-06
151.0 8.837729295565e-06
155.0 1.0483296072444457e-05
159.0 1.2335947377277816e-05
162.0 1.3877314717732004e-05
166.0 1.6221274484893656e-05
170.0 1.872627226127178e-05
173.0 2.072454785224073e-05
177.0 2.3580296740663198e-05
180.0 2.6021942292708217e-05
182.0 2.770101349834356e-05
186.0 3.141824104752345e-05
191.0 3.607646540461716e-05
194.0 3.984248666326641e-05
198.0 4.415913651757118e-05
202.0 4.90602174810458e-05
205.0 5.3140036039111836e-05
210.0 5.729935444053244e-05
216.0 6.877846082377834e-05
220.0 7.561199068492791e-05
223.0 7.969459622504446e-05
227.0 8.71464322794827e-05
230.0 0.00014087699681327449
234.0 0.0002374712159887327
240.0 0.0003113199937470308
246.0 0.00031771954297746247
252.0 0.0003517787171181997
257.0 0.00031480979935801797
260.0 0.0003613415361447354
264.0 0.0003960514408889115
269.0 0.0004115158162741624
274.0 0.00042543619427296426
279.0 0.0004395430976480067
284.0 0.00045384908241876765
290.0 0.00045045138783631074
296.0 0.0004761579185391623
301.0 0.00048289419696805194
308.0 0.000508631906075126
318.0 0.00054573477675566
328.0 0.0005719558340937169
338.0 0.0005931705885227359
348.0 0.0006119918554514176
357.0 0.0006349908742413731
366.0 0.0006669991639898129
375.0 0.000687651089624267
385.0 0.000685137536493227
395.0 0.0007515755043778926
405.0 0.0008061490323524645
414.0 0.0008401786799079724
422.0 0.0008623548242423349
430.0 0.0008905184324743822
441.0 0.000987305350475467
451.0 0.0010557292537654588
460.0 0.0010866910968838626
470.0 0.001166408162107486
480.0 0.0013172669915696587
490.0 0.0013321116954819656
500.0 0.0015837677770086764
506.0 0.001582212967722535
512.0 0.002208779359646408
520.0 0.0023381499538882985
530.0 0.0024581618939405843
540.0 0.0023820647112143436
550.0 0.0026081488362114037
560.0 0.003405772508620461
570.0 0.004092218364502321
580.0 0.004357194718562573
590.0 0.004878623854074757
600.0 0.004726622154278474
610.0 0.004937390741402354
620.0 0.0065448060965703145
630.0 0.006812134213625492
640.0 0.007855358896205833
650.0 0.008319957262689392
658.0 0.00831598451412009
665.0 0.00965949650037853
675.0 0.010629417512412136
685.0 0.010173029328194132
695.0 0.012159729900892537
705.0 0.011140847662147152
716.0 0.014559182430408595
726.0 0.015583562675457829
735.0 0.016398565381199666
745.0 0.0170421089669774
755.0 0.01792006158384985
765.0 0.01747817343600355
775.0 0.0201095603921348
785.0 0.020096895059407486
795.0 0.022181792167923806
805.0 0.023857728323815858
815.0 0.02495931897373366
825.0 0.026659697749727675
835.0 0.023079299275724677
845.0 0.028676723993090233
855.0 0.02935980581184629
865.0 0.031402992201077465
875.0 0.033007447219706734
885.0 0.034538151182416155
895.0 0.03618630992241991
905.0 0.036897851500285093
915.0 0.039228917381681876
925.0 0.11444782876559932
935.0 0.22981457987317436
945.0 0.35969729189726496
955.0 0.46337869496909256
965.0 0.5327880310667341
975.0 0.18260505508670882
985.0 0.4724038335977588
995.0 0.4982256368718943
1005.0 0.6529008066125156
1015.0 0.6514473820993153
1025.0 0.3548593836732004
1035.0 0.5002583580318275
1045.0 0.8363113271518385
1055.0 0.8529539670638453
1065.0 0.7087540826964052
1075.0 0.818092708865986
1085.0 0.6845346271854024
1095.0 0.8636914569739059
1105.0 0.8396797244425593
1115.0 0.8224549848771909
1125.0 0.7496956842060859
1135.0 0.8960286091214449
1145.0 0.8570156937773746
1155.0 0.8942173256039124
1165.0 0.9154682719753924
1175.0 0.678248170941259
1185.0 0.8798379610907104
1195.0 0.6869851892246249
1205.0 0.5603299166269049
1208.72 0.49945898318479
1208.8 0.4979961591815619
1208.87 0.4967161470309331
1208.94 0.4954360964906238
1209.02 0.49397313459793635
1209.09 0.4926930018420306
1209.16 0.4914128307412211
1209.23 0.4901326213097496
1209.31 0.4886694778993783
1209.38 0.48738918637865564
1209.45 0.4861088565719581
1209.53 0.4846455756445916
1209.6 0.48336516384433315
1209.67 0.48208471380271095
1209.75 0.480621295518615
1209.82 0.4793407635789762
1209.89 0.4780601934425255
1209.96 0.4767795851234324
1210.04 0.47531598602265046
1210.11 0.4740352959312545
1210.18 0.47275456770167035
1210.26 0.47129083161474816
1210.33 0.4700100217080697
1210.4 0.4687291737075977
1210.47 0.4674482876274521
1210.55 0.4659843712114877
1210.62 0.46470340357951917
1210.69 0.4634223979121746
1210.77 0.46195834487935516
1210.84 0.46067725775506085
1210.91 0.45939613263962925
1210.99 0.45793194314885255
1211.06 0.45665073667119627
1211.13 0.45536949224657414
1211.2 0.45408820988903487
1211.28 0.452623840764231
1211.35 0.45134247716910786
1211.42 0.45006107568514214
1211.5 0.4485965704698076
1211.57 0.4473150878426537
1211.64 0.44603356737067335
1211.72 0.4445689262229062
1211.79 0.4432873247019862
1211.86 0.44200568538019264
1211.93 0.44072400827149144
1212.01 0.43925918818121423
1212.08 0.4379774301475907
1212.15 0.4366956343709207
1212.23 0.43523067871378773
1212.3 0.43394880210611203
1212.37 0.4326668877991882
1212.44 0.43138493580693266
1212.52 0.429919801688338
1212.59 0.42863776898865796
1212.66 0.427355698647353
1212.74 0.425890429326193
1212.81 0.4246082783710496
1212.88 0.42332608981792147
1212.96 0.42186068545094507
1213.03 0.4205784163774224
1213.1 0.4192961097494932
1213.17 0.41801376558100417
1213.25 0.41654818343818073
1213.32 0.4152657588722559
1213.39 0.4139832968092577
1213.47 0.41251757998307476
1213.54 0.41123503761575597
1213.61 0.4099524577947887
1213.69 0.40848660644120177
1213.76 0.40720394640888313
1213.83 0.40592124896627063
1213.9 0.40463851412714097
1213.98 0.4031724856798753
1214.05 0.40188967075173865
1214.12 0.40060681847035673
1214.2 0.3991406558563196
1214.27 0.3978577235785729
1214.34 0.3965747539907832
1214.41 0.39529174710667836
1214.49 0.3938254078735043
1214.56 0.39254232111494847
1214.63 0.3916960577464616
1214.71 0.39372453244008093
1214.78 0.39549949916238897
1214.85 0.3972745138072493
1214.93 0.39930316063086957
1215.0 0.40107827790755535
1215.07 0.40285344305141124
1215.14 0.40462865604483966
1215.22 0.4066575294632012
1215.29 0.40843284493217197
1215.36 0.4102082081954399
1215.44 0.41223725328313066
1215.51 0.41401271890360314
1215.58 0.41578823226318806
1215.66 0.41781744882198885
1215.73 0.419593064420617
1215.8 0.42136872770325806
1215.87 0.4231444386523982
1215.95 0.42517388093896485
1216.02 0.42694969397166765
1216.09 0.4287255546158818
1216.17 0.43075516791523566
1216.24 0.43253113052527226
1216.31 0.43430714069191695
1216.38 0.4360831983977242
1216.46 0.43811303682176295
1216.53 0.4398891963384607
1216.6 0.44166540333952337
1216.68 0.443695412319666
1216.75 0.44547172101430427
1216.82 0.4472480771386002
1216.9 0.44927825647834063
1216.97 0.4510547141790724
1217.04 0.45283121925483827
1217.11 0.45460777168827626
1217.19 0.45663817529322126
1217.26 0.4584148291489585
1217.33 0.4601915303078553
1217.41 0.4622221038180378
1217.48 0.4639989062825115
1217.55 0.46577575599571636
1217.63 0.4678064992156379
1217.7 0.4695834501178771
1217.77 0.4713604482145025
1217.84 0.4731374934882401
1217.92 0.4751684601182623
1217.99 0.47694560642768397
1218.06 0.4787227998599834
1218.14 0.4807539357477009
1218.21 0.48253123009955723
1218.28 0.4843085715201404
1218.35 0.4860859599922379
1218.43 0.48811731869524294
1218.5 0.4898948079340937
1218.57 0.49167234417041766
1218.65 0.4937038716806855
1218.72 0.49548150856804934
1218.79 0.4972591923989286
1218.87 0.4992908885226454
1218.94 0.5010686728890352
1219.01 0.5028465041450598
1219.08 0.5046243822736002
1219.16 0.5066563003648993
1219.23 0.5084342788769199
1219.3 0.510212304207691
1219.38 0.512244390464309
1219.45 0.5140225160634369
1219.52 0.5158006884276325
1219.6 0.5178329426567438
1219.67 0.5196112151743559
1219.74 0.5213895344034298
1219.81 0.5231679003269338
1219.89 0.5252003756802387
1219.96 0.5269788416059041
1220.03 0.5287573541725084
1220.11 0.530789997052456
1220.18 0.532568609506691
1220.25 0.5343472685484502
1220.32 0.5361259741607624
1220.4 0.5381588375782398
1220.47 0.539937642927467
1220.54 0.5417164947939466
1220.62 0.5437495252938056
1220.69 0.5455284767830781
1220.76 0.5473074747363786
1220.84 0.5493406721274721
1220.91 0.5511197695896135
1220.98 0.552898913462646
1221.05 0.5546781037296855
1221.13 0.556711520822212
1221.2 0.5584908104481449
1221.27 0.5602701464150558
1221.35 0.5623037299568152
1221.42 0.5640831651690792
1221.49 0.5658626466693684
1221.57 0.5678963964701885
1221.64 0.5696759771024598
1221.71 0.5714556039698901
1221.78 0.5732352770556816
1221.86 0.5752692457260957
1221.93 0.5770490177946922
1222.0 0.5788288360288858
1222.08 0.5808629705186186
1222.15 0.5826428876226499
1222.22 0.584422850839601
1222.29 0.5862028601527334
1222.37 0.5882372129334345
1222.44 0.5900173209677597
1222.51 0.5917974750456901
1222.59 0.5938319932075355
1222.66 0.5956122458940949
1222.73 0.5973925445717695
1222.81 0.5994272279262262
1222.88 0.6012076251001387
1222.95 0.6029880682127583
1223.02 0.6047685572474322
1223.1 0.6068034580682161
1223.17 0.6085840454512406
1223.24 0.6103646787040112
1225.0 0.655149912148393
1235.0 0.9381603343600572
1245.0 1.0045578038853469
1255.0 0.9767332063293006
1265.0 0.8967986961559941
1275.0 1.0857869945582435
1285.0 1.1056940204148458
1295.0 0.949321781915367
1305.0 0.9487460629594091
1315.0 1.1196477280272874
1325.0 1.0877092380133995
1335.0 0.9955166976471891
1345.0 1.1343252528852705
1355.0 1.098389923904476
1365.0 1.0254512361182138
1375.0 1.0513287900450068
1385.0 1.0609069853445758
1395.0 0.8969107757707947
1405.0 0.9209330781672825
1415.0 1.0064202103299276
1425.0 1.0169964993130145
1435.0 1.0322438277636599
1442.0 1.0635906328777651
1447.0 1.0805931862561415
1455.0 1.045852336003327
1465.0 0.9924561424357196
1475.0 0.9972754328740684
1485.0 1.013409339499628
1495.0 1.0197523284769516
1505.0 0.9735756152491324
1512.0 0.8949065539528376
1517.0 0.9300819733067164
1525.0 0.9241303996414059
1535.0 0.8239272996219691
1545.0 0.8300996052851757
1555.0 0.8095083407352502
1565.0 0.8493585488943567
1575.0 0.9002148325345708
1585.0 0.9330890950746419
1595.0 0.9536033468719676
1605.0 0.9348527412420032
1615.0 0.9336289827722536
1625.0 0.9091327715656928
1635.0 0.9524164474156195
1645.0 0.9608865543239649
1655.0 0.9202145162329783
1665.0 0.9759011969919242
1672.0 0.896125495183346
1677.0 0.9942326794340264
1685.0 1.0141739452668794
1695.0 0.971832929903079
1705.0 0.9332593803833971
1715.0 0.8981363838301588
1725.0 0.8940846586082786
1735.0 0.9387710645575343
1745.0 0.9279298712578189
1755.0 0.9663559805595154
1765.0 0.9097801007591412
1775.0 0.917232532273868
1785.0 0.9383022215071944
1795.0 0.9727592634222714
1805.0 0.975184633119884
1815.0 0.9141884261424286
1825.0 0.9282318316615418
1835.0 0.8983283442111858
1845.0 0.8499539514800124
1855.0 0.8449088258856826
1865.0 0.8711661426365755
1875.0 0.9098339334637274
1885.0 0.8584887840458704
1895.0 0.8277512223879793
1905.0 0.8648145751443927
1915.0 0.8429130971305479
1925.0 0.8197741255756655
1935.0 0.8508110760199329
1945.0 0.8702406847137242
1955.0 0.8285053710911844
1967.0 0.8926244023397586
1976.0 0.9042682017844454
1984.0 0.8683309820192887
1995.0 0.8514430253506347
2005.0 0.8664739708627717
2015.0 0.8523362305089334
2025.0 0.880819672281199
2035.0 0.8394144086729662
2045.0 0.8541781808512995
2055.0 0.8045603008219923
2065.0 0.8356797460393154
2074.0 0.8706659306641149
2078.0 0.8485001151662419
2085.0 0.8690342716057768
2095.0 0.8381843250544387
2105.0 0.8402751551969895
2115.0 0.8487096043894483
2125.0 0.8571914230181648
2135.0 0.816465261437598
2145.0 0.8234691802393694
2155.0 0.848899677647105
2165.0 0.8262128241043263
2175.0 0.8227374973336588
2185.0 0.810256052823844
2195.0 0.8388866700375993
2205.0 0.822436003166481
2215.0 0.7902860245924714
2225.0 0.7742662201174633
2235.0 0.8055104808232417
2245.0 0.7859561677508452
2255.0 0.7607747462374942
2265.0 0.7669048308042246
2275.0 0.778635289954415
2285.0 0.7844941659466759
2295.0 0.7522568557798682
2305.0 0.7548393895770855
2315.0 0.7254353554665491
2325.0 0.6165616385928524
2335.0 0.686147277347366
2345.0 0.678470910571508
2355.0 0.7031189210243377
2365.0 0.6716279913939469
2375.0 0.6757819178712785
2385.0 0.641156209297489
2395.0 0.6683785923019885
2405.0 0.6536565719328578
2415.0 0.6659071302971055
2425.0 0.6840119234754669
2435.0 0.6656728010998707
2445.0 0.68765415245681
2455.0 0.6830895034415909
2465.0 0.6713368807712449
2475.0 0.6552504224413538
2485.0 0.6590091134639325
2495.0 0.6140862445234114
2505.0 0.6663498464041722
2513.0 0.6249026003396702
2518.0 0.627158137391502
2525.0 0.6189300326518122
2535.0 0.6211089787878745
2545.0 0.6167015980561102
2555.0 0.6448500129417487
2565.0 0.6333574838627507
2575.0 0.6529406149633167
2585.0 0.6463933390608545
2595.0 0.6387204216263912
2605.0 0.6182216469284223
2615.0 0.6113670414977487
2625.0 0.6277244240193793
2635.0 0.655054069725042
2645.0 0.6877308934813551
2655.0 0.6994612671180113
2665.0 0.648583554379231
2675.0 0.664301774027418
2685.0 0.6675151530936619
2695.0 0.6373541653138682
2705.0 0.6490403381571479
2715.0 0.6205946133029047
2725.0 0.6158039155057611
2735.0 0.6317543939922468
2745.0 0.5732737933102131
2755.0 0.5814620450877264
2765.0 0.6029612485314277
2775.0 0.6170295737335468
2785.0 0.57149395432328
2795.0 0.5049738309399626
2805.0 0.5466746850155281
2815.0 0.6068535441431223
2825.0 0.6252237106011923
2835.0 0.6077535256447898
2845.0 0.5948406753211364
2855.0 0.5716577971906459
2865.0 0.6086588805747817
2875.0 0.6212933476802853
2885.0 0.616734845391728
2895.0 0.6229204698586309
2910.0 0.65696179060205
2930.0 0.6330254119431161
2950.0 0.6220483396880959
2970.0 0.6263830126947014
2990.0 0.6246586796996961
3010.0 0.6254468800382618
3030.0 0.6248873388680557
3050.0 0.6243315129400658
3070.0 0.625071505065917
3090.0 0.623447139940291
3110.0 0.6256050274764129
3130.0 0.6134988005624205
3150.0 0.6116309528263343
3170.0 0.6146935133321072
3190.0 0.5862002896146484
3210.0 0.5994866137079429
3230.0 0.5734801821332983
3250.0 0.6130197468217548
3270.0 0.6292602881458359
3290.0 0.623547389049114
3310.0 0.6141971512824896
3330.0 0.628999479267062
3350.0 0.5979224600755026
3370.0 0.5984960860488999
3390.0 0.6047379013370459
3410.0 0.5945643679025456
3430.0 0.6296287928273987
3450.0 0.5781538502207888
3470.0 0.5841477047169101
3490.0 0.5704712659343667
3510.0 0.5898831658987975
3530.0 0.5668710625308578
3550.0 0.618291120214126
3570.0 0.5592418358131279
3590.0 0.5236706155749556
3610.0 0.591165664880795
3630.0 0.6585817391597274
3640.0 0.5741005632827213
3650.0 0.5360892206846912
3670.0 0.608727963955869
3690.0 0.5643928059114307
3704.66 0.6120966515138595
3704.88 0.618055519025444
3705.11 0.6242853278785983
3705.33 0.6302443555569252
3705.55 0.6362034615281178
3705.78 0.6424335196566592
3706.0 0.6483927857500338
3706.22 0.6543521301144799
3706.45 0.6594464547108263
3706.67 0.6570753566636752
3706.89 0.6547042270334497
3707.12 0.6522252850176898
3707.34 0.6498540907946654
3707.56 0.6474828649973258
3707.79 0.6450038224525845
3708.01 0.6426325320803604
3708.24 0.6401534220318111
3708.46 0.6377820670967369
3708.68 0.6354106806019852
3708.91 0.6329314700710529
3709.13 0.6306734449850561
3709.35 0.6307973505604311
3709.58 0.6309268896238506
3709.8 0.6310507979087986
3710.0 0.6311634429535571
3710.02 0.6311747075182331
3710.25 0.6313042507986649
3710.47 0.6314281631168811
3710.7 0.6315577092289432
3710.92 0.63168162425541
3711.14 0.6318055406057165
3711.37 0.6319350909327325
3711.59 0.6320590099904988
3711.81 0.6321829303717185
3712.04 0.638440491206447
3712.26 0.6446925012487553
3712.48 0.6509445932671736
3712.71 0.6574809589283982
3712.93 0.6637332186019286
3713.16 0.6702697595225784
3713.38 0.6765221868199113
3713.6 0.6827746960552415
3713.83 0.6893114978570363
3714.05 0.695564174669544
3714.27 0.7018169333972579
3714.5 0.7083539960076325
3714.72 0.7260848974963079
3714.94 0.7456283556293375
3715.17 0.7660604271934189
3715.39 0.7856044102890914
3715.62 0.8060370306265574
3715.84 0.8255815385869358
3716.06 0.8451263031121092
3716.29 0.8655597403223273
3716.51 0.8851050295663027
3716.73 0.9046505753037513
3716.96 0.9250848291596434
3717.18 0.9446308994699897
3717.4 0.9716205973376336
3717.63 1.0021262312174077
3717.85 1.0313059248381296
3718.08 1.0618123775814197
3718.3 1.090992854389838
3718.52 1.120173714036713
3718.75 1.150681385693547
3718.97 1.1798630283103688
3719.19 1.2090450536593553
3719.42 1.2395539438909315
3719.64 1.2687367519921746
3719.86 1.2979199427192005
3720.09 1.3459900766374582
3720.31 1.3993193586907837
3720.53 1.4526493402654435
3720.76 1.5084041597808233
3720.98 1.561735571995403
3721.21 1.6174918870403037
3721.43 1.6708247296278615
3721.65 1.724158271411806
3721.88 1.7799168126167584
3722.1 1.8332517843760492
3722.32 1.886587455137409
3722.55 1.94234822188373
3722.77 1.9934644828140153
3722.99 2.043312354000504
3723.22 2.0954267356698217
3723.44 2.1452759423975536
3723.67 2.1973917201841
3723.89 2.247242262203557
3724.11 2.297093456941734
3724.34 2.3492113129088374
3724.56 2.3990638425676294
3724.78 2.4489170247637326
3725.01 2.501036958333814
3725.23 2.5508914750795233
3725.45 2.5826451123110203
3725.68 2.596918081976841
3725.9 2.610570669482974
3726.13 2.6248440191302405
3726.35 2.638496970062895
3726.57 2.652150098646059
3726.8 2.666424013911909
3727.02 2.6800775058204764
3727.24 2.693731175330097
3727.47 2.7080056560571535
3727.69 2.721659688791144
3727.91 2.735313899076744
3728.14 2.72692199731668
3728.36 2.6907088105649306
3728.59 2.6528490613499147
3728.81 2.616634901822299
3729.03 2.5804202667812803
3729.26 2.5425590035868417
3729.48 2.5063433960400237
3729.7 2.4701273131118913
3729.93 2.43226453635835
3730.0 2.420740979450477
3730.15 2.3960474811942625
3730.37 2.3598299507809153
3730.6 2.3219656608884764
3730.82 2.2774141862383273
3731.05 2.2155913641194696
3731.27 2.156455698226272
3731.49 2.0973192574551303
3731.72 2.0354939682145448
3731.94 1.9763559426857416
3732.16 1.9172171424942868
3732.39 1.8553893868170552
3732.61 1.7962490023080022
3732.83 1.7371078433514116
3733.06 1.6752776219224272
3733.28 1.6161348790881818
3733.51 1.5583957165675042
3733.73 1.5121143184046189
3733.95 1.4658323143398508
3734.18 1.4174459350382076
3734.4 1.3711626918006612
3734.62 1.3248788428295701
3734.85 1.276490534942096
3735.07 1.2302054471423114
3735.29 1.1839197537771782
3735.52 1.1355295178393905
3735.74 1.08924258598965
3735.96 1.0429550487425199
3736.19 0.999844205348047
3736.41 0.9826029145422291
3736.64 0.9645776873410077
3736.86 0.9473359348267215
3737.08 0.930093956619681
3737.31 0.9120680108387275
3737.53 0.8948255710513874
3737.75 0.8775829056339449
3737.98 0.8595562414727346
3738.2 0.842313114603162
3738.42 0.8250697621660501
3738.65 0.807042379824005
3738.87 0.7907895884573325
3739.1 0.7841585659387726
3739.32 0.7778157636779259
3739.54 0.7714728782460374
3739.77 0.764841590920461
3739.99 0.7584985353895601
3740.21 0.7521553967106654
3740.44 0.7455238446515378
3740.66 0.7391805359208342
3740.88 0.7328371440652047
3741.11 0.726205327345971
3741.33 0.7198617654857105
3741.56 0.7132837886751844
3741.78 0.7081284526790811
3742.0 0.7029730490971453
3742.23 0.6975832367316459
3742.45 0.6924276949251144
3742.67 0.6872720855514761
3742.9 0.6818820580601594
3743.12 0.6767263105002764
3743.34 0.6715704953920281
3743.57 0.6661802528345654
3743.79 0.6610242995784023
3744.02 0.6556339126070176
3744.24 0.6504778212286674
3744.46 0.6493126530007277
3744.69 0.648293193046014
3744.91 0.6473180441212981
3745.13 0.6463428821778269
3745.36 0.645323380772909
3745.58 0.6443481922038499
3745.8 0.6433729906196316
3746.03 0.6423534477759593
3746.25 0.641378219573508
3746.48 0.6403586489042628
3746.7 0.6393833940885153
3746.92 0.6384081262636181
3747.15 0.6377443128523184
3747.37 0.6371810008365381
3747.59 0.6366176811794413
3747.82 0.6360287479139278
3748.04 0.6354654126290202
3748.26 0.6349020697048995
3748.49 0.6343131121170201
3748.71 0.6337497535693893
3748.93 0.6331863873846504
3749.16 0.6325974054810978
3750.0 0.6302309761959853
3770.0 0.834997648180983
3790.0 0.7163679166650941
3810.0 0.7788325187933782
3830.0 0.6471803890054584
3850.0 0.8302388385339649
3870.0 0.916888596250169
3890.0 0.7352135403168328
3910.0 0.9389278501662822
3930.0 0.7602871733238519
3950.0 0.896146879261015
3970.0 0.6846894215203795
3990.0 1.0
4010.0 1.029515023440277
4030.0 1.0535913784588018
4050.0 1.1069853633274889
4070.0 1.1239188394747155
4078.2 1.0442539467943235
4078.45 1.0381475963103293
4078.7 1.0320411635195093
4078.94 1.0261789106138508
4079.19 1.0200723165260142
4079.43 1.0162743545701485
4079.68 1.0187695279984215
4079.93 1.0212647342597483
4080.17 1.023660163156839
4080.42 1.026155433761194
4080.66 1.0285509244213855
4080.91 1.0310462593558496
4081.16 1.0335416271068218
4081.4 1.035937211018407
4081.65 1.0384326430799824
4081.9 1.0409281079481154
4082.14 1.0419397174784988
4082.39 1.0394921057511215
4082.63 1.037142367172018
4082.88 1.0346946901962124
4083.13 1.03224697993541
4083.37 1.029897146773663
4083.62 1.0274493712840995
4083.86 1.0250994755089873
4084.11 1.0226516348036823
4084.36 1.0202037608300543
4084.6 1.0178537705196813
4084.85 1.016390599320978
4085.1 1.017459685432892
4085.34 1.0184860210165627
4085.59 1.0195551340359297
4085.83 1.020581495448151
4086.08 1.0216506353695485
4086.33 1.0227197890143835
4086.57 1.0237461894231257
4086.82 1.0248153699618043
4087.06 1.0258417961860333
4087.31 1.026911003613136
4087.56 1.0258943711239197
4087.8 1.0206632219650817
4088.05 1.0152140364302917
4088.3 1.009764777609333
4088.54 1.0045334202005272
4088.79 0.9990840177603559
4089.03 0.9938525224908754
4089.28 0.9884029764601967
4089.53 0.9829533571801113
4089.77 0.9777216537651261
4090.0 0.9727078746589146
4090.02 0.9722718909378711
4090.26 0.9681580908316758
4090.51 0.9662020936822392
4090.76 0.9642460699192522
4091.0 0.9623682620712725
4091.25 0.9604121861535823
4091.5 0.9584560836303572
4091.74 0.9565782001800878
4091.99 0.9546220455178658
4092.23 0.9527441120191473
4092.48 0.9507879052283266
4092.73 0.9488316718452872
4092.97 0.9464544078175903
4093.22 0.9431112904072884
4093.47 0.9397681279312695
4093.71 0.9365586495607235
4093.96 0.933215398769218
4094.2 0.9300058356242762
4094.45 0.9266624965349194
4094.7 0.9233191124024305
4094.94 0.9201094212629197
4095.19 0.9167659488592045
4095.43 0.9135561729877831
4095.68 0.9114632940145193
4095.93 0.9115938355853352
4096.17 0.9117191566641434
4096.42 0.9118497006740461
4096.67 0.9119802459281805
4096.91 0.9121055705425964
4097.16 0.9122361182350314
4097.4 0.9123614451899662
4097.65 0.9124919953201812
4097.9 0.9126225466939615
4098.14 0.9127478771826107
4098.39 0.911676601380486
4098.63 0.9089175170391324
4098.88 0.9060434328920695
4099.13 0.9031693100160922
4099.37 0.9004101156226548
4099.62 0.8975359168494454
4099.87 0.8946616793589941
4100.11 0.8919023749466418
4100.36 0.8890280615818325
4100.6 0.886268684337355
4100.85 0.8833942951133306
4101.1 0.8823510990450046
4101.34 0.8835870639740514
4101.59 0.8848745437479997
4101.83 0.8861105399833681
4102.08 0.8873980523647911
4102.33 0.8886855813801567
4102.57 0.8899216248825365
4102.82 0.8912091864954822
4103.07 0.892496764737323
4103.31 0.8937328554923754
4103.56 0.895020466321905
4103.8 0.8964360487504384
4104.05 0.8981315605905726
4104.3 0.8998270944690664
4104.54 0.9014548277240126
4104.79 0.903150404791145
4105.03 0.9047781795030234
4105.28 0.9064737997501265
4105.53 0.9081694420244885
4105.77 0.909797279329032
4106.02 0.9114929647702787
4106.27 0.9131886722321089
4106.51 0.9127116069429346
4106.76 0.9096233000930045
4107.0 0.9066584864899119
4107.25 0.9035700983374768
4107.5 0.9004816687104211
4107.74 0.8975167372530473
4107.99 0.8944282263479836
4108.23 0.8914632168715061
4108.48 0.8883746247046509
4108.73 0.8852859910839441
4108.97 0.8823208638121911
4109.22 0.8811214466453441
4109.47 0.8819687658335018
4109.71 0.8827822023794287
4109.96 0.8836295426608842
4110.0 0.883765118104497
4110.2 0.884442999454338
4110.45 0.8852903608248439
4110.7 0.8861377329534332
4110.94 0.8869512203170571
4111.19 0.8877986135282836
4111.44 0.8886460174943223
4111.68 0.8894595354188229
4111.93 0.8939754059442873
4112.17 0.9015615252545183
4112.42 0.9094638350187935
4112.67 0.9173662490066993
4112.91 0.9249526644787999
4113.16 0.932855282714168
4113.4 0.9404418942442228
4113.65 0.9483447166862008
4113.9 0.9562476432994885
4114.14 0.963834550842767
4114.39 0.9717376816009857
4114.64 0.9743052026235866
4114.88 0.9727453759667551
4115.13 0.9711205349356719
4115.37 0.969560666814875
4115.62 0.9679357825964598
4115.87 0.9663108763470035
4116.11 0.9647509456228
4116.36 0.9631259961989928
4116.6 0.9615660240315317
4116.85 0.959941031441967
4117.1 0.9583160168323664
4117.34 0.9597346461548433
4117.59 0.9638378461119705
4117.84 0.9679410998388732
4118.08 0.9718802739982044
4118.33 0.9759836330979408
4118.57 0.9799229084050701
4118.82 0.984026372856553
4119.07 0.9881298910508043
4119.31 0.9920693190733996
4119.56 0.9961729425875595
4119.81 1.000276619828247
4120.05 1.000602451167921
4120.3 0.9982530433100119
4120.54 0.995997582042345
4120.79 0.9936481122623833
4121.04 0.9912986108942905
4121.28 0.9890430598657898
4121.53 0.9866934965942724
4121.77 0.9844378861443953
4122.02 0.9820882609817856
4122.27 0.9797386042468377
4122.51 0.9774829040810128
4122.76 0.9787693262534213
4123.01 0.9824798747588286
4123.25 0.9860420469402698
4123.5 0.9897526904747518
4123.74 0.9933149538749764
4123.99 0.9970256924195176
4124.24 1.0007364794312534
4124.48 1.004298880555861
4124.73 1.0080097625489464
4124.97 1.0115722548465391
4125.22 1.015283231801968
4125.47 1.0204286401887661
4125.71 1.0261428673431565
4125.96 1.0320952637476906
4126.21 1.038047738156656
4126.45 1.0437621869684397
4126.7 1.0497148142430068
4126.94 1.0554294097910968
4127.19 1.0613821899007017
4130.0 1.0318251885283904
4150.0 0.9569280555822591
4170.0 0.9493160068566731
4190.0 0.9838454290967187
4210.0 0.9978446734881619
4230.0 0.9742426443488681
4250.0 1.022942709124859
4270.0 1.0304673657296437
4290.0 0.9813002068567516
4310.0 0.9283111698645159
4315.65 0.9976254272910375
4315.91 1.000242508123173
4316.17 1.002859622375073
4316.43 1.0054767700432277
4316.69 1.0080939511241187
4316.95 1.0107111656142553
4317.21 1.0131189785351904
4317.47 1.013013586145007
4317.73 1.012908191843934
4317.99 1.0128027956321621
4318.25 1.012697397509884
4318.52 1.0125879435917367
4318.78 1.012482541575559
4319.04 1.012377137649457
4319.3 1.0122717318136232
4319.56 1.012166324068249
4319.82 1.012060914413527
4320.08 1.0131934464815073
4320.34 1.0148761934174968
4320.6 1.0165589616147515
4320.86 1.01824175107103
4321.12 1.0199245617841088
4321.38 1.0216073937517476
4321.64 1.0232902469717113
4321.9 1.0249731214417606
4322.16 1.0266560171596721
4322.42 1.0283389341232072
4322.68 1.0290396582218315
4322.94 1.027530394790829
4323.2 1.0260211112664974
4323.46 1.024511807650938
4323.73 1.0229444326333716
4323.99 1.021435088069107
4324.25 1.019925723419981
4324.51 1.0184163386880893
4324.77 1.0169069338755263
4325.03 1.0153975089843919
4325.29 1.0138880640167693
4325.55 1.013328882044833
4325.81 1.0128077038641095
4326.07 1.012286518398465
4326.33 1.0117653256486505
4326.59 1.011244125615422
4326.85 1.0107229182995339
4327.11 1.0102017037017423
4327.37 1.009680481822798
4327.63 1.0091592526634567
4327.89 1.0086380162244726
4328.15 1.0090547532286616
4328.41 1.010159352056959
4328.67 1.0112639646250554
4328.94 1.0124110768330137
4329.2 1.0135157174046827
4329.46 1.0146203717117557
4329.72 1.0157250397527868
4329.98 1.0168297215263264
4330.0 1.016914697616131
4330.24 1.017934417030936
4330.5 1.0190391262651664
4330.76 1.0202880491202784
4331.02 1.022142631026215
4331.28 1.023997236343333
4331.54 1.025851865069187
4331.8 1.0277065172013118
4332.06 1.0295611927372492
4332.32 1.031415891674535
4332.58 1.033270614010724
4332.84 1.0351253597433525
4333.1 1.0369801288699638
4333.36 1.038834921388094
4333.62 1.0422112334091254
4333.88 1.0459498517728418
4334.15 1.0498323136337566
4334.41 1.0535710292192528
4334.67 1.0573097924908563
4334.93 1.0610486034435687
4335.19 1.0647874620723783
4335.45 1.0685263683723139
4335.71 1.072265322338365
4335.97 1.0760043239655355
4336.23 1.0784720554450078
4336.49 1.0794566045093583
4336.75 1.0804411656961963
4337.01 1.0814257390042452
4337.27 1.0824103244322278
4337.53 1.0833949219788641
4337.79 1.0843795316428837
4338.05 1.0853641534230074
4338.31 1.0863487873179583
4338.57 1.0873334333264564
4338.83 1.0881962292857819
4339.09 1.0875966804249364
4339.35 1.0869971232583897
4339.62 1.0863744974107261
4339.88 1.085774923315991
4340.14 1.0851753409181681
4340.4 1.0845757502181197
4340.66 1.0839761512167008
4340.92 1.0833765439147736
4341.18 1.0827769283131978
4341.44 1.0821773044128347
4341.7 1.0781954972551502
4341.96 1.0727104396992662
4342.22 1.0672253109445766
4342.48 1.0617401109985396
4342.74 1.056254839868555
4343.0 1.0507694975620785
4343.26 1.045284084086546
4343.52 1.0397985994493935
4343.78 1.0343130436580739
4344.04 1.0288274167199825
4344.3 1.024016008360309
4344.57 1.0205949941135868
4344.83 1.0173006403436058
4345.09 1.0140062436491126
4345.35 1.0107118040345884
4345.61 1.007417321504524
4345.87 1.004122796063377
4346.13 1.0008282277156377
4346.39 0.9975336164657855
4346.65 0.9942389623183098
4346.91 0.9909442652776652
4347.17 0.9928202029096849
4347.43 0.994902992565346
4347.69 0.9969858084690403
4347.95 0.99906865061803
4348.21 1.0011515190095555
4348.47 1.0032344136408649
4348.73 1.0053173345092
4348.99 1.0074002816118235
4349.25 1.0094832549459778
4349.51 1.0115662545089121
4349.78 1.0120487344700126
4350.0 1.0115003831429263
4350.04 1.0114006822199844
4350.3 1.010752621108812
4350.56 1.0101045511374134
4350.82 1.0094564723067099
4351.08 1.008808384617614
4351.34 1.0081602880710467
4351.6 1.0075121826679256
4351.86 1.0068640684091714
4352.12 1.0062159452956967
4352.38 1.0060719520158288
4352.64 1.0080453524317925
4352.9 1.0100187776449487
4353.16 1.0119922276527114
4353.42 1.0139657024524737
4353.68 1.0159392020416367
4353.94 1.0179127264175942
4354.2 1.0198862755777618
4354.46 1.0218598495195337
4354.72 1.0238334482403117
4354.99 1.0258829808282992
4355.25 1.0272669945061492
4355.51 1.0285438182420727
4355.77 1.0298206578097437
4356.03 1.0310975132074958
4356.29 1.0323743844336748
4356.55 1.0336512714866144
4356.81 1.0349281743646523
4357.07 1.0362050930661226
4357.33 1.0374820275893724
4357.59 1.0387589779327355
4357.85 1.0401895915177648
4358.11 1.041799479364519
4358.37 1.0434093872925885
4358.63 1.0450193152998601
4358.89 1.0466292633842282
4359.15 1.048239231543581
4359.41 1.0498492197758238
4359.67 1.0514592280788457
4359.93 1.053069256450542
4360.2 1.0547412302294448
4360.46 1.0563374039744413
4360.72 1.057766850183247
4360.98 1.0591963141390162
4361.24 1.0606257958398968
4361.5 1.0620552952840219
4361.76 1.063484812469529
4362.02 1.0649143473945568
4362.28 1.066343900057239
4362.54 1.0677734704557242
4362.8 1.0692030585881462
4363.06 1.070632664452645
4363.32 1.0710810905377819
4363.58 1.0710934312241098
4363.84 1.071105771503478
4364.1 1.0711181113759207
4364.36 1.0711304508414714
4364.62 1.0711427899001649
4364.88 1.071155128552035
4365.15 1.0711679413368806
4365.41 1.0711802791595628
4365.67 1.0711926165755254
4365.93 1.071450031233144
4366.19 1.0721703760239838
4366.45 1.0728907294599397
4366.71 1.073611091540097
4366.97 1.0743314622635454
4367.23 1.075051841629371
4367.49 1.0757722296366683
4370.0 1.0827047259506404
4390.0 1.0276076800727463
4410.0 1.0839106061534955
4430.0 1.1008642739627221
4450.0 1.1129275391866704
4470.0 1.1169273499490153
4490.0 1.154131311723927
4510.0 1.1552049201121648
4530.0 1.1015441388895364
4550.0 1.0972049613192318
4570.0 1.1910062934136743
4590.0 1.1310454834814982
4610.0 1.1790908662986537
4630.0 1.1795482103784511
4650.0 1.1437367379851897
4670.0 1.1128322695561983
4690.0 1.1360687781582468
4710.0 1.1454483972754177
4730.0 1.1446181416265229
4750.0 1.1775570079332147
4770.0 1.141541761169429
4790.0 1.1428562733276122
4810.0 1.15912613592603
4830.0 1.142998119533417
4834.84 1.1446732250789138
4835.13 1.1439609977022047
4835.42 1.1432487608209398
4835.71 1.1425365144361814
4836.0 1.1418242585489902
4836.29 1.1403939989039784
4836.59 1.138631445320134
4836.88 1.1369276212889692
4837.17 1.1352237754036714
4837.46 1.1335199076666906
4837.75 1.1318160180804777
4838.05 1.1300533506911983
4838.34 1.12834941666066
4838.63 1.1266454607883223
4838.92 1.1264089641726194
4839.21 1.127978605825447
4839.5 1.1295482664137475
4839.8 1.1311720731531094
4840.09 1.132741772258708
4840.38 1.1343114902932976
4840.67 1.1358812272547418
4840.96 1.1374509831409059
4841.26 1.13907488845295
4841.55 1.1402679049315516
4841.84 1.1400166113561716
4842.13 1.139765314033287
4842.42 1.1395140129633117
4842.72 1.1392540423965059
4843.01 1.1390027337044166
4843.3 1.138751421266492
4843.59 1.1385001050831463
4843.88 1.1382487851547922
4844.17 1.1379974614818442
4844.47 1.1380616598231057
4844.76 1.1381461032205635
4845.05 1.1382305470498344
4845.34 1.1383149913108621
4845.63 1.1383994360035914
4845.93 1.1384867930365048
4846.22 1.1385712386073499
4846.51 1.1386556846097273
4846.8 1.1387401310435803
4847.09 1.1362959819396752
4847.38 1.1327139265885906
4847.68 1.1290083046000197
4847.97 1.125426157445082
4848.26 1.1218439651738983
4848.55 1.1182617277915305
4848.84 1.114679445303041
4849.14 1.110973588371559
4849.43 1.1073912141310622
4849.72 1.1088466626838722
4850.0 1.1171428580050817
4850.01 1.1174391525243217
4850.3 1.126031748453679
4850.59 1.134624450460019
4850.89 1.143513564149646
4851.18 1.1521064819309719
4851.47 1.160699505753101
4851.76 1.1692926356041147
4852.05 1.1778858714720952
4852.35 1.187082654145926
4852.64 1.1974573959285635
4852.93 1.2078322657932636
4853.22 1.2182072637256334
4853.51 1.2285823897112804
4853.81 1.239315413399495
4854.1 1.2496907998629097
4854.39 1.2600663143359412
4854.68 1.2704419568042051
4854.97 1.2808177272533188
4855.26 1.2973669770107212
4855.56 1.3152239826450345
4855.85 1.3324859717351847
4856.14 1.3497481741005153
4856.43 1.3670105897170695
4856.72 1.3842732185608928
4857.02 1.4021313348258513
4857.31 1.4193943974029488
4857.6 1.436657673134646
4857.89 1.4465263589388693
4858.18 1.452503140513934
4858.47 1.458479995349652
4858.77 1.464663025712774
4859.06 1.470640029570612
4859.35 1.47661710666412
4859.64 1.4825942569850674
4859.93 1.4885714805252241
4860.23 1.4947548922631062
4860.52 1.4959779332793064
4860.81 1.4894211253527856
4861.1 1.4828642354504133
4861.39 1.476307263581383
4861.68 1.4697502097548845
4861.98 1.4629669643884475
4862.27 1.4564097438492378
4862.56 1.4498524413804628
4862.85 1.443295056991287
4863.14 1.4358346033366458
4863.44 1.4200209942203157
4863.73 1.404734312263847
4864.02 1.389447440458519
4864.31 1.3741603788257237
4864.6 1.3588731273867056
4864.9 1.3430585296324085
4865.19 1.327770892101618
4865.48 1.312483064829201
4865.77 1.2971950478363905
4866.06 1.2829063972685868
4866.35 1.2687774993468899
4866.65 1.2541612135505054
4866.94 1.240031958952692
4867.23 1.22590252906933
4867.52 1.2117729239200312
4867.81 1.1976431435245403
4868.11 1.1830259449283729
4868.4 1.1688958080580933
4868.69 1.157270744959419
4868.98 1.1471765325685177
4869.27 1.137082194881015
4869.56 1.1269877319110218
4869.86 1.1165450521888658
4870.0 1.1116717557790523
4870.15 1.106450334377095
4870.44 1.0963554913254168
4870.73 1.0862605230478712
4871.02 1.076165429558465
4871.32 1.068887847109831
4871.61 1.0679732485538334
4871.9 1.0670586381352827
4872.19 1.066144015855503
4872.48 1.0652293817158174
4872.77 1.0643147357175464
4873.07 1.0633685377245001
4873.36 1.0624538676042348
4873.65 1.0615391856294019
4873.94 1.0609893576290623
4874.23 1.065365241328186
4874.53 1.0698920737599766
4874.82 1.0742680660894746
4875.11 1.0786441118044703
4875.4 1.0830202108989717
4875.69 1.0873963633669876
4875.98 1.091772569202527
4876.28 1.0962997348408372
4876.57 1.1006760492331955
4876.86 1.1009108206422304
4877.15 1.1002827564680242
4877.44 1.099654683963691
4877.74 1.0990049450218333
4878.03 1.0983768555728621
4878.32 1.0977487577965765
4878.61 1.0971206516939032
4878.9 1.0964925372657688
4879.2 1.0958427549593692
4879.49 1.0948913230942112
4879.78 1.0937116654008356
4880.07 1.0925319925945958
4880.36 1.0913523046771785
4880.65 1.0901726016502704
4880.95 1.0889522033104364
4881.24 1.0877724695487352
4881.53 1.0865927206826602
4881.82 1.085412956713897
4882.11 1.0854635612739025
4882.41 1.0888570600892602
4882.7 1.0921374827468098
4882.99 1.0954179451832953
4883.28 1.0986984473942523
4883.57 1.1019789893752179
4883.86 1.10525957112173
4884.16 1.1086533182180216
4884.45 1.1119339808530786
4884.74 1.1149660967640982
4885.03 1.1110377852411442
4885.32 1.1071094248200164
4885.62 1.103045552244071
4885.91 1.0991170923573388
4886.2 1.0951885835890316
4886.49 1.0912600259446184
4886.78 1.087331419429567
4887.07 1.0834027640493447
4887.37 1.079338586378026
4887.66 1.0807690041206375
4887.95 1.083597492456271
4888.24 1.0864260149649363
4888.53 1.0892545716427995
4888.83 1.0921807007106366
4889.12 1.095009326893311
4889.41 1.0978379872335522
4889.7 1.1006666817275286
4890.0 1.1035929533474889
4890.29 1.1060047556424484
4890.58 1.1080778035215755
4890.87 1.1101508762609797
4891.16 1.1122239738578705
4891.45 1.114297096309458
4891.74 1.1163702436129521
4892.04 1.1185149049036558
4892.33 1.120588102759316
4892.62 1.1226613254584197
4892.91 1.1245509763672714
4910.0 1.2767898886628573
4928.77 1.1332515743634708
4929.07 1.134822163917804
4929.36 1.1363404186396187
4929.66 1.1379110457489552
4929.96 1.1394816919507722
4930.0 1.139691112886772
4930.26 1.1410523572428581
4930.55 1.142570685169489
4930.85 1.1439624242249733
4931.15 1.145234870184516
4931.45 1.1465073314799978
4931.74 1.1477373919749498
4932.04 1.1490098834259177
4932.34 1.1502823902075467
4932.64 1.1515549123180602
4932.93 1.1527850315941743
4933.23 1.1540575838463059
4933.53 1.1546288943061453
4933.83 1.154586607460865
4934.12 1.1545457290563612
4934.42 1.1545034398924485
4934.72 1.1544611495497608
4935.02 1.1544188580284263
4935.31 1.1543779751042216
4935.61 1.1543356812652579
4935.91 1.1542933862480282
4936.21 1.155238575806478
4936.5 1.1574005605367763
4936.8 1.1596371234041267
4937.1 1.1618737136643977
4937.4 1.1641103313144152
4937.69 1.1662724210752735
4937.99 1.1685090925825694
4938.29 1.1707457914702213
4938.59 1.1729825177350617
4938.88 1.174286098135334
4939.18 1.1739470136855712
4939.48 1.1736079243290902
4939.78 1.1732688300664469
4940.07 1.1729410342828384
4940.37 1.1726019303730406
4940.67 1.1722628215587376
4940.97 1.171923707840489
4941.26 1.1715958932518993
4941.56 1.1728696581969642
4941.86 1.1785789090464867
4942.16 1.1842882307219205
4942.45 1.189807308991097
4942.75 1.195516769933604
4943.05 1.2012263016777502
4943.35 1.2069359042153636
4943.64 1.2124552539538258
4943.94 1.2181649956947322
4944.24 1.2233511248067697
4944.54 1.225918884755787
4944.83 1.2284010825934712
4945.13 1.230968904374065
4945.43 1.2335367575890537
4945.73 1.2361046422347974
4946.02 1.2385869605989681
4946.32 1.2411549070479502
4946.62 1.2437228849169284
4946.92 1.2464166600610485
4947.21 1.2501148436381886
4947.51 1.2539405971337751
4947.81 1.2577663977563378
4948.11 1.261592245500424
4948.4 1.2652906097729057
4948.7 1.2691165501734858
4949.0 1.272942537679463
4949.3 1.2767685722853994
4949.59 1.2804671171704851
4949.89 1.2830066313924782
4950.0 1.2839377943772827
4950.19 1.2855461766251006
4950.49 1.288085752864786
4950.78 1.2905407060337073
4951.08 1.2930803432434839
4951.38 1.2956200114496899
4951.68 1.298159710648744
4951.97 1.300614782664887
4952.27 1.3031545428060995
4952.57 1.3061063202789092
4952.87 1.3090875616534172
4953.16 1.311969462996299
4953.46 1.314950776120213
4953.76 1.3179321257206271
4954.06 1.3209135117933304
4954.35 1.323795552995253
4954.65 1.3267770107844976
4954.95 1.3297585050335494
4955.25 1.3316154119928134
4955.54 1.3331930147991369
4955.84 1.3348250369899561
4956.14 1.336457078793167
4956.44 1.3380891402064978
4956.73 1.3396668182111018
4957.03 1.3412989181843993
4957.33 1.342931037761095
4957.63 1.3445631769389212
4957.92 1.3420673656837088
4958.22 1.3381446228175078
4958.52 1.3342218303122209
4958.82 1.3302989881735692
4959.11 1.3265068602656143
4959.41 1.3225839205312946
4959.71 1.3186609311805308
4960.01 1.3147378922190285
4960.3 1.3109455740705123
4960.6 1.307731676446783
4960.9 1.3048723597162462
4961.2 1.302013006647285
4961.49 1.2992489308095343
4961.79 1.2963895062872053
4962.09 1.2935300454388488
4962.39 1.29067054826864
4962.68 1.2879063331487581
4962.98 1.2850467645577575
4963.28 1.2815910880228254
4963.58 1.277737984201009
4963.87 1.274013270914576
4964.17 1.2701600713905854
4964.47 1.2663068232127708
4964.77 1.2624535263867251
4965.06 1.2587286265506281
4965.36 1.2548752340660538
4965.66 1.2510217929498262
4965.96 1.2452490438719286
4966.25 1.2378133556796433
4966.55 1.2301211697011178
4966.85 1.2224288873825806
4967.15 1.214736508735136
4967.44 1.2073004511536714
4967.74 1.1996078830916281
4968.04 1.1919152187335202
4968.34 1.184222458090423
4968.63 1.1787690211306348
4968.93 1.176033588893385
4969.23 1.173298122009939
4969.53 1.1705626204842599
4969.82 1.1679182694171528
4970.0 1.1662769317867563
4970.12 1.1651826997733723
4970.42 1.1624470954991701
4970.72 1.1597114565985236
4971.02 1.1569757830754102
4971.31 1.1560111334787693
4971.61 1.1583150367479498
4971.91 1.1606189679867862
4972.21 1.1629229271920465
4972.5 1.1651501143377376
4972.8 1.1674541285342237
4973.1 1.1697581706875675
4973.4 1.1720622407945387
4973.69 1.1742895351330684
4973.99 1.17579012663366
4974.29 1.1750810050716076
4974.58 1.174395511912946
4974.88 1.1736863717684707
4975.18 1.172977222176907
4975.48 1.1722680631393365
4975.78 1.1715588946568336
4976.07 1.1708733561468316
4976.37 1.1701641690924471
4976.48 1.169904131473439
4976.67 1.169493588921162
4976.78 1.1693185040360166
4976.97 1.1690160826093758
4977.08 1.1688409953163699
4977.26 1.1685544869326714
4977.38 1.168363480030343
4977.56 1.168076967707175
4977.68 1.1678859581786836
4977.86 1.1675994419164966
4977.98 1.167408429762141
4978.16 1.1671219095613805
4978.28 1.1669308947814598
4978.45 1.1666602887122768
4978.58 1.166453353237389
4978.75 1.166182743449284
4978.88 1.1659758051306763
4979.05 1.1657051916240724
4979.18 1.1654982504620688
4979.35 1.165888187842205
4979.48 1.168543656583133
4979.64 1.1718119452106344
4979.78 1.1746717153261677
4979.94 1.177940044104458
4980.08 1.1807998493499452
4980.24 1.1840682182744235
4980.39 1.1871323335852544
4980.54 1.1901964677118495
4980.69 1.1932606206531442
4980.83 1.196120513705785
4980.99 1.1993889829755227
4981.13 1.202248911143953
4981.29 1.2055174205437118
4981.43 1.2083773838238907
4981.59 1.2116459333490537
4981.73 1.214505931736923
4981.89 1.2177745213828917
4982.02 1.2204302662246689
4982.19 1.2228761479512626
4982.32 1.224746539528757
4982.49 1.2271924511577732
4982.62 1.2290628656004996
4982.79 1.2315088071284832
4982.92 1.2333792444338108
4983.09 1.2358252158573209
4983.21 1.2375517941197687
4983.39 1.2401416773382135
4983.51 1.2418682766997835
4983.69 1.2444581915650774
4983.81 1.246184812023354
4983.99 1.2487747585318676
4984.11 1.2505014000843975
4984.29 1.2530913782325022
4984.4 1.254674152000954
4984.59 1.2574080506609122
4984.7 1.2589908437613613
4984.89 1.2606235769004428
4985.0 1.2614938447449793
4985.19 1.2629970437373241
4985.3 1.26386732209418
4985.49 1.2653705392431096
4985.59 1.2661617107820025
4985.79 1.2677440634144899
4985.89 1.268535244507847
4986.09 1.2701176162481627
4986.19 1.2709088068948764
4986.39 1.2724911977408262
4986.49 1.2732823979398034
4986.69 1.2748648078891727
4986.78 1.2755768965210454
4986.99 1.2772384466899154
4987.08 1.2779505439168612
4987.29 1.2796121141397467
4987.38 1.2803242199607758
4987.59 1.2830265717820515
4987.68 1.2843241175819804
4987.9 1.2874959161964419
4987.97 1.2885051307970459
4988.2 1.2918211418521812
4988.5 1.2961464202642121
4988.8 1.3004717514264656
4989.1 1.3047971353328727
4989.4 1.3091225719773536
4989.7 1.3134480613538664
4990.0 1.317773603456333
4990.3 1.324616723196199
4990.6 1.3333851047560732
4990.9 1.3421535939027027
4991.2 1.3509221906237747
4991.5 1.359690894906897
4991.8 1.3684597067397064
4992.1 1.3772286261098412
4992.4 1.385997653004915
4992.7 1.3947667874126222
4993.0 1.4021484475115398
4993.3 1.408469099448079
4993.6 1.4147898286350613
4993.9 1.421110635063586
4994.2 1.4274315187248123
4994.5 1.433752479609844
4994.8 1.4400735177098034
4995.1 1.4463946330158153
4995.41 1.4529265332651669
4995.71 1.4597416229113778
4996.01 1.4668860094466205
4996.31 1.4740304833035505
4996.61 1.4811750444721108
4996.91 1.4883196929423113
4997.21 1.4954644287040975
4997.51 1.5026092517474388
4997.81 1.5097541620623056
4998.11 1.516899159638648
4998.41 1.530747653982254
4998.71 1.5497224864769374
4999.01 1.56869755200289
4999.31 1.5876728505333526
4999.61 1.6066483820415114
4999.91 1.6256241465007288
5000.21 1.6446001438841997
5000.51 1.6635763741651777
5000.81 1.6825528373169223
5001.11 1.7003100778597373
5001.41 1.7171350056986479
5001.71 1.7339601398245712
5002.01 1.7507854802138214
5002.31 1.7676110268427172
5002.61 1.7844367796875282
5002.92 1.8018236075767449
5003.22 1.8186497796543963
5003.52 1.835476157876209
5003.82 1.8453935379329751
5004.12 1.8507048745124748
5004.42 1.856016275449521
5004.72 1.861327740736718
5005.02 1.8666392703666717
5005.32 1.871950864331972
5005.62 1.877262522625259
5005.92 1.8825742452391252
5006.22 1.8878860321661792
5006.52 1.8834312871093855
5006.82 1.8724653820019945
5007.12 1.861499341010548
5007.42 1.8505331641506568
5007.72 1.8395668514378938
5008.02 1.8286004028878318
5008.32 1.817633818516074
5008.62 1.8066670983381214
5008.92 1.7957002423695738
5009.22 1.777100999005717
5009.52 1.752665062511629
5009.82 1.7282288247650954
5010.0 1.713566937530274
5010.12 1.7037922858005057
5010.42 1.6793554456524695
5010.73 1.6541037277929578
5011.03 1.6296662753450615
5011.33 1.6052285218184446
5011.63 1.5807904672476225
5011.93 1.5572416870397905
5012.23 1.5342856706711379
5012.53 1.5113293715672245
5012.83 1.4883727897605294
5013.13 1.4654159252834573
5013.43 1.442458778168409
5013.73 1.4195013484478503
5014.03 1.3965436361540338
5014.33 1.3735856413194165
5014.63 1.3556075263613114
5014.93 1.3409493186680215
5015.23 1.3262909303762942
5015.53 1.3116323615067353
5015.83 1.2969736120800814
5016.13 1.2823146821170215
5016.43 1.2676555716382423
5016.73 1.2529962806644717
5017.03 1.2383368092163012
5017.33 1.2267078018453503
5017.63 1.2170990932785193
5017.93 1.2074902662305342
5018.23 1.1978813207149959
5018.54 1.1879519525732067
5018.84 1.1783427662154007
5019.14 1.1687334614311684
5019.44 1.1591240382341028
5019.74 1.1495144966377084
5020.04 1.1448622513743008
5020.34 1.1435149118759247
5020.64 1.142167555248124
5020.94 1.1408201814928598
5021.24 1.1394727906120785
5021.54 1.1381253826077404
5021.84 1.1367779574818004
5022.14 1.1354305152362132
5022.44 1.1340830558729373
5022.74 1.1299120236147957
5023.04 1.1238585576280407
5023.34 1.1178050169159324
5023.64 1.1117514014870247
5023.94 1.1056977113498878
5024.24 1.0996439465130372
5024.54 1.0935901069850404
5024.84 1.0875361927744465
5025.14 1.0814822038898035
5025.44 1.08091360203899
5025.74 1.0840019894827961
5026.04 1.087090414123773
5026.35 1.090281825325946
5026.65 1.0933703255880032
5026.95 1.0964588630343
5027.25 1.0995474376605623
5027.55 1.1026360494625256
5027.85 1.1057246984359268
5028.15 1.1070896281640756
5028.45 1.1074566036416635
5028.75 1.107823583006095
5029.05 1.1081905662569176
5029.35 1.1085575533936807
5029.65 1.1089245444159312
5029.95 1.1092915393232199
5030.0 1.109352705518782
5030.25 1.1096585381150947
5030.55 1.110025540791104
5030.85 1.1105659323678259
5031.15 1.1112219206633895
5031.45 1.1118779163717103
5031.75 1.1125339194919306
5032.05 1.1131899300231953
5032.35 1.11384594796465
5032.65 1.114501973315438
5032.95 1.115158006074708
5033.25 1.1158140462416037
5033.55 1.1143218288229226
5033.85 1.1113974071815726
5034.16 1.108375466684382
5034.46 1.1054509712386453
5034.76 1.1025264395019605
5035.06 1.0996018714784737
5035.36 1.0966772671723397
5035.66 1.0937526265876873
5035.96 1.0908279497286701
5036.26 1.0891246394938128
5050.0 1.1774936733518708
5070.0 1.0665531166615518
5090.0 1.0380178724291171
5110.0 1.0390862037512412
5130.0 1.0030190422199325
5150.0 1.0092652667223694
5170.0 0.9225733655763431
5190.0 0.9936569435467512
5210.0 1.0153260132422226
5230.0 1.051426190578794
5250.0 1.0657251832689842
5270.0 1.0245419246047667
5290.0 1.1204581243482978
5310.0 1.1359734029271464
5330.0 1.0679876717259729
5350.0 1.0968228716546424
5370.0 1.0653960018912747
5390.0 1.051879640618655
5410.0 1.0498957609023958
5430.0 1.0482533482662293
5450.0 1.0753401048463926
5470.0 1.0599672909365405
5490.0 1.0825452730945457
5510.0 1.0549933740201507
5530.0 1.0573621969795892
5550.0 1.0906919979993668
5570.0 1.0706500129932348
5590.0 1.0348358036099492
5610.0 1.0493647973858304
5630.0 1.0611316967200313
5650.0 1.045438838339164
5670.0 1.0249826779219728
5690.0 1.0602951069679596
5710.0 1.0347037703439257
5730.0 1.0711010409044157
5750.0 1.0830905197758467
5770.0 1.0978839220997363
5790.0 1.0495629539084088
5810.0 1.0878347181919596
5830.0 1.086727408687505
5850.0 1.0720054308273437
5870.0 1.0930984126038545
5890.0 0.9151904986414817
5910.0 1.0065305500090773
5930.0 1.0375168276462545
5950.0 1.0006567515576958
5970.0 1.0494415675770052
5990.0 1.0141223556123173
6010.0 1.019839051967228
6030.0 1.0163304166788165
6050.0 1.032945812143387
6070.0 1.0143722820798102
6090.0 1.0115071788078847
6110.0 1.048794085841111
6130.0 1.0090993777521164
6150.0 1.0198284788843444
6170.0 0.9827602171207764
6190.0 0.959014993124931
6210.0 1.0367206587563063
6230.0 0.9747280844799492
6250.0 0.9227934568559377
6270.0 0.9879728653319076
6290.0 1.141523066310878
6310.0 1.1275905359132936
6330.0 0.9896651664968531
6350.0 1.0180646429805993
6370.0 1.072581615895733
6390.0 0.9955348984420407
6410.0 1.0064119337603166
6430.0 0.9832407276860159
6450.0 0.9829679509041994
6470.0 0.9960860521057692
6490.0 0.9984009669389322
6510.0 1.0249031269282296
6523.64 1.0661525326573467
6524.04 1.0670264208382565
6524.43 1.067878470979787
6524.82 1.0687305301688845
6525.22 1.0697867738967315
6525.61 1.0720610149185361
6526.0 1.0743352813644567
6526.4 1.0766678887404013
6526.79 1.07894220667315
6527.19 1.0812748668469718
6527.58 1.0835492362487555
6527.97 1.0868886446238362
6528.37 1.0939548115018707
6528.76 1.1008444037216687
6529.15 1.1077340744351447
6529.55 1.1148004848965236
6529.94 1.1216903145690247
6530.0 1.1227502953284394
6530.34 1.1287568880371401
6530.73 1.1343091235922358
6531.12 1.1377210050461766
6531.52 1.1412204105475316
6531.91 1.1446323698145304
6532.3 1.1480443674856746
6532.7 1.1515438921635706
6533.09 1.1549559676076497
6533.49 1.1600044301372363
6533.88 1.1662930595067376
6534.27 1.1725817602953899
6534.67 1.179031783998969
6535.06 1.1853206294198864
6535.46 1.1917708014386463
6535.85 1.1980597914419076
6536.24 1.2112176599158426
6536.64 1.2282355515922159
6537.03 1.244828188015369
6537.42 1.2614210140138498
6537.82 1.2784394939843162
6538.21 1.2950327038953222
6538.6 1.3116261032839278
6539.0 1.3357938521490436
6539.39 1.3613812296217858
6539.79 1.387624997575737
6540.18 1.413212967562403
6540.57 1.4388012299805313
6540.97 1.4650459054143596
6541.36 1.4906347600411989
6541.76 1.5222207190588353
6542.15 1.5534395900585176
6542.54 1.584658817750246
6542.94 1.6166789089241929
6543.33 1.6478988589597625
6543.72 1.6791191655036357
6544.12 1.70957000604623
6544.51 1.7203762682356871
6544.91 1.7314597413562667
6545.3 1.7422662517306777
6545.69 1.7530728845952113
6546.09 1.7641567378298866
6546.48 1.774963618751625
6546.87 1.7849349877056755
6547.27 1.791841019460326
6547.66 1.7985744771642793
6548.06 1.8054806663272371
6548.45 1.8122142774778507
6548.84 1.818947964361138
6549.24 1.8258543885393002
6549.63 1.8324679902021448
6550.0 1.8385143552544212
6550.02 1.8388411876326949
6550.42 1.8453778747144125
6550.81 1.8517512170808066
6551.21 1.8582880527890737
6551.6 1.8646615400413988
6551.99 1.87103509880128
6552.39 1.8913181544917723
6552.78 1.9259075675002855
6553.17 1.9604973742860803
6553.57 1.995974508176333
6553.96 2.0305651124083024
6554.36 2.066043064051285
6554.75 2.100634465454936
6555.14 2.153603687774689
6555.54 2.2197121930191197
6555.93 2.2841687291893753
6556.33 2.3502787595467916
6556.72 2.414736782446346
6557.11 2.479195539112101
6557.51 2.545307846509263
6557.9 2.6002429953650794
6558.29 2.6518942351466737
6558.69 2.704870475656082
6559.08 2.7565229047661535
6559.48 2.809500364889832
6559.87 2.8611539829192987
6560.26 2.9128081877328897
6560.66 2.916695742380489
6561.05 2.913648334677742
6561.44 2.9106008901809735
6561.84 2.907475267866978
6562.23 2.9044277488578523
6562.63 2.9013020501340643
6563.02 2.8969138719887213
6563.41 2.8415831350795573
6563.81 2.7848330047419263
6564.2 2.729500987602591
6564.59 2.674168338613008
6564.99 2.6174162475045653
6565.38 2.562082318941983
6565.78 2.5036105629749614
6566.17 2.4387016117009845
6566.56 2.3737919202013567
6566.96 2.3072171088301014
6567.35 2.242305918283788
6567.75 2.1757295696928827
6568.14 2.110816880614878
6568.53 2.052877011088692
6568.93 2.011656952762019
6569.32 1.9714669317238864
6569.71 1.9312764524698616
6570.0 1.9013909273107708
6570.11 1.8900549721981148
6570.5 1.849863565001436
6570.9 1.8086411331570615
6571.29 1.787990725506938
6571.68 1.7926297784518992
6572.08 1.797387834893089
6572.47 1.8020269919995593
6572.86 1.8066662005143386
6573.26 1.8114244164869473
6573.65 1.8160637291098294
6574.05 1.8469335861425176
6574.44 1.8958494821708893
6574.83 1.9447659320011894
6575.23 1.9949372249613992
6575.62 2.0438547963078553
6576.01 2.09277292117229
6576.41 2.1429459318214494
6576.8 2.2081541142418417
6577.2 2.281598413876235
6577.59 2.353207426792028
6577.98 2.4248172499518454
6578.38 2.4982640639536853
6578.77 2.5698755279570804
6579.16 2.6414878017894203
6579.56 2.690497603220003
6579.95 2.733228139201015
6580.35 2.7770548308625873
6580.74 2.8197863435380084
6581.13 2.8625183382556414
6581.53 2.906346525800612
6581.92 2.949079496712489
6582.31 2.9241702520610136
6582.71 2.8967962893107186
6583.1 2.8701063675575247
6583.5 2.8427317729198522
6583.89 2.81604123518206
6584.28 2.7893503934285087
6584.68 2.75695706994645
6585.07 2.6911266365114814
6585.46 2.6252954564976547
6585.86 2.557775522102858
6586.25 2.4919428301755846
6586.65 2.4244213453659995
6587.04 2.3585871420432776
6587.43 2.2915988529589475
6587.83 2.219461660619352
6588.22 2.1491270913531864
6588.62 2.076988244315005
6589.01 2.006652061994028
6589.4 1.936315083558709
6589.8 1.8641737660006283
6590.0 1.828102793271027
6590.19 1.8019696249534911
6590.58 1.7527799729540172
6590.98 1.702328469488743
6591.37 1.6531376898268917
6591.77 1.6026850299827105
6592.16 1.5534931230446616
6592.55 1.5043006597452866
6592.95 1.463424521041725
6593.34 1.4320192596628165
6593.73 1.4006136429094103
6594.13 1.3684023848347295
6594.52 1.3369960484039372
6594.92 1.304784052325062
6595.31 1.2733769964632327
6595.7 1.2512749128051694
6596.1 1.2333778395567125
6596.49 1.2159279930095692
6596.88 1.1984779488993877
6597.28 1.1805802625692092
6597.67 1.163129818369558
6598.07 1.1452317217613923
6598.46 1.1359901380409385
6598.85 1.1285442352436295
6599.25 1.1209073239121323
6599.64 1.1134612496275973
6600.04 1.105824162441841
6600.43 1.09837791672872
6600.82 1.0909315864079265
6601.22 1.0907815770824707
6601.61 1.0912272234982252
6602.0 1.0916728741698447
6610.0 1.0647854471679252
6630.0 1.3484728386450429
6650.0 0.9902101845158561
6670.0 0.9546755320956728
6690.0 0.9590843750530036
6710.0 1.4400390767909483
6730.0 0.9659853417948228
6750.0 0.9592601329072732
6770.0 0.9770702858423935
6790.0 0.9705563951136916
6810.0 0.9639602724899808
6830.0 0.9792603505237887
6850.0 0.9426510667630199
6870.0 0.9476014045889497
6890.0 0.9328388299474301
6910.0 0.9404251427040385
6930.0 0.9463561134190873
6950.0 0.9677206016409742
6970.0 0.973980583471863
6990.0 0.9710139164161047
7010.0 0.9441457714211022
7030.0 0.9506709689666495
7050.0 0.9825284542879601
7070.0 0.9321124162906352
7090.0 0.9500418183444814
7110.0 0.9097319796949295
7130.0 0.894518935814641
7150.0 0.9020947833723875
7170.0 0.9070525781947646
7190.0 0.8872246158238054
7210.0 0.8972272929070099
7230.0 0.9192974244136596
7250.0 0.90065956284614
7270.0 0.8956755989241545
7290.0 0.912544331657297
7310.0 0.9231855528281783
7330.0 0.9341945489865809
7350.0 0.9397173537461955
7370.0 0.9216539908810724
7390.0 0.9713000034951137
7410.0 0.9529177625485519
7430.0 0.941980392439116
7450.0 0.9493627395793681
7470.0 0.9585392492488299
7490.0 0.9517325701065029
7510.0 0.9672175580212903
7530.0 0.9772985108638101
7550.0 0.9691961453024216
7570.0 0.9569261191069272
7590.0 0.946994618287727
7610.0 0.9331304516728706
7630.0 0.9181566734893697
7650.0 0.9259838475909764
7670.0 0.9207948158768754
7690.0 0.9011521334773438
7710.0 0.903394791178633
7730.0 0.8898085939983471
7750.0 0.8833252505635311
7770.0 0.8992481584998264
7790.0 0.8733478583138932
7810.0 0.8835071784585575
7830.0 0.9006440811624911
7850.0 0.8827999599435674
7870.0 0.8991297393452382
7890.0 0.9054981181876005
7910.0 0.8964230762937679
7930.0 0.8769117771687828
7950.0 0.8428477072346501
7970.0 0.8740425251684575
7990.0 0.8728565135741639
8010.0 0.8700225486435234
8030.0 0.9052606107374734
8050.0 0.9084455757185914
8070.0 0.8907555967221777
8090.0 0.8674885743993226
8110.0 0.8794247010777965
8130.0 0.8984501727705093
8150.0 0.8852781099909836
8170.0 0.8648937808444295
8190.0 0.8494284694589126
8210.0 0.8834002093230949
8230.0 0.8679905231068669
8250.0 0.8958449398726367
8270.0 0.9063386383799675
8290.0 0.8785659173306902
8310.0 0.872145344400373
8330.0 0.8711344656787294
8350.0 0.8586784000706894
8370.0 0.8697743975365321
8390.0 0.8662958945912038
8410.0 0.8693544012573386
8430.0 0.8471495872595896
8450.0 0.8473279118225502
8470.0 0.8499181589886309
8490.0 0.8527964527594599
8510.0 0.8536492232314375
8530.0 0.8436927742637196
8550.0 0.8248190877957384
8570.0 0.8292389950865277
8590.0 0.843606376352728
8610.0 0.8345772627157237
8630.0 0.8406136985589594
8650.0 0.8259162786626969
8670.0 0.7983224817030322
8690.0 0.7781509238496535
8710.0 0.8086392658764775
8730.0 0.835390746617784
8750.0 0.817757242958222
8770.0 0.8267725986267862
8790.0 0.8372467237673027
8810.0 0.8351648026936375
8830.0 0.8429463081977792
8850.0 0.8418169972560618
8870.0 0.8143795131149323
8890.0 0.796280277843762
8910.0 0.8030722587790766
8930.0 0.8049240215946354
8950.0 0.7990593610380236
8970.0 0.7827208661633079
8990.0 0.7833041024770141
9010.0 0.7758044360235805
9030.0 0.7385587948846395
9050.0 0.8476091061467537
9070.0 0.8520607521793959
9090.0 0.8102109552649503
9110.0 0.7935293915766422
9130.0 0.7506499568585674
9150.0 0.7946272873470707
9170.0 0.8058549804956089
9190.0 0.7906129126750793
9210.0 0.7973583427036612
9230.0 0.7561723185609586
9250.0 0.7560008389174707
9270.0 0.8074804378678572
9290.0 0.7993107027612522
9310.0 0.7908661384882202
9330.0 0.8061886983237844
9350.0 0.8011019552190469
9370.0 0.7969401048124598
9390.0 0.7997201344328395
9410.0 0.7897245879793627
9430.0 0.804574645459663
9450.0 0.7944439754805236
9470.0 0.806130395032953
9490.0 0.8073410453804551
9510.0 0.7951264584106704
9530.0 0.7896724297359177
9550.0 0.7740077552917651
9570.0 0.7801353943455683
9590.0 0.7973613216234943
9610.0 0.793349927865071
9630.0 0.7930045273578967
9650.0 0.7854749443799579
9670.0 0.7838886708191152
9690.0 0.7903064526177601
9710.0 0.7841338885890199
9730.0 0.7773407344571291
9750.0 0.7730207545343407
9770.0 0.7682882487506816
9790.0 0.768704933987241
9810.0 0.7756930024013529
9830.0 0.7717909902223707
9850.0 0.7733924585756748
9870.0 0.7687586016536109
9890.0 0.766801554323114
9910.0 0.7630670339692124
9930.0 0.7629454557217463
9950.0 0.7646954227466299
9970.0 0.7638220997409427
9990.0 0.7607995885165793
10025.0 0.7555535492614462
10075.0 0.7434906917816668
10125.0 0.7558504363665584
10175.0 0.7476561871548967
10225.0 0.7491646706654977
10275.0 0.7465103740364617
10325.0 0.7405305532376198
10375.0 0.7351037586963912
10425.0 0.729671659374122
10475.0 0.724234328944527
10525.0 0.7180912872897004
10575.0 0.7107926132803131
10625.0 0.7034878868594248
10675.0 0.6961771905593019
10725.0 0.6888885575688632
10775.0 0.6816254075470163
10825.0 0.6743565582911921
10875.0 0.6670820861314989
10925.0 0.6607390900237671
10975.0 0.6553549970961701
11025.0 0.6499664883110672
11075.0 0.6445736217728006
11125.0 0.6399134355617889
11175.0 0.6361875907115446
11225.0 0.6324583948589206
11275.0 0.6287258913363848
11325.0 0.6255948616993663
11375.0 0.6237972453496523
11425.0 0.6219973851651877
11475.0 0.6201953096688698
11525.0 0.6171169550310271
11575.0 0.6133077302873073
11625.0 0.6094954394534177
11675.0 0.6056801208573431
11725.0 0.6012170802363899
11775.0 0.5956181667151463
11825.0 0.5900155349446388
11875.0 0.5844092306449539
11925.0 0.5802791961767095
11975.0 0.5773177863622634
12025.0 0.5743539923565032
12075.0 0.5713878430023472
12125.0 0.5684972396202498
12175.0 0.5656390379676584
12225.0 0.5627786121839359
12275.0 0.5599159887488927
12325.0 0.5564145687387001
12375.0 0.5527129535937773
12425.0 0.5490088774190904
12475.0 0.5453023690578434
12525.0 0.5419500117201312
12575.0 0.5387018253105369
12625.0 0.5354514734718979
12675.0 0.5321989811926817
12725.0 0.52924573498186
12775.0 0.5264121988405476
12825.0 0.5235767569338954
12875.0 0.5207394309208103
12925.0 0.5181331208555398
12975.0 0.5156878566913476
13025.0 0.5132409184047949
13075.0 0.5107923247382735
13125.0 0.5077152937729588
13175.0 0.5036881687392567
13225.0 0.4996588751642473
13275.0 0.4956274369692706
13325.0 0.4931199652909314
13375.0 0.49111484731072874
13425.0 0.4891083635798511
13475.0 0.4871005289453338
13525.0 0.48484786596555635
13575.0 0.4822756761114643
13625.0 0.47970198793632396
13675.0 0.4771268174959711
13725.0 0.4740495809317207
13775.0 0.47073141150253284
13825.0 0.46741156281974067
13875.0 0.46409005262491704
13925.0 0.46049933639572854
13975.0 0.4559977080751899
14025.0 0.4514940926705708
14075.0 0.44698851088452213
14125.0 0.44337627197274715
14175.0 0.4413807980090114
14225.0 0.4393842011998701
14275.0 0.4373864930832908
14325.0 0.4363869264144955
14375.0 0.4367048862797235
14425.0 0.43702247045667675
14475.0 0.43733968275315926
14525.0 0.4359909009695156
14570.0 0.4329556329489578
14620.0 0.42958173687477924
14675.0 0.42586879493759805
14725.0 0.42422241776930514
14775.0 0.4249988717963788
14825.0 0.4257751263264441
14875.0 0.42655118332807856
14925.0 0.4270181063467404
14975.0 0.42684418586764766
15025.0 0.42666980847397795
15075.0 0.42649497861672375
15125.0 0.42661154855186645
15175.0 0.4280793795358495
15225.0 0.42954721820276837
15275.0 0.43101506447819243
15325.0 0.43089798918311806
15375.0 0.4300235280657226
15425.0 0.4291484545729474
15475.0 0.42827277451945767
15525.0 0.4268718170565866
15575.0 0.4247525791810623
15625.0 0.4226324311282091
15675.0 0.4205113814326653
15725.0 0.41748107438481236
15775.0 0.41426594666514405
15825.0 0.41104966782996744
15875.0 0.4078322485400943
15925.0 0.4062640939077954
15975.0 0.4065700426391678
16050.0 0.4070285081945383
16150.0 0.4065025901566398
16250.0 0.40534355937554284
16350.0 0.4031078149054418
16450.0 0.39929152906564125
16550.0 0.39650697937641194
16650.0 0.39468841697228046
16750.0 0.39149048177887724
16850.0 0.3873946496550469
16950.0 0.38359208713437154
17050.0 0.3799304357910404
17150.0 0.3751097588774983
17250.0 0.367882585295512
17350.0 0.3613238426132009
17450.0 0.3560502707607697
17550.0 0.35045854947417693
17650.0 0.3442458636590592
17750.0 0.3376519959708941
17850.0 0.3302115175113381
17950.0 0.3230238981167993
18050.0 0.3159591946246967
18150.0 0.31092556452138437
18250.0 0.30724989143568665
18350.0 0.3031504930184856
18450.0 0.2986346908980849
18550.0 0.29302703393095486
18650.0 0.2856796004216022
18750.0 0.2811046260019593
18850.0 0.27787759398209816
18950.0 0.27514569871720956
19050.0 0.27289107877338864
19150.0 0.26970345705795973
19250.0 0.2645421850667735
19350.0 0.2597659488362428
19450.0 0.25530225600113077
19550.0 0.25095900397063914
19650.0 0.24687661681208883
19750.0 0.2428784099327372
19850.0 0.23896052062608056
19950.0 0.23646540224296647
20050.0 0.23461246539157757
20150.0 0.2318416535813199
20250.0 0.22761639749546134
20350.0 0.22476657470024974
20450.0 0.22315667559439759
20550.0 0.2209546836854744
20650.0 0.21843047648900216
20750.0 0.2158997386362323
20850.0 0.21335359679307084
20950.0 0.21101431922177938
21050.0 0.20904631228809636
21150.0 0.20689983441524357
21250.0 0.20451054285813466
21350.0 0.20215338597858706
21450.0 0.19983258297428885
21550.0 0.19709993680900723
21650.0 0.1939536461689775
21750.0 0.19153384861854508
21850.0 0.1898131511675584
21950.0 0.18769121243551348
22050.0 0.1851709185600784
22150.0 0.18269758837674083
22250.0 0.1802762030768421
22350.0 0.17805570112491986
22450.0 0.176101413631214
22550.0 0.17390172787174007
22650.0 0.17127790001432414
22750.0 0.166221003301913
22850.0 0.15500881286485343
22950.0 0.15067542388357252
23050.0 0.14917663540474588
23150.0 0.14340059468567687
23250.0 0.13466666874171673
23350.0 0.12810986376894393
23450.0 0.1241652364133806
23550.0 0.12144052074189961
23650.0 0.12158881165029436
23750.0 0.11840438953975452
23850.0 0.1135626240297712
23950.0 0.11001630483608739
24050.0 0.10789377877907257
24150.0 0.10597192593542319
24250.0 0.1046077613124216
24350.0 0.10204414896923429
24450.0 0.09865582688708462
24550.0 0.09596461030161607
24650.0 0.09459613644897998
24750.0 0.0901368222485015
24850.0 0.083981318769786
24950.0 0.08032220026355609
25050.0 0.08106666505594556
25150.0 0.07892727620928747
25250.0 0.07332525027689214
25350.0 0.07224956669613385
25450.0 0.07488551287832478
25550.0 0.07987056232729925
25650.0 0.07912307775879385
25750.0 0.07937812772491495
25850.0 0.0804973481270619
25950.0 0.08193092812546256
26050.0 0.07780772573427283
26150.0 0.07571866094656268
26250.0 0.0771150821796797
26350.0 0.0825314873119891
26450.0 0.08170861322841469
26550.0 0.07956912646661071
26650.0 0.07713030812109826
26750.0 0.07747664913709917
26850.0 0.07553996050721823
26950.0 0.07734877243553412
27050.0 0.07778361638802768
27150.0 0.0673491520240335
27250.0 0.061620761070142485
27350.0 0.05008340977827437
27450.0 0.06166883398375474
27550.0 0.05249188797532128
27650.0 0.057383596573440665
27750.0 0.05204935874145371
27850.0 0.0620788696993537
27950.0 0.06600747415203388
28050.0 0.07055398133003088
28150.0 0.06941577432095558
28250.0 0.06754303585350231
28350.0 0.06202267418439727
28450.0 0.06036143559583293
28550.0 0.06342293224178688
28650.0 0.06651725364332972
28750.0 0.06550283531837854
28850.0 0.0633393764531915
28950.0 0.06376228688511036
29050.0 0.06171749347538783
29150.0 0.06087913666375507
29250.0 0.056348909174847854
29350.0 0.0586770959437518
29450.0 0.058634746078136644
29550.0 0.06049918970845305
29650.0 0.05451419482194855
29750.0 0.05434465003855363
29850.0 0.04996310443823684
29950.0 0.05326958741244754
30050.0 0.05365087196317753
30150.0 0.05745628208579957
30250.0 0.05868443219357721
30350.0 0.059131811266252464
30450.0 0.058322018437708026
30550.0 0.0534203778729428
30650.0 0.0481652033819466
30750.0 0.04302764715184684
30850.0 0.04635772158593137
30950.0 0.047054419670427325
31050.0 0.05325012050876493
31150.0 0.0542889780933076
31250.0 0.06054161782472987
31350.0 0.059336280954108665
31450.0 0.0577020594288779
31550.0 0.05644116749759062
31650.0 0.06017060755681195
31750.0 0.05978480942175787
31850.0 0.05926990914763629
31950.0 0.055273460425766745
32100.0 0.05243252670024379
32300.0 0.05726939597965064
32500.0 0.062136535174416
32700.0 0.05729618969056426
32900.0 0.055602072903212715
33100.0 0.05538987966317296
33300.0 0.05744420412624685
33500.0 0.05629239983496138
33700.0 0.05133956864435876
33900.0 0.051741880447250324
34100.0 0.04901398710646158
34300.0 0.05811618867874871
34500.0 0.05483198429139754
34700.0 0.05127516145519846
34900.0 0.04918530294299954
35100.0 0.04674272053682875
35300.0 0.045542414529681094
35500.0 0.046566829504427615
35700.0 0.04909047235718219
35900.0 0.04475209571202791
36100.0 0.045550152575507215
36300.0 0.041664279208059575
36500.0 0.03521396805025238
36700.0 0.04043558986958903
36900.0 0.04506007643764394
37100.0 0.04802611555066395
37300.0 0.04557952731289357
37500.0 0.045495408356848725
37700.0 0.04688627471226207
37900.0 0.04444578335285747
38100.0 0.0462203252439545
38300.0 0.04394059968741356
38500.0 0.04218332257992131
38700.0 0.04125456635430382
38900.0 0.040125514036020764
39100.0 0.04025735664526237
39300.0 0.04199808326889378
39500.0 0.040859137041928346
39700.0 0.04138628771436281
39900.0 0.041182747238054505
40100.0 0.03475866783532159
40300.0 0.03661159194277881
40500.0 0.040375130032428555
40700.0 0.039865785552369
40900.0 0.0320200000064402
41100.0 0.031542818984392526
41300.0 0.036912964426097414
41500.0 0.038392337344107845
41700.0 0.03466141023635541
41900.0 0.03819699463938521
42100.0 0.03588589105384765
42300.0 0.0359689378041425
42500.0 0.03417831703200325
42700.0 0.03684978056698947
42900.0 0.038638924716235666
43100.0 0.03581388708320203
43300.0 0.030031448666690184
43500.0 0.03227806772609233
43700.0 0.03228425003961206
43900.0 0.032251335907711946
44100.0 0.03312919153451739
44300.0 0.03322734436686948
44500.0 0.032930404793958895
44700.0 0.02710082949391166
44900.0 0.02335314176378491
45100.0 0.03149231313199259
45300.0 0.03028217051673065
45500.0 0.03042358762097057
45700.0 0.03047419599948985
45900.0 0.03212338080769346
46100.0 0.03161196288422487
46300.0 0.02930048860982884
46500.0 0.032962938020170245
46700.0 0.036241863699194056
46900.0 0.03649552453770956
47100.0 0.03255944612932832
47300.0 0.03349703491820992
47500.0 0.033168574806296515
47700.0 0.03263783452153699
47900.0 0.031364002024962936
48100.0 0.03161222845487262
48300.0 0.029608403809353204
48500.0 0.030917248660666592
48700.0 0.029780656072080403
48900.0 0.029415593273760834
49100.0 0.02905062380172853
49300.0 0.028685908781636103
49500.0 0.02832119376154368
49700.0 0.027956265855202077
49900.0 0.02759128996108333
50100.0 0.02722645416690582
50300.0 0.026861891303274214
50500.0 0.026497328439642604
50700.0 0.026132604517861747
50900.0 0.025767849368951663
51100.0 0.025403048933850987
51300.0 0.025038148170180154
51500.0 0.02467324740650933
51700.0 0.024308259779549812
51900.0 0.023943244586569695
52100.0 0.02357836204129506
52300.0 0.02321407688521908
52500.0 0.023216845443673396
52700.0 0.02401762524404969
52900.0 0.025058218359678336
53100.0 0.026053233243463307
53300.0 0.026755229183950662
53500.0 0.025339545917890487
53700.0 0.02319085953810205
53900.0 0.02098195683020595
54100.0 0.021057542916777607
54300.0 0.021981222822733036
54500.0 0.022358493096138667
54700.0 0.022953351320237333
54900.0 0.023818158798388556
55100.0 0.025687634496460422
55300.0 0.02461296865076771
55500.0 0.021899287443406457
55700.0 0.021474727024309314
55900.0 0.02104004996424018
56100.0 0.020585137906662564
56300.0 0.019862124123645648
56500.0 0.020319849857540716
56700.0 0.021858355930704617
56900.0 0.022324330327078867
57100.0 0.02197617362737404
57300.0 0.02073620236123441
57500.0 0.0202324262256801
57700.0 0.02000886082180105
57900.0 0.02010764468168999
58100.0 0.020182533029837104
58300.0 0.020481912066104013
58500.0 0.021140799791056847
58700.0 0.020999467480825484
58900.0 0.020918968818395726
59100.0 0.021197455231912417
59300.0 0.02067609521093735
59500.0 0.020034764209282005
59700.0 0.019527183312193098
59900.0 0.019819410179096893
60100.0 0.020217614072331573
60300.0 0.02023758036702711
60500.0 0.020236858375302345
60700.0 0.02027795352077758
60900.0 0.020509149788602753
61100.0 0.020636101566718804
61300.0 0.02075192651984947
61500.0 0.02105983791290755
61700.0 0.021442956506716068
61900.0 0.021922910502037932
62100.0 0.022815088617643902
62300.0 0.02306875424423368
62500.0 0.02290533810866856
62700.0 0.022994661005990714
62900.0 0.022597758166255557
63100.0 0.02178982862129678
63300.0 0.020562386617570393
63500.0 0.01999363001632472
63700.0 0.020073492572448972
63900.0 0.0201997637311682
64200.0 0.02016380351621528
64600.0 0.019222300058154323
65000.0 0.01906619618712807
65400.0 0.01830054435190225
65800.0 0.017686893860683627
66200.0 0.01784259878077176
66600.0 0.018530385090152337
67000.0 0.019918431493895876
67400.0 0.018512707120038586
67800.0 0.019243971004852402
68200.0 0.019864825336767544
68600.0 0.022223746289674325
69000.0 0.02600232140823632
69400.0 0.024327957668453717
69800.0 0.026133829628587
70200.0 0.021211268874549622
70600.0 0.020453962443961117
71000.0 0.01935455749504701
71400.0 0.02064141433502288
71800.0 0.0214536438512134
72200.0 0.02122307711492043
72600.0 0.022400554764863665
73000.0 0.02129784021583975
73400.0 0.021920580829851558
73800.0 0.022697676217680957
74200.0 0.021200829401830837
74600.0 0.021929204030909796
75000.0 0.02278597647934392
75400.0 0.022017853326143366
75800.0 0.022540151293929608
76200.0 0.022501361846911695
76600.0 0.022408407127195638
77000.0 0.022452455631548185
77400.0 0.022475246589893673
77800.0 0.02257753770473943
78200.0 0.022930974513472972
78600.0 0.0224723200478247
79000.0 0.021819626464175512
79400.0 0.021594143767891417
79800.0 0.0224831481342177
80200.0 0.023531488673533517
80600.0 0.02250157581336064
81000.0 0.02175143453958736
81400.0 0.021237845129954906
81800.0 0.021345868843009964
82200.0 0.02124884834146478
82600.0 0.021012891358458175
83000.0 0.021019184001937107
83400.0 0.021161184974553424
83800.0 0.02142652477458188
84200.0 0.021856249195833923
84600.0 0.022082473190150054
85000.0 0.02208142443342315
85400.0 0.021910507858299257
85800.0 0.021771681119980842
86200.0 0.02168987675475468
86600.0 0.02184301085574936
87000.0 0.02196589538052167
87400.0 0.021991065954437408
87800.0 0.022103076989696473
88200.0 0.022218301648214384
88600.0 0.02230639865691948
89000.0 0.02236952168693024
89400.0 0.022473133471567326
89800.0 0.022704908708212842
90200.0 0.022812851086162732
90600.0 0.02286763108617575
91000.0 0.0228854602426994
91400.0 0.023132461182082408
91800.0 0.023487446526674602
92200.0 0.023871304069264496
92600.0 0.023987857362989997
93000.0 0.024013172730368886
93400.0 0.024492470263056267
93800.0 0.024829005182307615
94200.0 0.025073634830141325
94600.0 0.025430223804131933
95000.0 0.025844376936193847
95400.0 0.02631862987201197
95800.0 0.027633770807548034
96200.0 0.029579637302025903
96600.0 0.03219003557187104
97000.0 0.030812721461926883
97400.0 0.02944021125290181
97800.0 0.028281316078864492
98200.0 0.028154392220161247
98600.0 0.02828094310608832
99000.0 0.028650087326464305
99400.0 0.028798513245489786
99800.0 0.028853005913982762
100200.0 0.028792183007345814
100400.00000000009 0.02886930851287319
100748.43066198383 0.029120558779217324
101098.07052641988 0.029195041816726722
101448.92378975474 0.029152729222422853
101800.9946629978 0.02905691243156588
102154.28737177301 0.028966096985438155
102508.80615636887 0.028966096985438155
102864.55527178946 0.028989971067082558
103221.53898780573 0.0290479975699653
103579.76158900595 0.029123398002576798
103939.22737484834 0.029206396699411816
104299.94065971187 0.029307583788115762
104661.9057729482 0.0294332272400594
105025.12705893395 0.029612282305611446
105389.60887712192 0.029640537533954316
105755.35560209466 0.02958107786471326
106122.37162361621 0.02983936059384323
106490.66134668495 0.030000108330578108
106860.22919158668 0.029906110838774327
107231.07959394684 0.029913859068040876
107603.217004785 0.029976606988635506
107976.64589056744 0.030070608884523443
108351.370733261 0.030140424118441263
108727.39603038708 0.030169998624743274
109104.72629507471 0.030043660090024214
109483.36605611602 0.029882525896509707
109863.31985801981 0.02982274815319529
110244.59226106624 0.029972081273247478
110627.1878413618 0.03030408818751762
111011.11119089334 0.0306250176725695
111396.36691758451 0.03090823203247759
111782.95964535022 0.03112208852392925
112170.89401415233 0.032319162614482276
112560.17468005554 0.033466286247047186
112950.80631528242 0.03325736438830878
113342.79360827077 0.0327012719689062
113736.1412637291 0.0319680640065245
114130.85400269323 0.03143918112038277
114526.93656258319 0.030880338674522008
114924.39369725919 0.030296255974154414
115323.23017708007 0.02980055066579323
115723.45078895958 0.029305659697324845
116125.06033642414 0.02881183786135146
116528.06363967061 0.02843849365734388
116932.46553562334 0.028281314438182877
117338.27087799355 0.028389831272927664
117745.48453733666 0.02830929807497618
118154.11140111096 0.028292368898177107
118564.15637373661 0.028371932340530034
118975.62437665339 0.02828217449791629
119388.52034838134 0.028244905592078776
119802.84924457902 0.028276412130598987
120218.61603810318 0.028293893796766105
120635.82571906883 0.028197565566052508
121054.48329490799 0.0280074288624708
121474.59379043133 0.027913796562065246
121896.16224788758 0.027940482347835256
122319.19372702412 0.028164169816795592
122743.69330514787 0.0289678290367197
123169.6660771864 0.028563831994089652
123597.11715574806 0.0278896888166768
124026.0516711849 0.027578143578987965
124456.47477165324 0.027238601415614298
124888.39162317566 0.02704563082470032
125321.80740970328 0.027023095397605907
125756.72733317701 0.026985461368732897
126193.15661359143 0.02718082715101472
126631.1004890565 0.02756553167423136
127070.56421586059 0.028140549159379413
127511.55306853396 0.03089742570307662
127954.0723399109 0.033163138263490925
128398.12734119488 0.03394243997089452
128843.72340202122 0.029770013768571336
129290.86587052139 0.02780928452861097
129739.56011338736 0.026850388728102702
130189.81151593504 0.02629494829161421
130641.62548217046 0.026022506461197303
131095.00743485359 0.026037911940770733
131549.96281556363 0.026125026621196194
132006.49708476473 0.026078347325805853
132464.61572187033 0.026225182449487062
132924.3242253105 0.026428714449902167
133385.628112597 0.02662194335184178
133848.53292038973 0.026742031043571264
134313.04420456337 0.02697954457169434
134779.167540273 0.027083888875823872
135246.90852202274 0.027126564482872387
135716.27276373174 0.02717181116776884
136187.2658988018 0.02732739494391568
136659.8935801853 0.027572140365478368
137134.16148045196 0.027694441254438606
137610.07529185852 0.027749192372416062
138087.64072641605 0.02803841426757617
138566.86351595866 0.02807163548252467
139047.7494122127 0.028089239439871287
139530.30418686455 0.028051438031416645
140014.53363163173 0.027858033560620336
140500.44355833106 0.02722363191645712
140988.03979894897 0.02631129488094859
141477.32820571162 0.02532844992653608
141968.3146511539 0.02466490612308831
142461.00502819192 0.025110593042366614
142955.40525019236 0.028371563407541257
143451.52125104374 0.02846141800747299
143949.35898522806 0.028482636145449616
144448.924427891 0.028328307859928518
144950.2235749154 0.02827374124698952
145453.2624429921 0.02832822706393121
145958.04706969234 0.0282355886346957
146464.58351354074 0.02807549000739446
146972.87785408652 0.02821354082138078
147482.9361919785 0.02833712757016965
147994.76464903704 0.02817174120167871
148508.36936832778 0.028136064413374164
149023.7565142358 0.02831543108249323
149540.9322725382 0.028570003491410846
150059.90285048028 0.028869493961077707
150580.6744768489 0.03050533680562262
151103.25340204738 0.03161230527838363
151627.64589817091 0.029153200924055073
152153.85825908065 0.02799231242672567
152681.89680048096 0.028449866423835284
153211.76785999417 0.028496906128626005
153743.47779723676 0.02841722397769508
154277.0329938962 0.02875446318984578
154812.43985380605 0.0296079078662321
155349.70480302497 0.03140042187320164
155888.8342899124 0.03158594766117914
156429.8347852063 0.031002508449816286
156972.71278210124 0.030203474036257075
157517.47479632485 0.029604991796733305
158064.1273662182 0.029378832427294013
158612.67705281274 0.029472875636098805
159163.1304399096 0.029692121323368764
159715.49413415877 0.029760769192379643
160269.77476513712 0.029855347503584217
160825.97898542997 0.029983737066769052
161384.11347070962 0.03012386891256629
161944.18491981577 0.03018875850231937
162506.2000548363 0.029944268353401655
163070.1656211866 0.030235863221750685
163636.0883876925 0.03088616497552291
164203.97514667013 0.031204816040135207
164773.83271400793 0.03131941900212695
165345.66792924836 0.03115086997331455
165919.48765567035 0.03121734138350399
166495.29878037024 0.031226135159618546
167073.10821434658 0.030967618185567983
167652.9228925817 0.030671299809508758
168234.74977412526 0.030495767186239246
168818.59584217807 0.031010998224857388
169404.46810417465 0.03298211275057354
169992.37359186928 0.035583341226749075
170582.3193614191 0.03547020732753287
171174.31249346913 0.034149011948915654
171768.3600932375 0.031958378246783554
172364.46929059955 0.03159007210486209
172962.64724017525 0.03130529461581242
173562.90112141386 0.031105592059289623
174165.23813868032 0.03127992491631218
174769.6655213422 0.03136988468025504
175376.19052385495 0.03138629505568939
175984.8204258511 0.0314079066683814
176595.5625322263 0.031234270244660956
177208.42417322725 0.030928609003162712
177823.4127045401 0.030787740585588984
178440.53550737724 0.030840189529704316
179059.79998856818 0.030988581868649626
179681.21358064678 0.031053682447333916
180304.7837419411 0.03106204759916886
180930.51795666298 0.030997640264545805
181558.42373499667 0.030802549629195403
182188.508613191 0.03082455979862875
182820.7801536484 0.03101498577503843
183455.24594501613 0.031385624999550936
184091.9136022776 0.031051108830511376
184730.79076684228 0.031251195601593736
185371.88510663982 0.03167247687958876
186015.20431621035 0.031310369086948855
186660.7561167974 0.031395402976150406
187308.54825644082 0.031683054855686954
187958.58851006837 0.032088140118011726
188610.8846795912 0.03149262472711544
189265.44459399607 0.03138289174102856
189922.27610943964 0.03132823671863643
190581.38710934314 0.030451664612138198
191242.78550448545 0.030523147616739008
191906.4792331004 0.030329431877540003
192572.47626097052 0.0298732455655029
193240.7845815229 0.03010939234858093
193911.41221592567 0.029702709441765944
194584.36721318262 0.029196822823553983
195259.65765023217 0.0288516245410133
195937.29163204285 0.02916566656900159
196617.27729171072 0.02938896358846028
197299.62279055765 0.029339126505363154
197984.33631822755 0.029090312885657502
198671.42609278703 0.029247696713721193
199360.90036082253 0.0286923623760096
200052.7673975396 0.030084244649158567
200747.03550686277 0.03173633491927331
201443.7130215334 0.028697611853418344
202142.80830321225 0.02653086137290215
202844.3297425782 0.027976272463920655
203548.28575942936 0.0294266997456093
204254.6848027845 0.02934311995989084
204963.53535098286 0.028724027203308074
205674.84591178835 0.028103302691897033
206388.62502249 0.027481589277596745
207104.88125000495 0.026857718253570268
207823.62319098154 0.027544229021430222
208544.8594719008 0.02839255660011713
209268.59874918268 0.02868070841119307
209994.84970928813 0.028394318674707635
210723.62106882382 0.028063715536140642
211454.9215746472 0.027404066487037408
212188.76000396966 0.026742128175436003
212925.1451644646 0.02698292914503353
213664.08589437135 0.02751656454426361
214405.5910626017 0.02800705461382747
215149.66956884676 0.028435457536621165
215896.33034368197 0.028757076419055873
216645.5823486771 0.027973697845421617
217397.43457650184 0.027187600615263506
218151.8960510343 0.02663604397310558
218908.9758274697 0.02614890687405364
219668.68299242735 0.026202900531990668
220431.02666406232 0.02681974641114799
221196.01599217302 0.02736126438322499
221963.66015831166 0.02762601531906351
222733.96837589474 0.027891685053147555
223506.94989031187 0.027435919918620728
224282.61397903945 0.026949079624895338
225060.96995175022 0.026515506181472887
225842.02715042542 0.026101824485522323
226625.79494946744 0.02599449301565683
227412.28275581042 0.02620085514905549
228201.50000903595 0.026429150178316665
228993.45618148448 0.026711157534917547
229788.16077836952 0.02695679875876994
230585.62333789226 0.02683946272044438
231385.85343135396 0.026721719476207453
232188.8606632739 0.02623743663681558
232994.65467150253 0.025717506284480662
233803.24512733784 0.02561593008760638
234614.64173564175 0.02565245098450545
235428.8542349548 0.025695419168578676
236245.89239761574 0.0257426796486995
237065.76602987712 0.025852202409079345
237888.48497202326 0.02603187510665805
238714.05909848903 0.025951289213293618
239542.4983179762 0.025390607141337833
240373.81257357553 0.024900543810835014
241208.01184288395 0.024629099149650772
242045.10613812497 0.024444449253993108
242885.10550626923 0.024728402738075885
243728.0200291531 0.025092073171112932
244573.85982360275 0.026348196403804376
245422.63504155353 0.027561739578194477
246274.3558701723 0.026285820671164545
247129.0325319802 0.02500547378336285
247986.67528497343 0.024582168481642453
248847.29442274923 0.02418469665326921
249710.90027462755 0.023987932448709455
250577.5032057754 0.023804946512728062
251447.1136173319 0.023706075112110824
252319.741946531 0.02361519855713531
253195.39866682977 0.0254160887988357
254074.09428803218 0.027432297343417643
254955.83935641564 0.025827027778364556
255840.64445485763 0.023828675184663264
256728.52020296326 0.023765222639375187
257619.47725719062 0.02387248435860305
258513.52631098175 0.023638041293062257
259410.67809488898 0.02338371115713472
260310.94337670426 0.02315294094851057
261214.33296158884 0.022928582880792414
262120.8576922009 0.022869155156812798
263030.5284488288 0.022809004835115887
263943.3561495196 0.022744212200899852
264859.35175021074 0.022693526004173147
265778.5262448618 0.022707737739459572
266700.8906655845 0.022684104804926303
267626.45608277834 0.022557064959475813
268555.23360526125 0.022403179033913142
269487.23438040353 0.02220335743164993
270422.46959426196 0.02195201970767148
271360.9504717122 0.02164442729316507
272302.6882765867 0.021593320080077326
273247.69431180746 0.021713378122837614
274195.97991952254 0.021920971507738276
275147.55648124265 0.02216089669817895
276102.4354179754 0.02212934528826846
277060.6281903659 0.02204676302114435
278022.1462988321 0.02158076206377519
278987.001283703 0.021200963855144597
279955.20472535834 0.02117466422975221
280926.7682443648 0.02107304437126703
281901.7035016192 0.020845432833621887
282880.0221984859 0.020794606058592943
283861.73607693805 0.020882502422180406
284846.856919699 0.020765288979753035
285835.39655038144 0.020582127691665186
286827.3668336328 0.020782559186033084
287822.7796752752 0.02086173971642688
288821.64702244906 0.020332355875289327
289823.9808637571 0.02028677866535802
290829.79322940577 0.02094202121015096
291839.0961913531 0.020759638865443398
292851.90186345164 0.02011662336796583
293868.22240159387 0.019989691680370174
294888.0700038592 0.019891455721659856
295911.45691065746 0.01960476150712392
296938.39540488017 0.019605605374347294
297968.8978120446 0.020013812726101334
299002.9765004432 0.020235029201894728
300040.643881292 0.020372273160852276
301081.9124088775 0.019918643462041506
302126.7945807098 0.01951549308702722
303175.3029376698 0.01929592728327164
304227.45006416074 0.019258055588230617
305283.2485882598 0.019357629104811407
306342.71118186694 0.01905728439546105
307405.8505608609 0.01870946465762284
308472.6794852493 0.018388827705269603
309543.21075932245 0.018316322962984802
310617.4572318076 0.018463697015464377
311695.4317960206 0.01873834171854181
312777.1473900245 0.018894924400493833
313862.6169967824 0.018548847357170366
314951.8536443137 0.018266231053954828
316044.87040585116 0.01803141679784491
317141.68039999536 0.01830807520324209
318242.2967908759 0.018321483690266562
319346.7327883069 0.01764901227426295
320455.0016479461 0.017697191167818496
321567.116671454 0.01803244275146104
322683.09120665427 0.017776321965553992
323802.93864769104 0.01751046923511348
324926.672435194 0.017233641618250417
326054.30605643673 0.01742287994843581
327185.8530454994 0.018165257215803192
328321.326983432 0.020133031267906193
329460.74149841425 0.019700276831112164
330604.11026592366 0.018358847462890425
331751.4470088968 0.017748946694110816
332902.76549789455 0.01803864818280155
334058.07955126825 0.01900852721675187
335217.40303532267 0.017793863867995512
336380.74986448674 0.016917841090154824
337548.13400147745 0.016446746898759388
338719.56945746863 0.016791540211656606
339895.07029225933 0.01709692541881695
341074.65061444003 0.01721003575344462
342258.32458156615 0.01773429677930761
343446.10640032514 0.0
344638.0103267076 0.0
345834.0506661794 0.0
347034.2417738501 0.0
348238.5980546498 0.0
349447.1339634991 0.0
350659.8640054834 0.0
351876.8027360276 0.0
353097.96476106776 0.0
354323.3647372312 0.0
355553.01737200917 0.0
356786.93742393394 0.0
358025.13970275706 0.0
359267.6390696242 0.0
360514.4504372573 0.0
361765.5887701314 0.0
363021.06908465445 0.0
364280.90644934855 0.0
365545.1159850277 0.0
366813.7128649837 0.0
368086.7123151656 0.0
369364.1296143627 0.0
370645.98009438923 0.0
371932.2791402647 0.0
373223.04219040385 0.0
374518.28473679814 0.0
375818.0223252031 0.0
377122.2705553253 0.0
378431.04508100665 0.0
379744.36161041673 0.0
381062.23590623855 0.0
382384.6837858583 0.0
383711.7211215558 0.0
385043.36384069227 0.0
386379.62792590604 0.0
387720.529415301 0.0
389066.08440264023 0.0
390416.3090375398 0.0
391771.21952565934 0.0
393130.8321289014 0.0
394495.16316560353 0.0
395864.22901073477 0.0
397238.0460960931 0.0
398616.63091049937 0.0
400000.0000000001 0.0
