91.0 0.0
94.0 0.0
96.0 0.0
98.0 0.0
100.0 0.0
102.0 0.0
104.0 1.0619310996772966e-05
106.0 1.2518864441775275e-05
108.0 1.5295656463871403e-05
110.0 2.126457436806626e-05
114.0 2.8976771776184063e-05
118.0 3.7266678310756995e-05
121.0 0.00012404247782419077
125.0 0.00014871404909769391
127.0 0.00015871047859181074
128.0 0.00016726646649649064
131.0 0.00018450131221363727
132.0 0.0002088321604299388
134.0 0.00022275178874073406
137.0 0.0002717867053996338
140.0 0.0003062413794380831
143.0 0.0007223021057161408
147.0 0.0016767977282254266
151.0 0.0018119784842306938
155.0 0.0019278111503848565
159.0 0.0020627664251442216
162.0 0.002161745740285241
166.0 0.002330716186300701
170.0 0.002451925392888016
173.0 0.002568976151922348
177.0 0.0027035512537414326
180.0 0.0028030111913199007
182.0 0.002876003044465819
186.0 0.0030068616329470975
191.0 0.0031908104363188696
194.0 0.0033216835916576215
198.0 0.0034474960622773517
202.0 0.0036069081940472356
205.0 0.003724017712839754
210.0 0.0037509576371349295
216.0 0.00411894601247371
220.0 0.004289896303338381
223.0 0.004353025578640866
227.0 0.004633451879061735
230.0 0.006850799222889019
234.0 0.01175809449568892
240.0 0.014189790817471251
246.0 0.013403874697986387
252.0 0.014009398597056221
257.0 0.011761075085386461
260.0 0.013463621906741871
264.0 0.013986034200679547
269.0 0.013863413874067289
274.0 0.013695532046069468
279.0 0.01356401045705791
284.0 0.013436940713103954
290.0 0.012712522647713923
296.0 0.012743843870620162
301.0 0.012475299887678105
308.0 0.012449858874840646
318.0 0.012433512894100709
328.0 0.012183952884384987
338.0 0.011833614328738917
348.0 0.011480914166017491
357.0 0.011217459095375255
366.0 0.011042617367413257
375.0 0.010722854229014181
385.0 0.010141227162304933
395.0 0.01013177306815181
405.0 0.009940794126629442
414.0 0.009632763062837347
422.0 0.009389493334520892
430.0 0.009143658758371552
441.0 0.008907674048614748
451.0 0.008570602494078886
460.0 0.008332804484115152
470.0 0.008085445253873974
480.0 0.007897924216928559
490.0 0.007593480339025103
500.0 0.007462158175158666
506.0 0.007289109502629323
512.0 0.0073890027288350335
520.0 0.0072383413176892505
530.0 0.00697020474821585
540.0 0.006683584924689146
550.0 0.0064752640398417875
560.0 0.00641619931033683
570.0 0.006351991845538983
580.0 0.0061296441886227555
590.0 0.006007605880528768
600.0 0.005714196528273412
610.0 0.0051203829193033675
620.0 0.005557553890864081
630.0 0.005415875692229515
640.0 0.0053212761379999255
650.0 0.005175024311587281
658.0 0.005021059235556601
665.0 0.005026986331579303
675.0 0.004949264800263086
685.0 0.004705687086852871
695.0 0.004706982090129526
705.0 0.004467208340928876
716.0 0.004523032634737051
726.0 0.004423837137647333
735.0 0.004344414037856502
745.0 0.004234035890023196
755.0 0.004139135399655129
765.0 0.0037879627615020773
775.0 0.003972701916028585
785.0 0.0038373572193896384
795.0 0.003818872397531518
805.0 0.003774817852610327
815.0 0.00370437367356987
825.0 0.0036582348970247403
835.0 0.003388228585049648
845.0 0.003510287817944621
855.0 0.003432336229737174
865.0 0.003387918823272498
875.0 0.0033517029856068178
885.0 0.0033022712206368108
895.0 0.0032614808845047305
905.0 0.0031934426688837716
915.0 0.0036395111222554803
925.0 0.006781173047771898
935.0 0.00998601132866273
945.0 0.013985722909309757
955.0 0.0177588789279294
965.0 0.019374092989795453
975.0 0.007989052856667863
985.0 0.016444315474358318
995.0 0.017342066922436863
1005.0 0.022378619533331635
1015.0 0.021937409567795232
1025.0 0.011789573754371698
1035.0 0.01779740596301953
1045.0 0.02744669691964534
1055.0 0.02654609119600984
1065.0 0.022879396590675824
1075.0 0.025270820425160562
1085.0 0.021217234495372616
1095.0 0.02601847492597531
1105.0 0.025706905825331833
1115.0 0.024492756520373325
1125.0 0.02286252593294652
1135.0 0.027122355877581963
1145.0 0.025257665041734562
1155.0 0.026299896585642895
1165.0 0.026773016999975505
1175.0 0.019841944640542713
1185.0 0.02580549431328638
1195.0 0.020481346136028727
1205.0 0.015468194519965615
1208.72 0.013872086544233098
1208.8 0.013837646719591635
1208.87 0.013807507926135061
1208.94 0.013777365450094071
1209.02 0.013742912398210337
1209.09 0.0137127620347229
1209.16 0.013682607992201973
1209.23 0.013652450271776698
1209.31 0.013617979803467547
1209.38 0.01358781420561787
1209.45 0.013557644933409127
1209.53 0.013523161267401131
1209.6 0.013492984125360529
1209.67 0.013462803312501652
1209.75 0.013428306461513485
1209.82 0.013398117786406084
1209.89 0.013367925444017128
1209.96 0.013337729435471209
1210.04 0.01330321522368866
1210.11 0.013273011362876215
1210.18 0.013242803839437678
1210.26 0.013208276472099982
1210.33 0.013178061103957014
1210.4 0.013147842076714754
1210.47 0.013117619391494658
1210.55 0.013083074702095703
1210.62 0.013052844182125165
1210.69 0.01302261000769777
1210.77 0.012988052192086172
1210.84 0.012957810190449198
1210.91 0.012927564537872263
1210.99 0.01289299360868014
1211.06 0.012862740136425273
1211.13 0.01283248301674307
1211.2 0.012802222250750506
1211.28 0.012767634054749613
1211.35 0.012737365478993134
1211.42 0.012707093260433115
1211.5 0.01267249198007639
1211.57 0.012642211959263041
1211.64 0.012611928299148914
1211.72 0.012577313947017728
1211.79 0.012547022492151656
1211.86 0.012516727401483416
1211.93 0.012486428676125186
1212.01 0.012451797112215755
1212.08 0.01242149060197985
1212.15 0.01239118046054688
1212.23 0.012356535853970192
1212.3 0.012326217935139827
1212.37 0.01229589638860118
1212.44 0.012265571215463273
1212.52 0.012230909435422968
1212.59 0.012200576494734175
1212.66 0.012170239930929229
1212.74 0.01213556513724701
1212.81 0.012105220813350413
1212.88 0.012074872869816523
1212.96 0.012040185074987898
1213.03 0.012009829378812521
1213.1 0.011979470066474597
1213.17 0.011949107139078702
1213.25 0.011914402225441382
1213.32 0.011884031555210832
1213.39 0.011853657273391372
1213.47 0.011818939387516103
1213.54 0.011788557370291195
1213.61 0.011758171744942309
1213.69 0.011723440899274138
1213.76 0.011693047545939842
1213.83 0.011662650587942209
1213.9 0.011632250026381356
1213.98 0.011597502116339314
1214.05 0.01156709383656046
1214.12 0.011536681956673553
1214.2 0.01150192111563052
1214.27 0.011471501524924743
1214.34 0.011441078337561788
1214.41 0.011410651554638674
1214.49 0.011375873687121183
1214.56 0.011345439203119043
1214.63 0.011315001127002079
1214.71 0.011280210357194377
1214.78 0.011249764587376714
1214.85 0.011219315228885463
1214.93 0.01118451156914741
1215.0 0.011154054524324717
1215.07 0.011123593894265362
1215.14 0.01109312968006193
1215.22 0.011058309047911542
1215.29 0.011027837157077182
1215.36 0.010997361685530256
1215.44 0.010962528192044237
1215.51 0.010932045051214818
1215.58 0.010901558333100036
1215.66 0.010895701197528451
1215.73 0.01096667628253262
1215.8 0.011037659054481598
1215.87 0.011108649511031016
1215.95 0.011189790868082148
1216.02 0.011260797783742527
1216.09 0.01133181237664138
1216.17 0.011412981309080961
1216.24 0.011484012345324975
1216.31 0.011555051051454672
1216.38 0.011626097425132677
1216.46 0.011707302666601362
1216.53 0.011778365462872113
1216.6 0.011849435919350226
1216.68 0.011930668675034636
1216.75 0.012001755538385409
1216.82 0.012072850054611988
1216.9 0.012154110298178094
1216.97 0.01222522120557666
1217.04 0.012296339758528594
1217.11 0.012367465954705982
1217.19 0.012448762392118281
1217.26 0.012519904958801177
1217.33 0.012591055161399132
1217.41 0.012672379025772902
1217.48 0.012743545583221052
1217.55 0.012814719769282995
1217.63 0.012896071034393296
1217.7 0.012967261559669653
1217.77 0.013038459706267653
1217.84 0.013109665471868993
1217.92 0.013191052816118454
1217.99 0.013262274900353206
1218.06 0.013333504596311168
1218.14 0.01341491928062887
1218.21 0.013486165279629692
1218.28 0.013557418883082652
1218.35 0.013628680088676154
1218.43 0.013710130772276933
1218.5 0.01378140826039187
1218.57 0.013852693343388265
1218.65 0.013934171306564559
1218.72 0.014005472656536948
1218.79 0.014076781594140818
1218.87 0.01415828681085157
1218.94 0.01422961199990568
1219.01 0.014300944769350104
1219.08 0.014372285116883021
1219.16 0.014453826218975386
1219.23 0.014525182797521914
1219.3 0.014596546946927944
1219.38 0.01467811524231287
1219.45 0.014749495607251494
1219.52 0.014820883535829697
1219.6 0.014902478998574087
1219.67 0.014973883127223487
1219.74 0.0150452948123013
1219.81 0.015116714051515297
1219.89 0.015198345286211735
1219.96 0.015269780705145033
1220.03 0.015341223671015506
1220.11 0.015422882013079103
1220.18 0.01549434114325232
1220.25 0.015565807813172485
1220.32 0.015637282020553988
1220.4 0.015718976055603677
1220.47 0.015790466406995097
1220.54 0.015861964288669744
1220.62 0.01594368537126836
1220.69 0.01601519938158113
1220.76 0.016086720915007773
1220.84 0.01616846901940526
1220.91 0.016240006666117263
1220.98 0.016311551828783015
1221.05 0.016383104505126412
1221.13 0.01646488818987898
1221.2 0.016536456959299197
1221.27 0.016608033235248763
1221.35 0.01668984388223023
1221.42 0.016761436235948696
1221.49 0.016833036089056976
1221.57 0.016914873672624314
1221.64 0.01698648958821255
1221.71 0.017058112996060228
1221.78 0.0171297438939007
1221.86 0.017211616945660004
1221.93 0.017283263885856177
1222.0 0.017354918308926354
1222.08 0.0174368182379495
1222.15 0.017508488688130895
1222.22 0.01758016661407669
1222.29 0.01765185201352685
1222.37 0.017733787332658547
1222.44 0.017805488739154187
1222.51 0.017877197612056094
1222.59 0.01795915974930221
1222.66 0.018030884614049517
1222.73 0.018102616938114165
1222.81 0.01818460586801246
1222.88 0.018256354168741492
1222.95 0.01832810992170787
1223.02 0.018399873124660973
1223.1 0.018481897333296735
1223.17 0.018553676492932082
1223.24 0.018625463095485635
1225.0 0.02005506284662977
1235.0 0.026359795509413326
1245.0 0.028472483006959426
1255.0 0.027658086060350726
1265.0 0.025092299889943808
1275.0 0.029735779721383575
1285.0 0.03104291707903397
1295.0 0.0256802859398031
1305.0 0.025536514948146505
1315.0 0.030590617202939534
1325.0 0.02912097555483047
1335.0 0.02680141630836295
1345.0 0.0304767496079428
1355.0 0.029566985776858002
1365.0 0.02705726569791043
1375.0 0.027922352243506407
1385.0 0.028054693337599395
1395.0 0.024414647911275948
1405.0 0.024639799935189548
1415.0 0.02615194495578534
1425.0 0.02646820064061744
1435.0 0.026482394735638324
1442.0 0.027613600474193034
1447.0 0.0278609538296189
1455.0 0.02712847193994162
1465.0 0.02527787494902969
1475.0 0.025260324634292473
1485.0 0.025582620314402164
1495.0 0.02579492914623846
1505.0 0.024677624385585357
1512.0 0.02250380820650751
1517.0 0.02336261057455708
1525.0 0.022714101724296106
1535.0 0.020643333510445838
1545.0 0.021939808356621272
1555.0 0.020904595240945477
1565.0 0.021294747058763976
1575.0 0.02329941471726337
1585.0 0.024249694925256436
1595.0 0.024944757881913786
1605.0 0.02432359183166598
1615.0 0.023840705485126
1625.0 0.022570798185769524
1635.0 0.02392371170483062
1645.0 0.024659498602916847
1655.0 0.022383460757098003
1665.0 0.024773946260178203
1672.0 0.023014366645562077
1677.0 0.02721872774516511
1685.0 0.029097404622372338
1695.0 0.026450151504876524
1705.0 0.026005843411547103
1715.0 0.02637051225777365
1725.0 0.0264908482042615
1735.0 0.028782716281533404
1745.0 0.02814475286023578
1755.0 0.030359433407492177
1765.0 0.027033272544724565
1775.0 0.029196026908843403
1785.0 0.029544497625653234
1795.0 0.03357631202122092
1805.0 0.032375975801543076
1815.0 0.03089311682901779
1825.0 0.030577393490782392
1835.0 0.029335239795175598
1845.0 0.026087964967333566
1855.0 0.027908596514091926
1865.0 0.030681667772736326
1875.0 0.03148151702848881
1885.0 0.030673376292210362
1895.0 0.03152299432360401
1905.0 0.0315713855517992
1915.0 0.03177443092720203
1925.0 0.030493634154633263
1935.0 0.02637671892147999
1945.0 0.034222550508556104
1955.0 0.033975833133392884
1967.0 0.037846679543327995
1976.0 0.036812269769720914
1984.0 0.03746241196133384
1995.0 0.037122785938213734
2005.0 0.0359865102092108
2015.0 0.03552614099952724
2025.0 0.03410448299002636
2035.0 0.03717195792852736
2045.0 0.040681929401582495
2055.0 0.03873620117785896
2065.0 0.03796499081809608
2074.0 0.042738477023911745
2078.0 0.055101492347103515
2085.0 0.06442370061471933
2095.0 0.05985678812015336
2105.0 0.05788455522220135
2115.0 0.06101108957510969
2125.0 0.058649635062770766
2135.0 0.05330736569622063
2145.0 0.06154454546489194
2155.0 0.06443450323589385
2165.0 0.05865689648505017
2175.0 0.05805984082076399
2185.0 0.06629989187362
2195.0 0.06917913839237158
2205.0 0.06715866301645353
2215.0 0.05670346378359114
2225.0 0.05763610212590402
2235.0 0.07401942579315088
2245.0 0.06769424238850721
2255.0 0.05635688010043294
2265.0 0.05560199679598003
2275.0 0.06184932127066548
2285.0 0.07485837263755481
2295.0 0.06434706833906853
2305.0 0.07437009167976527
2315.0 0.06647810301049308
2325.0 0.05238094751752486
2335.0 0.044390751992183265
2345.0 0.0391678396570872
2355.0 0.05781603070138795
2365.0 0.03790600307960195
2375.0 0.04685243767566773
2385.0 0.03358084810464694
2395.0 0.036103400520537336
2405.0 0.03816560496152365
2415.0 0.044560532677452774
2425.0 0.06705035706094717
2435.0 0.06817811311245911
2445.0 0.08073621021172545
2455.0 0.08260124608312443
2465.0 0.07454183123364871
2475.0 0.06766199180190588
2485.0 0.05309593271154302
2495.0 0.057853079352515976
2505.0 0.08082143780571127
2513.0 0.037780766772939456
2518.0 0.03437956332483662
2525.0 0.03948435229592474
2535.0 0.05167354349381772
2545.0 0.054581288609778
2555.0 0.08257630965558015
2565.0 0.07172210532145447
2575.0 0.08602792214249079
2585.0 0.07933953779873298
2595.0 0.06886089192502633
2605.0 0.061622002165045445
2615.0 0.05677796712783918
2625.0 0.08321345003798661
2635.0 0.12052512006148605
2645.0 0.15585140112976692
2655.0 0.2061659924059394
2665.0 0.14524724626394592
2675.0 0.15713769459951088
2685.0 0.17949276990573224
2695.0 0.1444050453924438
2705.0 0.16111561319835394
2715.0 0.12675456650807546
2725.0 0.11212591131811847
2735.0 0.12788781339609295
2745.0 0.08169993484884963
2755.0 0.10238290924832515
2765.0 0.12434068586838093
2775.0 0.12463166024720444
2785.0 0.08405412927576023
2795.0 0.04791948472094251
2805.0 0.051258626956591634
2815.0 0.11057152112317241
2825.0 0.178745103018548
2835.0 0.17432957551923564
2845.0 0.1303442588732984
2855.0 0.0916988912367658
2865.0 0.19015906083394069
2875.0 0.22436730899206922
2885.0 0.2126662298200643
2895.0 0.23854432210243104
2910.0 0.3189704797623743
2930.0 0.28185800172314257
2950.0 0.26608639501785447
2970.0 0.28358846280765837
2990.0 0.28845448605213675
3010.0 0.2962906349629154
3030.0 0.3088030054680964
3050.0 0.327924108367813
3070.0 0.3468414241154234
3090.0 0.34913740106169133
3110.0 0.387256863458717
3130.0 0.3674938910040029
3150.0 0.3664464983154919
3170.0 0.3938962206488902
3190.0 0.3480251641847122
3210.0 0.38382904795051287
3230.0 0.34409480571115664
3250.0 0.44831582068024356
3270.0 0.5104876916743493
3290.0 0.5041002832400534
3310.0 0.4852318639245662
3330.0 0.4717845410073893
3350.0 0.5366502064171251
3370.0 0.3962419389230945
3390.0 0.4919155996626375
3410.0 0.4836832690463063
3430.0 0.5390356112029925
3450.0 0.45995927117257734
3470.0 0.5068954794946775
3490.0 0.5308409465195307
3510.0 0.5471632232575093
3530.0 0.4739202671528524
3550.0 0.5932535613885143
3570.0 0.4664331023216293
3590.0 0.4301570658666236
3610.0 0.5015684073573506
3630.0 0.6526995265939649
3640.0 0.5720024249684327
3650.0 0.6302157142182445
3670.0 0.7057071137945339
3690.0 0.6576214705683044
3704.66 0.750174387632372
3704.88 0.7515744294084135
3705.11 0.7530381864496908
3705.33 0.7494265734384662
3705.55 0.7453135745868895
3705.78 0.7410133872561735
3706.0 0.7368999407933853
3706.22 0.7327862755189208
3706.45 0.7284853915171453
3706.67 0.7243712787152164
3706.89 0.7202569471425702
3707.12 0.7159553666001152
3707.34 0.7118405875837631
3707.56 0.7077255898376407
3707.79 0.7034233128848772
3708.01 0.6993078677788019
3708.24 0.6950051231609622
3708.46 0.6908892307511904
3708.68 0.6867731196800909
3708.91 0.6824696788698476
3709.13 0.6783531205787859
3709.35 0.6742363436673362
3709.58 0.6699322067950443
3709.8 0.6658149827473693
3710.0 0.6620718621182008
3710.02 0.6616975401202426
3710.25 0.6573927073162394
3710.47 0.653274817636627
3710.7 0.6489695174889658
3710.92 0.644851180813093
3711.14 0.640732625626193
3711.37 0.636426629764677
3711.59 0.6323076276652378
3711.81 0.6281884070957003
3712.04 0.623881715650642
3712.26 0.6197620482522801
3712.48 0.615642162424746
3712.71 0.6113347755264485
3712.93 0.6072144429538074
3713.16 0.6029065890331946
3713.38 0.5987858097716574
3713.6 0.5946648121493543
3713.83 0.5937276552509608
3714.05 0.594242086051387
3714.27 0.5947565424561772
3714.5 0.5952944106178267
3714.72 0.5958089193901752
3714.94 0.5963234537619959
3715.17 0.5968614034293984
3715.39 0.5973759901587671
3715.62 0.5979139945600934
3715.84 0.59842863364029
3716.06 0.5989432983117766
3716.29 0.5994813841928133
3716.51 0.5999961012051197
3716.73 0.6005108438038238
3716.96 0.6010490111489928
3717.18 0.6015638060785086
3717.4 0.6020786265895315
3717.63 0.6026168753832569
3717.85 0.6031317482150842
3718.08 0.6036700517043204
3718.3 0.6041849768502339
3718.52 0.6046999275694757
3718.75 0.6052383124812334
3718.97 0.6057533155045554
3719.19 0.6062683440963165
3719.42 0.606806810415023
3719.64 0.6073218913008592
3719.86 0.6078369977502441
3720.09 0.6083755454603285
3720.31 0.6088907041937851
3720.53 0.6094058884859004
3720.76 0.609944517571792
3720.98 0.6104597541379767
3721.21 0.6109984378705218
3721.43 0.6115137267040598
3721.65 0.6120290410880824
3721.88 0.6125678061704105
3722.1 0.6130831728117843
3722.32 0.6133939272889928
3722.55 0.6134097907074183
3722.77 0.6134249636850505
3722.99 0.613440135951904
3723.22 0.613455997107292
3723.44 0.6134711679203272
3723.67 0.6134870275558475
3723.89 0.6135021969151278
3724.11 0.6135173655637067
3724.34 0.6135332229364361
3724.56 0.613548390131355
3724.78 0.613563556615619
3725.01 0.6135794117257048
3725.23 0.6135945767564038
3725.45 0.613609741076494
3725.68 0.6136255939240843
3725.9 0.6136407567907045
3726.13 0.6136566081187912
3726.35 0.6136717695320051
3726.57 0.613686930234688
3726.8 0.6137027793005265
3727.02 0.6137179385498985
3727.24 0.6137330970887861
3727.47 0.6137489438925247
3727.69 0.6137641009781968
3727.91 0.6137792573534306
3728.14 0.6137951018952179
3728.36 0.6138102568173317
3728.59 0.613826099839981
3728.81 0.6138412533090388
3729.03 0.6138564060677367
3729.26 0.6138722468286832
3729.48 0.6138873981344205
3729.7 0.6139025487298448
3729.93 0.6139183872292371
3730.0 0.613923207488005
3730.15 0.6139335363717967
3730.37 0.6139486848040902
3730.6 0.6139645210420774
3730.82 0.6137110589644468
3731.05 0.6075487089630798
3731.27 0.601653970129328
3731.49 0.5957589212681891
3731.72 0.589595584175492
3731.94 0.5836999012269771
3732.16 0.5778039083093275
3732.39 0.5716395843107303
3732.61 0.5657429574248284
3732.83 0.5598460206280275
3733.06 0.5536807099089459
3733.28 0.5477831392630071
3733.51 0.541617165925293
3733.73 0.5357189615102372
3733.95 0.5298204472816102
3734.18 0.5236534875333301
3734.4 0.5177543396546611
3734.62 0.511854882020657
3734.85 0.5056869360471896
3735.07 0.49978684488223374
3735.29 0.4938864440201623
3735.52 0.4877175120068722
3735.74 0.4818164777329425
3735.96 0.47591513382008804
3736.19 0.469745215952326
3736.41 0.46384323874669736
3736.64 0.4576726588419155
3736.86 0.451770048423457
3737.08 0.4458671284634032
3737.31 0.4396955630139574
3737.53 0.43379200996013073
3737.75 0.42788814742291204
3737.98 0.4217155966141152
3738.2 0.4158111011021834
3738.42 0.40990629616503427
3738.65 0.40373276018218485
3738.87 0.3978273223893734
3739.1 0.39165312482647313
3739.32 0.38574705425792133
3739.54 0.3854438544581379
3739.77 0.38918241412736426
3739.99 0.3927586176935665
3740.21 0.3963350069961086
3740.44 0.40007415802832685
3740.66 0.40365092721026163
3740.88 0.40722788209350796
3741.11 0.4109676243771931
3741.33 0.4145449590681866
3741.56 0.41828509839846273
3741.78 0.4218628128491014
3742.0 0.4254407129424884
3742.23 0.42918144333782016
3742.45 0.4327597231192089
3742.67 0.43633818850833994
3742.9 0.4400795098572254
3743.12 0.44365835486272015
3743.34 0.44723738544093955
3743.57 0.45097929763188566
3743.79 0.4545587077548439
3744.02 0.4583010167174252
3744.24 0.4618808063370267
3744.46 0.46546078147082154
3744.69 0.46920368108910676
3744.91 0.47278403564792215
3745.13 0.4763645756859204
3745.36 0.4801080658484402
3745.58 0.48368898523984943
3745.8 0.4872700900754339
3746.03 0.4910141706707276
3746.25 0.49459565478811945
3746.48 0.4983401318801724
3746.7 0.50192199523129
3746.92 0.5055040439680684
3747.15 0.5092491113065932
3747.37 0.5128315392054958
3747.59 0.5164141524550593
3747.82 0.5201598099286192
3748.04 0.5237252236076853
3748.26 0.5269216601937731
3748.49 0.5302635659502819
3748.71 0.5334603403660291
3748.93 0.5366572799273371
3749.16 0.5399997114882317
3750.0 0.5522083859556688
3770.0 0.5839079095138601
3790.0 0.6336733287204023
3810.0 0.703787871244602
3830.0 0.5185025580437137
3850.0 0.5837804111988583
3870.0 0.6682420238155291
3890.0 0.6644253662866808
3910.0 0.773894246209755
3930.0 0.4618781258673533
3950.0 0.7270020641949574
3970.0 0.5453674404591005
3990.0 1.0
4010.0 1.067108965027268
4030.0 1.08546322938851
4050.0 1.0386131211284684
4070.0 1.0251775879229683
4078.2 1.0944551026485938
4078.45 1.0961222471231984
4078.7 1.0977894778853337
4078.94 1.0993901005904767
4079.19 1.1010575004579912
4079.43 1.1026582854927374
4079.68 1.104325854441553
4079.93 1.1059935096470632
4080.17 1.1075945397888354
4080.42 1.1092623640392885
4080.66 1.1108635564526481
4080.91 1.112531549723972
4081.16 1.114199629221161
4081.4 1.1158010666539415
4081.65 1.1174693151356518
4081.9 1.1191376498246826
4082.14 1.1207393322241832
4082.39 1.1215003300146422
4082.63 1.1219557986954398
4082.88 1.1224302671185546
4083.13 1.1229047578671902
4083.37 1.1233602899881883
4083.62 1.1238348244900263
4083.86 1.124290398611035
4084.11 1.1247649768596932
4084.36 1.1252395774256982
4084.6 1.1256952149636823
4084.85 1.126169859266871
4085.1 1.1266445258824915
4085.34 1.127100226823481
4085.59 1.1275749371666497
4085.83 1.128030680083023
4086.08 1.1285054341473608
4086.33 1.128984797400162
4086.57 1.1294528358187634
4086.82 1.1299403983600593
4087.06 1.1304084800191816
4087.31 1.1308960875994054
4087.56 1.1313837181561446
4087.8 1.131851865105334
4088.05 1.132339540691086
4088.3 1.1328272392482956
4088.54 1.1332954514731777
4088.79 1.1337831950494879
4089.03 1.1342514504895571
4089.28 1.1347392390784043
4089.53 1.1352270506303037
4089.77 1.1356953713221805
4090.0 1.1361441985074678
4090.02 1.1361832278767072
4090.26 1.1366515917679574
4090.51 1.1334489256070355
4090.76 1.130092307751675
4091.0 1.126869783263552
4091.25 1.1235128084479618
4091.5 1.120155651529159
4091.74 1.116932609576547
4091.99 1.1135750957733777
4092.23 1.110351711235877
4092.48 1.1069938405985686
4092.73 1.1036357879223757
4092.97 1.1004118861031846
4093.22 1.097053476668698
4093.47 1.09369488523402
4093.71 1.0904704662430795
4093.96 1.0871115181259432
4094.2 1.0838867567439494
4094.45 1.080815703400425
4094.7 1.0779709727629991
4094.94 1.0752398860014365
4095.19 1.0723948525630036
4095.43 1.0696634751329286
4095.68 1.0668181389360896
4095.93 1.0639726482870866
4096.17 1.0612408319657376
4096.42 1.0583950386226568
4096.67 1.0555490908602305
4096.91 1.0528168357408745
4097.16 1.0499705853486896
4097.4 1.0472380397252061
4097.65 1.0443914867458475
4097.9 1.0415447794016823
4098.14 1.0388117951351543
4098.39 1.0361464942883345
4098.63 1.034503506237552
4098.88 1.0327919683509494
4099.13 1.031080336593051
4099.37 1.0294370817975949
4099.62 1.0277252660714569
4099.87 1.0260133564939202
4100.11 1.0243698350103294
4100.36 1.0226577415035485
4100.6 1.02101404346027
4100.85 1.0193017660500627
4101.1 1.0175893948215224
4101.34 1.0159454301840753
4101.59 1.014232875091095
4101.83 1.0125887339561759
4102.08 1.0108759950245678
4102.33 1.0091631623076853
4102.57 1.0090156366826204
4102.82 1.0093817180018456
4103.07 1.0097478160646836
4103.31 1.0100992859562359
4103.56 1.0104654168329166
4103.8 1.0108169182234448
4104.05 1.0111830819091518
4104.3 1.0115492623323026
4104.54 1.0119008112839496
4104.79 1.0122670245088525
4105.03 1.01261860494787
4105.28 1.0129848509697095
4105.53 1.0133511137228244
4105.77 1.0137027417054365
4106.02 1.0140690372482162
4106.27 1.0144353495185618
4106.51 1.0155674246061674
4106.76 1.0181016245154895
4107.0 1.0205345804420953
4107.25 1.0230690387039656
4107.5 1.0256036287642165
4107.74 1.0280369592091025
4107.99 1.0305718075664625
4108.23 1.0330053859589536
4108.48 1.0355404925767173
4108.73 1.038075730945853
4108.97 1.0405096837230534
4109.22 1.0430451802971674
4109.47 1.0455808085943772
4109.71 1.0480151356759189
4109.96 1.0505510221226895
4110.0 1.0509567761757002
4110.2 1.0529855970101971
4110.45 1.0555217415698377
4110.7 1.0585943606310788
4110.94 1.0615656798191924
4111.19 1.064660962030067
4111.44 1.0677564055116422
4111.68 1.0707281829665902
4111.93 1.073823942504841
4112.17 1.0767960233526397
4112.42 1.079892098902678
4112.67 1.0829883356659284
4112.91 1.0859608746171914
4113.16 1.0890574273244487
4113.4 1.092030269560417
4113.65 1.0951271381668042
4113.9 1.0982241679289295
4114.14 1.1011974681050543
4114.39 1.1042948136985449
4114.64 1.1058390711138502
4114.88 1.1061500088596983
4115.13 1.1064739162553021
4115.37 1.1067848807080283
4115.62 1.1071088159212328
4115.87 1.1074327653255
4116.11 1.1077437701035515
4116.36 1.108067747319186
4116.6 1.1083787787941706
4116.85 1.108702783817046
4117.1 1.1090268030256991
4117.34 1.1093378748109886
4117.59 1.109661921820651
4117.84 1.1099859830129122
4118.08 1.1102970950994748
4118.33 1.1106211840865148
4118.57 1.1109859425564588
4118.82 1.1117569034254413
4119.07 1.1125279021101278
4119.31 1.1132680964218624
4119.56 1.1140391692172644
4119.81 1.114810279820142
4120.05 1.1155505815655962
4120.3 1.1163217662630631
4120.54 1.1170621391341988
4120.79 1.1178333979155783
4121.04 1.1186046944907604
4121.28 1.1193451747567638
4121.53 1.120116545399737
4121.77 1.1208570967656994
4122.02 1.1216285414657903
4122.27 1.1224000239460135
4122.51 1.123140682667996
4122.76 1.1225787156177909
4123.01 1.1215955920451848
4123.25 1.1206517417299227
4123.5 1.1196685104828499
4123.74 1.1187245568073207
4123.99 1.1177412179008248
4124.24 1.1167578240718468
4124.48 1.1158137143285918
4124.73 1.1148302128629066
4124.97 1.1138859997956283
4125.22 1.1129023907082751
4125.47 1.1119187267177018
4125.71 1.1109743576374365
4125.96 1.1099905860479062
4126.21 1.109006759566742
4126.45 1.1080622345064097
4126.7 1.1066073658526083
4126.94 1.1044068681920194
4127.19 1.1021145616945132
4130.0 1.0763405155534873
4150.0 1.0863194302423584
4170.0 1.0850320077108189
4190.0 1.1030411736666643
4210.0 1.1249412979124505
4230.0 1.0963719005331956
4250.0 1.1715940142488932
4270.0 1.1495409716292067
4290.0 1.0713871046821117
4310.0 0.9941898107038611
4315.65 1.1092580485551955
4315.91 1.1136597257078586
4316.17 1.1180616283599958
4316.43 1.1232290353301957
4316.69 1.1304739467821998
4316.95 1.1377192311734674
4317.21 1.144964888475738
4317.47 1.1522109186607774
4317.73 1.159457321700328
4317.99 1.1667040975662093
4318.25 1.1739512462301678
4318.52 1.181477525932344
4318.78 1.1887254344434035
4319.04 1.1959737156668027
4319.3 1.2032223695742943
4319.56 1.2104713961376568
4319.82 1.2177207953286477
4320.08 1.2249705671190998
4320.34 1.232220711480772
4320.6 1.236094475317808
4320.86 1.2389553844877388
4321.12 1.2418164386470156
4321.38 1.244677637784617
4321.64 1.2475389818895333
4321.9 1.250400470950744
4322.16 1.2532621049572603
4322.42 1.2561238838980644
4322.68 1.2589858077621476
4322.94 1.2618478765384933
4323.2 1.264710090216115
4323.46 1.267572448783997
4323.73 1.270545051410704
4323.99 1.2734077052977275
4324.25 1.2762705040415754
4324.51 1.2778639162656182
4324.77 1.276011447559482
4325.03 1.274158879581888
4325.29 1.272306212340275
4325.55 1.2704534458421026
4325.81 1.2686005800948232
4326.07 1.2667476151058947
4326.33 1.2648945508827554
4326.59 1.263041387432862
4326.85 1.261188124763666
4327.11 1.259334762882623
4327.37 1.2574813017971704
4327.63 1.2556277415147632
4327.89 1.2537740820428502
4328.15 1.2519203233888858
4328.41 1.250066465560306
4328.67 1.2499034530454076
4328.94 1.2502609667891775
4329.2 1.2506052540619295
4329.46 1.250949555833426
4329.72 1.2512938721025202
4329.98 1.251638202868063
4330.0 1.251664690450441
4330.24 1.2519825481289117
4330.5 1.2523269078839172
4330.76 1.2526712821319326
4331.02 1.253015670871812
4331.28 1.2533600741024074
4331.54 1.2537044918225746
4331.8 1.2540489240311663
4332.06 1.254393370727036
4332.32 1.254737831909037
4332.58 1.254885595498313
4332.84 1.2544994168418842
4333.1 1.2541132149353538
4333.36 1.2537269897804295
4333.62 1.253340741378817
4333.88 1.2529544697322241
4334.15 1.2525533168824403
4334.41 1.2521669978571357
4334.67 1.251780655592037
4334.93 1.2513942900888517
4335.19 1.2510079013492876
4335.45 1.2506214893750487
4335.71 1.2502350541678426
4335.97 1.2498485957293757
4336.23 1.2494621140613558
4336.49 1.2490756091654869
4336.75 1.2492122754313957
4337.01 1.2495059078253703
4337.27 1.2497995520784821
4337.53 1.2500932081897818
4337.79 1.2503868761583252
4338.05 1.2506805559831637
4338.31 1.250974247663351
4338.57 1.2512679511979385
4338.83 1.2515616665859823
4339.09 1.2518553938265338
4339.35 1.252149132918647
4339.62 1.252454182211205
4339.88 1.252747945459339
4340.14 1.2530417205561593
4340.4 1.253335507500717
4340.66 1.253172880791624
4340.92 1.2517713412803386
4341.18 1.250369726270714
4341.44 1.2489680357684145
4341.7 1.2475662697790895
4341.96 1.2461644283084028
4342.22 1.2447625113620135
4342.48 1.2433605189455843
4342.74 1.2419584510647637
4343.0 1.240556307725214
4343.26 1.2391540889325925
4343.52 1.2377517946925574
4343.78 1.2363494250107685
4344.04 1.2349469798928738
4344.3 1.2335444593445335
4344.57 1.232087915866253
4344.83 1.2336553950222409
4345.09 1.2359301492007686
4345.35 1.2382050171975894
4345.61 1.2404799990040374
4345.87 1.2427550946114712
4346.13 1.2450303040112258
4346.39 1.2473056271946446
4346.65 1.2495810641530645
4346.91 1.2518566148778447
4347.17 1.2541322793603236
4347.43 1.2564080575918464
4347.69 1.2586839495637516
4347.95 1.2609599552674016
4348.21 1.263236074694136
4348.47 1.2655123078353026
4348.73 1.268281890370666
4348.99 1.2723904289477161
4349.25 1.276499175377766
4349.51 1.280608129645044
4349.78 1.2848753405795528
4350.0 1.2883524929584824
4350.04 1.2889847184661822
4350.3 1.2930943041421195
4350.56 1.2972040975915955
4350.82 1.3013140987988285
4351.08 1.3054243077480798
4351.34 1.3095347244235684
4351.6 1.3136453488095299
4351.86 1.3177561808901852
4352.12 1.3218672206497997
4352.38 1.3259784680725972
4352.64 1.3300899231428158
4352.9 1.3329941208722493
4353.16 1.3355362154365342
4353.42 1.3380784370186494
4353.68 1.3406207856089327
4353.94 1.3431632611977145
4354.2 1.3457058637753525
4354.46 1.3482485933321775
4354.72 1.3507914498585307
4354.99 1.3534322429372196
4355.25 1.3559753582561616
4355.51 1.3585186005152874
4355.77 1.3610619697049389
4356.03 1.3636054658154517
4356.29 1.3661490888371879
4356.55 1.368692838760484
4356.81 1.370067549780569
4357.07 1.368811637237831
4357.33 1.3675556567226306
4357.59 1.366299608240061
4357.85 1.36504349179521
4358.11 1.3637873073931697
4358.37 1.362531055039019
4358.63 1.3612747347378498
4358.89 1.3600183464947488
4359.15 1.358761890314807
4359.41 1.3575053662031027
4359.67 1.3562487741647256
4359.93 1.3549921142047616
4360.2 1.3536870492844917
4360.46 1.352430250884735
4360.72 1.3511733845788423
4360.98 1.3530098397397343
4361.24 1.3555829255826473
4361.5 1.3581561396823996
4361.76 1.360729482029233
4362.02 1.3633029526133917
4362.28 1.3658765514251106
4362.54 1.3684502784546517
4362.8 1.3710241336922522
4363.06 1.373598117128157
4363.32 1.3761722287526044
4363.58 1.378746468555859
4363.84 1.3813208365281595
4364.1 1.383895332659754
4364.36 1.3864699569408832
4364.62 1.3890447093618132
4364.88 1.3904582872582205
4365.15 1.388652877207908
4365.41 1.3869142398662369
4365.67 1.3851755099811645
4365.93 1.3834366875596391
4366.19 1.381697772608615
4366.45 1.3799587651350276
4366.71 1.3782196651458294
4366.97 1.3764804726479676
4367.23 1.374741187648394
4367.49 1.3730018101540429
4370.0 1.3589966956942947
4390.0 1.2440475376604834
4410.0 1.3232235656278513
4430.0 1.394304251818982
4450.0 1.422018241065424
4470.0 1.4801214233179818
4490.0 1.5365823535526926
4510.0 1.6781183911345057
4530.0 1.5153104455706927
4550.0 1.5905169365541927
4570.0 1.6590467681689443
4590.0 1.6039769563534174
4610.0 1.697754184329104
4630.0 1.7134318927724057
4650.0 1.6247293863681254
4670.0 1.6204556594879231
4690.0 1.6303731421424097
4710.0 1.648311201241757
4730.0 1.7144196655780959
4750.0 1.7454339769418068
4770.0 1.7217077475954292
4790.0 1.7366742248476923
4810.0 1.7752933139431122
4830.0 1.7763057754398826
4834.84 1.7741128382081317
4835.13 1.7717580272863493
4835.42 1.7694030942227044
4835.71 1.7670480390274501
4836.0 1.7646928617108388
4836.29 1.7623375622831219
4836.59 1.7599009171448727
4836.88 1.7575453693158578
4837.17 1.7551896994068408
4837.46 1.755931017250879
4837.75 1.7566723674011187
4838.05 1.7574393153430954
4838.34 1.7581807312111446
4838.63 1.7589221793769414
4838.92 1.7596636598377007
4839.21 1.7604051725906373
4839.5 1.7611467176329672
4839.8 1.7619138671697658
4840.09 1.7626554778957133
4840.38 1.7633971209026051
4840.67 1.7641387961876567
4840.96 1.764880503748085
4841.26 1.7649204619314007
4841.55 1.7614434271447494
4841.84 1.757966214594364
4842.13 1.7544888242951928
4842.42 1.7510112562621831
4842.72 1.7474135850733745
4843.01 1.74393565549007
4843.3 1.7404575482182767
4843.59 1.7369792632729382
4843.88 1.7335008006689951
4844.17 1.730022160421388
4844.47 1.7264233801399487
4844.76 1.7229443785254819
4845.05 1.7194651993126782
4845.34 1.7167069695384485
4845.63 1.7153187734705728
4845.93 1.7138826311670656
4846.22 1.7124942854544927
4846.51 1.7111058661970808
4846.8 1.709717373400982
4847.09 1.7083288070723475
4847.38 1.706940167217328
4847.68 1.7055035658627347
4847.97 1.704114776438537
4848.26 1.7027259135066153
4848.55 1.7013369770731186
4848.84 1.699947967144196
4849.14 1.698510982987106
4849.43 1.697224483881781
4849.72 1.69603373508701
4850.0 1.6948839862359402
4850.01 1.694842922680275
4850.3 1.6936520466668894
4850.59 1.6924611070521662
4850.89 1.6912290336309568
4851.18 1.6900379646368093
4851.47 1.6888468320574446
4851.76 1.6876556358981747
4852.05 1.686464376164311
4852.35 1.6852319716135098
4852.64 1.6840405825546234
4852.93 1.6828491299372577
4853.22 1.6816576137667205
4853.51 1.6793646111622873
4853.81 1.676392713952752
4854.1 1.6735197305046186
4854.39 1.6706466001235987
4854.68 1.6677733228220386
4854.97 1.6648998986122847
4855.26 1.6620263275066811
4855.56 1.6590535131741568
4855.85 1.6561796432495837
4856.14 1.653305626466616
4856.43 1.6504314628375947
4856.72 1.6475571523748598
4857.02 1.6445835732555105
4857.31 1.6417089641002036
4857.6 1.6369555109933545
4857.89 1.6318104130511024
4858.18 1.6266650558362745
4858.47 1.6215194393706993
4858.77 1.616196115063416
4859.06 1.6110499712240411
4859.35 1.605903568200149
4859.64 1.600756906013561
4859.93 1.5956099846860976
4860.23 1.5902853106373152
4860.52 1.5851378621595398
4860.81 1.5799901546071078
4861.1 1.5748421880018157
4861.39 1.5696939623654749
4861.68 1.5704318414872578
4861.98 1.5711951988318662
4862.27 1.5719331439067965
4862.56 1.5726711213951448
4862.85 1.573409131294126
4863.14 1.5741471736009536
4863.44 1.5749106997429143
4863.73 1.5756488079743476
4864.02 1.5763869486051763
4864.31 1.5771251216326108
4864.6 1.5778633270538673
4864.9 1.5786270219201368
4865.19 1.5793652932374718
4865.48 1.5805790839148484
4865.77 1.5840753244014847
4866.06 1.5875717336418202
4866.35 1.5910683116215738
4866.65 1.594685638808222
4866.94 1.5981825600413004
4867.23 1.6016796499704353
4867.52 1.6051769085813496
4867.81 1.6086743358597364
4868.11 1.6122925415554843
4868.4 1.6157903119408628
4868.69 1.6192882509503799
4868.98 1.6227863585697548
4869.27 1.6262846347847184
4869.56 1.6292006006709132
4869.86 1.6308781980239322
4870.0 1.6316611045667424
4870.15 1.6324999526203348
4870.44 1.634121783057642
4870.73 1.6357436893294024
4871.02 1.6373656714291684
4871.32 1.639043663734514
4871.61 1.6406658000851235
4871.9 1.64228801224416
4872.19 1.6439103002051747
4872.48 1.6455326639617176
4872.77 1.6471551035073455
4873.07 1.6488335689915936
4873.36 1.6504561627088907
4873.65 1.6531641046489765
4873.94 1.6568851218449077
4874.23 1.6606063183153643
4874.53 1.6644560205432675
4874.82 1.6681775816978
4875.11 1.6718993220807998
4875.4 1.6756212416770901
4875.69 1.6793433404714977
4875.98 1.6830656184488475
4876.28 1.6869164393806189
4876.57 1.6906390818557449
4876.86 1.6943619034677777
4877.15 1.6980849042015502
4877.44 1.7018080840418937
4877.74 1.7022395675874187
4878.03 1.701003513390909
4878.32 1.6997673938552362
4878.61 1.69853120898586
4878.9 1.6972949587882369
4879.2 1.6960160105331288
4879.49 1.6947796274431597
4879.78 1.6935431790415034
4880.07 1.692306665333616
4880.36 1.6910700863249526
4880.65 1.6898334420209686
4880.95 1.6885540861042716
4881.24 1.6873173089749223
4881.53 1.686080466566803
4881.82 1.6865483755294228
4882.11 1.6873714820249692
4882.41 1.6882230095320596
4882.7 1.6890461895470275
4882.99 1.6898694056939534
4883.28 1.6906926579697346
4883.57 1.69151594637127
4883.86 1.692339270895458
4884.16 1.6931910239297214
4884.45 1.6940144219352506
4884.74 1.6948378560540232
4885.03 1.695661326282938
4885.32 1.696484832618896
4885.62 1.6973367737178744
4885.91 1.6975897510396338
4886.2 1.6978427364014996
4886.49 1.6980957298027408
4886.78 1.6983487312426244
4887.07 1.6986017407204184
4887.37 1.698863483120629
4887.66 1.6991165089491547
4887.95 1.6993695428133706
4888.24 1.6996225847125448
4888.53 1.6998756346459456
4888.83 1.7001374188929075
4889.12 1.7003904851695464
4889.41 1.7006435594781923
4889.7 1.70171438992132
4890.0 1.7068828417429205
4890.29 1.7118792569797021
4890.58 1.7168759131834797
4890.87 1.7218728103338743
4891.16 1.726869948410507
4891.45 1.7318673273930005
4891.74 1.7368649472609805
4892.04 1.7420351523151585
4892.33 1.7470332621976201
4892.62 1.7520316129037512
4892.91 1.7570302044131823
4910.0 1.757740035922521
4928.77 1.7750302034406875
4929.07 1.7768869249351504
4929.36 1.7786818398221915
4929.66 1.780538735327835
4929.96 1.7823957193022042
4930.0 1.7826433238493393
4930.26 1.783237970521292
4930.55 1.7837536117183457
4930.85 1.7842870552247831
4931.15 1.7848205206734538
4931.45 1.7853540080623884
4931.74 1.7858697333919418
4932.04 1.7864032639243035
4932.34 1.7869368163910746
4932.64 1.787470390790283
4932.93 1.78798620022233
4933.23 1.7885198177495771
4933.53 1.7890534572034122
4933.83 1.7895871185818624
4934.12 1.7904125140020501
4934.42 1.7924937746730345
4934.72 1.7945751349272423
4935.02 1.796656594755932
4935.31 1.7986687672331907
4935.61 1.8007504228661875
4935.91 1.8028321780477417
4936.21 1.8049140327691073
4936.5 1.8069265869429991
4936.8 1.8090086374005028
4937.1 1.8110907873718949
4937.4 1.8131730368484347
4937.69 1.8151859725860588
4937.99 1.817268417730591
4938.29 1.818083821157111
4938.59 1.8181656340797345
4938.88 1.8182447191140967
4939.18 1.818326530400511
4939.48 1.8184083408549723
4939.78 1.8184901504774926
4940.07 1.8185692323217997
4940.37 1.818651040308204
4940.67 1.8187328474627027
4940.97 1.8188146537853078
4941.26 1.8188937324397432
4941.56 1.818975537126326
4941.86 1.819057340981051
4942.16 1.8190620084406526
4942.45 1.8180225892989437
4942.75 1.8169472703267988
4943.05 1.8158718925890842
4943.35 1.8147964560908625
4943.64 1.8137568116255476
4943.94 1.8126812595797652
4944.24 1.8116056487884886
4944.54 1.8105299792567813
4944.83 1.8094901095448466
4945.13 1.8084143245050548
4945.43 1.8073384807398436
4945.73 1.8062625782542754
4946.02 1.8052224833726775
4946.32 1.8059484398383234
4946.62 1.808733878577258
4946.92 1.8115194517497923
4947.21 1.8142123002587751
4947.51 1.8169981377830329
4947.81 1.819784109705953
4948.11 1.8225702160157535
4948.4 1.8252635798463692
4948.7 1.8280499504160461
4949.0 1.8308364553376866
4949.3 1.833623094599519
4949.59 1.8363169735727083
4949.89 1.8391038770025863
4950.0 1.840125775245094
4950.19 1.8418909147377351
4950.49 1.8405043461043111
4950.78 1.8388757320322244
4951.08 1.8371908712021294
4951.38 1.8355059212419556
4951.68 1.8338208821594117
4951.97 1.832191926337767
4952.27 1.8305067120037104
4952.57 1.8288214085701504
4952.87 1.8271360160447823
4953.16 1.8255067185907954
4953.46 1.8238211508740243
4953.76 1.8221354940883048
4954.06 1.8204497482413398
4954.35 1.8194491106595443
4954.65 1.8196502566294293
4954.95 1.81985140773368
4955.25 1.8200525639717893
4955.54 1.820247019881501
4955.84 1.8204481862147182
4956.14 1.820649357680289
4956.44 1.8208505342777066
4956.73 1.8210450098661721
4957.03 1.821246196554744
4957.33 1.8214473883736586
4957.63 1.8216485853224105
4957.92 1.8218430805819221
4958.22 1.822044287617875
4958.52 1.822112109039101
4958.82 1.822139330743799
4959.11 1.8221656416880585
4959.41 1.8221928564200027
4959.71 1.8222200676068494
4960.01 1.8222472752488479
4960.3 1.8222735726001058
4960.6 1.8223007732712966
4960.9 1.8223279703983795
4961.2 1.822355163981604
4961.49 1.8223814477436533
4961.79 1.8224086343580153
4962.09 1.822435817429259
4962.39 1.8226261124302972
4962.68 1.823328166899172
4962.98 1.8240544608895337
4963.28 1.8247807861449756
4963.58 1.8255071426627105
4963.87 1.8262093170104514
4964.17 1.8269357350025777
4964.47 1.827662184248742
4964.77 1.8283886647461605
4965.06 1.8290909589304367
4965.36 1.8298175008805373
4965.66 1.8305440740736416
4965.96 1.8312706785069655
4966.25 1.8319730924854618
4966.55 1.8302841241947918
4966.85 1.8271965071604472
4967.15 1.824108731649128
4967.44 1.8211237313599247
4967.74 1.8180356442172985
4968.04 1.814947398638471
4968.34 1.811858994637187
4968.63 1.808873386859521
4968.93 1.805784671334165
4969.23 1.8026957974271312
4969.53 1.7996067651521415
4969.82 1.7966205500950363
4970.0 1.7947669628799423
4970.12 1.793531206403163
4970.42 1.790492172406159
4970.72 1.7881595524657474
4971.02 1.7858268118381555
4971.31 1.783571714521443
4971.61 1.781238736572905
4971.91 1.7789056379681971
4972.21 1.77657241871778
4972.5 1.7743168587717553
4972.8 1.7719834022819358
4973.1 1.7696498251774158
4973.4 1.7673161274686513
4973.69 1.7650601050522885
4973.99 1.762726170185639
4974.29 1.7603921147457355
4974.58 1.7582307728565045
4974.88 1.7561001155261167
4975.18 1.7539693477589648
4975.48 1.7518384695646194
4975.78 1.749707480952631
4976.07 1.747647420345267
4976.37 1.7455162146064862
4976.48 1.7447347448431185
4976.67 1.7433848984784337
4976.78 1.7426033882413952
4976.97 1.74125347197067
4977.08 1.7404719212634645
4977.26 1.7391929881001027
4977.38 1.738340343918887
4977.56 1.7370613445401233
4977.68 1.736208656217218
4977.86 1.7349295906287945
4977.98 1.7340768581680224
4978.16 1.7327977263756593
4978.28 1.7319449497808432
4978.45 1.730736819387269
4978.58 1.7304948653103884
4978.75 1.7303405951632478
4978.88 1.730222619949601
4979.05 1.730068339538198
4979.18 1.7299503564757395
4979.35 1.7297960658009373
4979.48 1.729678074890327
4979.64 1.729532850639687
4979.78 1.7294057751948857
4979.94 1.7292605412861854
4980.08 1.729133457390936
4980.24 1.7289882138249886
4980.39 1.7288520433044794
4980.54 1.7287158682576176
4980.69 1.7285796886845932
4980.83 1.7284525836663325
4980.99 1.728307315960815
4981.13 1.728180202494593
4981.29 1.7280349251346683
4981.43 1.727907803221194
4981.59 1.7277625162076733
4981.73 1.7276353858476583
4981.89 1.7274900891813516
4982.02 1.7273720318494825
4982.19 1.7272176440572256
4982.32 1.7270995788834465
4982.49 1.7269451808368146
4982.62 1.7268593389133653
4982.79 1.7267547434513562
4982.92 1.7266747557092037
4983.09 1.7265701524611348
4983.21 1.7264963122180028
4983.39 1.7263855477317016
4983.51 1.726311701993205
4983.69 1.7262009292641989
4983.81 1.7261270780307936
4983.99 1.7260162970597672
4984.11 1.7259424403319104
4984.29 1.7258316511195488
4984.4 1.725763944166783
4984.59 1.725646991444684
4984.7 1.7255792794561675
4984.89 1.7254623180363147
4985.0 1.7253946010124657
4985.19 1.7252776308955828
4985.3 1.7252099088368196
4985.49 1.7250929300236277
4985.59 1.7250313600151237
4985.79 1.7249082154215913
4985.89 1.7248466408366467
4986.09 1.7247234870906143
4986.19 1.7246619079296106
4986.39 1.7245387450318372
4986.49 1.724477161295154
4986.69 1.7243886568849516
4986.78 1.7243555142344544
4986.99 1.7242781778656384
4987.08 1.7242450322000606
4987.29 1.7241676887963435
4987.38 1.7241345401159311
4987.59 1.724057189677887
4987.68 1.7240240379828862
4987.9 1.7239429966991509
4987.97 1.7239172097029944
4988.2 1.7238324771499287
4988.5 1.7237219475540335
4988.8 1.7236114079122848
4989.1 1.7235008582255036
4989.4 1.7233902984945095
4989.7 1.7232797287201223
4990.0 1.7231691489031624
4990.3 1.7230585590444496
4990.6 1.7228479594908384
4990.9 1.719737283344101
4991.2 1.7166264489318088
4991.5 1.7135154562676982
4991.8 1.7104043053654956
4992.1 1.7072929962389254
4992.4 1.7041815289017215
4992.7 1.7010699033675865
4993.0 1.6979581196502513
4993.3 1.6948461777634367
4993.6 1.6917340777208614
4993.9 1.6886218195362526
4994.2 1.6855094032233076
4994.5 1.6823968287957516
4994.8 1.6848021906526998
4995.1 1.6908864871374059
4995.41 1.6971739042569884
4995.71 1.7032588021707773
4996.01 1.7093439958302212
4996.31 1.7154294852095149
4996.61 1.721515270282839
4996.91 1.727601351024431
4997.21 1.7336877274084748
4997.51 1.7397743994091752
4997.81 1.7458613670007401
4998.11 1.7519486301573601
4998.41 1.7580361888532845
4998.71 1.7626618565192758
4999.01 1.7599766346481134
4999.31 1.7572912757385388
4999.61 1.7546057798024364
4999.91 1.7519201468516634
5000.21 1.749234376898103
5000.51 1.7465484699536264
5000.81 1.743862426030106
5001.11 1.7411762451394208
5001.41 1.738489927293423
5001.71 1.7358034725039901
5002.01 1.7331168807829893
5002.31 1.7304301521422876
5002.61 1.727743286593758
5002.92 1.7256458793850455
5003.22 1.723884908212598
5003.52 1.7221238457714505
5003.82 1.7203626920695005
5004.12 1.7186014471146267
5004.42 1.7168401109147255
5004.72 1.7150786834776857
5005.02 1.7133171648113965
5005.32 1.7115555549237509
5005.62 1.709793853822626
5005.92 1.7080320615159135
5006.22 1.7062701780114997
5006.52 1.7045082033172696
5006.82 1.7022080743396035
5007.12 1.698652316270189
5007.42 1.6950963788135631
5007.72 1.691540261985287
5008.02 1.6879839658009217
5008.32 1.684427490276037
5008.62 1.6808708354261694
5008.92 1.6773140012668863
5009.22 1.6737569878137435
5009.52 1.6701997950822942
5009.82 1.6666424230881025
5010.0 1.6645079138519263
5010.12 1.663084871846697
5010.42 1.6595271413736397
5010.73 1.65585063160853
5011.03 1.6559354701317515
5011.33 1.656580773522758
5011.63 1.6572261042584686
5011.93 1.65787146233645
5012.23 1.6585168477542707
5012.53 1.6591622605095029
5012.83 1.6598077005997147
5013.13 1.6604531680224743
5013.43 1.6610986627753526
5013.73 1.6617441848559174
5014.03 1.6623897342617424
5014.33 1.6630353109903966
5014.63 1.6636809150394503
5014.93 1.6641393319776971
5015.23 1.6643169385079173
5015.53 1.6644945493808476
5015.83 1.6646721645960592
5016.13 1.664849784153122
5016.43 1.665027408051607
5016.73 1.6652050362910849
5017.03 1.665382668871127
5017.33 1.6655603057913042
5017.63 1.6657379470511868
5017.93 1.6659155926503464
5018.23 1.6660932425883532
5018.54 1.6662768187487058
5018.84 1.6664544775077146
5019.14 1.668434065615248
5019.44 1.6704758832673252
5019.74 1.6725177966335483
5020.04 1.6745598057055295
5020.34 1.6766019104748897
5020.64 1.6786441109332493
5020.94 1.680686407072225
5021.24 1.6827287988834514
5021.54 1.6847712863585447
5021.84 1.68681386948913
5022.14 1.6888565482668312
5022.44 1.6908993226832687
5022.74 1.6929421927300803
5023.04 1.694691370971105
5023.34 1.6961835601444846
5023.64 1.6976758179486313
5023.94 1.6991681443775173
5024.24 1.7006605394251288
5024.54 1.702153003085438
5024.84 1.7036455353524242
5025.14 1.705138136220064
5025.44 1.7066308056823338
5025.74 1.7081235437332207
5026.04 1.709616350366702
5026.35 1.7111589892647305
5026.65 1.712651935330918
5026.95 1.7138811929348485
5027.25 1.7127366348916802
5027.55 1.7115920163795473
5027.85 1.7104473374036582
5028.15 1.7093025979692245
5028.45 1.7081577980814477
5028.75 1.7070129377455387
5029.05 1.7058680169667033
5029.35 1.7047230357501488
5029.65 1.703577994101085
5029.95 1.7024328920247098
5030.0 1.702242035804135
5030.25 1.7012877295262323
5030.55 1.7001425066108569
5030.85 1.6989972232837882
5031.15 1.6996125354083993
5031.45 1.7012472251427104
5031.75 1.7028819903095875
5032.05 1.7045168309024175
5032.35 1.7061517469145866
5032.65 1.707786738339477
5032.95 1.7094218051704868
5033.25 1.7110569474009991
5033.55 1.7126921650244034
5033.85 1.7143274580340895
5034.16 1.7160173400012169
5034.46 1.7176527862759585
5034.76 1.7192883079169348
5035.06 1.720889600745258
5035.36 1.7223537472142436
5035.66 1.723817960658109
5035.96 1.7252822410709718
5036.26 1.7267465884469542
5050.0 1.7520487446656752
5070.0 1.7488792396448336
5090.0 1.7121296561579857
5110.0 1.7550293326018997
5130.0 1.7040841397556754
5150.0 1.6569025301590399
5170.0 1.4949094815042363
5190.0 1.6278790139874564
5210.0 1.7341449363585482
5230.0 1.8062711296906844
5250.0 1.8595563478197756
5270.0 1.7354039021617584
5290.0 1.9841254084099011
5310.0 1.9539678096336957
5330.0 1.8961044428105651
5350.0 2.010811462250326
5370.0 1.9603814667786015
5390.0 1.8909329281554776
5410.0 1.9180541073583
5430.0 1.9622334547288218
5450.0 1.9264090005073091
5470.0 1.9396740355827975
5490.0 1.9569018146176866
5510.0 1.9844291132368255
5530.0 2.018433575102326
5550.0 2.0418365177101876
5570.0 1.9751495269296488
5590.0 1.936352452440305
5610.0 1.9871285758321322
5630.0 2.024746647720634
5650.0 1.965686241107643
5670.0 2.0184369557505724
5690.0 2.0651138417670487
5710.0 2.013631905808207
5730.0 2.097816990979601
5750.0 2.049874880439013
5770.0 2.0891780932555606
5790.0 2.1010844448168715
5810.0 2.1938449497539008
5830.0 2.159601888319991
5850.0 2.1007022432627998
5870.0 2.08386316395158
5890.0 1.8283887345354146
5910.0 2.0429419762802064
5930.0 2.1179064521938726
5950.0 2.120173911378444
5970.0 2.1443843309269015
5990.0 2.1247917688195943
6010.0 2.1345206051013945
6030.0 2.204925829005311
6050.0 2.2189953126599913
6070.0 2.2015565300164113
6090.0 2.1606019074019844
6110.0 2.146780033159439
6130.0 2.1437299190840187
6150.0 2.084801865857697
6170.0 2.027003516694356
6190.0 2.0412798953624405
6210.0 2.0832823969026144
6230.0 2.0304361141039466
6250.0 2.054145323834119
6270.0 2.1664785667997193
6290.0 2.125803032186259
6310.0 2.1374965635682055
6330.0 2.1347896695552873
6350.0 2.1150722892015565
6370.0 2.1297962363090828
6390.0 2.1779771157066117
6410.0 2.144177533816589
6430.0 2.138601347556813
6450.0 2.1526243525638167
6470.0 2.235206866922377
6490.0 2.126401127787272
6510.0 2.1803204235848446
6523.64 2.2365505040419986
6524.04 2.238106773068441
6524.43 2.239624198765747
6524.82 2.2413879319999648
6525.22 2.2443515483279666
6525.61 2.247241201647224
6526.0 2.2501309807349275
6526.4 2.253094987350257
6526.79 2.2559850211438537
6527.19 2.2589492889576794
6527.58 2.261839577382457
6527.97 2.2647299914836982
6528.37 2.26769464929944
6528.76 2.2705853179203204
6529.15 2.266118178522453
6529.55 2.2609073777198265
6529.94 2.255826602613218
6530.0 2.255044923495685
6530.34 2.2506153006698817
6530.73 2.2455340370226384
6531.12 2.2404525322498485
6531.52 2.235240482040545
6531.91 2.2301584889408144
6532.3 2.225076254820995
6532.7 2.2198634566729987
6533.09 2.220684810157977
6533.49 2.2242186356753635
6533.88 2.227664268592869
6534.27 2.2311100525891847
6534.67 2.2346443469375945
6535.06 2.2380904368983683
6535.46 2.241625045010501
6535.85 2.2450714408460852
6536.24 2.2485179876501076
6536.64 2.25205306425079
6537.03 2.2536826361267424
6537.42 2.252960446493334
6537.82 2.2522196970905313
6538.21 2.251497425394438
6538.6 2.250775113195224
6539.0 2.250034238102259
6539.39 2.2493118438761535
6539.79 2.248570884665327
6540.18 2.2478484084362815
6540.57 2.247125891733601
6540.97 2.2460059564036143
6541.36 2.2431725620349203
6541.76 2.2402663739635487
6542.15 2.237432701613323
6542.54 2.2345988920616695
6542.94 2.231692278223892
6543.33 2.228858190812097
6543.72 2.22602396625879
6544.12 2.2231169268405133
6544.51 2.220282424548385
6544.91 2.2173751003114157
6545.3 2.2155493611974597
6545.69 2.213778075250892
6546.09 2.2119612799714914
6546.48 2.210189815136249
6546.87 2.208418262008141
6547.27 2.206601192736425
6547.66 2.2048294607976975
6548.06 2.203012208157256
6548.45 2.2012402974601333
6548.84 2.1994682985344416
6549.24 2.1950123402503703
6549.63 2.189428946905651
6550.0 2.1841316387740606
6550.02 2.183845291063906
6550.42 2.1781181919198795
6550.81 2.1725340044694303
6551.21 2.1668063601653706
6551.6 2.1612216412615455
6551.99 2.1556366600519254
6552.39 2.1499082017548043
6552.78 2.1443226893237086
6553.17 2.139629275270233
6553.57 2.136130977935028
6553.96 2.1327199731973328
6554.36 2.1292213377620683
6554.75 2.1258100034249487
6555.14 2.1223985064096755
6555.54 2.11889936614805
6555.93 2.1154875396770922
6556.33 2.1119880615615325
6556.72 2.1085759057310773
6557.11 2.1053165350572685
6557.51 2.1028362313660733
6557.9 2.100417816614664
6558.29 2.097999284729703
6558.69 2.0955186175471616
6559.08 2.0930998484433947
6559.48 2.090618937995014
6559.87 2.0881999317416584
6560.26 2.0857808084399676
6560.66 2.0832995347646657
6561.05 2.0808801744167273
6561.44 2.0835832736003383
6561.84 2.086793641294072
6562.23 2.0899238874438684
6562.63 2.0931345374726176
6563.02 2.096265058858857
6563.41 2.099395716091666
6563.81 2.102606787682445
6564.2 2.105737720031633
6564.59 2.108868788168153
6564.99 2.112080281137083
6565.38 2.113214507344257
6565.78 2.1133536764032517
6566.17 2.113489365595525
6566.56 2.1136250541557344
6566.96 2.113764221253298
6567.35 2.113899908533416
6567.75 2.1140390743182307
6568.14 2.1141747603185803
6568.53 2.1143104456872632
6568.93 2.1144496095118783
6569.32 2.11594666450088
6569.71 2.11940079590528
6570.0 2.1219693499701235
6570.11 2.1229436508237334
6570.5 2.126398086488225
6570.9 2.129941253422778
6571.29 2.1333959932585804
6571.68 2.136850883222183
6572.08 2.1403945160365656
6572.47 2.143849710038935
6572.86 2.147305054103683
6573.26 2.1516901015744065
6573.65 2.1606120611129374
6574.05 2.1697632024760716
6574.44 2.1786859685370534
6574.83 2.1876091326680096
6575.23 2.196761509330397
6575.62 2.2056854796326126
6576.01 2.2146098478314578
6576.41 2.2237634592552578
6576.8 2.2326886332743716
6577.2 2.2418430710600386
6577.59 2.241909085589631
6577.98 2.2412367487673666
6578.38 2.240547133411737
6578.77 2.239874720296046
6579.16 2.2392022695246903
6579.56 2.2385125373151826
6579.95 2.2378400102835196
6580.35 2.237150199869678
6580.74 2.2364775965998684
6581.13 2.2358049557016733
6581.53 2.2363556331750614
6581.92 2.237543893298307
6582.31 2.2387322000889154
6582.71 2.2399510247549705
6583.1 2.2411394260563053
6583.5 2.2423583476422957
6583.89 2.2435468434267833
6584.28 2.244735385844686
6584.68 2.2459544521445096
6585.07 2.247143089004397
6585.46 2.2474562658910013
6585.86 2.2463407181329647
6586.25 2.245253001974478
6586.65 2.2441373371082727
6587.04 2.243049506785915
6587.43 2.2419616201164096
6587.83 2.24084578039252
6588.22 2.2397577796086914
6588.62 2.238641822861474
6589.01 2.2375537079964785
6589.4 2.236550312071088
6589.8 2.2359993639601083
6590.0 2.2357238775205768
6590.19 2.2354621577566163
6590.58 2.2349249201648407
6590.98 2.234373874649069
6591.37 2.233836573489678
6591.77 2.233285462785808
6592.16 2.2327480980772436
6592.55 2.232210702003096
6592.95 2.231659493964878
6593.34 2.231122034369085
6593.73 2.2240748320186583
6594.13 2.216083533691407
6594.52 2.208291654585368
6594.92 2.200299611211042
6595.31 2.192507005789692
6595.7 2.184714041885488
6596.1 2.1767208860593574
6596.49 2.1689271961551957
6596.88 2.161133147923782
6597.28 2.1531388801288602
6597.67 2.152882229545206
6598.07 2.1569486679278524
6598.46 2.160913619411637
6598.85 2.1648787427279323
6599.25 2.1689457143449378
6599.64 2.1729111856566203
6600.04 2.1769785141400746
6600.43 2.180944333345954
6600.82 2.184910324259765
6601.22 2.1889781855910164
6601.61 2.1930717941088127
6602.0 2.197369216350844
6610.0 2.2208958736060245
6630.0 2.228697972023117
6650.0 2.1864950007030446
6670.0 2.201144438462575
6690.0 2.177898776148684
6710.0 2.163020186298815
6730.0 2.1659254158525894
6750.0 2.1809483434735295
6770.0 2.212210429055839
6790.0 2.185254945037625
6810.0 1.999939941139363
6830.0 1.9422006749727383
6850.0 2.135280925014668
6870.0 2.061446931831519
6890.0 2.1152754746902427
6910.0 2.1245124661949157
6930.0 2.1377197010792757
6950.0 2.1737533381391128
6970.0 2.183734665057861
6990.0 2.1783740580491306
7010.0 2.1183974801162697
7030.0 2.1997027420757638
7050.0 2.163608474101101
7070.0 2.1014403685149143
7090.0 2.042528224813266
7110.0 2.0469486292012555
7130.0 2.0398639362205055
7150.0 2.006802920276105
7170.0 2.013762419837306
7190.0 1.9757471609684671
7210.0 1.9713015917187264
7230.0 2.0699195908722317
7250.0 2.04615890863998
7270.0 2.1188946246214946
7290.0 2.0490360425755885
7310.0 2.0958752886252716
7330.0 2.1303657912973284
7350.0 2.167540390113825
7370.0 2.185494303408648
7390.0 2.1510597258266237
7410.0 2.242628041784867
7430.0 2.20957217718061
7450.0 2.267985639223552
7470.0 2.252867961092837
7490.0 2.257719989583053
7510.0 2.234536218697901
7530.0 2.232818678623518
7550.0 2.2722260864142574
7570.0 2.2301761087787857
7590.0 2.212118660192846
7610.0 2.167120564781709
7630.0 2.2094932742685156
7650.0 2.187969641868082
7670.0 2.0053929736885223
7690.0 2.1167178391304633
7710.0 2.0925778585734087
7730.0 2.068083143560588
7750.0 2.0582592304704974
7770.0 2.0625013328714767
7790.0 2.0551433518767137
7810.0 2.090088814122915
7830.0 2.1266779350119926
7850.0 2.111245169527374
7870.0 2.1346536005848664
7890.0 2.0726693154101326
7910.0 2.009524726300262
7930.0 1.99262724730817
7950.0 2.01595417093729
7970.0 2.063782823976981
7990.0 2.052144171791501
8010.0 2.0731479918537765
8030.0 2.0932960011480937
8050.0 2.138622794266866
8070.0 2.1419823832411775
8090.0 2.0994861632885344
8110.0 2.0398137223389985
8130.0 2.064177144085676
8150.0 2.071472528800504
8170.0 2.0878595049144826
8190.0 2.1228492302592543
8210.0 2.1208488594991404
8230.0 1.9551053776505616
8250.0 2.0507880446175477
8270.0 2.1708726603709487
8290.0 2.097199089763207
8310.0 1.986784611137062
8330.0 2.051443947735267
8350.0 2.076434421539701
8370.0 2.064738979109079
8390.0 1.9619312139262575
8410.0 2.049450072590971
8430.0 2.0486603036466855
8450.0 1.9775870024861113
8470.0 1.9955737391901258
8490.0 1.9444375299919017
8510.0 1.5247017551133364
8530.0 1.9068889365425705
8550.0 1.7882666715035613
8570.0 1.9675227867421103
8590.0 1.9886716759135294
8610.0 1.9437816856382795
8630.0 1.9875450801418106
8650.0 1.9766877707522061
8670.0 1.8818960516883796
8690.0 1.8993460260757231
8710.0 1.969824869121238
8730.0 1.9862700575527836
8750.0 1.9454891493957005
8770.0 1.977969881912125
8790.0 2.019912733208068
8810.0 2.011973299782821
8830.0 2.0146150341631013
8850.0 1.9485629303936394
8870.0 1.9533292061243204
8890.0 1.8509251934833366
8910.0 1.8999998528873323
8930.0 1.8808415204699025
8950.0 1.8973757592139644
8970.0 1.8890896607375174
8990.0 1.8766867658588957
9010.0 1.802241362266024
9030.0 1.7598864959417007
9050.0 1.9790186004234391
9070.0 1.9758247433522658
9090.0 1.8783109165784606
9110.0 1.8329080011655807
9130.0 1.894958755557716
9150.0 1.9051284118168166
9170.0 1.8326041601078027
9190.0 1.8427758082947592
9210.0 1.8481483451341654
9230.0 1.807741149509668
9250.0 1.8304079583632633
9270.0 1.8506410166289926
9290.0 1.8571220209847925
9310.0 1.7194963878927767
9330.0 1.9209389943113502
9350.0 1.9166484463870535
9370.0 1.8882356159842248
9390.0 1.9089307346808762
9410.0 1.8851284661330225
9430.0 1.9086426996615857
9450.0 1.9048654241460856
9470.0 1.9167352615746658
9490.0 1.9163858700393106
9510.0 1.9000129029040773
9530.0 1.8968760663563995
9550.0 1.8742322365089759
9570.0 1.8983583335146472
9590.0 1.9253697534124594
9610.0 1.901446183588525
9630.0 1.9065115675407907
9650.0 1.8859430190862816
9670.0 1.877473355168375
9690.0 1.888735786430137
9710.0 1.8793599292103111
9730.0 1.8502279089481661
9750.0 1.8480846031532117
9770.0 1.8491068585979593
9790.0 1.8264592300050269
9810.0 1.8626964601105722
9830.0 1.855465238158573
9850.0 1.8565098667186435
9870.0 1.852986987569801
9890.0 1.836716802292936
9910.0 1.8257916540443966
9930.0 1.8379740927360444
9950.0 1.8378711852417613
9970.0 1.8377665983205738
9990.0 1.8312133629931568
10025.0 1.825485505073161
10075.0 1.8060278273789254
10125.0 1.8176320971031787
10175.0 1.8015363057420246
10225.0 1.8021799972337522
10275.0 1.8020364535387507
10325.0 1.785697516200057
10375.0 1.77042251180345
10425.0 1.7550893838764083
10475.0 1.7396988633327888
10525.0 1.7242234999273127
10575.0 1.7086792335521201
10625.0 1.693079603794787
10675.0 1.6774252956725215
10725.0 1.662424043008477
10775.0 1.6490773127427538
10825.0 1.635683096046857
10875.0 1.6222419710675406
10925.0 1.608188606462117
10975.0 1.592832071714741
11025.0 1.5774265215685974
11075.0 1.5619725435511993
11125.0 1.5483335624477215
11175.0 1.5401162618986637
11225.0 1.5318669327822791
11275.0 1.5235859528605626
11325.0 1.5189151029097137
11375.0 1.5162441756993006
11425.0 1.513553646259051
11475.0 1.510843742037975
11525.0 1.504676149466488
11575.0 1.4941766516594737
11625.0 1.483643973721468
11675.0 1.473078495387038
11725.0 1.4628065202137963
11775.0 1.452638931868515
11825.0 1.442440481234849
11875.0 1.4322115163028886
11925.0 1.423081664015664
11975.0 1.4159368458243466
12025.0 1.4087680123814545
12075.0 1.401575430450115
12125.0 1.3953045293345854
12175.0 1.3899965960817164
12225.0 1.3846689497205016
12275.0 1.3793218060289334
12325.0 1.3719192451833042
12375.0 1.362878759194078
12425.0 1.3538134374904565
12475.0 1.3447235482015498
12525.0 1.3366985300401728
12575.0 1.329502127372708
12625.0 1.3222850092754408
12675.0 1.315047396231863
12725.0 1.3079551180875273
12775.0 1.301008508759114
12825.0 1.2940425553564578
12875.0 1.2870574609263288
12925.0 1.2805965308540732
12975.0 1.2750305173268521
13025.0 1.269448120944533
13075.0 1.2638495113047212
13125.0 1.2559785013042994
13175.0 1.247460335975499
13225.0 1.2389222955396335
13275.0 1.2303645830518926
13325.0 1.2240494027279898
13375.0 1.2197270985756448
13425.0 1.2153916922204306
13475.0 1.2110433156833078
13525.0 1.206393722011084
13575.0 1.2006322175221822
13625.0 1.194856242228009
13675.0 1.189065940063572
13725.0 1.1811765739700808
13775.0 1.1706998098288643
13825.0 1.160202995155155
13875.0 1.1496863268850919
13925.0 1.1386726450897322
13975.0 1.1273647900546606
14025.0 1.1160366938855266
14075.0 1.1046885528625947
14125.0 1.0992256979504074
14175.0 1.0955155851912817
14225.0 1.0917955541221323
14275.0 1.0880656996441191
14325.0 1.0854146664362254
14375.0 1.0873332072915176
14425.0 1.0892490751222303
14475.0 1.0911622950992343
14525.0 1.0907628811463892
14570.0 1.082535737406744
14620.0 1.0733796294283549
14675.0 1.0632900402390995
14725.0 1.0562659102195262
14775.0 1.05974249366576
14825.0 1.0632185986376521
14875.0 1.0666942294519715
14925.0 1.0679802218964043
14975.0 1.0685814047356614
15025.0 1.0691789214018355
15075.0 1.0697728052364184
15125.0 1.072561626762957
15175.0 1.0766940903848214
15225.0 1.0808268718831073
15275.0 1.0849599683067819
15325.0 1.0863701065428826
15375.0 1.0840303408072296
15425.0 1.0816840233244218
15475.0 1.079331212356775
15525.0 1.0765555605023382
15575.0 1.0716400139569329
15625.0 1.0667155096594574
15675.0 1.061782126375639
15725.0 1.0552698221021704
15775.0 1.047561156538395
15825.0 1.0398410686480235
15875.0 1.0321096577377933
15925.0 1.0261693711203308
15975.0 1.0273169946895435
16050.0 1.0290341444644022
16150.0 1.0280856077453489
16250.0 1.0239955633665483
16350.0 1.0178443162471578
16450.0 1.0105403349407116
16550.0 1.003605350707619
16650.0 0.997294358897541
16750.0 0.9899627160623391
16850.0 0.981465663144204
16950.0 0.9712821039366198
17050.0 0.9596109734072533
17150.0 0.9438448251345382
17250.0 0.9250459994627399
17350.0 0.9092286359615551
17450.0 0.8954211648040645
17550.0 0.8796336301220007
17650.0 0.8624827329997159
17750.0 0.846880399845341
17850.0 0.832444847767634
17950.0 0.8165140438971541
18050.0 0.7992005029515615
18150.0 0.7849221022464874
18250.0 0.7743993966030114
18350.0 0.7623548502149449
18450.0 0.7475203057956843
18550.0 0.7325269280189358
18650.0 0.7174372373137914
18750.0 0.7053969535140335
18850.0 0.6962163152415677
18950.0 0.6875784006767492
19050.0 0.6799601806446777
19150.0 0.6705313860763774
19250.0 0.6598931974428813
19350.0 0.6477727798263819
19450.0 0.6333484750341716
19550.0 0.6225539996924421
19650.0 0.6141398475364311
19750.0 0.6048392073406155
19850.0 0.5938826025414831
19950.0 0.5857943151423568
20050.0 0.580328129537062
20150.0 0.5726920784000107
20250.0 0.5640335677860104
20350.0 0.5566397900294386
20450.0 0.551544544869123
20550.0 0.5449614578134446
20650.0 0.5367434360396756
20750.0 0.5294326360768961
20850.0 0.522777669971059
20950.0 0.5170689294578662
21050.0 0.5118328021082736
21150.0 0.5068019060541852
21250.0 0.5018406846571649
21350.0 0.49656025503554757
21450.0 0.490517789752258
21550.0 0.483834027749109
21650.0 0.4757929298150926
21750.0 0.4688933552566514
21850.0 0.46434466006871744
21950.0 0.4591777782587942
22050.0 0.4526975031475661
22150.0 0.446285397250059
22250.0 0.4400527162757299
22350.0 0.43367286700127006
22450.0 0.4268540790666942
22550.0 0.42105297457364416
22650.0 0.4156919053400018
22750.0 0.4010491760117542
22850.0 0.3806109810751913
22950.0 0.36978478054876485
23050.0 0.3679471467959572
23150.0 0.35823091388522793
23250.0 0.336596566793911
23350.0 0.31761387332526714
23450.0 0.30622422248902315
23550.0 0.3034927534111111
23650.0 0.3055712464630805
23750.0 0.3013663572846918
23850.0 0.2900728209899225
23950.0 0.2803356559114376
24050.0 0.27468403570921857
24150.0 0.27173304603258525
24250.0 0.270448672984659
24350.0 0.26554464792654126
24450.0 0.25497011669728553
24550.0 0.2508433581678833
24650.0 0.249421999337165
24750.0 0.23854607181609275
24850.0 0.21560543064863347
24950.0 0.2084912945610087
25050.0 0.2073264953291797
25150.0 0.20704135501036483
25250.0 0.20794713068084641
25350.0 0.207868853880179
25450.0 0.20733650005311852
25550.0 0.2076726957064291
25650.0 0.2096557810203743
25750.0 0.20914267225709543
25850.0 0.20679573751735658
25950.0 0.20606287183630648
26050.0 0.20574326119021605
26150.0 0.20443972992046025
26250.0 0.20167293958012938
26350.0 0.1996929360912939
26450.0 0.19825426053366013
26550.0 0.1967007902130343
26650.0 0.1951118140992638
26750.0 0.19351631810720102
26850.0 0.19190887977974402
26950.0 0.19031728286296923
27050.0 0.18874392299672793
27150.0 0.1867820074006419
27250.0 0.18456414637585866
27350.0 0.18315401350136937
27450.0 0.1820484640499834
27550.0 0.18074128543157483
27650.0 0.17864073590157106
27750.0 0.1767394348635631
27850.0 0.17532063460864386
27950.0 0.17376223039485236
28050.0 0.17196912791854446
28150.0 0.1702823478964533
28250.0 0.16873301013120973
28350.0 0.16710811134703002
28450.0 0.16540428809823826
28550.0 0.1636247513678879
28650.0 0.16177711370966538
28750.0 0.16016040263711093
28850.0 0.15873104179296482
28950.0 0.1573215093964853
29050.0 0.15592713942136968
29150.0 0.15435738778637415
29250.0 0.1526495103201088
29350.0 0.15105988523294564
29450.0 0.1495694426534494
29550.0 0.14818348884825944
29650.0 0.14689689007651582
29750.0 0.14554968978447486
29850.0 0.14413372593234441
29950.0 0.14279673342102003
30050.0 0.14157442334469353
30150.0 0.14031081220602523
30250.0 0.13896647915434662
30350.0 0.13762883454343428
30450.0 0.13631350334263928
30550.0 0.13526985773161862
30650.0 0.13427405820212077
30750.0 0.13319146206462418
30850.0 0.13207734564348708
30950.0 0.1310633063190801
31050.0 0.1301129222087938
31150.0 0.12917303390161927
31250.0 0.1282121534785468
31350.0 0.1272165140183724
31450.0 0.12614468869551707
31550.0 0.12500173101386533
31650.0 0.12343108129552342
31750.0 0.12232468462873548
31850.0 0.12143009876878003
31950.0 0.12054472140176146
32100.0 0.11923098592765019
32300.0 0.11661966418521799
32500.0 0.11494242378143246
32700.0 0.11307837775479196
32900.0 0.11035385508420574
33100.0 0.10879814654108542
33300.0 0.10685033535756543
33500.0 0.10472502785288115
33700.0 0.10307725434605103
33900.0 0.10058195324211804
34100.0 0.09881948863121683
34300.0 0.09688010529484713
34500.0 0.09520379259258602
34700.0 0.09374834261615932
34900.0 0.09175521270569519
35100.0 0.09019697013006167
35300.0 0.08806934802280791
35500.0 0.08618427894687151
35700.0 0.08474358229931477
35900.0 0.08296978405917171
36100.0 0.08175021715758063
36300.0 0.08002688102253944
36500.0 0.07820462680493152
36700.0 0.07693167882920054
36900.0 0.074994249315634
37100.0 0.07378872352259594
37300.0 0.07244747355040325
37500.0 0.07065818792424973
37700.0 0.06978857353770819
37900.0 0.06844775752683595
38100.0 0.067019856915484
38300.0 0.0657117352933148
38500.0 0.06480689229591877
38700.0 0.06340181132559691
38900.0 0.062103250049742154
39100.0 0.060912165197127395
39300.0 0.06008933447050886
39500.0 0.0587114324435013
39700.0 0.05750919728174427
39900.0 0.05612951810058894
40100.0 0.05530946513684343
40300.0 0.05458012712959442
40500.0 0.053489060602711136
40700.0 0.052532844431735476
40900.0 0.05152451648764268
41100.0 0.05064809738499323
41300.0 0.049786537649279414
41500.0 0.04883250906533295
41700.0 0.047921105569350364
41900.0 0.047082263869609085
42100.0 0.04622669365836117
42300.0 0.04586240348180497
42500.0 0.045118604524748286
42700.0 0.044362084983290286
42900.0 0.042661550234312694
43100.0 0.040818056356171355
43300.0 0.040442199110926697
43500.0 0.03904604536328007
43700.0 0.03804666937560521
43900.0 0.037330657782684525
44100.0 0.03617977361785783
44300.0 0.03542351356571905
44500.0 0.03485265440823609
44700.0 0.034016547030422346
44900.0 0.03339662658941038
45100.0 0.03273586617053527
45300.0 0.032145034972743215
45500.0 0.03184582957910359
45700.0 0.03140302013692715
45900.0 0.030527078873080513
46100.0 0.03046071799494406
46300.0 0.02996316563974146
46500.0 0.029562886258980448
46700.0 0.02933739509788236
46900.0 0.028668501794870318
47100.0 0.02827967294944062
47300.0 0.028146960644349628
47500.0 0.027617674794302244
47700.0 0.027315240284132576
47900.0 0.02703113691013795
48100.0 0.026344421519216094
48300.0 0.026305595780717003
48500.0 0.025820879944273782
48700.0 0.025448356647746768
48900.0 0.025086122286898015
49100.0 0.024603542376779603
49300.0 0.024352188897841083
49500.0 0.024009794498028304
49700.0 0.02380055669088817
49900.0 0.023278396516627116
50100.0 0.023045518337097948
50300.0 0.02277204485485068
50500.0 0.02225750732094797
50700.0 0.022033146953516006
50900.0 0.02186619249064536
51100.0 0.02148945130370215
51300.0 0.02125382122929708
51500.0 0.020925929131503533
51700.0 0.0207641291584997
51900.0 0.020428519863840266
52100.0 0.020164560846435465
52300.0 0.019902210805406485
52500.0 0.019677986190682912
52700.0 0.019528074563053124
52900.0 0.019205960045054538
53100.0 0.018915646229080596
53300.0 0.018743174076777083
53500.0 0.018513751139728155
53700.0 0.01828841770074597
53900.0 0.01808576200019169
54100.0 0.017869780470239963
54300.0 0.017607579989600698
54500.0 0.017398073645951747
54700.0 0.017177494823776965
54900.0 0.016958333718294447
55100.0 0.016735863616159034
55300.0 0.016625347021722393
55500.0 0.0163592880416666
55700.0 0.016200702084235408
55900.0 0.01598283484804368
56100.0 0.015783921402441604
56300.0 0.015565784627984164
56500.0 0.015415492490227025
56700.0 0.015252989514671314
56900.0 0.015012773837905028
57100.0 0.0148603366312834
57300.0 0.014732916891673081
57500.0 0.014528848885700565
57700.0 0.014340798982149107
57900.0 0.014192598563794937
58100.0 0.014022729607623751
58300.0 0.013838757962217759
58500.0 0.01369737362274325
58700.0 0.013505716706853407
58900.0 0.01334892641637729
59100.0 0.013192981496045175
59300.0 0.013052279963084397
59500.0 0.012877647600719652
59700.0 0.012740215990264182
59900.0 0.012613125847964217
60100.0 0.012430230250206372
60300.0 0.012306993507758561
60500.0 0.012158389183980744
60700.0 0.012009856451228032
60900.0 0.011869547046963068
61100.0 0.011721291840975737
61300.0 0.011589574370728455
61500.0 0.01149224867522252
61700.0 0.011356572938625933
61900.0 0.01122394169886298
62100.0 0.011105527392602841
62300.0 0.010963634922114432
62500.0 0.01082398753191546
62700.0 0.01069787061886345
62900.0 0.01059606170226626
63100.0 0.010471560204940222
63300.0 0.010372607841852287
63500.0 0.010229250587916008
63700.0 0.010131738482807054
63900.0 0.010020820456418712
64200.0 0.009834818790029719
64600.0 0.009603065350488695
65000.0 0.009402543221880234
65400.0 0.009195778448726386
65800.0 0.008995023791138134
66200.0 0.008799861460207656
66600.0 0.008590347271956835
67000.0 0.008411625030604468
67400.0 0.008227402079906973
67800.0 0.008053609002329654
68200.0 0.007883877658359384
68600.0 0.007719950847915939
69000.0 0.007559841510171469
69400.0 0.007387001524264832
69800.0 0.007235749136241682
70200.0 0.007088592198141552
70600.0 0.006929129981644048
71000.0 0.0067900467035128765
71400.0 0.006652863545073149
71800.0 0.0065225311352462515
72200.0 0.006379189234867815
72600.0 0.0062539341346203835
73000.0 0.006132205648764251
73400.0 0.005999591596703328
73800.0 0.005884200801593357
74200.0 0.005771576303802222
74600.0 0.0056486153744363015
75000.0 0.005541873362919911
75400.0 0.005437901701060221
75800.0 0.005334392552537103
76200.0 0.005237095278844675
76600.0 0.00512852490662797
77000.0 0.005034296036252478
77400.0 0.004931080133361619
77800.0 0.0048415174251615935
78200.0 0.004743378257831347
78600.0 0.004658236727346967
79000.0 0.004564565288905972
79400.0 0.004484439399553725
79800.0 0.0044705513484393925
80200.0 0.004409588968937023
80600.0 0.004348764712475387
81000.0 0.004288474467266723
81400.0 0.0042316077083131365
81800.0 0.004175403932387023
82200.0 0.00411885612799025
82600.0 0.004062773470176252
83000.0 0.004010019254957082
83400.0 0.0039574696757983625
83800.0 0.003905172331445804
84200.0 0.0038531172874731573
84600.0 0.0038037198478418598
85000.0 0.0037549975867427867
85400.0 0.003706497568785888
85800.0 0.003657802731835022
86200.0 0.0036113529287913116
86600.0 0.0035662978788503392
87000.0 0.0035212308899871436
87400.0 0.0034759862085033395
87800.0 0.003432003598947665
88200.0 0.00339019203666119
88600.0 0.0033482696454076367
89000.0 0.0033063510699063146
89400.0 0.003264832786486396
89800.0 0.003225411395189385
90200.0 0.0031866019026185024
90600.0 0.003147852910086823
91000.0 0.0031087837500052983
91400.0 0.003071302857615369
91800.0 0.0030352325601285092
92200.0 0.002999181812282927
92600.0 0.002963124253119564
93000.0 0.002927174938297838
93400.0 0.002893303739327045
93800.0 0.0028598202369317562
94200.0 0.002826361292182841
94600.0 0.002792881304684565
95000.0 0.0027600340970049425
95400.0 0.002728933079493404
95800.0 0.0026978711207183907
96200.0 0.0026667916724927064
96600.0 0.002635735491325437
97000.0 0.002605759147547469
97400.0 0.0025769185242901643
97800.0 0.0025480935199499646
98200.0 0.002519258234200897
98600.0 0.0024904465729291376
99000.0 0.0024629381362272734
99400.0 0.0024361624223838293
99800.0 0.002409394958099442
100200.0 0.002382647335222046
100400.00000000009 0.002369248914918234
100748.43066198383 0.0023462954053266307
101098.07052641988 0.0023243833326083625
101448.92378975474 0.0023026092011136554
101800.9946629978 0.0022807347734098964
102154.28737177301 0.0022588021280670347
102508.80615636887 0.002236802109581764
102864.55527178946 0.00221529085324685
103221.53898780573 0.0021947114490254325
103579.76158900595 0.0021740879041153745
103939.22737484834 0.002153363807947187
104299.94065971187 0.0021325697734437834
104661.9057729482 0.00211170678550805
105025.12705893395 0.0020917675216398438
105389.60887712192 0.002072258774755386
105755.35560209466 0.0020526958128130194
106122.37162361621 0.0020330629427769103
106490.66134668495 0.0020133521741817284
106860.22919158668 0.001993606869612759
107231.07959394684 0.0019750913321238714
107603.217004785 0.0019566275638500073
107976.64589056744 0.0019380675071401694
108351.370733261 0.0019194684371334131
108727.39603038708 0.0019007965360139402
109104.72629507471 0.0018823684132641468
109483.36605611602 0.0018649292501889652
109863.31985801981 0.0018474220669138296
110244.59226106624 0.0018298281798407225
110627.1878413618 0.0018121947621155532
111011.11119089334 0.0017945086311955418
111396.36691758451 0.0017773987732514613
111782.95964535022 0.0017608778554091082
112170.89401415233 0.0017442903264516065
112560.17468005554 0.0017276198639862655
112950.80631528242 0.0017109141506202127
113342.79360827077 0.0016941874629244147
113736.1412637291 0.0016782829679863707
114130.85400269323 0.0016626097013682057
114526.93656258319 0.0016468991546988944
114924.39369725919 0.0016311103552468238
115323.23017708007 0.001615275521650652
115723.45078895958 0.0015996171596857403
116125.06033642414 0.0015846884122937498
116528.06363967061 0.0015698213236952675
116932.46553562334 0.0015549152335140154
117338.27087799355 0.001539959656225251
117745.48453733666 0.0015249483730113162
118154.11140111096 0.0015103188881726345
118564.15637373661 0.0014962834720117794
118975.62437665339 0.0014821981268487911
119388.52034838134 0.0014680701482313763
119802.84924457902 0.0014538923429389256
120218.61603810318 0.0014397125637123046
120635.82571906883 0.0014260750883398495
121054.48329490799 0.0014127832509806734
121474.59379043133 0.001399440741021755
121896.16224788758 0.0013860505152856692
122319.19372702412 0.0013726364229836496
122743.69330514787 0.0013592433726953824
123169.6660771864 0.0013465336313868788
123597.11715574806 0.0013339344705219553
124026.0516711849 0.0013213079516876287
124456.47477165324 0.0013086156253983153
124888.39162317566 0.0012958930322878924
125321.80740970328 0.001283331317761261
125756.72733317701 0.0012714188095149473
126193.15661359143 0.0012594957724510756
126631.1004890565 0.0012475114478286825
127070.56421586059 0.0012354958222999372
127511.55306853396 0.0012234215159656618
127954.0723399109 0.001211767314200878
128398.12734119488 0.0012004982457405203
128843.72340202122 0.0011891824546041993
129290.86587052139 0.0011778209151321057
129739.56011338736 0.0011664242994204744
130189.81151593504 0.0011550164928897265
130641.62548217046 0.0011441753007494892
131095.00743485359 0.001133506239376075
131549.96281556363 0.0011227928410510388
132006.49708476473 0.001112031579667997
132464.61572187033 0.001101230921376228
132924.3242253105 0.0010905216363225616
133385.628112597 0.0010803718870998147
133848.53292038973 0.001070234471007261
134313.04420456337 0.001060074260370683
134779.167540273 0.001049887914121494
135246.90852202274 0.001039672635797456
135716.27276373174 0.0010296755822900559
136187.2658988018 0.001020089417670095
136659.8935801853 0.001010502683171021
137134.16148045196 0.0010008865902272892
137610.07529185852 0.000991209661863116
138087.64072641605 0.000981533591087071
138566.86351595866 0.0009722417238560908
139047.7494122127 0.0009631790267225894
139530.30418686455 0.0009540797404487903
140014.53363163173 0.0009449737853348549
140500.44355833106 0.0009358014919173143
140988.03979894897 0.0009266928980974509
141477.32820571162 0.0009180145417270583
141968.3146511539 0.0009094311567338822
142461.00502819192 0.0009008125555691749
142955.40525019236 0.0008921646763467893
143451.52125104374 0.0008834807349183264
143949.35898522806 0.0008749374161780147
144448.924427891 0.0008668190116484854
144950.2235749154 0.0008586635986041933
145453.2624429921 0.0008505057310609414
145958.04706969234 0.0008423201417852737
146464.58351354074 0.000834099645227587
146972.87785408652 0.0008261315981981787
147482.9361919785 0.0008184351057876302
147994.76464903704 0.0008107233020495971
148508.36936832778 0.0008029822946370871
149023.7565142358 0.0007952247371695841
149540.9322725382 0.000787434990956813
150059.90285048028 0.0007800629322548637
150580.6744768489 0.0007727668825907138
151103.25340204738 0.0007654708841479926
151627.64589817091 0.0007581423826643995
152153.85825908065 0.0007507855632811455
152681.89680048096 0.0007434248709595395
153211.76785999417 0.0007365418189093831
153743.47779723676 0.0007296591297611512
154277.0329938962 0.0007227328681712231
154812.43985380605 0.0007157729487792465
155349.70480302497 0.0007088015420086599
155888.8342899124 0.0007019844698614823
156429.8347852063 0.0006954577737680048
156972.71278210124 0.0006889291100415979
157517.47479632485 0.0006823568811525876
158064.1273662182 0.0006757829191888486
158612.67705281274 0.0006691632269430761
159163.1304399096 0.0006628305481154129
159715.49413415877 0.0006566427552851137
160269.77476513712 0.0006504549657902363
160825.97898542997 0.0006442502952119687
161384.11347070962 0.0006380124850407504
161944.18491981577 0.0006317840207955761
162506.2000548363 0.0006258695740598506
163070.1656211866 0.0006200049299476988
163636.0883876925 0.00061413859223979
164203.97514667013 0.0006082561582098958
164773.83271400793 0.0006023412880293643
165345.66792924836 0.0005965125232026427
165919.48765567035 0.0005909443845997788
166495.29878037024 0.0005854028784801516
167073.10821434658 0.0005798295384588248
167652.9228925817 0.0005742522321931394
168234.74977412526 0.0005686512289582343
168818.59584217807 0.0005632148911085452
169404.46810417465 0.0005579917348585178
169992.37359186928 0.0005527282283009918
170582.3193614191 0.0005474592607361696
171174.31249346913 0.0005421484113694842
171768.3600932375 0.0005368539430191117
172364.46929059955 0.0005318068889546288
172962.64724017525 0.000526835574996179
173562.90112141386 0.0005218741831382983
174165.23813868032 0.0005168551355810183
174769.6655213422 0.0005118471584527225
175376.19052385495 0.0005068501690723365
175984.8204258511 0.0005021396528479109
176595.5625322263 0.0004974537117527812
177208.42417322725 0.0004927178908908384
177823.4127045401 0.0004880013276998962
178440.53550737724 0.0004832457227672499
179059.79998856818 0.00047858577383341847
179681.21358064678 0.0004741274698099304
180304.7837419411 0.0004696875466240374
180930.51795666298 0.00046520890713838345
181558.42373499667 0.00046072231878216955
182188.508613191 0.00045621831948551876
182820.7801536484 0.00045190191204153046
183455.24594501613 0.00044767787584507507
184091.9136022776 0.0004434598475283953
184730.79076684228 0.00043921085881536127
185371.88510663982 0.00043496187019760173
186015.20431621035 0.00043071281969184
186660.7561167974 0.00042669522828044657
187308.54825644082 0.00042270017205673125
187958.58851006837 0.00041869005236404685
188610.8846795912 0.000414671256123666
189265.44459399607 0.0004106472241653174
189922.27610943964 0.0004066764958987192
190581.38710934314 0.0004028991599499509
191242.78550448545 0.0003991118703466631
191906.4792331004 0.00039531635968323875
192572.47626097052 0.0003915080604708063
193240.7845815229 0.000387681263929032
193911.41221592567 0.00038397048440224035
194584.36721318262 0.000380408646558609
195259.65765023217 0.0003768282098297353
195937.29163204285 0.0003732259452327463
196617.27729171072 0.0003696233447231913
197299.62279055765 0.0003660309856488808
197984.33631822755 0.0003625770160491707
198671.42609278703 0.0003591752196931177
199360.90036082253 0.00035577781920505047
200052.7673975396 0.0003523910940292383
200747.03550686277 0.00034897411466730847
201443.7130215334 0.0003455690766254131
202142.80830321225 0.00034233590155234513
202844.3297425782 0.0003391338894676762
203548.28575942936 0.0003359272089015592
204254.6848027845 0.0003326997170343296
204963.53535098286 0.00032943967472162314
205674.84591178835 0.0003262802127848534
206388.62502249 0.0003232587908400118
207104.88125000495 0.0003202149132366189
207823.62319098154 0.0003171669388288963
208544.8594719008 0.00031408838954775063
209268.59874918268 0.00031103977884143334
209994.84970928813 0.00030807279089227653
210723.62106882382 0.0003052095226707954
211454.9215746472 0.00030233082230954415
212188.76000396966 0.0002994410754008784
212925.1451644646 0.00029654023230928723
213664.08589437135 0.00029363279962296257
214405.5910626017 0.00029089910744191936
215149.66956884676 0.0002881772733339558
215896.33034368197 0.0002854500308699286
216645.5823486771 0.0002827104896051413
217397.43457650184 0.0002799617129929789
218151.8960510343 0.00027724383108924933
218908.9758274697 0.00027467116618114094
219668.68299242735 0.0002720952786893481
220431.02666406232 0.0002695089254900762
221196.01599217302 0.0002669115580420983
221963.66015831166 0.0002643088298026839
222733.96837589474 0.00026178044205264186
223506.94989031187 0.00025934867233393366
224282.61397903945 0.00025690360027223015
225060.96995175022 0.00025445470950291637
225842.02715042542 0.0002519956627354985
226625.79494946744 0.0002495333729812244
227412.28275581042 0.00024718167269790407
228201.50000903595 0.00024487589309593014
228993.45618148448 0.00024256299561673054
229788.16077836952 0.00024023868813736785
230585.62333789226 0.0002379080911002512
231385.85343135396 0.00023559933829716358
232188.8606632739 0.00023339456167248966
232994.65467150253 0.00023120870609866508
233803.24512733784 0.00022901654432542977
234614.64173564175 0.00022681508833773586
235428.8542349548 0.0002246069441592133
236245.89239761574 0.00022244494057826293
237065.76602987712 0.0002203759883648826
237888.48497202326 0.0002183042945787997
238714.05909848903 0.00021622544248298023
239542.4983179762 0.00021414103451908707
240373.81257357553 0.0002120489155360662
241208.01184288395 0.00021003605102834594
242045.10613812497 0.00020807981205779193
242885.10550626923 0.00020611720708836365
243728.0200291531 0.00020414700771643652
244573.85982360275 0.00020217091027565108
245422.63504155353 0.00020019457761467148
246274.3558701723 0.00019832280959952342
247129.0325319802 0.00019646834152312187
247986.67528497343 0.0001946080746594957
248847.29442274923 0.00019274220149327324
249710.90027462755 0.0001908679936420442
250577.5032057754 0.0001890855069326966
251447.1136173319 0.00018732936493239888
252319.741946531 0.00018556712837314098
253195.39866682977 0.00018379877610421265
254074.09428803218 0.00018202428690150261
254955.83935641564 0.00018024363946724293
255840.64445485763 0.00017847411652294141
256728.52020296326 0.00017683772778056666
257619.47725719062 0.00017519566007392218
258513.52631098175 0.00017354789369458806
259410.67809488898 0.00017189440886574849
260310.94337670426 0.00017023518574195377
261214.33296158884 0.0001685702044088812
262120.8576922009 0.00016696270125822563
263030.5284488288 0.00016542277926115905
263943.3561495196 0.00016387751308041877
264859.35175021074 0.00016232688416941657
265778.5262448618 0.00016077087391719885
266700.8906655845 0.00015920946364822672
267626.45608277834 0.0001576426346221465
268555.23360526125 0.00015617508587021221
269487.23438040353 0.00015472584541415573
270422.46959426196 0.0001532715754779045
271360.9504717122 0.00015181225860702672
272302.6882765867 0.0001503478772865138
273247.69431180746 0.0001488784139405736
274195.97991952254 0.00014742449368968487
275147.55648124265 0.00014606550128947276
276102.4354179754 0.00014470179260816948
277060.6281903659 0.00014333335127827485
278022.1462988321 0.00014196016087548706
278987.001283703 0.00014058220491850539
279955.20472535834 0.00013919946686883096
280926.7682443648 0.0001378711807081184
281901.7035016192 0.00013659201476262422
282880.0221984859 0.00013530840956775585
283861.73607693805 0.00013402034971743155
284846.856919699 0.0001327278197521033
285835.39655038144 0.00013143080415857407
286827.3668336328 0.0001301292873698072
287822.7796752752 0.00012891932652157485
288821.64702244906 0.00012771846112154465
289823.9808637571 0.00012651342820830375
290829.79322940577 0.00012530421331881174
291839.0961913531 0.00012409080193983356
292851.90186345164 0.00012287317950776725
293868.22240159387 0.00012167665175105982
294888.0700038592 0.00012055988858691876
295911.45691065746 0.00011943924978006372
296938.39540488017 0.00011831472188036674
297968.8978120446 0.00011718629139102336
299002.9765004432 0.00011605394476838902
300040.643881292 0.00011491766842181655
301081.9124088775 0.00011383178326615082
302126.7945807098 0.00011278060379400357
303175.3029376698 0.00011172577628242059
304227.45006416074 0.00011066728807115501
305283.2485882598 0.00010960512645602271
306342.71118186694 0.00010853927868875264
307405.8505608609 0.00010746973197682995
308472.6794852493 0.00010647822071425616
309543.21075932245 0.00010548855759267974
310617.4572318076 0.00010449545991954308
311695.4317960206 0.00010349891577549397
312777.1473900245 0.0001024989131998134
313862.6169967824 0.00010149544019027388
314951.8536443137 0.00010051263066357685
316044.87040585116 9.958473962301054e-05
317141.68039999536 9.865362840625443e-05
318242.2967908759 9.771928583792824e-05
319346.7327883069 9.678170070386899e-05
320455.0016479461 9.584086175099572e-05
321567.116671454 9.489675768717455e-05
322683.09120665427 9.399935479836525e-05
323802.93864769104 9.312620124804678e-05
324926.672435194 9.225001748388814e-05
326054.30605643673 9.137079298975974e-05
327185.8530454994 9.04885172130365e-05
328321.326983432 8.96031795644707e-05
329460.74149841425 8.871479646997609e-05
330604.11026592366 8.789668495211009e-05
331751.4470088968 8.7075734239645e-05
332902.76549789455 8.625193447936914e-05
334058.07955126825 8.542527578387552e-05
335217.40303532267 8.459574823144512e-05
336380.74986448674 8.376334186592475e-05
337548.13400147745 8.798592468389891e-05
338719.56945746863 0.00010147609099538605
339895.07029225933 0.0001150130739162255
341074.65061444003 0.00012859703591992889
342258.32458156615 0.00014222814004388428
343446.10640032514 0.0001559065498912809
344638.0103267076 0.0001696324296330796
345834.0506661794 0.0
347034.2417738501 0.0
348238.5980546498 0.0
349447.1339634991 0.0
350659.8640054834 0.0
351876.8027360276 0.0
353097.96476106776 0.0
354323.3647372312 0.0
355553.01737200917 0.0
356786.93742393394 0.0
358025.13970275706 0.0
359267.6390696242 0.0
360514.4504372573 0.0
361765.5887701314 0.0
363021.06908465445 0.0
364280.90644934855 0.0
365545.1159850277 0.0
366813.7128649837 0.0
368086.7123151656 0.0
369364.1296143627 0.0
370645.98009438923 0.0
371932.2791402647 0.0
373223.04219040385 0.0
374518.28473679814 0.0
375818.0223252031 0.0
377122.2705553253 0.0
378431.04508100665 0.0
379744.36161041673 0.0
381062.23590623855 0.0
382384.6837858583 0.0
383711.7211215558 0.0
385043.36384069227 0.0
386379.62792590604 0.0
387720.529415301 0.0
389066.08440264023 0.0
390416.3090375398 0.0
391771.21952565934 0.0
393130.8321289014 0.0
394495.16316560353 0.0
395864.22901073477 0.0
397238.0460960931 0.0
398616.63091049937 0.0
400000.0000000001 0.0
