91.0 0.0
94.0 0.0
96.0 0.0
98.0 0.0
100.0 0.0
102.0 0.0
104.0 8.037274148635238e-12
106.0 1.0421206437284545e-11
108.0 1.398845253255129e-11
110.0 2.3412769469171766e-11
114.0 3.9271521863038404e-11
118.0 6.200788009912161e-11
121.0 1.9289768356525727e-10
125.0 2.9488050326038225e-10
127.0 3.5803412409764307e-10
128.0 3.90675256905595e-10
131.0 5.139801419608866e-10
132.0 6.067641708592998e-10
134.0 7.362459684808636e-10
137.0 1.0045900551470666e-09
140.0 1.3360429343462486e-09
143.0 2.350338382219732e-09
147.0 4.372338813089937e-09
151.0 5.998111203854436e-09
155.0 7.911793358822078e-09
159.0 1.0481438172361175e-08
162.0 1.2903540119970516e-08
166.0 1.704171379193248e-08
170.0 2.1516728897711318e-08
173.0 2.6172827828011466e-08
177.0 3.2929022348973654e-08
180.0 3.842401865127305e-08
182.0 4.3718619511841844e-08
186.0 5.3484650593820666e-08
191.0 6.9834991485949e-08
194.0 8.09227160325352e-08
198.0 9.78394075827761e-08
202.0 1.171149465554901e-07
205.0 1.3495507035166303e-07
210.0 1.616718273379426e-07
216.0 2.1439937319378106e-07
220.0 2.523434074432434e-07
223.0 2.814686283321828e-07
227.0 3.4216664107453915e-07
230.0 5.361166389103503e-07
234.0 9.269285943362741e-07
240.0 1.3335240537695554e-06
246.0 1.5168717651316495e-06
252.0 1.7982164954397965e-06
257.0 1.7190672840975423e-06
260.0 2.1098731353667055e-06
264.0 2.367118447220273e-06
269.0 2.625883899357146e-06
274.0 2.8865393956243405e-06
279.0 3.1535091778464016e-06
284.0 3.44847200108022e-06
290.0 3.673718577901221e-06
296.0 4.1334875673407374e-06
301.0 4.3673471180595664e-06
308.0 4.941158403862352e-06
318.0 5.827899118970153e-06
328.0 6.69495168205623e-06
338.0 7.5521633495425985e-06
348.0 8.436372597277346e-06
357.0 9.338172752017631e-06
366.0 1.0313913332382114e-05
375.0 1.126386322245774e-05
385.0 1.1989322547605515e-05
395.0 1.343062888935092e-05
405.0 1.4622298558525487e-05
414.0 1.571263423520586e-05
422.0 1.652455413241652e-05
430.0 1.7410644128953013e-05
441.0 1.885151479208623e-05
451.0 2.0102752165186673e-05
460.0 2.1097409089234664e-05
470.0 2.23456823356132e-05
480.0 2.358501686459146e-05
490.0 2.477496589620739e-05
500.0 2.626225502538931e-05
506.0 2.8270726865043773e-05
512.0 3.4190950005502334e-05
520.0 3.606805628501888e-05
530.0 3.767837623092566e-05
540.0 3.8453650805122845e-05
550.0 4.299435516158028e-05
560.0 4.835901744094081e-05
570.0 5.222675723754329e-05
580.0 5.308529801107755e-05
590.0 5.895704470626945e-05
600.0 6.122230740152621e-05
610.0 6.496811883574789e-05
620.0 7.491202768443063e-05
630.0 8.000493571280272e-05
640.0 8.470826681496121e-05
650.0 9.212628971060966e-05
658.0 9.612441003494002e-05
665.0 0.00010314674842535634
675.0 0.00010823704280523745
685.0 0.0001103163539412905
695.0 0.00013017780544736436
705.0 0.00013061011900743598
716.0 0.00015224520471532338
726.0 0.00016135710817678222
735.0 0.00016926648742791788
745.0 0.00018798164305868872
755.0 0.0002009957581689554
765.0 0.00021206645087555105
775.0 0.00023246691692239277
785.0 0.00025450972272969167
795.0 0.0002692337436144592
805.0 0.00028703448352883414
815.0 0.0003045254262020616
825.0 0.0003308454305588922
835.0 0.00030375764123604797
845.0 0.00036744415875858953
855.0 0.00038947693738150676
865.0 0.0004225688447610476
875.0 0.0004564037223928487
885.0 0.0004963299992091886
895.0 0.0005297743043488867
905.0 0.0005494471461116298
915.0 0.0008146569607411487
925.0 0.005599153734057416
935.0 0.011492606119158942
945.0 0.021974194163140098
955.0 0.032443778357353306
965.0 0.03949845843567733
975.0 0.01086535470997277
985.0 0.04108853314690908
995.0 0.044034291011299055
1005.0 0.056376736155164864
1015.0 0.05269319740140598
1025.0 0.02141509119095202
1035.0 0.043657642945480316
1045.0 0.07479944484669446
1055.0 0.07625643768016346
1065.0 0.06747654657243016
1075.0 0.07704341750733994
1085.0 0.06830521943707725
1095.0 0.08237921716976633
1105.0 0.08257694636605965
1115.0 0.08305032276484385
1125.0 0.07961995987598837
1135.0 0.09258741535437592
1145.0 0.08760021516101892
1155.0 0.09278953598640133
1165.0 0.09743865707145664
1175.0 0.07794704971464368
1185.0 0.09697278196265562
1195.0 0.0757376446017325
1205.0 0.05577019494855776
1208.72 0.04682209936381966
1208.8 0.04662888205588415
1208.87 0.04645978993569527
1208.94 0.046290672645680084
1209.02 0.046097364931836055
1209.09 0.04592819373069247
1209.16 0.04575899738231504
1209.23 0.04558977589388818
1209.31 0.04539634913259134
1209.38 0.04522707379680519
1209.45 0.045057773343529325
1209.53 0.04486425636430474
1209.6 0.04469490211198578
1209.67 0.044525522764710834
1209.75 0.044331915648500045
1209.82 0.04416248255044484
1209.89 0.043993024379943665
1209.96 0.04382354114415467
1210.04 0.04362981533452648
1210.11 0.04346027841149384
1210.18 0.04329071644564946
1210.26 0.04309690068632886
1210.33 0.04292728508138033
1210.4 0.04275764445607252
1210.47 0.042587978817545245
1210.55 0.04239404461137863
1210.62 0.04222432539712124
1210.69 0.04205458119206305
1210.77 0.04186055722301857
1210.84 0.04169075949024645
1210.91 0.04152093678906846
1210.99 0.04132682313758498
1211.06 0.04115694695665568
1211.13 0.040987045829690615
1211.2 0.040817119763803526
1211.28 0.040622888017311204
1211.35 0.040452908534814515
1211.42 0.04028290413573217
1211.5 0.04008858289293076
1211.57 0.039918525125078944
1211.64 0.039748442462954225
1211.72 0.039554031803987526
1211.79 0.03938389582087995
1211.86 0.03921373496578805
1211.93 0.03904354924579777
1212.01 0.03884902084236873
1212.08 0.038678781864306025
1212.15 0.038508518043600386
1212.23 0.038313900409452435
1212.3 0.0381435833783382
1212.37 0.03797324152681236
1212.44 0.03780287486194256
1212.52 0.03760813972747015
1212.59 0.03743771991494052
1212.66 0.03726727531126524
1212.74 0.03707245113104365
1212.81 0.03690195342724972
1212.88 0.0367314309544837
1212.96 0.03653651780815682
1213.03 0.036365942282760584
1213.1 0.036195342010541746
1213.17 0.03602471699854198
1213.25 0.03582968670025037
1213.32 0.035659008698138046
1213.39 0.035488305978361244
1213.47 0.03529318689825299
1213.54 0.035122431235729744
1213.61 0.03495165087763442
1213.69 0.03475644309505927
1213.76 0.034585609841530245
1213.83 0.03441475191449644
1213.9 0.034243869320973494
1213.98 0.0340485447335101
1214.05 0.03387760930684113
1214.12 0.03370664923571846
1214.2 0.03351123612939703
1214.27 0.03334022327231899
1214.34 0.03316918579279756
1214.41 0.032998123697830305
1214.49 0.032802594028337885
1214.56 0.03263147920954208
1214.63 0.03246033979727841
1214.71 0.032264721792063245
1214.78 0.032093529703040295
1214.85 0.03192231304250348
1214.93 0.03172660678041811
1215.0 0.03155533749013827
1215.07 0.03138404365027344
1215.14 0.03121272526779532
1215.22 0.03101690278743994
1215.29 0.030845531837115782
1215.36 0.030674136366075522
1215.44 0.030960908308978533
1215.51 0.03127220984846498
1215.58 0.03158355390387004
1215.66 0.03193942772628325
1215.73 0.032250862846540176
1215.8 0.03256234044474962
1215.87 0.03287386050884052
1215.95 0.03322993542279062
1216.02 0.033541546444571586
1216.09 0.033853199894324594
1216.17 0.03420942720262936
1216.24 0.03452117152888421
1216.31 0.034832958245244794
1216.38 0.035144787339672745
1216.46 0.035501215323660816
1216.53 0.035813135187709545
1216.6 0.036125097392015
1216.68 0.036481677455299455
1216.75 0.03679373034825195
1216.82 0.03710582554369443
1216.9 0.03746255755062242
1216.97 0.03777474335382935
1217.04 0.038086971421802486
1217.11 0.03839924174254788
1217.19 0.03875617383182324
1217.26 0.039068534653855465
1217.33 0.03938093769099265
1217.41 0.03973802141003881
1217.48 0.040050514867793305
1217.55 0.04036305050302843
1217.63 0.04072028571670471
1217.7 0.0410329116919794
1217.77 0.04134557980715316
1217.84 0.04165829005027722
1217.92 0.042015724755200295
1217.99 0.04232852523228798
1218.06 0.042641367799800926
1218.14 0.04299895368666531
1218.21 0.04331188640777681
1218.28 0.04362486118183114
1218.35 0.043937877996911096
1218.43 0.04429566296338588
1218.5 0.04460876982626858
1218.57 0.044921918692750896
1218.65 0.04527985452930383
1218.72 0.04559309336343605
1218.79 0.04590637416378467
1218.87 0.04626446073613997
1218.94 0.046577831424078196
1219.01 0.04689124404089119
1219.08 0.04720469857470769
1219.16 0.047562983639361234
1219.23 0.0478765279553707
1219.3 0.04819011415109934
1219.38 0.04854854964087259
1219.45 0.04886222553894466
1219.52 0.049175943279494164
1219.6 0.04953452906061972
1219.67 0.049848336423755496
1219.74 0.05016218559216842
1219.81 0.0504760765540324
1219.89 0.05083486024236603
1219.96 0.05114884072181882
1220.03 0.0514628629575795
1220.11 0.05182179662775866
1220.18 0.0521359083015623
1220.25 0.05245006169457226
1220.32 0.05276425679499368
1220.4 0.05312338796493588
1220.47 0.05343767239868125
1220.54 0.05375199850279352
1220.62 0.05411127934589506
1220.69 0.05442569470399654
1220.76 0.05474015169546168
1220.84 0.055099582078818
1220.91 0.05541412824502748
1220.98 0.05572871600764092
1221.05 0.056043345354908375
1221.13 0.056402972656702466
1221.2 0.05671769107439295
1221.27 0.05703245103983353
1221.35 0.057392227574367634
1221.42 0.05770707653119799
1221.49 0.058021966998915965
1221.57 0.05838189263379067
1221.64 0.058696872013954814
1221.71 0.05901189286818739
1221.78 0.05932695518478304
1221.86 0.059687077158979036
1221.93 0.06000222828409746
1222.0 0.06031742083481459
1222.08 0.060677691603007275
1222.15 0.06099297288351364
1222.22 0.06130829555289754
1222.29 0.06162365959948492
1222.37 0.061984126303719675
1222.44 0.06229957897644949
1222.51 0.06261507298971615
1222.59 0.06297568818241946
1222.66 0.06329127074330498
1222.73 0.06360689460810397
1222.81 0.06396765815773085
1222.88 0.06428337049171527
1222.95 0.06459912409303205
1223.02 0.06491491895005168
1223.1 0.06527587786034712
1223.17 0.06559176108330075
1223.24 0.0659076855254305
1225.0 0.07192481288137437
1235.0 0.10141946771595216
1245.0 0.11459873332322258
1255.0 0.11491823836967431
1265.0 0.10575418769558063
1275.0 0.12693242886524098
1285.0 0.13435976589868792
1295.0 0.12060920662274315
1305.0 0.11823357714504963
1315.0 0.1400135322406557
1325.0 0.1383522783926684
1335.0 0.13005776564783805
1345.0 0.1463932188945307
1355.0 0.1442508345728421
1365.0 0.13673047480612546
1375.0 0.14190024638332077
1385.0 0.1460416671116915
1395.0 0.1347810785100228
1405.0 0.13996760597580485
1415.0 0.14410027245941623
1425.0 0.14685691565600248
1435.0 0.1481303741466724
1442.0 0.15536989660226996
1447.0 0.15711634967920396
1455.0 0.1554143072192965
1465.0 0.1491512717046221
1475.0 0.14959218973012417
1485.0 0.15199768491981533
1495.0 0.15510974926980856
1505.0 0.15186324612674038
1512.0 0.14152473893844603
1517.0 0.14799367835912414
1525.0 0.14618160374966163
1535.0 0.1351503917438531
1545.0 0.14415048877817746
1555.0 0.1387044369020258
1565.0 0.14106177575366546
1575.0 0.14895148148157544
1585.0 0.15686442700697495
1595.0 0.161325904529557
1605.0 0.157948207802676
1615.0 0.15798358462488624
1625.0 0.1537610679702832
1635.0 0.1610987565384074
1645.0 0.16318993993698303
1655.0 0.1551208601022094
1665.0 0.16770465653737407
1672.0 0.15836832183208574
1677.0 0.16915059227105117
1685.0 0.17795919737201285
1695.0 0.16983438855863156
1705.0 0.1670903732101368
1715.0 0.16505425427207102
1725.0 0.1650206853568847
1735.0 0.17341817866408957
1745.0 0.1723605043144449
1755.0 0.18136957403755555
1765.0 0.16897634695466388
1775.0 0.17767890501108102
1785.0 0.17990712153234542
1795.0 0.19143930187572722
1805.0 0.19060385774190158
1815.0 0.1837675992488112
1825.0 0.1849966642476476
1835.0 0.18159730372053287
1845.0 0.169398024195211
1855.0 0.1726720151948063
1865.0 0.18003457815326404
1875.0 0.18825265747208142
1885.0 0.1815763519131164
1895.0 0.17771759398624074
1905.0 0.1841192721962588
1915.0 0.18227147292579157
1925.0 0.18057524421814555
1935.0 0.1787652692674057
1945.0 0.1938824099024489
1955.0 0.18934958625403056
1967.0 0.20198661448208416
1976.0 0.2048844855012065
1984.0 0.19921142566324618
1995.0 0.19528573179735784
2005.0 0.19670505582827405
2015.0 0.19560191736684346
2025.0 0.19812310863269456
2035.0 0.1981859871716802
2045.0 0.20557089561862787
2055.0 0.19920683000289607
2065.0 0.20201143582458522
2074.0 0.21435644917243585
2078.0 0.21375329054898673
2085.0 0.21629597261304473
2095.0 0.20966524152851942
2105.0 0.20986201742973526
2115.0 0.21305884868646466
2125.0 0.21591694458416677
2135.0 0.20457822305113968
2145.0 0.21147710490147836
2155.0 0.21731153234932749
2165.0 0.21152504974993572
2175.0 0.21062699826727818
2185.0 0.21364464965149424
2195.0 0.2232831605553373
2205.0 0.21956623335791742
2215.0 0.2096998991696638
2225.0 0.20637618323213666
2235.0 0.22040786393173345
2245.0 0.21754362183321843
2255.0 0.20640408846301883
2265.0 0.20970324507417423
2275.0 0.21739849716667328
2285.0 0.22433022493767937
2295.0 0.21406897415408555
2305.0 0.21939354468767372
2315.0 0.2141229399594785
2325.0 0.18402570072543156
2335.0 0.1953113948407906
2345.0 0.19176793519301966
2355.0 0.2088455813172016
2365.0 0.19065210800190346
2375.0 0.2019470668023825
2385.0 0.18239578617661745
2395.0 0.19138038307755034
2405.0 0.19080466472021038
2415.0 0.19732679329118252
2425.0 0.21610271950605292
2435.0 0.2109702655660816
2445.0 0.2210825196228318
2455.0 0.22257835680890117
2465.0 0.2209292697724114
2475.0 0.21273648706603482
2485.0 0.2122335940101465
2495.0 0.21059708038775282
2505.0 0.2310574828258012
2513.0 0.1997526482247333
2518.0 0.19701920888339197
2525.0 0.19439216771802986
2535.0 0.20078810556614607
2545.0 0.20249540353040116
2555.0 0.2216784730962139
2565.0 0.21956029794510554
2575.0 0.2326217211248915
2585.0 0.2309717155380605
2595.0 0.22545556228504268
2605.0 0.21808449692065138
2615.0 0.21408519472126122
2625.0 0.23597768481269793
2635.0 0.25088453354980944
2645.0 0.27771591005192
2655.0 0.2934573967210864
2665.0 0.2655215591434316
2675.0 0.27766889298071895
2685.0 0.28559721222377965
2695.0 0.2672561997336646
2705.0 0.2753602657107057
2715.0 0.258226102066563
2725.0 0.2560307027660131
2735.0 0.26788067326532145
2745.0 0.23112729833681464
2755.0 0.24594505058655514
2765.0 0.2602345732349033
2775.0 0.2720184313097341
2785.0 0.24251397894972973
2795.0 0.19110297537235052
2805.0 0.20596903820704932
2815.0 0.2674935200708087
2825.0 0.3020101074775626
2835.0 0.2963860754952567
2845.0 0.275676404550978
2855.0 0.25658612949742415
2865.0 0.30648550886412035
2875.0 0.3158683634445126
2885.0 0.3145068897671298
2895.0 0.31909179461285175
2910.0 0.36173119715653534
2930.0 0.346914644854538
2950.0 0.342123946595851
2970.0 0.35303092567274386
2990.0 0.3586550966219241
3010.0 0.3659456377050367
3030.0 0.3725594428707672
3050.0 0.38072749885243085
3070.0 0.3919575336213286
3090.0 0.3976059350694525
3110.0 0.4077444031079987
3130.0 0.40091051701022284
3150.0 0.40540843703727436
3170.0 0.41711998562556674
3190.0 0.39705957101325917
3210.0 0.4175168795237596
3230.0 0.4033265648954127
3250.0 0.44734127072252666
3270.0 0.4767007286604677
3290.0 0.47766769716322416
3310.0 0.47602510649647717
3330.0 0.47413308150180783
3350.0 0.4997933064250954
3370.0 0.4444085035874769
3390.0 0.4821964493523507
3410.0 0.4786344633887478
3430.0 0.5358018760612042
3450.0 0.4827121832971491
3470.0 0.5085566866094084
3490.0 0.525778562428957
3510.0 0.5181117284094227
3530.0 0.4741636899113134
3550.0 0.5690697248217265
3570.0 0.49286673206689813
3590.0 0.48089442884460115
3610.0 0.521349176758369
3630.0 0.5902000168618897
3640.0 0.5620331962831475
3650.0 0.5817676732188445
3670.0 0.6253753516049052
3690.0 0.6075029412666818
3704.66 0.5111652343095554
3704.88 0.5091366183143246
3705.11 0.507015647625306
3705.33 0.504986754483567
3705.55 0.5029577258585917
3705.78 0.5008363238066382
3706.0 0.49880701807859484
3706.22 0.49677757688855756
3706.45 0.4946557435412877
3706.67 0.4926260252916149
3706.89 0.49059617160119
3707.12 0.48847390702622395
3707.34 0.48740992067055366
3707.56 0.4884162401218137
3707.79 0.4894683705531637
3708.01 0.49047482235836815
3708.24 0.49152709115235405
3708.46 0.49253367529735836
3708.68 0.4935403241366718
3708.91 0.49459279890986035
3709.13 0.49559958006792004
3709.35 0.49660642590999465
3709.58 0.49765910662960877
3709.8 0.4986660847693735
3710.0 0.49958157556379934
3710.02 0.49995878736871435
3710.25 0.5042968844585469
3710.47 0.5084466463950269
3710.7 0.5127853242477741
3710.92 0.5169356416671369
3711.14 0.5210862306344377
3711.37 0.5254257730644288
3711.59 0.5295769174268284
3711.81 0.533728333294249
3712.04 0.5380687401648413
3712.26 0.5422207113395747
3712.48 0.5463729539764113
3712.71 0.5507142251509582
3712.93 0.5460765411742671
3713.16 0.5403086886501026
3713.38 0.5347912392548911
3713.6 0.5292734251014838
3713.83 0.5235044112293924
3714.05 0.5179858510383757
3714.27 0.5124669261465933
3714.5 0.506696751109423
3714.72 0.5011770802975131
3714.94 0.49565704484224526
3715.17 0.4898857088228496
3715.39 0.48436492756493904
3715.62 0.47887422043236005
3715.84 0.47373965217372066
3716.06 0.46860474480440883
3716.29 0.46323606999152056
3716.51 0.45810046904134366
3716.73 0.45296452903391426
3716.96 0.4475947747019306
3717.18 0.44245814122291705
3717.4 0.4373211687400516
3717.63 0.4319503350590605
3717.85 0.42681266921389405
3718.08 0.42144111069248724
3718.3 0.4243881433913724
3718.52 0.43542102567452196
3718.75 0.4469561759461642
3718.97 0.4579905376219581
3719.19 0.4690256224992601
3719.42 0.48056307536075604
3719.64 0.49159963939692186
3719.86 0.5026369265203131
3720.09 0.5141766816077992
3720.31 0.5252154476562911
3720.53 0.5362549366777231
3720.76 0.5477969936273281
3720.98 0.5561787045777387
3721.21 0.5575280487907545
3721.43 0.5588188106246817
3721.65 0.5601096553312513
3721.88 0.5614592634011626
3722.1 0.5627502776064452
3722.32 0.5640413746711683
3722.55 0.5653912465559432
3722.77 0.5666825130923756
3722.99 0.567973862475044
3723.22 0.5693239981326489
3723.44 0.5706155169600279
3723.67 0.572725968092348
3723.89 0.5823794771561771
3724.11 0.5920336173704511
3724.34 0.602127256939741
3724.56 0.6117826880413698
3724.78 0.6214387501935823
3725.01 0.6315343989548522
3725.23 0.6411917517901562
3725.45 0.6508497355761605
3725.68 0.6609473932114578
3725.9 0.6706066674763261
3726.13 0.68070567417688
3726.35 0.6903662387833752
3726.57 0.7025535955096974
3726.8 0.7157127865840714
3727.02 0.7283006799656647
3727.24 0.7408893956634717
3727.47 0.7540512048975258
3727.69 0.7666416024726638
3727.91 0.7792328222338143
3728.14 0.7923972492130883
3728.36 0.8049901505853012
3728.59 0.818156335518992
3728.81 0.8307509183233758
3729.03 0.8433463230962137
3729.26 0.8537183309752023
3729.48 0.8622132264012163
3729.7 0.8707086751324542
3729.93 0.8795908721951308
3730.0 0.8822942695859989
3730.15 0.8880874525973778
3730.37 0.89658458621713
3730.6 0.9054685446603915
3730.82 0.9139668097717634
3731.05 0.9228519510750809
3731.27 0.9313513475575492
3731.49 0.9398512971109333
3731.72 0.9487381993280535
3731.94 0.9472308704027247
3732.16 0.9357147027575394
3732.39 0.9236742642297877
3732.61 0.9121565495148045
3732.83 0.9006380785143874
3733.06 0.8885952320612425
3733.28 0.8770752142355224
3733.51 0.8650307507326976
3733.73 0.8535091862459373
3733.95 0.8419868656735343
3734.18 0.8299399948815066
3734.4 0.8184161278925186
3734.62 0.8052558452608559
3734.85 0.7869362686979383
3735.07 0.7694120215132638
3735.29 0.7518866265263912
3735.52 0.7335633954939642
3735.74 0.7160356529155335
3735.96 0.6985067627164441
3736.19 0.6801798777927381
3736.41 0.6626486403736078
3736.64 0.6443193016684269
3736.86 0.6267857172786898
3737.08 0.6092509855719637
3737.31 0.5929128908139011
3737.53 0.5973204597748094
3737.75 0.6017283146230753
3737.98 0.606336832168745
3738.2 0.6107452717401849
3738.42 0.6151539971535929
3738.65 0.6197634247869873
3738.87 0.62417273483068
3739.1 0.6287827736358631
3739.32 0.6331926682474754
3739.54 0.6376028486251306
3739.77 0.6422137972763584
3739.99 0.6466245621290408
3740.21 0.645049419751858
3740.44 0.6424143826793817
3740.66 0.6398937421025463
3740.88 0.6373729349860555
3741.11 0.6347373676706015
3741.33 0.6322162199317027
3741.56 0.6295802965298678
3741.78 0.627058808204648
3742.0 0.6245371533837052
3742.23 0.6219006998787359
3742.45 0.6193787045252223
3742.67 0.6168565427022508
3742.9 0.6250463787996438
3743.12 0.6384040824940959
3743.34 0.6517626549469362
3743.57 0.6657293640787447
3743.79 0.6790897133962694
3744.02 0.6930582800603425
3744.24 0.706420406053139
3744.46 0.719783400573816
3744.69 0.7337547325300801
3744.91 0.7471195034439431
3745.13 0.7604851427477901
3745.36 0.7744592395572004
3745.58 0.7780729835910746
3745.8 0.769982173632048
3746.03 0.7615230333906412
3746.25 0.7534311403077407
3746.48 0.7449708677697664
3746.7 0.7368778916781927
3746.92 0.7287843861576291
3747.15 0.7203224279790608
3747.37 0.7122278396213888
3747.59 0.704132721918596
3747.82 0.6956690783664617
3748.04 0.6875728779981116
3748.26 0.6761399225449716
3748.49 0.6523273194467805
3748.71 0.6295485285579838
3748.93 0.6067682531290547
3749.16 0.5829509234266506
3750.0 0.49595211120209953
3770.0 0.44660869905609474
3790.0 0.8095946721718069
3810.0 0.8219127396994339
3830.0 0.55447174064856
3850.0 0.818884273858063
3870.0 0.9934134462616071
3890.0 0.5927343925252201
3910.0 0.9726132466922919
3930.0 0.7766954097607409
3950.0 0.9486036842491796
3970.0 0.5235959102886055
3990.0 1.0
4010.0 1.0985718415862549
4030.0 1.1764382878721347
4050.0 1.1078487893709894
4070.0 1.0782284087144995
4078.2 1.0599462868668117
4078.45 1.057971348630647
4078.7 1.0563606648462391
4078.94 1.0548143033951127
4079.19 1.0532034008296365
4079.43 1.0516568293613224
4079.68 1.050045708041101
4079.93 1.0484344751214574
4080.17 1.0468875865322214
4080.42 1.0452761348975863
4080.66 1.0437290363545961
4080.91 1.0421173660312912
4081.16 1.0405055841422746
4081.4 1.043951924756984
4081.65 1.0480150038541283
4081.9 1.0520783508513885
4082.14 1.0559794159936953
4082.39 1.0600432880267812
4082.63 1.0639448571727201
4082.88 1.0680092541775332
4083.13 1.07207391900037
4083.37 1.0759762491780007
4083.62 1.0800414388757686
4083.86 1.0839442729025752
4084.11 1.0836932077540817
4084.36 1.082362890944957
4084.6 1.081085699505879
4084.85 1.0797552008224214
4085.1 1.0784246093543532
4085.34 1.0771471542585243
4085.59 1.075816380949116
4085.83 1.0745387512960887
4086.08 1.0732077961671864
4086.33 1.071876748281652
4086.57 1.0705988550513768
4086.82 1.0707507447441038
4087.06 1.0713461985057915
4087.31 1.071966499631975
4087.56 1.0725868382977222
4087.8 1.0731823987318334
4088.05 1.0738028109681632
4088.3 1.0744232607369537
4088.54 1.0750189278233038
4088.79 1.0756394511487561
4089.03 1.0762351888450785
4089.28 1.0768557857179764
4089.53 1.0760105478434705
4089.77 1.0745368122268597
4090.0 1.0731243903521313
4090.02 1.0730015668077466
4090.26 1.0715276312256374
4090.51 1.0699921775216723
4090.76 1.0684566175595873
4091.0 1.0669823800344074
4091.25 1.0654466118253432
4091.5 1.063910737377481
4091.74 1.0624361979641328
4091.99 1.0609001153071622
4092.23 1.0561884709506937
4092.48 1.048871691965557
4092.73 1.0415544215233148
4092.97 1.0345293795641908
4093.22 1.0272111459543547
4093.47 1.019892420977548
4093.71 1.0128659827500248
4093.96 1.0055462947822824
4094.2 0.998518932139621
4094.45 0.9911982812979134
4094.7 0.9838771392390411
4094.94 0.9782053331607388
4095.19 0.9737103519104522
4095.43 0.9693948849789364
4095.68 0.9648993101400205
4095.93 0.9604034324775125
4096.17 0.9560871050424697
4096.42 0.9515906339001095
4096.67 0.9470938599896539
4096.91 0.9427766722087999
4097.16 0.9382793049272622
4097.4 0.9339615475447397
4097.65 0.9274595826269096
4097.9 0.917951075150668
4098.14 0.9088223095904774
4098.39 0.8993125555211999
4098.63 0.8901825933044935
4098.88 0.8806715927937695
4099.13 0.8711599564019309
4099.37 0.862028187265448
4099.62 0.8525153046610828
4099.87 0.8430017862923951
4100.11 0.8338682105680132
4100.36 0.8274950881982246
4100.6 0.8277856434265631
4100.85 0.8280883219337761
4101.1 0.8283910175939952
4101.34 0.8286816215643144
4101.59 0.8289843508411789
4101.83 0.8292749870814138
4102.08 0.8295777499706242
4102.33 0.8298805300073344
4102.57 0.830171214973905
4102.82 0.8304740286164689
4103.07 0.8303090341480074
4103.31 0.8287283922150908
4103.56 0.8270817800905461
4103.8 0.8255009267506822
4104.05 0.8238540944238762
4104.3 0.8222071497592373
4104.54 0.8206259772001862
4104.79 0.818978812373502
4105.03 0.8173974284716696
4105.28 0.8157500435095686
4105.53 0.8141025462437381
4105.77 0.8130064580323398
4106.02 0.8154056812181733
4106.27 0.8178050607535742
4106.51 0.8201086121921566
4106.76 0.8225082981443551
4107.0 0.8248121437250392
4107.25 0.8272121360564861
4107.5 0.8296122846894101
4107.74 0.8319165744163726
4107.99 0.8343170293718406
4108.23 0.8366216131504235
4108.48 0.8391314764531392
4108.73 0.8442600395823222
4108.97 0.8491837773838915
4109.22 0.854313001320951
4109.47 0.859442562373768
4109.71 0.8643672581234556
4109.96 0.8694974798621677
4110.0 0.870318346619474
4110.2 0.8744228098315463
4110.45 0.8795536921753866
4110.7 0.8846849115315446
4110.94 0.889611199155126
4111.19 0.8947430789944438
4111.44 0.9010622677098622
4111.68 0.907176560253783
4111.93 0.9135460254548796
4112.17 0.9196611060731574
4112.42 0.9260313921348975
4112.67 0.9324020969644332
4112.91 0.9385183675532806
4113.16 0.9448898930919354
4113.4 0.9510069515133789
4113.65 0.9573792976608244
4113.9 0.9637520624475742
4114.14 0.9722724138408906
4114.39 0.9815058201634912
4114.64 0.990739834399769
4114.88 0.9996050599565959
4115.13 1.0088402655937472
4115.37 1.0177066348255313
4115.62 1.0269430317179715
4115.87 1.0361800363376374
4116.11 1.045048132487107
4116.36 1.0542863281422128
4116.6 1.0631555676158648
4116.85 1.0679951457551649
4117.1 1.0714455811737518
4117.34 1.0747582103651407
4117.59 1.078209085748375
4117.84 1.0816601855825854
4118.08 1.0849734525738677
4118.33 1.0884249922912572
4118.57 1.091738681544499
4118.82 1.0951906610911262
4119.07 1.0986428650196451
4119.31 1.101957191876483
4119.56 1.1030047461497756
4119.81 1.102920521567356
4120.05 1.1028396570382997
4120.3 1.102755413852356
4120.54 1.1026745314648794
4120.79 1.1025902696774161
4121.04 1.1025059984001544
4121.28 1.1024250890464655
4121.53 1.1023407991707115
4121.77 1.1022598719634316
4122.02 1.1021755634911903
4122.27 1.0991418050215684
4122.51 1.0946364562870756
4122.76 1.089943077065775
4123.01 1.0852493839628155
4123.25 1.080743143302199
4123.5 1.0760488350477062
4123.74 1.0715420038775445
4123.99 1.0668470805463652
4124.24 1.0621518434293835
4124.48 1.0576441206054865
4124.73 1.0529482685248461
4124.97 1.0498753667861669
4125.22 1.047939444856188
4125.47 1.0460033914284088
4125.71 1.044144656432156
4125.96 1.0422083452922641
4126.21 1.040271902678629
4126.45 1.0384127940865877
4126.7 1.0364760938079915
4126.94 1.0346167378725737
4127.19 1.032679779960237
4130.0 1.065161772406469
4150.0 1.1752300735173773
4170.0 1.1747828150813306
4190.0 1.1138358845153407
4210.0 1.2040389995942413
4230.0 1.053110476399924
4250.0 1.1863773660070074
4270.0 1.1317297413362009
4290.0 1.147900506506738
4310.0 1.0271210298178217
4315.65 1.1196315724491983
4315.91 1.1275333061346362
4316.17 1.1342990817410898
4316.43 1.1410652922612075
4316.69 1.1478319376662578
4316.95 1.1545990179275822
4317.21 1.1613665330164524
4317.47 1.168134482904164
4317.73 1.174902867561991
4317.99 1.1816716869612773
4318.25 1.1884409410732997
4318.52 1.1954710111957954
4318.78 1.1967733754935388
4319.04 1.19465834932178
4319.3 1.1925431818478134
4319.56 1.1904278730808775
4319.82 1.1883124230302193
4320.08 1.1861968317050615
4320.34 1.1840810991146502
4320.6 1.1819652252682222
4320.86 1.1798492101750229
4321.12 1.1777330538442747
4321.38 1.1756348735229611
4321.64 1.1736754564769687
4321.9 1.171715908390653
4322.16 1.1697562292725665
4322.42 1.1677964191312822
4322.68 1.1658364779753643
4322.94 1.163876405813386
4323.2 1.161916202653897
4323.46 1.1599558685054698
4323.73 1.1579199982561035
4323.99 1.1559593971182858
4324.25 1.1517224544725688
4324.51 1.1462801419314042
4324.77 1.1408374731650033
4325.03 1.1353944481967944
4325.29 1.129951067050145
4325.55 1.124507329748481
4325.81 1.1190632363152089
4326.07 1.1136187867737517
4326.33 1.1081739811474751
4326.59 1.1027288194598017
4326.85 1.0985142534714
4327.11 1.1010698645279833
4327.37 1.1036256369768864
4327.63 1.106181570807401
4327.89 1.1087376660088284
4328.15 1.1112939225704603
4328.41 1.113850340481617
4328.67 1.1164069197315905
4328.94 1.1190619997074016
4329.2 1.12161890780722
4329.46 1.1241759772133533
4329.72 1.1202983995098077
4329.98 1.1135605600862128
4330.0 1.113042246552148
4330.24 1.1068222814217439
4330.5 1.1000835635453157
4330.76 1.0933444064858187
4331.02 1.0866048102721424
4331.28 1.0798647749331989
4331.54 1.0731243004978288
4331.8 1.0663833869949417
4332.06 1.0596420344534236
4332.32 1.0539044437642917
4332.58 1.0523842587005126
4332.84 1.0508639718051462
4333.1 1.049343583084847
4333.36 1.0478230925462744
4333.62 1.0463025001960715
4333.88 1.0447818060408978
4334.15 1.0432025159024887
4334.41 1.0416816142424017
4334.67 1.0401606107975592
4334.93 1.0386395055746147
4335.19 1.0325373471344663
4335.45 1.0247470180296705
4335.71 1.0169561828088116
4335.97 1.009164841505208
4336.23 1.0013729941522034
4336.49 0.993580640783059
4336.75 0.9857877814311164
4337.01 0.9779944161296887
4337.27 0.9702005449120885
4337.53 0.962406167811653
4337.79 0.9569455356907561
4338.05 0.9578205760982672
4338.31 0.958695669561925
4338.57 0.959570816078173
4338.83 0.9604460156434648
4339.09 0.9613212682542436
4339.35 0.9621965739069568
4339.62 0.9631056012991649
4339.88 0.9639810150648187
4340.14 0.9648564818616129
4340.4 0.9657320016859915
4340.66 0.9633720056124979
4340.92 0.960241455811469
4341.18 0.9571107010401227
4341.44 0.9539797413119382
4341.7 0.9508485766403605
4341.96 0.9477172070388671
4342.22 0.9445856325209255
4342.48 0.9414538531000118
4342.74 0.9383218687895702
4343.0 0.9351896796030764
4343.26 0.933490577651076
4343.52 0.93501637408062
4343.78 0.9365422654426906
4344.04 0.938068251730983
4344.3 0.9395943329391756
4344.57 0.9411792100379335
4344.83 0.9427054847171334
4345.09 0.9442318542970454
4345.35 0.945758318771353
4345.61 0.9472848781337374
4345.87 0.9488115323778945
4346.13 0.9533970493778362
4346.39 0.958539015426834
4346.65 0.9636813087698405
4346.91 0.9688239293852398
4347.17 0.9739668772513613
4347.43 0.9791101523465541
4347.69 0.9842537546491492
4347.95 0.9893976841375336
4348.21 0.9945419407900398
4348.47 0.9996865245850197
4348.73 1.0056112018317813
4348.99 1.013009195557534
4349.25 1.0204076610935198
4349.51 1.02780659840854
4349.78 1.0354906095482181
4350.0 1.0417520317799491
4350.04 1.0428905084700424
4350.3 1.0502908790761136
4350.56 1.0576917213352375
4350.82 1.0650930352161956
4351.08 1.072494820687849
4351.34 1.0798970777189805
4351.6 1.0839992979177269
4351.86 1.0876712628145382
4352.12 1.0913434596650888
4352.38 1.0950158884539924
4352.64 1.0986885491658758
4352.9 1.1023614417853536
4353.16 1.1060345662970807
4353.42 1.1097079226856725
4353.68 1.1133815109357583
4353.94 1.1170553310319553
4354.2 1.1180467791156976
4354.46 1.114745983104175
4354.72 1.1114449714829466
4354.99 1.1080167696832885
4355.25 1.1047153185938647
4355.51 1.101413651937803
4355.77 1.098111769729277
4356.03 1.0948096719824707
4356.29 1.0915073587115336
4356.55 1.088204829930649
4356.81 1.0849020856539886
4357.07 1.0908938678123392
4357.33 1.0976606169123533
4357.59 1.1044277959235893
4357.85 1.1111954048175938
4358.11 1.117963443565892
4358.37 1.1247319121400807
4358.63 1.1315008105116868
4358.89 1.138270138652262
4359.15 1.1450398965333344
4359.41 1.1518100841265058
4359.67 1.1575146958537612
4359.93 1.161765978478603
4360.2 1.1661810559059216
4360.46 1.1704328853449877
4360.72 1.1746849830055257
4360.98 1.178937348869738
4361.24 1.1831899829198738
4361.5 1.187442885138138
4361.76 1.1916960555067502
4362.02 1.1959494940079318
4362.28 1.2002032006238885
4362.54 1.204105527736148
4362.8 1.2079940340702437
4363.06 1.2118827850638894
4363.32 1.2157717807008406
4363.58 1.219661020964896
4363.84 1.2235505058398135
4364.1 1.227440235309365
4364.36 1.23133020935731
4364.62 1.2352204279674477
4364.88 1.2391108911235396
4365.15 1.243302284384535
4365.41 1.2474953366526058
4365.67 1.2516886527325537
4365.93 1.255882232606879
4366.19 1.2600760762580672
4366.45 1.264270183668649
4366.71 1.2684645548211118
4366.97 1.272659189697958
4367.23 1.2768540882816761
4367.49 1.2810492505548
4370.0 1.2603501064289955
4390.0 1.173379088371353
4410.0 1.2575126900442688
4430.0 1.3343683881998603
4450.0 1.3168236520270493
4470.0 1.2448478695466476
4490.0 1.3415155162374388
4510.0 1.4179461802343916
4530.0 1.3068025952601627
4550.0 1.3412725522796232
4570.0 1.3921072614824892
4590.0 1.3802045553701097
4610.0 1.406876521069126
4630.0 1.4902895834490937
4650.0 1.3509416503895058
4670.0 1.3699775061282322
4690.0 1.454452722131667
4710.0 1.3905332565178423
4730.0 1.365912005101066
4750.0 1.3631016658690862
4770.0 1.4043290027952848
4790.0 1.3565708399870162
4810.0 1.4937588588748227
4830.0 1.3832200798647984
4834.84 1.4213071974430322
4835.13 1.42089042037397
4835.42 1.420473612341665
4835.71 1.420056773348374
4836.0 1.4196399033963538
4836.29 1.4192230024878638
4836.59 1.4187916931123072
4836.88 1.418374729230378
4837.17 1.4179577343988272
4837.46 1.4128732877146386
4837.75 1.4077885192932738
4838.05 1.402528075485395
4838.34 1.3974426525696533
4838.63 1.3923569079898324
4838.92 1.3872708417700177
4839.21 1.3821844539342936
4839.5 1.3770977445067434
4839.8 1.3718352929143756
4840.09 1.3674930136772978
4840.38 1.3635426211933943
4840.67 1.3595919780104955
4840.96 1.355641084147362
4841.26 1.3515536887892827
4841.55 1.347602284979436
4841.84 1.3436506305462743
4842.13 1.3396987255085522
4842.42 1.3357465698850244
4842.72 1.3329606548284352
4843.01 1.333206024847357
4843.3 1.3334514054749331
4843.59 1.333696796710306
4843.88 1.3339421985526154
4844.17 1.334187611001003
4844.47 1.3344414971076712
4844.76 1.334686931131291
4845.05 1.3349323757583829
4845.34 1.3351778309880888
4845.63 1.3344654756760361
4845.93 1.333655106273924
4846.22 1.3328716949217156
4846.51 1.3320882302297172
4846.8 1.3313047122018709
4847.09 1.3305211408421196
4847.38 1.3297375161544074
4847.68 1.3289268138119255
4847.97 1.328143080641564
4848.26 1.32768137320617
4848.55 1.3274469894436807
4848.84 1.3272125864983604
4849.14 1.3269700805078721
4849.43 1.3267356385396685
4849.72 1.326501177392817
4850.0 1.3262747829163404
4850.01 1.3262666970686963
4850.3 1.3260321975686848
4850.59 1.3257976788941612
4850.89 1.32513633746083
4851.18 1.3231670334909997
4851.47 1.3211976026874048
4851.76 1.3192280450595086
4852.05 1.3172583606167754
4852.35 1.3152206225812937
4852.64 1.3132506801651682
4852.93 1.3112806109629174
4853.22 1.3093104149840022
4853.51 1.3073400922378828
4853.81 1.303726712373812
4854.1 1.2999993182315708
4854.39 1.2962716884108245
4854.68 1.2925438229292134
4854.97 1.2888157218043763
4855.26 1.2850873850539515
4855.56 1.2812302370328703
4855.85 1.2775014209606894
4856.14 1.2737723693164358
4856.43 1.2665186714004053
4856.72 1.2559749675992606
4857.02 1.2450669956259572
4857.31 1.2345219536628367
4857.6 1.223976254033948
4857.89 1.21342989678863
4858.18 1.2028828819762172
4858.47 1.1923352096460424
4858.77 1.1814231326111801
4859.06 1.1724076041655018
4859.35 1.1707524521457728
4859.64 1.169097193569762
4859.93 1.1674418284454198
4860.23 1.1657292696507313
4860.52 1.1640736877801754
4860.81 1.162417999385412
4861.1 1.1607622044743842
4861.39 1.1591063030550384
4861.68 1.157450295135321
4861.98 1.1617072761337355
4862.27 1.1672654568127443
4862.56 1.1728239773622053
4862.85 1.1783828377565537
4863.14 1.1839420379702086
4863.44 1.189693292313915
4863.73 1.1952531838051332
4864.02 1.2008134150380616
4864.31 1.2063739859870892
4864.6 1.2067986530063872
4864.9 1.200698263386301
4865.19 1.1948008449617211
4865.48 1.188903057798007
4865.77 1.1830049019227846
4866.06 1.1771063773637327
4866.35 1.171207484148473
4866.65 1.165104792907966
4866.94 1.1592051497533216
4867.23 1.1539761649411444
4867.52 1.1545625992998358
4867.81 1.155149065901229
4868.11 1.1557557894158397
4868.4 1.1563423216068172
4868.69 1.156928886032989
4868.98 1.1575154826918805
4869.27 1.1581021115810193
4869.56 1.158688772697928
4869.86 1.159295697419774
4870.0 1.1614291217153558
4870.15 1.1652017792816984
4870.44 1.1724959224665055
4870.73 1.1797905119021967
4871.02 1.1870855475552182
4871.32 1.1946326056888164
4871.61 1.2019285490595961
4871.9 1.2092249385458074
4872.19 1.2165217741138814
4872.48 1.223819055730251
4872.77 1.2303349379382802
4873.07 1.2359300797885877
4873.36 1.241339051981998
4873.65 1.246748353542578
4873.94 1.2521579844455282
4874.23 1.257567944666049
4874.53 1.2631648017596382
4874.82 1.268575431894536
4875.11 1.273986391271762
4875.4 1.2790706438866084
4875.69 1.2797400837234398
4875.98 1.2804095604200152
4876.28 1.2811021613051086
4876.57 1.2817717129834703
4876.86 1.2824413015129976
4877.15 1.2831109268908631
4877.44 1.2837805891142406
4877.74 1.2844733819086367
4878.03 1.2851431190848497
4878.32 1.2879386055234423
4878.61 1.291544079879034
4878.9 1.2951497718664833
4879.2 1.2988800270609984
4879.49 1.3024861617660561
4879.78 1.3060925140531798
4880.07 1.3096990839059632
4880.36 1.313305871308001
4880.65 1.3169128762428877
4880.95 1.320898581111564
4881.24 1.3251759347385812
4881.53 1.3294535470771562
4881.82 1.3337314181077928
4882.11 1.3380095478109928
4882.41 1.3424354714133162
4882.7 1.3467141273212102
4882.99 1.3509930418425131
4883.28 1.3552722149577323
4883.57 1.3595516466473778
4883.86 1.3563616007024633
4884.16 1.3530613418114983
4884.45 1.3498708872493508
4884.74 1.346680231864249
4885.03 1.343489375671222
4885.32 1.3402983186852975
4885.62 1.3369970139694598
4885.91 1.3338055485202316
4886.2 1.3306138823237021
4886.49 1.3281201708666497
4886.78 1.325993763136574
4887.07 1.3238672201866684
4887.37 1.3216672058859236
4887.66 1.3195403878647851
4887.95 1.3174134346544664
4888.24 1.3152863462650661
4888.53 1.3131591227066841
4888.83 1.310958404381709
4889.12 1.3092292014979667
4889.41 1.3083850165398323
4889.7 1.307540775262224
4890.0 1.306667362954829
4890.29 1.3058230071091035
4890.58 1.3049785949565673
4890.87 1.3041341265013928
4891.16 1.3032896017477527
4891.45 1.3024450206998202
4891.74 1.3016003833617664
4892.04 1.3017369304964603
4892.33 1.30193869549398
4892.62 1.30214046841967
4892.91 1.3023422492728758
4910.0 1.3820356893700618
4928.77 1.4310515492189697
4929.07 1.4335949472281722
4929.36 1.4360537122931012
4929.66 1.438597414406471
4929.96 1.4411412711311347
4930.0 1.4407689549760005
4930.26 1.4368071775043751
4930.55 1.432388012864427
4930.85 1.4278161758426493
4931.15 1.4232440465779659
4931.45 1.4186716250930105
4931.74 1.414251339907267
4932.04 1.4096783437885716
4932.34 1.4051050555168376
4932.64 1.4005314751147198
4932.93 1.4010109602528649
4933.23 1.402829625672155
4933.53 1.404648400180077
4933.83 1.4064672837680734
4934.12 1.4082256415817693
4934.42 1.4100447396689706
4934.72 1.4118639468108818
4935.02 1.413683262998954
4935.31 1.4154420389604885
4935.61 1.4162446920482972
4935.91 1.4163694507748945
4936.21 1.4164942122373725
4936.5 1.4166148175847786
4936.8 1.4167395844270063
4937.1 1.4168643540042847
4937.4 1.4169891263163348
4937.69 1.417109742150605
4937.99 1.4172345198402225
4938.29 1.4173984484441162
4938.59 1.4176135776132126
4938.88 1.417821543789275
4939.18 1.4180366894665044
4939.48 1.418251843536632
4939.78 1.4184670059989393
4940.07 1.4186750043557246
4940.37 1.4188901833205505
4940.67 1.4191053706754204
4940.97 1.4189591682716807
4941.26 1.418002647472423
4941.56 1.4170130772728506
4941.86 1.41602344003653
4942.16 1.415033735768602
4942.45 1.4140769579305152
4942.75 1.4130871218487833
4943.05 1.4120972187507168
4943.35 1.4111072486414635
4943.64 1.4101014031777201
4943.94 1.4086231778456353
4944.24 1.4071448549773606
4944.54 1.4056664345804222
4944.83 1.4042372021640381
4945.13 1.402758589982665
4945.43 1.4012798802949356
4945.73 1.3998010731083743
4946.02 1.3983714668236975
4946.32 1.3968924679113566
4946.62 1.4015401091002309
4946.92 1.4066256736602953
4947.21 1.4115420168450796
4947.51 1.416628196781531
4947.81 1.421714689585029
4948.11 1.4268014952311532
4948.4 1.4317190380404587
4948.7 1.43680645887261
4949.0 1.4418941924750162
4949.3 1.4418247790570298
4949.59 1.44024028497226
4949.89 1.438601047408421
4950.0 1.4379999666907821
4950.19 1.4369617023083792
4950.49 1.4353222496804219
4950.78 1.4337373432699454
4951.08 1.4320976791946372
4951.38 1.4304579076160338
4951.68 1.428818028542431
4951.97 1.4295014749686514
4952.27 1.4318652833063232
4952.57 1.4342292341001572
4952.87 1.4365933273390192
4953.16 1.4388787528613445
4953.46 1.4412431262095609
4953.76 1.4436076419697286
4954.06 1.4459723001307014
4954.35 1.4482582717023742
4954.65 1.4490662170680528
4954.95 1.4475386456011905
4955.25 1.4460109736864033
4955.54 1.4445341286947253
4955.84 1.4430062592549513
4956.14 1.4414782893902331
4956.44 1.4399502191083215
4956.73 1.4384729890576244
4957.03 1.436944721311145
4957.33 1.4363847194080148
4957.63 1.4390065514312094
4957.92 1.4415411395334834
4958.22 1.4441632828822677
4958.52 1.4467855845138327
4958.82 1.44940804441579
4959.11 1.4519432394208596
4959.41 1.4545660105518317
4959.71 1.45718893991648
4960.01 1.4592451582498454
4960.3 1.4535610912773584
4960.6 1.447680656762491
4960.9 1.4417998508527787
4961.2 1.4359186735770137
4961.49 1.4302331825668253
4961.79 1.4243512750219438
4962.09 1.4184689961965358
4962.39 1.41258634611942
4962.68 1.4068994315099261
4962.98 1.4094838584240648
4963.28 1.4133712212757887
4963.58 1.41725882104475
4963.87 1.4210170593403537
4964.17 1.4249051249925913
4964.47 1.4287934275071967
4964.77 1.4326819668656752
4965.06 1.436441113361412
4965.36 1.4403301184588848
4965.66 1.442203976471675
4965.96 1.4432141831097707
4966.25 1.4441907710465711
4966.55 1.4452010911698396
4966.85 1.4462114689906758
4967.15 1.44722190450452
4967.44 1.4481987136707037
4967.74 1.4492092626341866
4968.04 1.4502198692771693
4968.34 1.449981568529071
4968.63 1.4486947441610962
4968.93 1.4473634601448202
4969.23 1.4460320882767022
4969.53 1.4447006285635025
4969.82 1.4434134673454793
4970.0 1.4426144984115927
4970.12 1.4420818348900382
4970.42 1.440750114609598
4970.72 1.4394183065109254
4971.02 1.4380403366058692
4971.31 1.4366312809292103
4971.61 1.435173543118263
4971.91 1.433715709713744
4972.21 1.4322577807230294
4972.5 1.4308483585122795
4972.8 1.429390241556884
4973.1 1.427932029037161
4973.4 1.4264737209604845
4973.69 1.4252456512363334
4973.99 1.4248775081713094
4974.29 1.4245093372257405
4974.58 1.4241534121449957
4974.88 1.423785186373828
4975.18 1.423416932728358
4975.48 1.4230486512106901
4975.78 1.422680341822927
4976.07 1.422324282924661
4976.37 1.4221329861547498
4976.48 1.4239456781099054
4976.67 1.427076786969024
4976.78 1.428889589480337
4976.97 1.432020889292642
4977.08 1.4338338023514867
4977.26 1.436800474784738
4977.38 1.4387783166998305
4977.56 1.441745170008107
4977.68 1.4437231325018454
4977.86 1.4466901666710197
4977.98 1.4486682497339958
4978.16 1.4516354647499856
4978.28 1.4536136683727916
4978.45 1.456416206050232
4978.58 1.4585593883947006
4978.75 1.4613620968454664
4978.88 1.4635054097762064
4979.05 1.466308288986972
4979.18 1.4636596218715192
4979.35 1.4574106642836782
4979.48 1.4526319005026558
4979.64 1.4467501676305703
4979.78 1.4416034907513622
4979.94 1.4357213907639068
4980.08 1.43057439267117
4980.24 1.4246919255968413
4980.39 1.4191769349173695
4980.54 1.4136617721828983
4980.69 1.4081464374000794
4980.83 1.402998636382813
4980.99 1.3971152517161092
4981.13 1.3919671295727107
4981.29 1.3860833779189747
4981.43 1.3809349346744015
4981.59 1.375050816062155
4981.73 1.3699020517413965
4981.89 1.3662549482997939
4982.02 1.3656288836498964
4982.19 1.3648101570157938
4982.32 1.3641840515201622
4982.49 1.363365271474464
4982.62 1.3627391251362504
4982.79 1.361920291683082
4982.92 1.3612941045054374
4983.09 1.3604752176489197
4983.21 1.3598971616489062
4983.39 1.3590300493792489
4983.51 1.3584519556870673
4983.69 1.3575847868813444
4983.81 1.3570066554998994
4983.99 1.356139430162469
4984.11 1.3555612610946774
4984.29 1.3546939792298966
4984.4 1.354163956950294
4984.59 1.3537492604818937
4984.7 1.3545964975394484
4984.89 1.3560599507619613
4985.0 1.356907238487456
4985.19 1.3583707792238886
4985.3 1.359218117613365
4985.49 1.3606817458568752
4985.59 1.3614520987706829
4985.79 1.362992850650102
4985.89 1.3637632496149197
4986.09 1.3653040935927565
4986.19 1.3660745386049742
4986.39 1.3676154746740279
4986.49 1.3683859657300486
4986.69 1.369926993883098
4986.78 1.3706204765791279
4986.99 1.3722386512091713
4987.08 1.3729321753381927
4987.29 1.3744722959775613
4987.38 1.3744624983142935
4987.59 1.3744396347026386
4987.68 1.374429834984519
4987.9 1.3744058775229429
4987.97 1.374398253921852
4988.2 1.3743732023215178
4988.5 1.3743405202717083
4988.8 1.374307831373984
4989.1 1.3742751356288168
4989.4 1.3742424330366778
4989.7 1.374209723598038
4990.0 1.3741770073133683
4990.3 1.3765058174889568
4990.6 1.3789162013896048
4990.9 1.38132672933624
4991.2 1.383737401317605
4991.5 1.3861482173224238
4991.8 1.3885591773394264
4992.1 1.3909702813573444
4992.4 1.3933815293649017
4992.7 1.395792921350847
4993.0 1.396847420109392
4993.3 1.397693197665643
4993.6 1.3985390225253
4993.9 1.3993848946846161
4994.2 1.4002308141398538
4994.5 1.4010767808872673
4994.8 1.4019227949231137
4995.1 1.4027688562436507
4995.41 1.4036431692794227
4995.71 1.4034333781080985
4996.01 1.402959573783748
4996.31 1.4024857353239089
4996.61 1.4020118627311773
4996.91 1.4015379560081433
4997.21 1.4010640151574019
4997.51 1.4005900401815463
4997.81 1.4001160310831702
4998.11 1.399641987864867
4998.41 1.4014573744787047
4998.71 1.4042540971544495
4999.01 1.4070509872817583
4999.31 1.4098480448475377
4999.61 1.4126452698386867
4999.91 1.4154426622421301
5000.21 1.4182402220447694
5000.51 1.4210379492335132
5000.81 1.4238358437952736
5001.11 1.4270617118981461
5001.41 1.4305729865979742
5001.71 1.4340844725402295
5002.01 1.4375961697084096
5002.31 1.441108078086013
5002.61 1.4446201976565285
5002.92 1.4482496097317803
5003.22 1.4517621586770353
5003.52 1.4552749187651688
5003.82 1.4596730966367506
5004.12 1.4648461197522382
5004.42 1.4700194560966624
5004.72 1.475193105645581
5005.02 1.4803670683745556
5005.32 1.485541344259132
5005.62 1.490715933274906
5005.92 1.4958908353974265
5006.22 1.501066050602261
5006.52 1.5057244378995658
5006.82 1.5097068243733254
5007.12 1.5136894504730474
5007.42 1.5176723161800052
5007.72 1.5216554214754843
5008.02 1.525638766340772
5008.32 1.5296223507571447
5008.62 1.533606174705916
5008.92 1.5375902381683655
5009.22 1.5368599529770248
5009.52 1.5267001515527296
5009.82 1.5165397205210185
5010.0 1.5104431597107493
5010.12 1.5063786599307627
5010.42 1.4962169698309216
5010.73 1.4857158954449536
5011.03 1.475552925493166
5011.33 1.4653893261801905
5011.63 1.4552250975549421
5011.93 1.4465495364653662
5012.23 1.4413485701615114
5012.53 1.4361472794981414
5012.83 1.4309456645004517
5013.13 1.4257437251936216
5013.43 1.420541461602827
5013.73 1.4153388737532604
5014.03 1.410135961670063
5014.33 1.4049327253784234
5014.63 1.3994997057076455
5014.93 1.3931484828582719
5015.23 1.3867968654849365
5015.53 1.3804448536182445
5015.83 1.374092447288857
5016.13 1.367739646527413
5016.43 1.3613864513645508
5016.73 1.3550328618309249
5017.03 1.3486788779571304
5017.33 1.342891710644257
5017.63 1.3422092381584465
5017.93 1.3415267191726061
5018.23 1.340844153690298
5018.54 1.340138787181901
5018.84 1.339456127167748
5019.14 1.3387734206679245
5019.44 1.33809066768599
5019.74 1.3374078682255017
5020.04 1.336852444452443
5020.34 1.3399923379213712
5020.64 1.3431324191098497
5020.94 1.3462726880031997
5021.24 1.3494131445867734
5021.54 1.3525537888458938
5021.84 1.3556946207658969
5022.14 1.358835640332116
5022.44 1.36197684752988
5022.74 1.3651182423445447
5023.04 1.3663521808088617
5023.34 1.3674499256302741
5023.64 1.368547732915347
5023.94 1.3696456026591568
5024.24 1.3707435348567898
5024.54 1.3718415295033213
5024.84 1.3729395865938325
5025.14 1.3740377061234028
5025.44 1.3751358880871103
5025.74 1.374569702348948
5026.04 1.3736705810140926
5026.35 1.3727414261997926
5026.65 1.3718421833826615
5026.95 1.3709428808271074
5027.25 1.3700435185377229
5027.55 1.3691440965190986
5027.85 1.3682446147758232
5028.15 1.3673450733124886
5028.45 1.3663297630722098
5028.75 1.3652791691707844
5029.05 1.364228506338505
5029.35 1.3631777745806761
5029.65 1.3621269739026078
5029.95 1.3610761043095991
5030.0 1.3609009526777394
5030.25 1.3600251658069575
5030.55 1.358974158399988
5030.85 1.3579230820939947
5031.15 1.358818144984101
5031.45 1.360686391621885
5031.75 1.3625547476736408
5032.05 1.3644232131307938
5032.35 1.3662917879847696
5032.65 1.3681604722269889
5032.95 1.3700292658488906
5033.25 1.3718981688418963
5033.55 1.3737671811974344
5033.85 1.3772140203728263
5034.16 1.3820227156914684
5034.46 1.3866765757168034
5034.76 1.3913307149763403
5035.06 1.3959851334482853
5035.36 1.4006398311108317
5035.66 1.4052948079422174
5035.96 1.4099500639206393
5036.26 1.4146055990243092
5050.0 1.4038213796015986
5070.0 1.4312105504226882
5090.0 1.3845641481172575
5110.0 1.3886808081431528
5130.0 1.3619481771176722
5150.0 1.3787416268879524
5170.0 1.2268598329137728
5190.0 1.32691671898665
5210.0 1.3410917780655631
5230.0 1.3376074936738969
5250.0 1.4589718910103517
5270.0 1.3554198493662615
5290.0 1.4784302080118206
5310.0 1.5195217483708308
5330.0 1.440276967065595
5350.0 1.4991158380591165
5370.0 1.5167694889130436
5390.0 1.4911642450255556
5410.0 1.4924927004953326
5430.0 1.4979546808506408
5450.0 1.50028995872096
5470.0 1.4947905783672033
5490.0 1.4684110711050875
5510.0 1.4848648026738596
5530.0 1.5068036580968114
5550.0 1.5333592436193544
5570.0 1.521159101201823
5590.0 1.4663479838261462
5610.0 1.5321514212876157
5630.0 1.4920451426715857
5650.0 1.5494848591041142
5670.0 1.515444330035225
5690.0 1.5035704617289598
5710.0 1.5177920385246915
5730.0 1.5938092591121436
5750.0 1.5810951704914153
5770.0 1.606496899669294
5790.0 1.5548994872664026
5810.0 1.602196687686504
5830.0 1.6251948281524804
5850.0 1.6015600848047624
5870.0 1.5592818763104515
5890.0 1.4840616415147332
5910.0 1.5640988444183015
5930.0 1.5823307089692469
5950.0 1.5372506543638111
5970.0 1.6238951131690311
5990.0 1.5800562420582311
6010.0 1.60892469630628
6030.0 1.5690729195638191
6050.0 1.6045821934000537
6070.0 1.5872651488334302
6090.0 1.582916859371407
6110.0 1.5790864625657584
6130.0 1.538443307934033
6150.0 1.60362320286303
6170.0 1.4833957033469178
6190.0 1.5760365128892597
6210.0 1.557699653598695
6230.0 1.5332042900792708
6250.0 1.484607025137693
6270.0 1.4914797623870928
6290.0 1.5575721852378723
6310.0 1.625869990120413
6330.0 1.5479597272030545
6350.0 1.522497968739088
6370.0 1.5797651015002152
6390.0 1.6067756893599336
6410.0 1.5269305234818733
6430.0 1.5413396947669955
6450.0 1.565182763004052
6470.0 1.5338302875527623
6490.0 1.497300575361963
6510.0 1.4841912548500669
6523.64 1.5469771369354846
6524.04 1.5431047713455985
6524.43 1.5374723310743428
6524.82 1.5318395596972072
6525.22 1.5260620143823564
6525.61 1.52042857244157
6526.0 1.5147947995311444
6526.4 1.5090162271442178
6526.79 1.5139651795261773
6527.19 1.5274293377740444
6527.58 1.540557650907646
6527.97 1.5536867131747298
6528.37 1.5671531961497918
6528.76 1.580283775580012
6529.15 1.593415103835296
6529.55 1.595212861119265
6529.94 1.5901380094024589
6530.0 1.589357236472357
6530.34 1.58493272300484
6530.73 1.5798572662878003
6531.12 1.5747815109611754
6531.52 1.5695752979118818
6531.91 1.564498937833861
6532.3 1.5570732025154392
6532.7 1.548385777672678
6533.09 1.5399150387228653
6533.49 1.5312265888676793
6533.88 1.5227548506683546
6534.27 1.514282619270083
6534.67 1.5055926389092749
6535.06 1.5076409821032883
6535.46 1.5129794650117552
6535.85 1.5181847820613514
6536.24 1.5233903915351084
6536.64 1.5287297819005943
6537.03 1.5339359835988884
6537.42 1.53914247760106
6537.82 1.543711193078696
6538.21 1.5480063611618797
6538.6 1.5523017691134617
6539.0 1.556707564869247
6539.39 1.5610034586081496
6539.79 1.5654097525387236
6540.18 1.569706131931156
6540.57 1.5725766154872984
6540.97 1.5753536942357291
6541.36 1.57806149646474
6541.76 1.5808388838057732
6542.15 1.583546986871131
6542.54 1.5862552384200899
6542.94 1.5890330865386144
6543.33 1.6000699709651587
6543.72 1.6111074808793429
6544.12 1.6224286535296717
6544.51 1.6334674301968781
6544.91 1.6447899019023071
6545.3 1.655829944973967
6545.69 1.6669667600112874
6546.09 1.6802141688237737
6546.48 1.6931311339990425
6546.87 1.7060488312700484
6547.27 1.719298511937737
6547.66 1.732217691867133
6548.06 1.7454688930009599
6548.45 1.7547144729466728
6548.84 1.7389693004671969
6549.24 1.722819462591369
6549.63 1.70707245133879
6550.0 1.6921321401796283
6550.02 1.6913245325238504
6550.42 1.67517187828091
6550.81 1.6594221214478595
6551.21 1.6487635893865948
6551.6 1.6598059520739088
6551.99 1.670848938741965
6552.39 1.6821757270107724
6552.78 1.693219977380321
6553.17 1.7042648514744276
6553.57 1.7155935752986453
6553.96 1.7173688993829337
6554.36 1.6916143085733817
6554.75 1.666502123268169
6555.14 1.6413884973659514
6555.54 1.615629436064674
6555.93 1.5905128926289012
6556.33 1.5647508393966278
6556.72 1.559893874981453
6557.11 1.595562774350009
6557.51 1.6321483676007804
6557.9 1.6678213747900195
6558.29 1.7034964094746943
6558.69 1.7400882944927334
6559.08 1.7757674353125033
6559.48 1.8000043093464602
6559.87 1.805560741144325
6560.26 1.8111174820622808
6560.66 1.816817024583591
6561.05 1.8223743915393795
6561.44 1.827932067488382
6561.84 1.8336325688841588
6562.23 1.8485924047956006
6562.63 1.875186730887423
6563.02 1.9011176864762698
6563.41 1.9270501106825493
6563.81 1.9536489942198851
6564.2 1.9795843927079237
6564.59 2.0055212592112235
6564.99 2.0008911482104224
6565.38 1.9688232842200604
6565.78 1.9359312632245644
6566.17 1.9038596865273156
6566.56 1.8717862773504834
6566.96 1.8388885697647812
6567.35 1.8068114494029652
6567.75 1.803009764948637
6568.14 1.8182183280384474
6568.53 1.8334277481954007
6568.93 1.8490280436760003
6569.32 1.864239199587518
6569.71 1.8794512122149227
6570.0 1.8907632640878596
6570.11 1.8950541662746114
6570.5 1.8662354270274233
6570.9 1.8140946164729845
6571.29 1.7632543935766387
6571.68 1.712411275591706
6572.08 1.6602614809358598
6572.47 1.6094124997421462
6572.86 1.5585606246460495
6573.26 1.5543579961988725
6573.65 1.567996200608997
6574.05 1.5819848998911081
6574.44 1.5956246589748433
6574.83 1.6092651853984747
6575.23 1.6232562659061893
6575.62 1.6368983463665259
6576.01 1.6372516357116853
6576.41 1.6340963942667996
6576.8 1.6310198502589106
6577.2 1.627864232226351
6577.59 1.6247873210957795
6577.98 1.6217102287645184
6578.38 1.6185540484260366
6578.77 1.653831641908645
6579.16 1.693494786520503
6579.56 1.7341772621752212
6579.95 1.7738449447801201
6580.35 1.8145320741487203
6580.74 1.8542042935027578
6581.13 1.8938787520593743
6581.53 1.9022077361212921
6581.92 1.9086680659235762
6582.31 1.9151287535554486
6582.71 1.9217554715036924
6583.1 1.9282168838214544
6583.5 1.9348443449353943
6583.89 1.941561181106629
6584.28 1.9579572389903244
6584.68 1.9747746637772403
6585.07 1.9911725841008798
6585.46 2.0075714236687814
6585.86 2.0243917010741836
6586.25 2.040792402319881
6586.65 2.0537489080132696
6587.04 2.0324599073997485
6587.43 2.0111696949216857
6587.83 1.989332320858164
6588.22 1.9680396540796117
6588.62 1.946199763129479
6589.01 1.9249046427224668
6589.4 1.9024929393037184
6589.8 1.8732132293781485
6590.0 1.8585727352806893
6590.19 1.8446638712584567
6590.58 1.8161128931886357
6590.98 1.7868281561991224
6591.37 1.7582738973629048
6591.77 1.7289857959453054
6592.16 1.7022027744357773
6592.55 1.6813334584593986
6592.95 1.6599278011689387
6593.34 1.6390560855923622
6593.73 1.6181831856452178
6594.13 1.5967738529902409
6594.52 1.5758985544236794
6594.92 1.5633428659546516
6595.31 1.5712485685398092
6595.7 1.5791547104155996
6596.1 1.5872640301466328
6596.49 1.5951710616856816
6596.88 1.6030785323358165
6597.28 1.6111892147257743
6597.67 1.6128509618981255
6598.07 1.6031143950235296
6598.46 1.5936206939249697
6598.85 1.584126451446051
6599.25 1.574388204548239
6599.64 1.5648928656510455
6600.04 1.555153494375442
6600.43 1.55029039072819
6600.82 1.5514232515692006
6601.22 1.5525852197328598
6601.61 1.5537181968030462
6602.0 1.5548512312404494
6610.0 1.602997764002015
6630.0 1.6273481720292202
6650.0 1.600130915553062
6670.0 1.6034015117938427
6690.0 1.6096106372953993
6710.0 1.6589606700156985
6730.0 1.7488967541922353
6750.0 1.5197433806707403
6770.0 1.5822654219294736
6790.0 1.592694286639792
6810.0 1.5752111491386773
6830.0 1.5743938036585872
6850.0 1.5463497216320432
6870.0 1.5348245373473666
6890.0 1.564775104560498
6910.0 1.5705544754033043
6930.0 1.5663042866388386
6950.0 1.592900359519132
6970.0 1.5980599171876408
6990.0 1.6068673918417382
7010.0 1.585359623662062
7030.0 1.594853341989387
7050.0 1.621114715012085
7070.0 1.5732677641276596
7090.0 1.5677539353890215
7110.0 1.5768673475629917
7130.0 1.5592673863233486
7150.0 1.5307551753950752
7170.0 1.5045256585064892
7190.0 1.5051544921131377
7210.0 1.537394089592897
7230.0 1.569453975318891
7250.0 1.5927167167852507
7270.0 1.591464328565713
7290.0 1.5757661098899562
7310.0 1.611732768104602
7330.0 1.6226668072962316
7350.0 1.6336333685223048
7370.0 1.6388895392032667
7390.0 1.6339069676923599
7410.0 1.623820168623793
7430.0 1.63636511232453
7450.0 1.6704901648041
7470.0 1.6612838009887938
7490.0 1.667782656811868
7510.0 1.6724466508800535
7530.0 1.6829092271698465
7550.0 1.6883696280880431
7570.0 1.6696638505077794
7590.0 1.6474343349295824
7610.0 1.6354652893469819
7630.0 1.6473437668672706
7650.0 1.6197754735192347
7670.0 1.5848428546947035
7690.0 1.601059302330341
7710.0 1.5867396971736845
7730.0 1.5915603096378195
7750.0 1.5718427611632166
7770.0 1.5895459515146788
7790.0 1.5999569709089023
7810.0 1.6103506080170251
7830.0 1.6380253022629117
7850.0 1.6239422122457903
7870.0 1.6292402242701758
7890.0 1.6104992734633647
7910.0 1.5915610169262282
7930.0 1.5757069605094276
7950.0 1.5711116881941085
7970.0 1.5978268218284717
7990.0 1.6149527690988872
8010.0 1.6076203038958272
8030.0 1.634861478296969
8050.0 1.6595718441988057
8070.0 1.6598462258630267
8090.0 1.6281710713654416
8110.0 1.6160765129993955
8130.0 1.6363295806401947
8150.0 1.626441058202869
8170.0 1.6185904906711288
8190.0 1.5984991664181225
8210.0 1.6311143151406498
8230.0 1.5480556553428886
8250.0 1.632333444005918
8270.0 1.681778517559075
8290.0 1.648643753871037
8310.0 1.6071611610282226
8330.0 1.5906021784753006
8350.0 1.6239103861866457
8370.0 1.640916262810528
8390.0 1.620636255392333
8410.0 1.626801336148616
8430.0 1.6277756280767102
8450.0 1.5566675618307115
8470.0 1.6078722511448242
8490.0 1.5829984038233729
8510.0 1.4475811114106423
8530.0 1.548924377415204
8550.0 1.5364751171503486
8570.0 1.59008332236033
8590.0 1.5999123340007297
8610.0 1.578443195736212
8630.0 1.5909998345144272
8650.0 1.58348580290065
8670.0 1.5299357129346356
8690.0 1.5102598692147466
8710.0 1.5592259706052711
8730.0 1.57506641881038
8750.0 1.559670225682155
8770.0 1.5616182747899414
8790.0 1.5876685303060183
8810.0 1.593405105135616
8830.0 1.6035798400454697
8850.0 1.574851168414984
8870.0 1.5625199453756171
8890.0 1.5219013296860031
8910.0 1.559949847447574
8930.0 1.5754302502519648
8950.0 1.586411162776713
8970.0 1.5620229985092926
8990.0 1.522621046231651
9010.0 1.433947489196662
9030.0 1.4641592906682586
9050.0 1.627178634720018
9070.0 1.5436286417234903
9090.0 1.5680074680625247
9110.0 1.5721130709913698
9130.0 1.6007332756580788
9150.0 1.5641933016767628
9170.0 1.5304036516138895
9190.0 1.558063976316864
9210.0 1.5387847374512449
9230.0 1.4748662983713818
9250.0 1.496140730251108
9270.0 1.5776793742705988
9290.0 1.5544702225705906
9310.0 1.4808087117481248
9330.0 1.5813450813533507
9350.0 1.575154851695737
9370.0 1.563841024447973
9390.0 1.57517743575475
9410.0 1.5547118157856759
9430.0 1.5703804898274663
9450.0 1.5654510495427272
9470.0 1.5696949263781232
9490.0 1.5728366258069977
9510.0 1.558958086788999
9530.0 1.5222473925050468
9550.0 1.5023485143221538
9570.0 1.543332536756588
9590.0 1.55514491136416
9610.0 1.5499567756891055
9630.0 1.5479755019151105
9650.0 1.5401643361920119
9670.0 1.536907632506227
9690.0 1.541478764439876
9710.0 1.5399827869483802
9730.0 1.5302786637106713
9750.0 1.5230745510797123
9770.0 1.5216534680322769
9790.0 1.5124984883361652
9810.0 1.5260616632767199
9830.0 1.5218520646774925
9850.0 1.5219192594073103
9870.0 1.5166927612022045
9890.0 1.508663372002471
9910.0 1.5044661850311287
9930.0 1.5055941819081602
9950.0 1.5063316671040508
9970.0 1.504422560760013
9990.0 1.499576052402693
10025.0 1.4736000580402255
10075.0 1.4592675239498087
10125.0 1.472518268036223
10175.0 1.4654719114305625
10225.0 1.460342013924655
10275.0 1.4586686449632067
10325.0 1.4456458239802128
10375.0 1.4369788014348273
10425.0 1.4282630925337847
10475.0 1.4194992875144012
10525.0 1.4097126868241565
10575.0 1.399519903358319
10625.0 1.3892770164159853
10675.0 1.3789846243300727
10725.0 1.368043052795668
10775.0 1.3558857464440726
10825.0 1.3436759144085126
10875.0 1.3314141746912211
10925.0 1.321749859917942
10975.0 1.3167814568787306
11025.0 1.311782138348091
11075.0 1.306752262113005
11125.0 1.3002590903196405
11175.0 1.2904348049624996
11225.0 1.2805691462433055
11275.0 1.2706625865010204
11325.0 1.2653408738134706
11375.0 1.2620458489972857
11425.0 1.2587274431157438
11475.0 1.2553859187804404
11525.0 1.2495277657191994
11575.0 1.2410898987860035
11625.0 1.232617896994853
11675.0 1.2241121388172642
11725.0 1.2168196994069467
11775.0 1.2098973019705208
11825.0 1.2029459649161758
11875.0 1.1959660044941722
11925.0 1.188931041534199
11975.0 1.1818298490712282
12025.0 1.1747008134375236
12075.0 1.1675442346767095
12125.0 1.1616453071056412
12175.0 1.1568038394229505
12225.0 1.1519406989579002
12275.0 1.1470561159259496
12325.0 1.1418848420355234
12375.0 1.136523263359846
12425.0 1.131140026512808
12475.0 1.1257353584648138
12525.0 1.1200844082403723
12575.0 1.1142718126669902
12625.0 1.108437725456642
12675.0 1.1025823688395264
12725.0 1.0968636807949868
12775.0 1.0912505339432315
12825.0 1.0856173105498088
12875.0 1.0799642154545666
12925.0 1.07515203969402
12975.0 1.071464790930053
13025.0 1.0677619939144198
13075.0 1.0640438051288124
13125.0 1.0597039106774027
13175.0 1.0533892521113537
13225.0 1.0470550304332877
13275.0 1.0407014401135701
13325.0 1.0366777874742414
13375.0 1.0342867247630283
13425.0 1.031883853458096
13475.0 1.0294692893172144
13525.0 1.0264299100487784
13575.0 1.0216964811196263
13625.0 1.0169477973279866
13675.0 1.0121840064415928
13725.0 1.0072008356905575
13775.0 1.0020043626406145
13825.0 0.996792550414935
13875.0 0.9915655457604328
13925.0 0.9867116398925883
13975.0 0.9820128086040315
14025.0 0.977300107385707
14075.0 0.972573667279293
14125.0 0.968120019893046
14175.0 0.9649381345673675
14225.0 0.9617453438365102
14275.0 0.9585417494375493
14325.0 0.9560534594023892
14375.0 0.955678375413948
14425.0 0.9552971044008123
14475.0 0.9549097033021573
14525.0 0.9533496068704304
14570.0 0.9491409746450973
14620.0 0.9444530540045255
14675.0 0.9392822911965968
14725.0 0.9356900847663484
14775.0 0.935731755877404
14825.0 0.9357684367775687
14875.0 0.9358001722944534
14925.0 0.9350637893892689
14975.0 0.9341628207262658
15025.0 0.933255751654991
15075.0 0.9323426363834878
15125.0 0.9331991792416956
15175.0 0.9348625171244112
15225.0 0.9365234827989445
15275.0 0.9381820970146015
15325.0 0.9385964687169478
15375.0 0.9377040561804021
15425.0 0.9368059816286682
15475.0 0.93590229422937
15525.0 0.9343832033539827
15575.0 0.9308308915694485
15625.0 0.9272697048208789
15675.0 0.9236997193889724
15725.0 0.9191034241580456
15775.0 0.9139209466783773
15825.0 0.9087278888529468
15875.0 0.9035243406345786
15925.0 0.900036586725609
15975.0 0.9011542970203102
16050.0 0.902826290768063
16150.0 0.9026214675844252
16250.0 0.9003631175211128
16350.0 0.8942077676635669
16450.0 0.8861962955867899
16550.0 0.878417005408042
16650.0 0.8709801346884837
16750.0 0.8616131281469622
16850.0 0.8503350594341038
16950.0 0.8403944318795247
17050.0 0.8314600152376993
17150.0 0.81811204215166
17250.0 0.8019592006937886
17350.0 0.7913966004466063
17450.0 0.7840495721998594
17550.0 0.7740960380718015
17650.0 0.7626142969878236
17750.0 0.7519288663658792
17850.0 0.7417476784940967
17950.0 0.730008853091336
18050.0 0.7170352743791495
18150.0 0.7073196264562799
18250.0 0.7010379645135427
18350.0 0.6930659335593508
18450.0 0.6824755966458463
18550.0 0.6711966943669336
18650.0 0.6596028059238738
18750.0 0.65095197037576
18850.0 0.6446391355080446
18950.0 0.6380667087549723
19050.0 0.6311020371141737
19150.0 0.6227491377310659
19250.0 0.6136149467649118
19350.0 0.6029862532949936
19450.0 0.5904033972160654
19550.0 0.5824368750531105
19650.0 0.5769926106528095
19750.0 0.5707734632225437
19850.0 0.5633502614593179
19950.0 0.5572339833349252
20050.0 0.5521169727423838
20150.0 0.5455655735523504
20250.0 0.5384616955452315
20350.0 0.5325377567795142
20450.0 0.5283872895453204
20550.0 0.5226578771305993
20650.0 0.5154761751146899
20750.0 0.509198312894595
20850.0 0.5034586233336058
20950.0 0.4990264563401781
21050.0 0.4951212799004555
21150.0 0.49060925003793393
21250.0 0.4846447814063737
21350.0 0.4791133710183428
21450.0 0.4744388572396842
21550.0 0.46864428759533916
21650.0 0.4609188699496759
21750.0 0.45483863814282655
21850.0 0.4515029412902079
21950.0 0.44746134961107287
22050.0 0.4422059380729193
22150.0 0.4368405007927365
22250.0 0.4312697609837675
22350.0 0.42556050683471824
22450.0 0.41953021876105956
22550.0 0.41478156595356797
22650.0 0.41046535753074065
22750.0 0.3973295898570081
22850.0 0.3797537319199192
22950.0 0.3704447761750774
23050.0 0.36744964963307797
23150.0 0.35704053371760197
23250.0 0.33751686308067
23350.0 0.32077083157478414
23450.0 0.310209577096284
23550.0 0.3068032733977526
23650.0 0.30654520284600717
23750.0 0.3003255842253435
23850.0 0.2886393286299098
23950.0 0.27905549121829193
24050.0 0.2737734581652402
24150.0 0.27051582882512754
24250.0 0.2682486346451919
24350.0 0.2623100228764772
24450.0 0.25175175314407783
24550.0 0.24760527005434402
24650.0 0.24550311795205415
24750.0 0.2360401062998784
24850.0 0.21902013071185525
24950.0 0.21353399248743754
25050.0 0.21127288220646287
25150.0 0.20965531462222092
25250.0 0.2087353630280489
25350.0 0.19838394377701427
25450.0 0.19399391137015595
25550.0 0.1934609172336871
25650.0 0.19154151689480128
25750.0 0.1956243969472082
25850.0 0.20823631665234335
25950.0 0.2161168848610128
26050.0 0.21588139292932979
26150.0 0.2117232503834455
26250.0 0.2083716794404453
26350.0 0.20553150534589132
26450.0 0.2007455581405472
26550.0 0.19481340278714784
26650.0 0.1913324338041296
26750.0 0.190729636632906
26850.0 0.18933873019451228
26950.0 0.18754901781460392
27050.0 0.1891325495293231
27150.0 0.18471758733240198
27250.0 0.1816849886370313
27350.0 0.1783536074771492
27450.0 0.18232458900542847
27550.0 0.17567720879892315
27650.0 0.17255725551114787
27750.0 0.16517645483839014
27850.0 0.16826768894227453
27950.0 0.15978068588197078
28050.0 0.15471745255569516
28150.0 0.1461080604107952
28250.0 0.14614932622363108
28350.0 0.15094692694967415
28450.0 0.15616815479863752
28550.0 0.15374848158185536
28650.0 0.15163747798448915
28750.0 0.14662912095413724
28850.0 0.14547875977789737
28950.0 0.14482697843495973
29050.0 0.14155627876415322
29150.0 0.13655225085614842
29250.0 0.13417552356127843
29350.0 0.13357499198217154
29450.0 0.12951178289476015
29550.0 0.12971910277912224
29650.0 0.12484746552807734
29750.0 0.12549150634436707
29850.0 0.121434553378845
29950.0 0.12075894876887867
30050.0 0.11691388308985157
30150.0 0.11531796910042817
30250.0 0.11278710500831139
30350.0 0.11732191709738336
30450.0 0.11469937979801254
30550.0 0.11451602756222412
30650.0 0.10942499122734789
30750.0 0.11216279914677112
30850.0 0.11435102714171555
30950.0 0.11186169157994628
31050.0 0.1073551742845746
31150.0 0.11102771977596247
31250.0 0.11143259154852518
31350.0 0.10991061902387599
31450.0 0.10959852418234795
31550.0 0.11308021020396126
31650.0 0.1142338314152156
31750.0 0.11260603607487253
31850.0 0.11284075993610192
31950.0 0.1175733132607985
32100.0 0.13368887101658017
32300.0 0.147401814547133
32500.0 0.16497789519078368
32700.0 0.1875143050665672
32900.0 0.2000709874529746
33100.0 0.1691497852134961
33300.0 0.14174602196788819
33500.0 0.1254698703826198
33700.0 0.12387112003970004
33900.0 0.1161019460206155
34100.0 0.11444123751037687
34300.0 0.11586944896237557
34500.0 0.12051699363001374
34700.0 0.11536161188830002
34900.0 0.11803867682440457
35100.0 0.11379336924492292
35300.0 0.11218047795762921
35500.0 0.10653831962198294
35700.0 0.10033624386102018
35900.0 0.09587723272758947
36100.0 0.09060545213842486
36300.0 0.09481976075816097
36500.0 0.09707474408451462
36700.0 0.093480195831716
36900.0 0.09097742249108857
37100.0 0.09045707872221917
37300.0 0.09252698124946712
37500.0 0.09493737688979875
37700.0 0.09125997129612047
37900.0 0.09119761875707975
38100.0 0.08882394355432666
38300.0 0.08617401578957193
38500.0 0.08403051338377258
38700.0 0.08310435917079559
38900.0 0.08028578871845952
39100.0 0.08123519143102441
39300.0 0.0807909856726077
39500.0 0.08577159428482431
39700.0 0.08274306490877184
39900.0 0.07971632373500884
40100.0 0.08261702200743717
40300.0 0.09377524729170222
40500.0 0.09433717332465726
40700.0 0.07917102980987901
40900.0 0.07081806191260802
41100.0 0.06999993320529052
41300.0 0.06920455323801517
41500.0 0.06650670742284782
41700.0 0.0654930474886561
41900.0 0.06437107116108255
42100.0 0.062414621750866234
42300.0 0.056221521016971004
42500.0 0.052101495821629
42700.0 0.05146265710257625
42900.0 0.055699092034550444
43100.0 0.05710386016681482
43300.0 0.06220956283720383
43500.0 0.0607714048073847
43700.0 0.05724492707052025
43900.0 0.0557243657155119
44100.0 0.05407623154432775
44300.0 0.052067599514585165
44500.0 0.05039509113956613
44700.0 0.05021099968614796
44900.0 0.04906660775582342
45100.0 0.04524849562493436
45300.0 0.04502200941861861
45500.0 0.04506935319338026
45700.0 0.04433987756694838
45900.0 0.04198619204764522
46100.0 0.04228442263253523
46300.0 0.047351567896673635
46500.0 0.0470731237913195
46700.0 0.04622447044834477
46900.0 0.045159478614615195
47100.0 0.04559238029465002
47300.0 0.043879054864934916
47500.0 0.04579506568856101
47700.0 0.04456193802492961
47900.0 0.043635354289442506
48100.0 0.0441547160551944
48300.0 0.04407803391446245
48500.0 0.041400164457630645
48700.0 0.04076539049465545
48900.0 0.039790178668766475
49100.0 0.03716700160738476
49300.0 0.03436762498379472
49500.0 0.035268614359486854
49700.0 0.03616960373517898
49900.0 0.03706997215250852
50100.0 0.037970041521737066
50300.0 0.03887013720384425
50500.0 0.03977034750975533
50700.0 0.04067055781566642
50900.0 0.04157156854919308
51100.0 0.04247296722659191
51300.0 0.04337420887627856
51500.0 0.044274446964525954
51700.0 0.04517468505277335
51900.0 0.04607548956245121
52100.0 0.04697671850424616
52300.0 0.04787794744604112
52500.0 0.048777874118436725
52700.0 0.04967777746027306
52900.0 0.050578062923773204
53100.0 0.05173863824395838
53300.0 0.05224941521199103
53500.0 0.04953989141900171
53700.0 0.04573893246236157
53900.0 0.04170518393248848
54100.0 0.04043181440349494
54300.0 0.039886259310279344
54500.0 0.03994692681321658
54700.0 0.04176808214948813
54900.0 0.04289437383368682
55100.0 0.043327467539768925
55300.0 0.04384788438878055
55500.0 0.04434094891833359
55700.0 0.04479255090245339
55900.0 0.0480377440133882
56100.0 0.05125250536550363
56300.0 0.053756675384004055
56500.0 0.05861787845441913
56700.0 0.06322722077806318
56900.0 0.06574249576338616
57100.0 0.06608441917251685
57300.0 0.06517665411677899
57500.0 0.0623633958550491
57700.0 0.05957226860407256
57900.0 0.057063336187688975
58100.0 0.05645258287369547
58300.0 0.05799949536596009
58500.0 0.06100525036154193
58700.0 0.06291530465503227
58900.0 0.06393234582505888
59100.0 0.06409891491069347
59300.0 0.06550831903518313
59500.0 0.0679701422060747
59700.0 0.07174583092576482
59900.0 0.08023935455523812
60100.0 0.0873250077596593
60300.0 0.0909989009501422
60500.0 0.0934339014617945
60700.0 0.09716492387753137
60900.0 0.10477528032341389
61100.0 0.12178585603569433
61300.0 0.14546132816217233
61500.0 0.18224097827868324
61700.0 0.21877778729036437
61900.0 0.2510695019381184
62100.0 0.25724941597490525
62300.0 0.2495236372525691
62500.0 0.23206748031881574
62700.0 0.20820183188261493
62900.0 0.18675846647411926
63100.0 0.16751726062612973
63300.0 0.1527103730840132
63500.0 0.13842844097594986
63700.0 0.12471565777782037
63900.0 0.11637201943074522
64200.0 0.10237918708032694
64600.0 0.09182388995334974
65000.0 0.08726824802799073
65400.0 0.08482081219973525
65800.0 0.08669873131039989
66200.0 0.08774037268035532
66600.0 0.0889549603644861
67000.0 0.08934361730868409
67400.0 0.08870968801614078
67800.0 0.08688442667803653
68200.0 0.08854666617777084
68600.0 0.09053456470952873
69000.0 0.09804989728613049
69400.0 0.10813909519681553
69800.0 0.1284605962891304
70200.0 0.11634248706706023
70600.0 0.1073349289546845
71000.0 0.11656113323418844
71400.0 0.11885615510256124
71800.0 0.12313372198408992
72200.0 0.127798236656257
72600.0 0.13665290315193646
73000.0 0.14639582372022444
73400.0 0.1584674236764839
73800.0 0.17353728035336943
74200.0 0.19338522799602245
74600.0 0.21066260236829376
75000.0 0.2395303938817832
75400.0 0.2587822901431328
75800.0 0.26881949979220954
76200.0 0.2711439867836719
76600.0 0.26695653478417924
77000.0 0.26093453411148104
77400.0 0.25649739443460845
77800.0 0.25438796779878114
78200.0 0.2470202187365128
78600.0 0.2353879938133926
79000.0 0.2167870560507426
79400.0 0.19694514892097972
79800.0 0.1773312400670189
80200.0 0.1593204243111136
80600.0 0.14379760625331345
81000.0 0.13024549146490735
81400.0 0.12133846843695323
81800.0 0.11500736045266517
82200.0 0.11047105624469004
82600.0 0.10888806270099124
83000.0 0.10684979632239484
83400.0 0.10445998090578716
83800.0 0.10379685992307087
84200.0 0.10431565789867857
84600.0 0.10616645578935163
85000.0 0.10838470049294692
85400.0 0.1096136987439332
85800.0 0.10924427800727189
86200.0 0.10376704529207689
86600.0 0.09569002822865195
87000.0 0.0838186928560416
87400.0 0.0714995308484098
87800.0 0.05986001917189777
88200.0 0.05100855468951192
88600.0 0.044296421059465095
89000.0 0.038794467454384446
89400.0 0.03464587258167813
89800.0 0.0311300387590244
90200.0 0.02807487581532909
90600.0 0.02570286375567023
91000.0 0.02411009553607728
91400.0 0.023227535074957926
91800.0 0.022906868017396855
92200.0 0.022137024135750534
92600.0 0.02078734547435853
93000.0 0.020156830040611525
93400.0 0.01958723789480059
93800.0 0.018985995889580103
94200.0 0.01831340255490074
94600.0 0.017694783143261703
95000.0 0.01725573372215837
95400.0 0.01751492423782821
95800.0 0.018315383186733536
96200.0 0.020307147408636008
96600.0 0.020533535811520825
97000.0 0.019687766281755163
97400.0 0.017689015386049285
97800.0 0.016299665725402597
98200.0 0.015362179874593864
98600.0 0.01452341009200442
99000.0 0.014102532307755376
99400.0 0.014108074068433752
99800.0 0.014156980121541362
100200.0 0.014245403922573641
100400.00000000009 0.014316153733900964
100748.43066198383 0.014392493508140617
101098.07052641988 0.01434825907079394
101448.92378975474 0.01425725415496835
101800.9946629978 0.01412246617995241
102154.28737177301 0.014114744441429425
102508.80615636887 0.014155132512313047
102864.55527178946 0.014543993622833254
103221.53898780573 0.015013315320234885
103579.76158900595 0.015672892679461554
103939.22737484834 0.016254043591619634
104299.94065971187 0.016777701624149412
104661.9057729482 0.017785213499893975
105025.12705893395 0.018940645836369518
105389.60887712192 0.02044989335305629
105755.35560209466 0.021422515356862428
106122.37162361621 0.021802687960796735
106490.66134668495 0.022054010019946953
106860.22919158668 0.022270482823557827
107231.07959394684 0.022470486346448076
107603.217004785 0.02240961391540314
107976.64589056744 0.022048500137204746
108351.370733261 0.0223637368971065
108727.39603038708 0.0231842932936649
109104.72629507471 0.025680512909346725
109483.36605611602 0.028787194561436726
109863.31985801981 0.03241580524246236
110244.59226106624 0.03570790447051431
110627.1878413618 0.04112471302975255
111011.11119089334 0.05148440715819019
111396.36691758451 0.070641181284678
111782.95964535022 0.09289997024122013
112170.89401415233 0.1086547102034053
112560.17468005554 0.11331367494934633
112950.80631528242 0.10746609093382055
113342.79360827077 0.09478203348513675
113736.1412637291 0.08262455351799027
114130.85400269323 0.07222695988618291
114526.93656258319 0.06436780021990689
114924.39369725919 0.05770332028906601
115323.23017708007 0.052791025615701155
115723.45078895958 0.049090310640368416
116125.06033642414 0.04602760633056453
116528.06363967061 0.04363420187480171
116932.46553562334 0.04230842005312938
117338.27087799355 0.04173260938779213
117745.48453733666 0.04225540707056112
118154.11140111096 0.043421905652251784
118564.15637373661 0.04510086479376865
118975.62437665339 0.04759774642664622
119388.52034838134 0.04957188851010066
119802.84924457902 0.05100466534478769
120218.61603810318 0.050910598867216265
120635.82571906883 0.05014206743269437
121054.48329490799 0.04914754636987517
121474.59379043133 0.0490156370323777
121896.16224788758 0.050355550816049914
122319.19372702412 0.05263849086306387
122743.69330514787 0.055869118437817784
123169.6660771864 0.05752612819306587
123597.11715574806 0.05884831962190254
124026.0516711849 0.06036765230087459
124456.47477165324 0.06312319028512443
124888.39162317566 0.066290327116232
125321.80740970328 0.06977825343093465
125756.72733317701 0.073461338323513
126193.15661359143 0.07723142542930252
126631.1004890565 0.08182622051843133
127070.56421586059 0.08912228140909069
127511.55306853396 0.1056843362095459
127954.0723399109 0.11279028269518412
128398.12734119488 0.10356293399084514
128843.72340202122 0.07542678040008902
129290.86587052139 0.05728704380114849
129739.56011338736 0.047340121636362205
130189.81151593504 0.044892760507434334
130641.62548217046 0.04420491440010176
131095.00743485359 0.04348368526819614
131549.96281556363 0.042656525012496324
132006.49708476473 0.042125310450345836
132464.61572187033 0.04179303837330144
132924.3242253105 0.04163823534133707
133385.628112597 0.041534263134782895
133848.53292038973 0.040946389669134414
134313.04420456337 0.04059625289308416
134779.167540273 0.040416188015307095
135246.90852202274 0.04035015696341422
135716.27276373174 0.040259116835544846
136187.2658988018 0.03941034676535325
136659.8935801853 0.038127037861441296
137134.16148045196 0.036730842653019395
137610.07529185852 0.035722200667071075
138087.64072641605 0.03541554486371705
138566.86351595866 0.03527319906725955
139047.7494122127 0.03524227977510869
139530.30418686455 0.035329170024769915
140014.53363163173 0.03579430719879931
140500.44355833106 0.03547631088755724
140988.03979894897 0.03537719186351209
141477.32820571162 0.035489945675709955
141968.3146511539 0.035453782380022086
142461.00502819192 0.0350874574488124
142955.40525019236 0.03377729457698532
143451.52125104374 0.03210367972641234
143949.35898522806 0.030663145683639752
144448.924427891 0.029917026758896483
144950.2235749154 0.029104954054110604
145453.2624429921 0.02884751945159655
145958.04706969234 0.02928316260620818
146464.58351354074 0.028708866810870017
146972.87785408652 0.027569306618343312
147482.9361919785 0.027317070711787475
147994.76464903704 0.027183233899889973
148508.36936832778 0.02655586258181438
149023.7565142358 0.02569999380287675
149540.9322725382 0.024313099396519357
150059.90285048028 0.023505317972026003
150580.6744768489 0.023190678590995346
151103.25340204738 0.023567557639803175
151627.64589817091 0.024094329184164272
152153.85825908065 0.02405829448898523
152681.89680048096 0.023472723792881678
153211.76785999417 0.021754039439260176
153743.47779723676 0.021323704104607714
154277.0329938962 0.021720326034870747
154812.43985380605 0.02524936193968445
155349.70480302497 0.028255018279894333
155888.8342899124 0.027907568899404867
156429.8347852063 0.02653366519373631
156972.71278210124 0.024202893218057082
157517.47479632485 0.0228355411106212
158064.1273662182 0.022095282276181506
158612.67705281274 0.02348464832605598
159163.1304399096 0.023860955395788645
159715.49413415877 0.0232819367479236
160269.77476513712 0.022952209617430018
160825.97898542997 0.022783024658263203
161384.11347070962 0.02303050206250746
161944.18491981577 0.02362946823091408
162506.2000548363 0.024466420743802147
163070.1656211866 0.02726923196549792
163636.0883876925 0.029954847820978268
164203.97514667013 0.03235057360865771
164773.83271400793 0.034834641757318464
165345.66792924836 0.03613187111036789
165919.48765567035 0.031419408373442044
166495.29878037024 0.029563877882643263
167073.10821434658 0.02975224123662927
167652.9228925817 0.029755867694332527
168234.74977412526 0.029827522297976132
168818.59584217807 0.029986354324367998
169404.46810417465 0.033852273824223796
169992.37359186928 0.037439152747196905
170582.3193614191 0.039402138440977605
171174.31249346913 0.0358327163980761
171768.3600932375 0.031834784411185583
172364.46929059955 0.031094694443258873
172962.64724017525 0.03213427900961
173562.90112141386 0.03277213037622901
174165.23813868032 0.029235943631048922
174769.6655213422 0.026548738301080337
175376.19052385495 0.024554125210318738
175984.8204258511 0.023911183541029838
176595.5625322263 0.02328253965344246
177208.42417322725 0.02270145639586435
177823.4127045401 0.02227781615504181
178440.53550737724 0.021647630300593492
179059.79998856818 0.020955595526534438
179681.21358064678 0.020306325413806777
180304.7837419411 0.019591133099746277
180930.51795666298 0.01906534190607672
181558.42373499667 0.018947133159116687
182188.508613191 0.018966919593866947
182820.7801536484 0.01881384882640669
183455.24594501613 0.01842346131065558
184091.9136022776 0.018117042922729858
184730.79076684228 0.01836984389427054
185371.88510663982 0.019179386980038578
186015.20431621035 0.02078926605179023
186660.7561167974 0.02397367218965135
187308.54825644082 0.02536495781573743
187958.58851006837 0.02218135864114161
188610.8846795912 0.0207131627948713
189265.44459399607 0.02102538446693175
189922.27610943964 0.022237686107119584
190581.38710934314 0.020745181261131753
191242.78550448545 0.02028097404555821
191906.4792331004 0.020069939267507022
192572.47626097052 0.01981684313838098
193240.7845815229 0.020196336018791783
193911.41221592567 0.020279553377901532
194584.36721318262 0.0203845878503265
195259.65765023217 0.020843272108769864
195937.29163204285 0.020712963659874923
196617.27729171072 0.02098239667972709
197299.62279055765 0.021426282731230657
197984.33631822755 0.021695869177370403
198671.42609278703 0.02224665426399169
199360.90036082253 0.022381204047110165
200052.7673975396 0.02240878628136671
200747.03550686277 0.022715804773432262
201443.7130215334 0.02291232250697802
202142.80830321225 0.023220516644152967
202844.3297425782 0.02345812436073474
203548.28575942936 0.023523739907262187
204254.6848027845 0.024078217809691337
204963.53535098286 0.025505188547845583
205674.84591178835 0.02693711148080985
206388.62502249 0.026802065877564344
207104.88125000495 0.026503003485836715
207823.62319098154 0.026145617431523743
208544.8594719008 0.025722591802395427
209268.59874918268 0.025386481583186883
209994.84970928813 0.026556898443221014
210723.62106882382 0.02773137714709319
211454.9215746472 0.028008113935557348
212188.76000396966 0.02781752983798084
212925.1451644646 0.027592243513076632
213664.08589437135 0.027278596237957864
214405.5910626017 0.026963860473519383
215149.66956884676 0.027626228195644618
215896.33034368197 0.0283761141956078
216645.5823486771 0.03019310304551637
217397.43457650184 0.03279601461374059
218151.8960510343 0.03417429145926537
218908.9758274697 0.03190701720397048
219668.68299242735 0.029631874543600462
220431.02666406232 0.029160585906843523
221196.01599217302 0.028792427416860996
221963.66015831166 0.029218663557722103
222733.96837589474 0.030066072171525095
223506.94989031187 0.03079113532110393
224282.61397903945 0.03131520138558327
225060.96995175022 0.031707030407843236
225842.02715042542 0.031155526895088236
226625.79494946744 0.030602109430798687
227412.28275581042 0.030319975936377426
228201.50000903595 0.03007287043478399
228993.45618148448 0.030489678599134342
229788.16077836952 0.03125251814828375
230585.62333789226 0.031879222209993036
231385.85343135396 0.03233828968777901
232188.8606632739 0.032768447379752506
232994.65467150253 0.03311168577907877
233803.24512733784 0.033399136138003056
234614.64173564175 0.033020848777076756
235428.8542349548 0.03264124859826634
236245.89239761574 0.03302715538087858
237065.76602987712 0.033484757503970994
237888.48497202326 0.03438642140839448
238714.05909848903 0.03542506166663887
239542.4983179762 0.036224470995263304
240373.81257357553 0.03688680590961345
241208.01184288395 0.03712869725061885
242045.10613812497 0.036974565973939194
242885.10550626923 0.03695070124070284
243728.0200291531 0.03711399119482321
244573.85982360275 0.03752063243866706
245422.63504155353 0.038442277135616904
246274.3558701723 0.03945658234861688
247129.0325319802 0.0407506951301989
247986.67528497343 0.041853049665031374
248847.29442274923 0.04207636834884672
249710.90027462755 0.04229933226721045
250577.5032057754 0.04251568857244193
251447.1136173319 0.04271497830241171
252319.741946531 0.042748694382576315
253195.39866682977 0.04284386456260275
254074.09428803218 0.04370624632266479
254955.83935641564 0.04462170328736492
255840.64445485763 0.04627080064972733
256728.52020296326 0.0477996109966048
257619.47725719062 0.0475833908005046
258513.52631098175 0.047418260032945594
259410.67809488898 0.047827531440077925
260310.94337670426 0.04807784510180908
261214.33296158884 0.04704088227333752
262120.8576922009 0.04618918697920566
263030.5284488288 0.046396445388425835
263943.3561495196 0.04668560806484411
264859.35175021074 0.04729372012975359
265778.5262448618 0.047842955244898934
266700.8906655845 0.048227308805084405
267626.45608277834 0.048638477126493336
268555.23360526125 0.04909967137663922
269487.23438040353 0.04936350232100929
270422.46959426196 0.04936649680392791
271360.9504717122 0.049319955783547885
272302.6882765867 0.04922954805553094
273247.69431180746 0.04915149332012182
274195.97991952254 0.049080225610759864
275147.55648124265 0.04970200897837703
276102.4354179754 0.05053985024464653
277060.6281903659 0.05162754360411116
278022.1462988321 0.05281582660861233
278987.001283703 0.055582162204901184
279955.20472535834 0.0574898463920048
280926.7682443648 0.05585295169448711
281901.7035016192 0.05471532884246211
282880.0221984859 0.0544641503172512
283861.73607693805 0.054137132788919004
284846.856919699 0.053744631938720984
285835.39655038144 0.05395293484831064
286827.3668336328 0.05439059708108286
287822.7796752752 0.055115927361525305
288821.64702244906 0.055939225715334426
289823.9808637571 0.05724687501490304
290829.79322940577 0.05745139594270684
291839.0961913531 0.05556076774998071
292851.90186345164 0.05583057506690976
293868.22240159387 0.05771697532683889
294888.0700038592 0.05773062221746768
295911.45691065746 0.057381480728104714
296938.39540488017 0.05833511242116664
297968.8978120446 0.058882567760525216
299002.9765004432 0.058531494066907205
300040.643881292 0.0595055734491532
301081.9124088775 0.06145048265988965
302126.7945807098 0.06133392635696717
303175.3029376698 0.06097987507091956
304227.45006416074 0.06136147004442498
305283.2485882598 0.061620846374311436
306342.71118186694 0.061718112737187865
307405.8505608609 0.06216402174958006
308472.6794852493 0.06267748566811428
309543.21075932245 0.061929420280909926
310617.4572318076 0.06132068713132755
311695.4317960206 0.060956179816568194
312777.1473900245 0.06182365070393209
313862.6169967824 0.06322839232424693
314951.8536443137 0.06440948980731664
316044.87040585116 0.0648612527961154
317141.68039999536 0.0641121615984123
318242.2967908759 0.06425014820633117
319346.7327883069 0.06487546406224043
320455.0016479461 0.0670266624023526
321567.116671454 0.06680947427838786
322683.09120665427 0.0638940663657178
323802.93864769104 0.06542426592404806
324926.672435194 0.06698550115176469
326054.30605643673 0.06605439842777007
327185.8530454994 0.06614298615596924
328321.326983432 0.06681478788037473
329460.74149841425 0.06712266959825142
330604.11026592366 0.06698040317336093
331751.4470088968 0.06627967341342436
332902.76549789455 0.07412208657045745
334058.07955126825 0.07821841543838125
335217.40303532267 0.07008980184210281
336380.74986448674 0.07028407550113827
337548.13400147745 0.07271341804236209
338719.56945746863 0.07087291675589305
339895.07029225933 0.06850782822341996
341074.65061444003 0.0661320871735833
342258.32458156615 0.06748762148787574
343446.10640032514 0.06972513105658713
344638.0103267076 0.07276609825899413
345834.0506661794 0.07964417534101756
347034.2417738501 0.0
348238.5980546498 0.0
349447.1339634991 0.0
350659.8640054834 0.0
351876.8027360276 0.0
353097.96476106776 0.0
354323.3647372312 0.0
355553.01737200917 0.0
356786.93742393394 0.0
358025.13970275706 0.0
359267.6390696242 0.0
360514.4504372573 0.0
361765.5887701314 0.0
363021.06908465445 0.0
364280.90644934855 0.0
365545.1159850277 0.0
366813.7128649837 0.0
368086.7123151656 0.0
369364.1296143627 0.0
370645.98009438923 0.0
371932.2791402647 0.0
373223.04219040385 0.0
374518.28473679814 0.0
375818.0223252031 0.0
377122.2705553253 0.0
378431.04508100665 0.0
379744.36161041673 0.0
381062.23590623855 0.0
382384.6837858583 0.0
383711.7211215558 0.0
385043.36384069227 0.0
386379.62792590604 0.0
387720.529415301 0.0
389066.08440264023 0.0
390416.3090375398 0.0
391771.21952565934 0.0
393130.8321289014 0.0
394495.16316560353 0.0
395864.22901073477 0.0
397238.0460960931 0.0
398616.63091049937 0.0
400000.0000000001 0.0
