91.0 0.0
94.0 0.0
96.0 0.0
98.0 0.0
100.0 0.0
102.0 0.0
104.0 1.1089005358621889e-08
106.0 1.4801822478378864e-08
108.0 1.9301598575040057e-08
110.0 2.8798481464489534e-08
114.0 4.6736825301561084e-08
118.0 6.968941573602374e-08
121.0 2.713681606404464e-07
125.0 3.741327128869856e-07
127.0 4.2389310842808433e-07
128.0 4.633290621083432e-07
131.0 5.565985673179306e-07
132.0 6.49794163692956e-07
134.0 7.372649508175859e-07
137.0 9.796523783459403e-07
140.0 1.203126494425756e-06
143.0 3.644851371828913e-06
147.0 9.532819013256821e-06
151.0 1.0905761631281358e-05
155.0 1.266005820897653e-05
159.0 1.4481789436463537e-05
162.0 1.6025843105532173e-05
166.0 1.8695605043170228e-05
170.0 2.09306523578293e-05
173.0 2.317682847270437e-05
177.0 2.592616242940656e-05
180.0 2.8291277597276326e-05
182.0 2.9899197572296735e-05
186.0 3.3062124460360586e-05
191.0 3.768464790264937e-05
194.0 4.079257474239901e-05
198.0 4.46720706606685e-05
202.0 4.9534484383518976e-05
205.0 5.272354382375583e-05
210.0 5.650244917423783e-05
216.0 6.62167855636203e-05
220.0 7.214649201489119e-05
223.0 7.631351069682661e-05
227.0 8.391815005047175e-05
230.0 0.0001286062384090612
234.0 0.00023111528603428832
240.0 0.00029386779925038344
246.0 0.00029214431345867773
252.0 0.0003218863065455425
257.0 0.00028425938390872147
260.0 0.0003318518384974918
264.0 0.0003552153824546663
269.0 0.0003663927282272526
274.0 0.00037628375656493954
279.0 0.0003862800032674617
284.0 0.0003974419513983039
290.0 0.00039115035658380523
296.0 0.00041026575313015914
301.0 0.0004161606131980303
308.0 0.00043303540605590604
318.0 0.000460647444562676
328.0 0.0004788113182067516
338.0 0.0004923453429866545
348.0 0.0005026475786618624
357.0 0.0005138659852402097
366.0 0.0005263949318324795
375.0 0.0005345209803935322
385.0 0.0005279532752953959
395.0 0.0005507514446385697
405.0 0.0005614146417981076
414.0 0.0005648558657023275
422.0 0.0005661835415954026
430.0 0.0005691418500756482
441.0 0.0005764133486994001
451.0 0.0005763691658441445
460.0 0.0005773883142764039
470.0 0.0005800495517789032
480.0 0.0005837681363530942
490.0 0.0005790299304714792
500.0 0.0005857352831489579
506.0 0.0005843670779464047
512.0 0.0006078524213367378
520.0 0.0006107692402353293
530.0 0.0006075168334600199
540.0 0.0005995614405625853
550.0 0.0006049246120123569
560.0 0.000621610725718208
570.0 0.0006345475661542749
580.0 0.000628243100274377
590.0 0.0006436197449216001
600.0 0.0006329870812677676
610.0 0.000595509007310319
620.0 0.0006683407652791608
630.0 0.0006778925689268364
640.0 0.0006891315928637577
650.0 0.0007034077561473837
658.0 0.000708061427286016
665.0 0.0007307155810944969
675.0 0.0007415033941096338
685.0 0.0007284956321929275
695.0 0.0007957676527627017
705.0 0.0007726915554082685
716.0 0.0008509254607355205
726.0 0.0008750535200795175
735.0 0.00090260351696394
745.0 0.0009420913503813465
755.0 0.0009739669639736826
765.0 0.0009557102137785482
775.0 0.0010647864448588569
785.0 0.0010889163747821089
795.0 0.0011545712834898825
805.0 0.001207750132641971
815.0 0.00126005620149941
825.0 0.00133595961275416
835.0 0.0011934601832466031
845.0 0.001430056119980612
855.0 0.0014795561080866776
865.0 0.0015862178529083494
875.0 0.0016844267344158141
885.0 0.0017914314330337152
895.0 0.0018874319549940636
905.0 0.0019316208604306332
915.0 0.002446395556139423
925.0 0.012265910263416202
935.0 0.024291926019273997
945.0 0.04370749815560344
955.0 0.06470718070230674
965.0 0.07267761725308658
975.0 0.014725042807621165
985.0 0.05821412822654875
995.0 0.06724396830479516
1005.0 0.09986333412866878
1015.0 0.09866810146658272
1025.0 0.04709463204153859
1035.0 0.07273919455295053
1045.0 0.13676949304887961
1055.0 0.13330021797251979
1065.0 0.11054085676642943
1075.0 0.12915346874484745
1085.0 0.10801184865130987
1095.0 0.13747388958139883
1105.0 0.13673860446826772
1115.0 0.13199881049292522
1125.0 0.12318201120101091
1135.0 0.156010198932794
1145.0 0.14458779233191502
1155.0 0.1544005888945156
1165.0 0.15589239851706166
1175.0 0.11351725012661608
1185.0 0.1587315457276268
1195.0 0.1102003938625244
1205.0 0.08400205386811754
1208.72 0.07590364470018343
1208.8 0.0757285995524394
1208.87 0.0755754046013601
1208.94 0.07542218124111642
1209.02 0.07524703405229044
1209.09 0.07509374984049609
1209.16 0.07494043724307907
1209.23 0.07478709626752623
1209.31 0.07461181469918446
1209.38 0.07445841293853565
1209.45 0.07430498282326294
1209.53 0.0741295994097363
1209.6 0.07397610855972647
1209.67 0.07382258937858092
1209.75 0.07364710420423885
1209.82 0.07349352433866624
1209.89 0.07333991616542444
1209.96 0.0731862796919762
1210.04 0.07301066050714684
1210.11 0.07285696341551406
1210.18 0.07270323804711033
1210.26 0.07252751729673546
1210.33 0.0723737313603446
1210.4 0.07221991717059678
1210.47 0.07206607473493803
1210.55 0.07189022023118834
1210.62 0.07173631729363626
1210.69 0.07158238613355636
1210.77 0.07140643025909281
1210.84 0.07125243864720417
1210.91 0.07109841883614894
1210.99 0.07092236167488138
1211.06 0.0707682814620531
1211.13 0.07061417307339671
1211.2 0.07046003651633458
1211.28 0.0702838459687112
1211.35 0.07012964907575714
1211.42 0.06997542403770493
1211.5 0.0697991323974827
1211.57 0.06964484707346205
1211.64 0.06949053362762919
1211.72 0.06931414097844774
1211.79 0.06915976729652085
1211.86 0.06900536551604561
1211.93 0.06885093564441884
1212.01 0.06867440997471852
1212.08 0.06851991993266693
1212.15 0.06836540182269728
1212.23 0.06818877533761632
1212.3 0.06803419710698357
1212.37 0.06787959083164406
1212.44 0.0677249565189777
1212.52 0.06754819726826168
1212.59 0.06739350290045318
1212.66 0.06723878051849888
1212.74 0.06706192064554355
1212.81 0.06690713825809626
1212.88 0.0667523278796615
1212.96 0.06657536746764776
1213.03 0.06642049713332068
1213.1 0.06626559883114237
1213.17 0.06611067256846884
1213.25 0.06593357975465028
1213.32 0.065778593601393
1213.39 0.06562357951074634
1213.47 0.06544638635038504
1213.54 0.06529131241864294
1213.61 0.06513621057259512
1213.69 0.06495891714860155
1213.76 0.06480375551089744
1213.83 0.06464856598194828
1213.9 0.06449334856908612
1213.98 0.06431592310593846
1214.05 0.06416064596651706
1214.12 0.06400534096621388
1214.2 0.0638278154313243
1214.27 0.06367245075378876
1214.34 0.06351705823837957
1214.41 0.0633616378924123
1214.49 0.06318398057102712
1214.56 0.06302850061277629
1214.63 0.0628729928469457
1214.71 0.06269523564527271
1214.78 0.0625396683163734
1214.85 0.06238407320285066
1214.93 0.06220621620334243
1215.0 0.06205056157591708
1215.07 0.06189487918680125
1215.14 0.06173916904328664
1215.22 0.06156118061793005
1215.29 0.061405411025249816
1215.36 0.061249613701074616
1215.44 0.061071525668711796
1215.51 0.06091566894442478
1215.58 0.06075978451152336
1215.66 0.060581596954338734
1215.73 0.060425653170331474
1215.8 0.06026968170056799
1215.87 0.060475755404975656
1215.95 0.06102168576285725
1216.02 0.06149945811815299
1216.09 0.0619773081913363
1216.17 0.0625235176991907
1216.24 0.06300153424178012
1216.31 0.06347962843794203
1216.38 0.0639578002672278
1216.46 0.06450437739257993
1216.53 0.06498271550972316
1216.6 0.06546113119576019
1216.68 0.0660079869359251
1216.75 0.06648656877225864
1216.82 0.06696522811332305
1216.9 0.06751236223783637
1216.97 0.0679911875917757
1217.04 0.06847009038634848
1217.11 0.06894907060117403
1217.19 0.0694965713351497
1217.26 0.069975717381918
1217.33 0.07045494078492809
1217.41 0.07100271936990381
1217.48 0.07148210846776086
1217.55 0.07196157485791439
1217.63 0.07250963106420892
1217.7 0.07298926301225402
1217.77 0.07346897218871572
1217.84 0.07394875857328259
1217.92 0.07449718038442187
1217.99 0.0749771321465626
1218.06 0.07545716105301513
1218.14 0.07600585995393604
1218.21 0.0764860541013326
1218.28 0.07696632532931288
1218.35 0.07744667361761365
1218.43 0.07799573742355012
1218.5 0.07847625077290625
1218.57 0.07895684111894125
1218.65 0.07950618148438662
1218.72 0.0799869367551722
1218.79 0.08046776895906063
1218.87 0.08101738565565811
1218.94 0.08149838264813429
1219.01 0.08197945651020107
1219.08 0.08246060722166551
1219.16 0.08301058782446231
1219.23 0.08349190314523776
1219.3 0.08397329525198645
1219.38 0.0845235516574721
1219.45 0.08500510823769208
1219.52 0.08548674154052645
1219.6 0.08603727352112381
1219.67 0.08651907116173153
1219.74 0.08700094546165812
1219.81 0.08748289640078004
1219.89 0.08803379129216851
1219.96 0.08851590639039959
1220.03 0.08899809806461831
1220.11 0.08954926800445977
1220.18 0.09003162370241422
1220.25 0.09051405591321249
1220.32 0.09099656461677899
1220.4 0.09154809677401056
1220.47 0.0920307693230763
1220.54 0.09251351830185411
1220.62 0.0930653249821403
1220.69 0.09354823767136825
1220.76 0.09403122672731555
1220.84 0.09458330770440468
1220.91 0.09506646033589128
1220.98 0.0955496892711715
1221.05 0.0960329944902388
1221.13 0.09658543669509276
1221.2 0.0970689053120743
1221.27 0.09755245015000301
1221.35 0.0981051661280626
1221.42 0.09858887422932022
1221.49 0.09907265848874887
1221.57 0.09962564801453942
1221.64 0.10010959540284967
1221.71 0.10059361888662136
1221.78 0.10107771844591666
1221.86 0.10163106821324457
1221.93 0.10211533072440891
1222.0 0.1025996692484717
1222.08 0.10315329204173551
1222.15 0.10363779338354348
1222.22 0.10412237067569144
1222.29 0.10460702389828976
1222.37 0.10516100624609834
1222.44 0.10564582210985535
1222.51 0.10613071384158815
1222.59 0.10668496869479424
1222.66 0.10717002293388553
1222.73 0.10765515297854483
1222.81 0.10820968011299018
1222.88 0.10869497253134668
1222.95 0.10918034069292865
1223.02 0.10966578457791507
1223.1 0.11022067028644433
1223.17 0.11070627636915115
1223.24 0.11119195811300377
1225.0 0.12216217254971291
1235.0 0.17526185823154747
1245.0 0.19657950383891498
1255.0 0.1912532944203382
1265.0 0.169998848332873
1275.0 0.21248476903214192
1285.0 0.2287564710372913
1295.0 0.18280810038856424
1305.0 0.18338425936292452
1315.0 0.23098159479749208
1325.0 0.22052813478372435
1335.0 0.20203145608330328
1345.0 0.23663219989664808
1355.0 0.232227889857802
1365.0 0.21084923930383884
1375.0 0.22218863792790144
1385.0 0.22539785955648348
1395.0 0.19714475122852243
1405.0 0.20109015376000258
1415.0 0.21297201034632954
1425.0 0.21965789044605302
1435.0 0.22114265413088005
1442.0 0.2343227632454389
1447.0 0.23749342774565674
1455.0 0.23228466031140296
1465.0 0.2162283154891774
1475.0 0.2177488840289982
1485.0 0.2228624513203029
1495.0 0.22766062901178527
1505.0 0.21780642060271363
1512.0 0.19773291922618963
1517.0 0.20762702592980276
1525.0 0.19956091290292166
1535.0 0.178020784711501
1545.0 0.19088689329327882
1555.0 0.18298154319887455
1565.0 0.1890798021745969
1575.0 0.20523685573410438
1585.0 0.21479219103617578
1595.0 0.21990286273598503
1605.0 0.217158353884852
1615.0 0.21701273365231502
1625.0 0.20874156325586282
1635.0 0.22142846740741326
1645.0 0.22565014896391986
1655.0 0.21325098818669624
1665.0 0.2289388776202543
1672.0 0.21293795576451544
1677.0 0.23093145312584998
1685.0 0.24350302586583977
1695.0 0.23055572719409032
1705.0 0.22433164285805568
1715.0 0.21259178302794526
1725.0 0.2126051992980686
1735.0 0.22688960238016811
1745.0 0.2234448105524098
1755.0 0.23559009396156655
1765.0 0.221694087458987
1775.0 0.22585111615256434
1785.0 0.23055186989653143
1795.0 0.245975105016633
1805.0 0.24551066524232773
1815.0 0.22764506311006918
1825.0 0.23215878399406145
1835.0 0.2262920571078176
1845.0 0.20852530638430905
1855.0 0.21207857702773947
1865.0 0.217834593829181
1875.0 0.23406247461072938
1885.0 0.21661281446537742
1895.0 0.21130344907260404
1905.0 0.22376149093392483
1915.0 0.2159483565267735
1925.0 0.21258051796295077
1935.0 0.21786042910112755
1945.0 0.2302199344192836
1955.0 0.21821782467245623
1967.0 0.23715508955088083
1976.0 0.2441794063233484
1984.0 0.2354435926499863
1995.0 0.22868251462941772
2005.0 0.2343311294771321
2015.0 0.23049791809634212
2025.0 0.23702495539065566
2035.0 0.230353118126089
2045.0 0.23732094680765306
2055.0 0.22490452339520628
2065.0 0.22819718774820139
2074.0 0.24693703717542537
2078.0 0.24611682429119533
2085.0 0.2578359049807997
2095.0 0.24583412789533157
2105.0 0.24793263410561883
2115.0 0.25242698170322275
2125.0 0.25064618861702104
2135.0 0.24062508299286633
2145.0 0.24621820058251592
2155.0 0.2559772263030929
2165.0 0.24986229264026777
2175.0 0.24783325361797776
2185.0 0.24980312324558163
2195.0 0.25824945479483447
2205.0 0.2556305108949779
2215.0 0.23703384932033675
2225.0 0.24030084952038033
2235.0 0.2548028152011424
2245.0 0.24481793120935352
2255.0 0.23221357559981662
2265.0 0.23642007154377442
2275.0 0.24476677192615567
2285.0 0.2573992932096437
2295.0 0.24072576630581619
2305.0 0.24762989681802539
2315.0 0.23698307519714254
2325.0 0.20052831695640322
2335.0 0.21025578789210322
2345.0 0.20485783744692063
2355.0 0.22659172827914612
2365.0 0.203032644950176
2375.0 0.21155507448805858
2385.0 0.1962106002255214
2395.0 0.20447013446730128
2405.0 0.20035536977930213
2415.0 0.20759584952301902
2425.0 0.2299070263568473
2435.0 0.22693429506512477
2445.0 0.24185781810572662
2455.0 0.24181490986266457
2465.0 0.23563911308307048
2475.0 0.2270001824468133
2485.0 0.21506196000812008
2495.0 0.20992091436819996
2505.0 0.2437914813149727
2513.0 0.20099005400245135
2518.0 0.20144577821003354
2525.0 0.2005805275327018
2535.0 0.21016289026967064
2545.0 0.20986975493401236
2555.0 0.23391808108005208
2565.0 0.2267706484219188
2575.0 0.24237707386699947
2585.0 0.23816032689508984
2595.0 0.2283076784235603
2605.0 0.21979369044211686
2615.0 0.21519408446678417
2625.0 0.23658625292997282
2635.0 0.26365745148525027
2645.0 0.295815586124502
2655.0 0.3320485392913007
2665.0 0.28319838218018784
2675.0 0.3007306628777379
2685.0 0.308489630805897
2695.0 0.2830241658952544
2705.0 0.2949184499277907
2715.0 0.26842709524172875
2725.0 0.26261823021076736
2735.0 0.27622931782890103
2745.0 0.23056101832969414
2755.0 0.24152812525346717
2765.0 0.25932266275848037
2775.0 0.26746113155431933
2785.0 0.2355491403480532
2795.0 0.19323830772322095
2805.0 0.19539833733998666
2815.0 0.2518078005675978
2825.0 0.310651709096445
2835.0 0.3043117219286636
2845.0 0.2764009094785233
2855.0 0.24553641382751076
2865.0 0.3221417383067901
2875.0 0.34019186718267325
2885.0 0.3303108060667628
2895.0 0.3427095447654877
2910.0 0.4040399733005442
2930.0 0.3763962260308828
2950.0 0.36622460743724833
2970.0 0.38342460251214966
2990.0 0.3865993824250675
3010.0 0.3972843444126701
3030.0 0.40400937106375306
3050.0 0.41534834572774737
3070.0 0.4257025720213394
3090.0 0.43070421008339677
3110.0 0.44862947995641606
3130.0 0.4393489264885598
3150.0 0.4400682517645073
3170.0 0.45359604314772217
3190.0 0.4196719568290902
3210.0 0.44844948237106164
3230.0 0.41592540648606713
3250.0 0.48549408259872434
3270.0 0.5270200076962926
3290.0 0.5245438149682322
3310.0 0.5192398597064477
3330.0 0.5335320814369033
3350.0 0.5754475097991594
3370.0 0.4529248000067354
3390.0 0.537445259354815
3410.0 0.5302655628301521
3430.0 0.5701826174793869
3450.0 0.5379871704972874
3470.0 0.554041731125937
3490.0 0.5731007551552344
3510.0 0.570722666649823
3530.0 0.5322112758840528
3550.0 0.6182589807111667
3570.0 0.5371513390978796
3590.0 0.47511871882246093
3610.0 0.5547373714773247
3630.0 0.5883152722512537
3640.0 0.6048898421901385
3650.0 0.5885101116292097
3670.0 0.6774227274299944
3690.0 0.6734411427548155
3704.66 0.6427076022355049
3704.88 0.6414692930535112
3705.11 0.6402090072968246
3705.33 0.6390034162176468
3705.55 0.637797727017303
3705.78 0.6365371288541848
3706.0 0.6353312389640703
3706.22 0.6341252509651188
3706.45 0.632864340434816
3706.67 0.6316581517713046
3706.89 0.6304518650112872
3707.12 0.629190642153053
3707.34 0.6279841547536954
3707.56 0.6291941419296473
3707.79 0.6325646624253245
3708.01 0.6357888965750627
3708.24 0.6391599565625844
3708.46 0.6423847067257978
3708.68 0.6456097091460934
3708.91 0.6489815722910034
3709.13 0.6522070906586429
3709.35 0.6554328612510274
3709.58 0.6588055274503635
3709.8 0.6620318139239443
3710.0 0.6649650204721266
3710.02 0.6652583525899288
3710.25 0.6677777802271829
3710.47 0.6683205644436243
3710.7 0.6688880635095686
3710.92 0.6694309296783473
3711.14 0.6699738359100661
3711.37 0.6705414625317793
3711.59 0.6710844507050125
3711.81 0.671627478935894
3712.04 0.6721952330965287
3712.26 0.6727383432581004
3712.48 0.6732814934720284
3712.71 0.6738493751547343
3712.93 0.6743926072885253
3713.16 0.6773306889963769
3713.38 0.6801412520287131
3713.6 0.6829520340811501
3713.83 0.68589081312368
3714.05 0.6887020431430074
3714.27 0.6915134921542869
3714.5 0.6944529684418712
3714.72 0.6972648653624535
3714.94 0.7000769812468461
3715.17 0.7030171546898478
3715.39 0.7058297184259469
3715.62 0.7087703600573356
3715.84 0.7072967796177746
3716.06 0.7045622678703809
3716.29 0.7017032263207854
3716.51 0.6989682672871103
3716.73 0.696233089594029
3716.96 0.6933733518581665
3717.18 0.6906377269355886
3717.4 0.6879018833813537
3717.63 0.6850414495476109
3717.85 0.6823051588206722
3718.08 0.6794442575081271
3718.3 0.676707519646619
3718.52 0.6766613436898293
3718.75 0.6794262664856989
3718.97 0.6820711855128874
3719.19 0.6847163101246047
3719.42 0.6874818874778099
3719.64 0.690127432576242
3719.86 0.6927731832327263
3720.09 0.6955394150589681
3720.31 0.6981855861480063
3720.53 0.700831962768616
3720.76 0.7035988489835839
3720.98 0.7062456459825789
3721.21 0.7091923290165256
3721.43 0.7124972229387877
3721.65 0.7158023741395686
3721.88 0.7192580345600439
3722.1 0.7225637119784478
3722.32 0.7258696466422501
3722.55 0.7293261261022884
3722.77 0.732632586915963
3722.99 0.7359393049419044
3723.22 0.7393966033360394
3723.44 0.742703847444106
3723.67 0.7461616958093912
3723.89 0.7494694659540531
3724.11 0.7548988235615898
3724.34 0.7606810352626198
3724.56 0.7662122882662079
3724.78 0.7717439732445698
3725.01 0.7775275603032604
3725.23 0.7830601288095456
3725.45 0.7885931292350472
3725.68 0.7943780914745485
3725.9 0.7999119753143721
3726.13 0.8056978610834838
3726.35 0.8112326282612823
3726.57 0.8167678272654385
3726.8 0.8195772038355095
3727.02 0.8210184174275449
3727.24 0.8224597408839367
3727.47 0.8239666965064008
3727.69 0.8254082446707165
3727.91 0.8268499026850831
3728.14 0.82835720805741
3728.36 0.8297990907504437
3728.59 0.8313066310038285
3728.81 0.8327487383558717
3729.03 0.8341909555340593
3729.26 0.8356988454611719
3729.48 0.8326329396391721
3729.7 0.8241565598206734
3729.93 0.8152941743713747
3730.0 0.812596781428613
3730.15 0.8068164255334584
3730.37 0.7983380074400164
3730.6 0.7894734911585037
3730.82 0.7809937042208659
3731.05 0.7721277569365086
3731.27 0.7636466012724107
3731.49 0.7551647764959872
3731.72 0.7462966988354044
3731.94 0.7378135055077513
3732.16 0.7292177365836497
3732.39 0.7194895386580575
3732.61 0.710183555810449
3732.83 0.7008768396127409
3733.06 0.691146306785222
3733.28 0.6818380906492826
3733.51 0.6721059897720397
3733.73 0.662796273827037
3733.95 0.6534858246890385
3734.18 0.6437513894101327
3734.4 0.634439440655316
3734.62 0.6251267588015349
3734.85 0.6153899894202893
3735.07 0.6105567038530805
3735.29 0.6061711438213556
3735.52 0.601585869721918
3735.74 0.5971996010568085
3735.96 0.5928129859708847
3736.19 0.588226608907686
3736.41 0.5838392852791382
3736.64 0.5792521674986881
3736.86 0.5748641353884587
3737.08 0.570475756931609
3737.31 0.5658875364235648
3737.53 0.561498449575808
3737.75 0.5613658652554389
3737.98 0.5637703974713965
3738.2 0.5660705667166732
3738.42 0.5683709138201503
3738.65 0.5707760123160238
3738.87 0.5730767231968035
3739.1 0.5754822019887811
3739.32 0.5777832766152392
3739.54 0.5800845290613968
3739.77 0.5824905740107383
3739.99 0.5847921901554652
3740.21 0.5870939840968707
3740.44 0.5891476937993718
3740.66 0.5905871561101032
3740.88 0.5920267286575823
3741.11 0.5935318541825103
3741.33 0.5949716521995687
3741.56 0.5964770134323959
3741.78 0.5979170368993341
3742.0 0.5993571705790364
3742.23 0.6008628827165621
3742.45 0.6023032418167982
3742.67 0.6037437111154578
3742.9 0.6052497741120048
3743.12 0.6063288436141635
3743.34 0.603791601686688
3743.57 0.6011388156732368
3743.79 0.5986011626272305
3744.02 0.595947946826518
3744.24 0.5934098826973306
3744.46 0.5908716176070068
3744.69 0.5882177619693046
3744.91 0.5856790858484512
3745.13 0.5831402087922014
3745.36 0.5804857133994633
3745.58 0.5779464253653375
3745.8 0.575406936421559
3746.03 0.5762567091299311
3746.25 0.5777754190931184
3746.48 0.5793632856743037
3746.7 0.5808822335134365
3746.92 0.5824012976399071
3747.15 0.5839895344665126
3747.37 0.5855088364379499
3747.59 0.5870282546815814
3747.82 0.5886168617053881
3748.04 0.5901365177630066
3748.26 0.5916562900776721
3748.49 0.5932452672504522
3748.71 0.5955975273298901
3748.93 0.5985261642082662
3749.16 0.6015881628264295
3750.0 0.6127732146411083
3770.0 0.6882082682242178
3790.0 0.7225041448467163
3810.0 0.7555946468833873
3830.0 0.5458592934818004
3850.0 0.7179055035169774
3870.0 0.7503253296208693
3890.0 0.7177312936237961
3910.0 0.8442838324095339
3930.0 0.5914049171391622
3950.0 0.8335547434424792
3970.0 0.5510798832129209
3990.0 1.0
4010.0 1.0644247175927155
4030.0 1.0661818415098612
4050.0 1.0526361767504315
4070.0 1.0446633340294293
4078.2 1.059197915566411
4078.45 1.0602743803333659
4078.7 1.0613509266664314
4078.94 1.06238448787955
4079.19 1.0634611940696235
4079.43 1.0644949087374784
4079.68 1.0655717747679148
4079.93 1.066648722343143
4080.17 1.0676826687286818
4080.42 1.068759776119134
4080.66 1.0708015421854886
4080.91 1.0732047796878699
4081.16 1.0756082051260305
4081.4 1.0779156703474904
4081.65 1.0803194641111595
4081.9 1.0827234457814041
4082.14 1.0850314449581842
4082.39 1.0874357948966957
4082.63 1.089744147592823
4082.88 1.0921488657616973
4083.13 1.0945537717886027
4083.37 1.0959095380745183
4083.62 1.096825463983693
4083.86 1.097704817208273
4084.11 1.0986208771801056
4084.36 1.0995370055458433
4084.6 1.100416553118545
4084.85 1.101332815525736
4085.1 1.1022491463160147
4085.34 1.1031288882060986
4085.59 1.1040453530166257
4085.83 1.104925223559407
4086.08 1.1049341423908985
4086.33 1.1039596974717092
4086.57 1.1030241521109396
4086.82 1.1020495441992861
4087.06 1.101113842373555
4087.31 1.1001390714856911
4087.56 1.0991642174529621
4087.8 1.0982282793627796
4088.05 1.0972532623783886
4088.3 1.0962781622616575
4088.54 1.0953419879426185
4088.79 1.0944936462423334
4089.03 1.0938957903227247
4089.28 1.0932729699491173
4089.53 1.0926500946897852
4089.77 1.0920520828069
4090.0 1.0914789406252758
4090.02 1.0914290999795586
4090.26 1.0908309848364768
4090.51 1.0902078944517375
4090.76 1.0895847491948636
4091.0 1.0889864781271248
4091.25 1.0883632253288804
4091.5 1.087304287564992
4091.74 1.0849632565458025
4091.99 1.0825244865018209
4092.23 1.0801830790460234
4092.48 1.0777439169004182
4092.73 1.0753045547182494
4092.97 1.072962578838558
4093.22 1.0705228246146854
4093.47 1.0680828703848222
4093.71 1.0657403261681022
4093.96 1.0632999799564584
4094.2 1.060876640809901
4094.45 1.0564253529264587
4094.7 1.0519737043816737
4094.94 1.0476997824858487
4095.19 1.043247427099096
4095.43 1.0389728266694847
4095.68 1.0345197645126274
4095.93 1.0300663417864646
4096.17 1.025790716763107
4096.42 1.0213365873753728
4096.67 1.0168820974737085
4096.91 1.0126054480139755
4097.16 1.0104440741464698
4097.4 1.0085604801303534
4097.65 1.0065982449375082
4097.9 1.004635848433773
4098.14 1.0027517960366243
4098.39 1.0007890833876951
4098.63 0.998904727506519
4098.88 0.9969416987443781
4099.13 0.9949785087123083
4099.37 0.9930936945665024
4099.62 0.9911301884695246
4099.87 0.991175257161992
4100.11 0.9917006373420302
4100.36 0.9922479467189835
4100.6 0.9927734005407484
4100.85 0.9933207866237438
4101.1 0.9938682118393258
4101.34 0.9943937768602459
4101.59 0.994941278769524
4101.83 0.9954669174124681
4102.08 0.996014496007267
4102.33 0.9965621137241822
4102.57 0.9969212171801939
4102.82 0.9972085096132033
4103.07 0.9974958204004195
4103.31 0.9977716560228165
4103.56 0.9980590027812484
4103.8 0.9983348729340857
4104.05 0.9986222556597221
4104.3 0.9989096567344272
4104.54 0.9991855790279784
4104.79 0.9994730160638294
4105.03 0.9997489728781551
4105.28 1.0012458127940966
4105.53 1.00405296710027
4105.77 1.0067480413378869
4106.02 1.0095556250155857
4106.27 1.0123634277433275
4106.51 1.0150591244335372
4106.76 1.017867356465923
4107.0 1.0205634652673334
4107.25 1.0233721265600764
4107.5 1.026181006846143
4107.74 1.0288777379389824
4107.99 1.03181236924213
4108.23 1.0348437214281523
4108.48 1.0380016216821217
4108.73 1.0411597685833478
4108.97 1.044191821642227
4109.22 1.047350451934432
4109.47 1.0505093288354808
4109.71 1.053542082658038
4109.96 1.056701442874774
4110.0 1.0572069633915242
4110.2 1.05973466065646
4110.45 1.0628945041390265
4110.7 1.0659024979566856
4110.94 1.0683280024447495
4111.19 1.070854761808717
4111.44 1.0733817172736013
4111.68 1.0758077790020375
4111.93 1.078335118794712
4112.17 1.0807615494587444
4112.42 1.083289273539473
4112.67 1.0858171936702254
4112.91 1.0882441814300068
4113.16 1.0907724857888004
4113.4 1.0931382645744392
4113.65 1.0941274441466413
4113.9 1.0951166973663473
4114.14 1.0960664497411763
4114.39 1.0970558472985443
4114.64 1.0980453184917371
4114.88 1.0989952801101235
4115.13 1.0999848956180882
4115.37 1.10093499577138
4115.62 1.10192475557896
4115.87 1.1029145890029528
4116.11 1.1038648983446437
4116.36 1.1036891808198974
4116.6 1.1034231602358933
4116.85 1.103146028989275
4117.1 1.1028688707321064
4117.34 1.1026027733949242
4117.59 1.1023255622009054
4117.84 1.1020483240002426
4118.08 1.1017821499209806
4118.33 1.101504858791123
4118.57 1.1012386339022673
4118.82 1.100961289848285
4119.07 1.1007901983636608
4119.31 1.100651441139715
4119.56 1.1005068862369658
4119.81 1.1003623148780284
4120.05 1.1002235108921807
4120.3 1.1000789072813437
4120.54 1.0999400723350887
4120.79 1.099795436475303
4121.04 1.0996507841631087
4121.28 1.0995119024656899
4121.53 1.0993672179090035
4121.77 1.0987273013904737
4122.02 1.0977997151565686
4122.27 1.0968720504132108
4122.51 1.095981418401625
4122.76 1.0950535997913986
4123.01 1.0941257026836158
4123.25 1.0932348476133753
4123.5 1.0923067966620421
4123.74 1.0914157939094054
4123.99 1.0904875891299637
4124.24 1.089559305872742
4124.48 1.0884084290426426
4124.73 1.0869390205303227
4124.97 1.085528274223993
4125.22 1.084058627937526
4125.47 1.0825888603469918
4125.71 1.0811777693430296
4125.96 1.0797077640146988
4126.21 1.0782376374008475
4126.45 1.0768262017519505
4126.7 1.0753558374366554
4126.94 1.0739441736059263
4127.19 1.072373806196764
4130.0 1.0545694741708727
4150.0 1.069972765937512
4170.0 1.0765234726662427
4190.0 1.0999076770217464
4210.0 1.1228073676001022
4230.0 1.0614649611470457
4250.0 1.127406959712259
4270.0 1.096239296761676
4290.0 1.060488312297247
4310.0 0.9691594384719475
4315.65 1.1609139750930024
4315.91 1.1706377883672625
4316.17 1.1803623534264789
4316.43 1.188253414285683
4316.69 1.1911661956047865
4316.95 1.194079198300699
4317.21 1.196992422360892
4317.47 1.1999058677728458
4317.73 1.2028195345240322
4317.99 1.2057334226019523
4318.25 1.2086475319940775
4318.52 1.2116739567492776
4318.78 1.2145885172431186
4319.04 1.217503299013138
4319.3 1.2166093758958687
4319.56 1.2145726555222123
4319.82 1.212535771310705
4320.08 1.210498723270437
4320.34 1.2084615114105213
4320.6 1.2064241357400625
4320.86 1.2043865962681737
4321.12 1.2023488930039452
4321.38 1.2003110259564898
4321.64 1.1982729951349125
4321.9 1.1959647824953825
4322.16 1.1927562899665396
4322.42 1.189547542764714
4322.68 1.1863385409041185
4322.94 1.1831292843989774
4323.2 1.1799197732634805
4323.46 1.1767100075118517
4323.73 1.173376519752709
4323.99 1.1701662350199034
4324.25 1.1669556957141505
4324.51 1.1637449018496628
4324.77 1.1620723822478924
4325.03 1.161083544706683
4325.29 1.1600946251977928
4325.55 1.1591056237257427
4325.81 1.1581165402950482
4326.07 1.157127374910229
4326.33 1.156138127575794
4326.59 1.1551487982962634
4326.85 1.154159387076153
4327.11 1.1531698939199824
4327.37 1.1528716909480448
4327.63 1.1563761538443436
4327.89 1.1598808834786984
4328.15 1.1633858798360128
4328.41 1.1668911429012288
4328.67 1.170396672659251
4328.94 1.1740373127448986
4329.2 1.1775433860992388
4329.46 1.1810497261005564
4329.72 1.1845563327337687
4329.98 1.1880632059837812
4330.0 1.1883329765074258
4330.24 1.1917519527998868
4330.5 1.1955371288715142
4330.76 1.1993225930457405
4331.02 1.2031083453062728
4331.28 1.2068943856368044
4331.54 1.2106807140210698
4331.8 1.2144673304427627
4332.06 1.2182542348855896
4332.32 1.222041427333246
4332.58 1.2258289077694653
4332.84 1.2292621479159025
4333.1 1.228441144632338
4333.36 1.2276200722822577
4333.62 1.2267989308694471
4333.88 1.225977720397701
4334.15 1.225124851817691
4334.41 1.2243035005836986
4334.67 1.2234820803022879
4334.93 1.2226605909772503
4335.19 1.2218390326123794
4335.45 1.2210174052114602
4335.71 1.2190728920671245
4335.97 1.2163047922034176
4336.23 1.2135364726879896
4336.49 1.2107679335330885
4336.75 1.2079991747509917
4337.01 1.2052301963539669
4337.27 1.2024609983542813
4337.53 1.1996915807642117
4337.79 1.1969219435960063
4338.05 1.1941520868619426
4338.31 1.1915558125346986
4338.57 1.1933045491403318
4338.83 1.195053415689791
4339.09 1.196802412175664
4339.35 1.1985515385905445
4339.62 1.2003680766113742
4339.88 1.2021174678586042
4340.14 1.2038669890123397
4340.4 1.2056166400651687
4340.66 1.207366421009698
4340.92 1.2091163318385152
4341.18 1.2104882600769247
4341.44 1.2114821618897775
4341.7 1.2124761351304612
4341.96 1.2134701797948575
4342.22 1.2144642958788527
4342.48 1.215458483378328
4342.74 1.2164527422891762
4343.0 1.2174470726072795
4343.26 1.218441474328523
4343.52 1.2194359474487935
4343.78 1.220430491963972
4344.04 1.2180845712291826
4344.3 1.215604837334526
4344.57 1.2130295207157278
4344.83 1.2105493855781118
4345.09 1.208069053621033
4345.35 1.2055885248554878
4345.61 1.2031077992924826
4345.87 1.2006268769429955
4346.13 1.1981457578180332
4346.39 1.195664441928591
4346.65 1.1938047505998552
4346.91 1.1926703966874446
4347.17 1.1915359499825493
4347.43 1.1904014104903085
4347.69 1.1892667782158652
4347.95 1.1881320531643504
4348.21 1.1869972353409068
4348.47 1.1858623247506734
4348.73 1.1847273213987932
4348.99 1.1835922252903965
4349.25 1.1824570364306266
4349.51 1.1824776019935126
4349.78 1.1825989839250561
4350.0 1.1826978907380399
4350.04 1.1827158740859864
4350.3 1.1828327680303279
4350.56 1.182949665757777
4350.82 1.1830665672680312
4351.08 1.1831834725607893
4351.34 1.183300381635748
4351.6 1.1834172944926045
4351.86 1.1835342111310567
4352.12 1.1844704437098517
4352.38 1.1867176931212378
4352.64 1.1889651103906687
4352.9 1.191212695508581
4353.16 1.1934604484654354
4353.42 1.195708369251669
4353.68 1.1979564578577255
4353.94 1.200204714274043
4354.2 1.2024531384910822
4354.46 1.2047017304992798
4354.72 1.2069504902890815
4354.99 1.2113609898307247
4355.25 1.2159559946304228
4355.51 1.2205513477069443
4355.77 1.2251470490405496
4356.03 1.2297430986114846
4356.29 1.2343394964000423
4356.55 1.2389362423864687
4356.81 1.2435333365510248
4357.07 1.2481307788739566
4357.33 1.2527285693355583
4357.59 1.256612548076674
4357.85 1.2591477995388485
4358.11 1.2616832404241907
4358.37 1.2642188707219344
4358.63 1.2667546904212874
4358.89 1.2692906995114652
4359.15 1.2718268979816763
4359.41 1.2743632858211538
4359.67 1.2768998630191064
4359.93 1.2794366295647503
4360.2 1.2820711644545377
4360.46 1.2841958892742948
4360.72 1.2862225708810597
4360.98 1.2882494025578002
4361.24 1.2902763842959613
4361.5 1.29230351608697
4361.76 1.294330797922257
4362.02 1.2963582297932554
4362.28 1.2983858116913902
4362.54 1.3004135436081086
4362.8 1.3024414255348353
4363.06 1.3036537455946515
4363.32 1.302651992945015
4363.58 1.3016501576587727
4363.84 1.3006482397404981
4364.1 1.2996462391947607
4364.36 1.2986441560261337
4364.62 1.2976419902391796
4364.88 1.2966397418384712
4365.15 1.2955988579862154
4365.41 1.2945964411946989
4365.67 1.2935939418033124
4365.93 1.292885683168134
4366.19 1.292265664914171
4366.45 1.2916455934259414
4366.71 1.2910254687063578
4366.97 1.2904052907583323
4367.23 1.289785059584778
4367.49 1.2891647751886017
4370.0 1.264844569731943
4390.0 1.1637180234669282
4410.0 1.2499310052056647
4430.0 1.316298773252429
4450.0 1.3630611245769504
4470.0 1.366418865954444
4490.0 1.4234764259610386
4510.0 1.5299986053339738
4530.0 1.3729779647131548
4550.0 1.4082228381708763
4570.0 1.5091347213353943
4590.0 1.4857541343469187
4610.0 1.5466371542043276
4630.0 1.5584613423778995
4650.0 1.480668155772322
4670.0 1.455070876768206
4690.0 1.505016287986146
4710.0 1.4553981720899296
4730.0 1.5021821520108676
4750.0 1.559236565969831
4770.0 1.5129371235278033
4790.0 1.5562343777794823
4810.0 1.5998157775322932
4830.0 1.5882787381963823
4834.84 1.5760897433011913
4835.13 1.576255029441353
4835.42 1.5764203209524525
4835.71 1.5765856178340338
4836.0 1.576750920085642
4836.29 1.5769162277068238
4836.59 1.5770872412408212
4836.88 1.577252559784902
4837.17 1.5774178836971753
4837.46 1.5775832129771874
4837.75 1.576005527621781
4838.05 1.5739976424621154
4838.34 1.5720565321124003
4838.63 1.5701152696992764
4838.92 1.568173855232639
4839.21 1.5662322887223836
4839.5 1.5642905701784056
4839.8 1.5622817358451713
4840.09 1.5603397080217465
4840.38 1.5594666194644196
4840.67 1.5599093125631744
4840.96 1.5603520318253168
4841.26 1.5608100447991975
4841.55 1.5612528172846831
4841.84 1.5616956159280337
4842.13 1.562138440727428
4842.42 1.562581291681045
4842.72 1.5630394408778427
4843.01 1.5635429282677589
4843.3 1.5648643504812914
4843.59 1.5661858644130588
4843.88 1.567507470056929
4844.17 1.5688291674067705
4844.47 1.5701965370246769
4844.76 1.5715184209298108
4845.05 1.5728403965223114
4845.34 1.5741624637960492
4845.63 1.5754846227448926
4845.93 1.57525451602083
4846.22 1.574137728757293
4846.51 1.5730208512464197
4846.8 1.5719038834940462
4847.09 1.5707868255060062
4847.38 1.5696696772881351
4847.68 1.568513911773598
4847.97 1.5673965800027005
4848.26 1.5662791580196769
4848.55 1.5646765469691772
4848.84 1.561549156326927
4849.14 1.5583136721001845
4849.43 1.5551857932535422
4849.72 1.5520576744658297
4850.0 1.549037194184946
4850.01 1.54892931575273
4850.3 1.5458007171299288
4850.59 1.542671878613111
4850.89 1.5394348966846925
4851.18 1.5363055701560435
4851.47 1.537312199455035
4851.76 1.538980712898608
4852.05 1.5406493438142017
4852.35 1.542375637336557
4852.64 1.5440445072227922
4852.93 1.5457134945572997
4853.22 1.5473825993322532
4853.51 1.549051821539827
4853.81 1.5507787267020798
4854.1 1.553755752324708
4854.39 1.558134006777466
4854.68 1.562512580177924
4854.97 1.566891472504995
4855.26 1.5712706837375923
4855.56 1.5758012378218729
4855.85 1.5801810977971829
4856.14 1.5845612766140404
4856.43 1.5889417742513627
4856.72 1.5933989031762674
4857.02 1.6002205833417054
4857.31 1.606815365817054
4857.6 1.61341063157586
4857.89 1.620006380586215
4858.18 1.626602612816211
4858.47 1.633199328233941
4858.77 1.6400240250306295
4859.06 1.6466217233869918
4859.35 1.6532199048342782
4859.64 1.657218832042566
4859.93 1.6598497154946499
4860.23 1.6625715170964337
4860.52 1.6652027833949654
4860.81 1.6678342378532953
4861.1 1.6704658804589407
4861.39 1.6730977111994103
4861.68 1.6757297300622152
4861.98 1.678452706147496
4862.27 1.678566920073413
4862.56 1.6720706471962725
4862.85 1.6655738846732093
4863.14 1.659076632536355
4863.44 1.6523548220268478
4863.73 1.6458565738783493
4864.02 1.6393578362135306
4864.31 1.6328586090645574
4864.6 1.6263588924635342
4864.9 1.6196345326785333
4865.19 1.6106135489873852
4865.48 1.6011886305908567
4865.77 1.5917630060024137
4866.06 1.5823366752685155
4866.35 1.5729096384355277
4866.65 1.5631567883750737
4866.94 1.5537283151388765
4867.23 1.5442991359443725
4867.52 1.5348692508379225
4867.81 1.5269278543166818
4868.11 1.5206081192589993
4868.4 1.5144985745969253
4868.69 1.5083885704484368
4868.98 1.5022781068436974
4869.27 1.4961671838128543
4869.56 1.4900558013861078
4869.86 1.4837331982355153
4870.0 1.48078248187412
4870.15 1.4776208812687883
4870.44 1.4718452270313553
4870.73 1.4706204545154637
4871.02 1.4693955848476454
4871.32 1.4681283760666681
4871.61 1.4669033087644097
4871.9 1.4656781443293667
4872.19 1.4644528827678451
4872.48 1.4632275240861516
4872.77 1.462002068290588
4873.07 1.4607342532106105
4873.36 1.4621596969506867
4873.65 1.4647782776639464
4873.94 1.4673970457989263
4874.23 1.4700160013431887
4874.53 1.4727254629003719
4874.82 1.4753447996871958
4875.11 1.4779643238455633
4875.4 1.480584035363038
4875.69 1.4832039342271846
4875.98 1.4861214706714068
4876.28 1.4901069487079874
4876.57 1.493959860725651
4876.86 1.4978130511728074
4877.15 1.5016665200310177
4877.44 1.5055202672818455
4877.74 1.5095071953070363
4878.03 1.5133615088859367
4878.32 1.5172161008015126
4878.61 1.5210709710353298
4878.9 1.5229093442608477
4879.2 1.5244774218192663
4879.49 1.5259933373246573
4879.78 1.5275093582049182
4880.07 1.5290254844530102
4880.36 1.5305417160618964
4880.65 1.5320580530245382
4880.95 1.5336267883268844
4881.24 1.535143339608202
4881.53 1.5345782245698922
4881.82 1.531782509136526
4882.11 1.5289865805875256
4882.41 1.5260940164585373
4882.7 1.5232976543725172
4882.99 1.5205010792131959
4883.28 1.5177042909945224
4883.57 1.5149072897304452
4883.86 1.5121100754349135
4884.16 1.5093783944694137
4884.45 1.5089329303627037
4884.74 1.5084874268293669
4885.03 1.5080418838719096
4885.32 1.507596301492837
4885.62 1.5071353127227067
4885.91 1.5066896501487725
4886.2 1.5062439481608267
4886.49 1.5057982067613747
4886.78 1.5053524259529218
4887.07 1.5057699674324252
4887.37 1.5066720202341053
4887.66 1.5075440633618764
4887.95 1.5084161642427059
4888.24 1.509288322872693
4888.53 1.5101605392479391
4888.83 1.5110628928121805
4889.12 1.5119352266571213
4889.41 1.5128076182354873
4889.7 1.5143203940856165
4890.0 1.5176243290463574
4890.29 1.5208183655237026
4890.58 1.5240126307239006
4890.87 1.5272071246317775
4891.16 1.5304018472321588
4891.45 1.5335967985098713
4891.74 1.536791978449743
4892.04 1.5400975776175427
4892.33 1.5432932227198015
4892.62 1.5462099765981172
4892.91 1.5490947312075836
4910.0 1.5930340148270383
4928.77 1.5997251359335216
4929.07 1.6035169631216912
4929.36 1.6071826608713444
4929.66 1.610975035905214
4929.96 1.6147676894762886
4930.0 1.6152733976631026
4930.26 1.6185606215654256
4930.55 1.6222273873138182
4930.85 1.624239796587917
4931.15 1.622096362341084
4931.45 1.6199527591921477
4931.74 1.6178804489414376
4932.04 1.615736513651748
4932.34 1.6135924094938991
4932.64 1.6114481364793287
4932.93 1.609375178734968
4933.23 1.6072305736688852
4933.53 1.6051061296977762
4933.83 1.6032661480104746
4934.12 1.601487360417859
4934.42 1.5996470919231331
4934.72 1.5978066776087578
4935.02 1.5959661174845992
4935.31 1.5941867707735538
4935.61 1.592345923918938
4935.91 1.5905049312837987
4936.21 1.5886637928780045
4936.5 1.587759860624862
4936.8 1.586969676172034
4937.1 1.5861794250580823
4937.4 1.5853891072874655
4937.69 1.5846250700858553
4937.99 1.5838346212367846
4938.29 1.583044105744262
4938.59 1.5822535236127417
4938.88 1.5814892308790571
4939.18 1.583924065267073
4939.48 1.5882265679950331
4939.78 1.5925293869672195
4940.07 1.596689079227599
4940.37 1.6009925200833512
4940.67 1.6052962771188566
4940.97 1.6096003503123875
4941.26 1.6137612549048104
4941.56 1.6180659498124155
4941.86 1.622678544874747
4942.16 1.6277528725378332
4942.45 1.632658411277025
4942.75 1.637733474083861
4943.05 1.6428089106545238
4943.35 1.6478847209633443
4943.64 1.6527916928299535
4943.94 1.657868238082254
4944.24 1.6629451569965787
4944.54 1.6673209647255158
4944.83 1.6688387108876566
4945.13 1.670408901588376
4945.43 1.6719792025839215
4945.73 1.6735496138666368
4946.02 1.675067782933497
4946.32 1.6766384110919996
4946.62 1.6782091495149825
4946.92 1.6797799981947892
4947.21 1.6812985900499795
4947.51 1.6807624284830864
4947.81 1.6801535533674499
4948.11 1.6795446249835546
4948.4 1.6789559435813368
4948.7 1.678346910446843
4949.0 1.6777378240545797
4949.3 1.6771286844080824
4949.59 1.6765397987986848
4949.89 1.6759305544291767
4950.0 1.6757441840386322
4950.19 1.6755341990459605
4950.49 1.6752026173162387
4950.78 1.6748820574934726
4951.08 1.6745504120057322
4951.38 1.6742187341017905
4951.68 1.6738870237837606
4951.97 1.673566339666923
4952.27 1.673234565607342
4952.57 1.6729027591399346
4952.87 1.6717613595596965
4953.16 1.669973139977305
4953.46 1.668123114004866
4953.76 1.6662729419617057
4954.06 1.664422623857715
4954.35 1.66263384419422
4954.65 1.6607832388661155
4954.95 1.6589324875065112
4955.25 1.6570815901253009
4955.54 1.6548102506387394
4955.84 1.6513523216449346
4956.14 1.647894126422534
4956.44 1.6444356649896625
4956.73 1.6410922325737223
4957.03 1.6376332476464062
4957.33 1.634173996562349
4957.63 1.630714479339663
4957.92 1.6273700263952082
4958.22 1.624192807387877
4958.52 1.623560832740409
4958.82 1.622928803522244
4959.11 1.622317790075617
4959.41 1.621685653545672
4959.71 1.621053462455804
4960.01 1.620421216809644
4960.3 1.6198099941629844
4960.6 1.6191776412333787
4960.9 1.618545233758258
4961.2 1.619660464763868
4961.49 1.620998516404637
4961.79 1.6223828022939581
4962.09 1.6237671843157895
4962.39 1.6251516624634446
4962.68 1.6264900827061646
4962.98 1.6278747498817745
4963.28 1.6292595131633862
4963.58 1.6306443725443118
4963.87 1.6300264787980279
4964.17 1.6283218400945396
4964.47 1.6266170667992064
4964.77 1.6249121589211397
4965.06 1.6232639533858781
4965.36 1.6215587808550234
4965.66 1.6198534737684622
4965.96 1.6181480321353108
4966.25 1.6164993106711536
4966.55 1.614754385647132
4966.85 1.612958035129016
4967.15 1.611161543348053
4967.44 1.6094248003572613
4967.74 1.6076280307872737
4968.04 1.6058311199828286
4968.34 1.6040340679534975
4968.63 1.6022967834253743
4968.93 1.6004994536816841
4969.23 1.5993369043712746
4969.53 1.6007140424064692
4969.82 1.6020453666184131
4970.0 1.6028717506667134
4970.12 1.6034226924635449
4970.42 1.604800113795404
4970.72 1.6061776306073505
4971.02 1.6075552428927447
4971.31 1.6088870255151986
4971.61 1.6102648255456649
4971.91 1.611642721029886
4972.21 1.6115829419362113
4972.5 1.6115251443888696
4972.8 1.6114653423507934
4973.1 1.6114055286471083
4973.4 1.6113457032785121
4973.69 1.6112878610013797
4973.99 1.6112280126938283
4974.29 1.6111681527234374
4974.58 1.611110276999871
4974.88 1.6091552046075843
4975.18 1.6066231612065534
4975.48 1.6040909221409523
4975.78 1.601558487424069
4976.07 1.5991102812328486
4976.37 1.5965774617739323
4976.48 1.5956487122933367
4976.67 1.594044446703204
4976.78 1.5931156255016106
4976.97 1.591511236033966
4977.08 1.590582343116251
4977.26 1.589062279805623
4977.38 1.5880488651505595
4977.56 1.585539790155239
4977.68 1.583828229112318
4977.86 1.5812607899397362
4977.98 1.5795490987546112
4978.16 1.5769814643753677
4978.28 1.5752696430569153
4978.45 1.5728444737551819
4978.58 1.570989862041435
4978.75 1.5685645084028073
4978.88 1.5667097557303609
4979.05 1.564284217767412
4979.18 1.5624293241458806
4979.35 1.560003601871186
4979.48 1.5581485673101985
4979.64 1.5558653640138707
4979.78 1.5538674852454744
4979.94 1.5515841085027495
4980.08 1.5495860779739086
4980.24 1.547102356879378
4980.39 1.544661178909905
4980.54 1.542219908491129
4980.69 1.53977854562619
4980.83 1.5374998568813714
4980.99 1.534895542570431
4981.13 1.5326166812739703
4981.29 1.5300121697678852
4981.43 1.5277331359315607
4981.59 1.5251284272437908
4981.73 1.5228492208793971
4981.89 1.5202443150233886
4982.02 1.518127751589663
4982.19 1.515359833131932
4982.32 1.513243109515246
4982.49 1.5104749815946272
4982.62 1.5083580978059181
4982.79 1.5055897604367263
4982.92 1.5042415458003926
4983.09 1.504740608523925
4983.21 1.505092899444208
4983.39 1.5056213534371914
4983.51 1.5059736678405002
4983.69 1.5065021570567856
4983.81 1.5068544949414775
4983.99 1.5073830193785975
4984.11 1.5077353807430198
4984.29 1.5082639403985079
4984.4 1.5085869594787942
4984.59 1.5091449201123999
4984.7 1.509467960712782
4984.89 1.5100259585161582
4985.0 1.5103490206351264
4985.19 1.510907055605664
4985.3 1.511230139241713
4985.49 1.511788211376808
4985.59 1.512081943006842
4985.79 1.5151198539406605
4985.89 1.5168550815728383
4986.09 1.5203256633701576
4986.19 1.5220610175333653
4986.39 1.525531852384088
4986.49 1.5272673330696376
4986.69 1.530738420956326
4986.78 1.5323004655379733
4986.99 1.535945369060793
4987.08 1.5375075274970136
4987.29 1.5411526966713671
4987.38 1.5427149689543287
4987.59 1.5463604037619407
4987.68 1.547922789883812
4987.9 1.551742099725947
4987.97 1.5529573774671475
4988.2 1.5569505783453486
4988.5 1.5613156840879674
4988.8 1.5645776973550845
4989.1 1.5678399455780967
4989.4 1.5711024287407924
4989.7 1.5743651468269904
4990.0 1.5776280998204801
4990.3 1.5808912877050616
4990.6 1.584154710464536
4990.9 1.5874183680826945
4991.2 1.589878366182249
4991.5 1.5904627165232488
4991.8 1.591047103106944
4992.1 1.591631525930752
4992.4 1.5922159849920894
4992.7 1.5928004802883773
4993.0 1.593385011817031
4993.3 1.5939695795754698
4993.6 1.594554183561111
4993.9 1.5947483807798348
4994.2 1.5929902980687538
4994.5 1.5912320781100722
4994.8 1.5894737209131022
4995.1 1.5877152264871555
4995.41 1.5858979714235761
4995.71 1.584139197994093
4996.01 1.5823802873638775
4996.31 1.580621239542239
4996.61 1.578887939823691
4996.91 1.5775169122482386
4997.21 1.576145776238841
4997.51 1.5747745318028368
4997.81 1.5734031789475662
4998.11 1.5720317176803693
4998.41 1.5706601480085776
4998.71 1.569288469939532
4999.01 1.5679166834805705
4999.31 1.5665447886390294
4999.61 1.5665476238065894
4999.91 1.5667032177215245
5000.21 1.566858816210298
5000.51 1.567014419272501
5000.81 1.5671700269077233
5001.11 1.5673256391155552
5001.41 1.5674812558955888
5001.71 1.5676368772474145
5002.01 1.5677925031706228
5002.31 1.569509771858171
5002.61 1.5717024592350177
5002.92 1.5739683990762678
5003.22 1.5761614017037062
5003.52 1.5783545593561412
5003.82 1.5805478720228385
5004.12 1.582741339693082
5004.42 1.5849349623561368
5004.72 1.5871287400012752
5005.02 1.5876943432881676
5005.32 1.5874457866083451
5005.62 1.587197204574357
5005.92 1.5869485971878468
5006.22 1.5866999644504574
5006.52 1.586451306363831
5006.82 1.5862026229296113
5007.12 1.5859539141494394
5007.42 1.5857051800249593
5007.72 1.5844517646344907
5008.02 1.5821935568105736
5008.32 1.5799351754302773
5008.62 1.577676620505399
5008.92 1.575417892047756
5009.22 1.573158990069158
5009.52 1.5708999145814153
5009.82 1.568640665596343
5010.0 1.5672850329314847
5010.12 1.5663812431257356
5010.42 1.5631036758213066
5010.73 1.5578996013707056
5011.03 1.5528630158971464
5011.33 1.547826052358914
5011.63 1.5427887107818554
5011.93 1.5377509911918152
5012.23 1.5327128936146546
5012.53 1.5276744180761852
5012.83 1.5226355646022658
5013.13 1.5178452033205034
5013.43 1.513738900472482
5013.73 1.50963228850663
5014.03 1.505525367444042
5014.33 1.5014181373058522
5014.63 1.497310598113179
5014.93 1.493202749887139
5015.23 1.4890945926488632
5015.53 1.4849861264194424
5015.83 1.4814414770340796
5016.13 1.4815635129612683
5016.43 1.481685551363043
5016.73 1.4818075922391425
5017.03 1.481929635589311
5017.33 1.4820516814132878
5017.63 1.4821737297108133
5017.93 1.4822957804816306
5018.23 1.48241783372548
5018.54 1.482543958008574
5018.84 1.48313322117956
5019.14 1.4837225211828275
5019.44 1.4843118580157573
5019.74 1.4849012316757375
5020.04 1.4854906421601486
5020.34 1.4860800894663737
5020.64 1.4866695735917972
5020.94 1.4872590945338002
5021.24 1.487848652289771
5021.54 1.4893327932152076
5021.84 1.4909546642624134
5022.14 1.4925766479640494
5022.44 1.4941987443122884
5022.74 1.4958209532993179
5023.04 1.497443274917312
5023.34 1.4990657091584494
5023.64 1.5006882560149084
5023.94 1.5023109154788634
5024.24 1.505449362201933
5024.54 1.509139207478485
5024.84 1.5128293171065137
5025.14 1.5165196910677792
5025.44 1.5202103293440328
5025.74 1.52390123191706
5026.04 1.527592398768613
5026.35 1.5314068821351248
5026.65 1.535098586296768
5026.95 1.5381064293387017
5027.25 1.5406583860888448
5027.55 1.5432105233622027
5027.85 1.5457628411462887
5028.15 1.5483153394286089
5028.45 1.5508680181966934
5028.75 1.5534208774380498
5029.05 1.5559739171401943
5029.35 1.5585271372906413
5029.65 1.5601338208693787
5029.95 1.5606586134908522
5030.0 1.5607460820063894
5030.25 1.5611834377775506
5030.55 1.5617082937272075
5030.85 1.5622331813375556
5031.15 1.5627581006063263
5031.45 1.563283051531256
5031.75 1.5638080341100777
5032.05 1.564333048340524
5032.35 1.564143924462502
5032.65 1.56252638805982
5032.95 1.560908726326178
5033.25 1.5592909392700967
5033.55 1.5576730269000891
5033.85 1.5560549892246707
5034.16 1.5543828853288228
5034.46 1.5527645928919895
5034.76 1.5511461751755686
5035.06 1.5490992117451452
5035.36 1.5456443729827218
5035.66 1.5421892745409338
5035.96 1.5387339164375353
5036.26 1.535278298690271
5050.0 1.564888902698075
5070.0 1.5695342978215991
5090.0 1.5977249419019535
5110.0 1.5489623274199127
5130.0 1.521700128359261
5150.0 1.4996597557413316
5170.0 1.2849823799711109
5190.0 1.4170381303129276
5210.0 1.4931167483640737
5230.0 1.570453786369853
5250.0 1.6324780562149686
5270.0 1.490738336992835
5290.0 1.7623631378793874
5310.0 1.8115715633543072
5330.0 1.6536130186948272
5350.0 1.7596916866780965
5370.0 1.7081814403634903
5390.0 1.7378157805516905
5410.0 1.6799409730830608
5430.0 1.7138026468233813
5450.0 1.7607123750265383
5470.0 1.752003198141106
5490.0 1.7880106488392296
5510.0 1.740743716469099
5530.0 1.7765734550981251
5550.0 1.821733441163249
5570.0 1.731516355625782
5590.0 1.694724457490174
5610.0 1.9167084249598565
5630.0 1.7916139120176708
5650.0 1.822723993991771
5670.0 1.8399468068691118
5690.0 1.822006813998996
5710.0 1.7566956338610211
5730.0 1.876130039540042
5750.0 1.8683963099792922
5770.0 1.89027187178312
5790.0 1.8443681092556663
5810.0 1.9121742601346323
5830.0 1.953664841844066
5850.0 1.8787658201107345
5870.0 1.8748566688890729
5890.0 1.579150067394685
5910.0 1.8554699776099266
5930.0 1.8634065334125534
5950.0 1.8580004315772802
5970.0 1.8908336227921845
5990.0 1.8977175565317472
6010.0 1.8473271016350894
6030.0 1.9219628119424572
6050.0 1.9575782959703951
6070.0 1.9514833016178135
6090.0 1.9070553806358912
6110.0 1.9381645523776594
6130.0 1.900544056862847
6150.0 1.9005783421507298
6170.0 1.7999559598240578
6190.0 1.8271511857983618
6210.0 1.8765246433867913
6230.0 1.7792245611015867
6250.0 1.7394788075056284
6270.0 1.8484442913941617
6290.0 1.2805265816652063
6310.0 1.9006758457362467
6330.0 1.9023193440123762
6350.0 1.9291132733185585
6370.0 1.9199154270501322
6390.0 1.9514844864013734
6410.0 1.8989052166152913
6430.0 1.9483739475257225
6450.0 1.927023015823696
6470.0 1.9579702853052248
6490.0 1.8791134131993172
6510.0 1.9976862339596597
6523.64 1.9612147409598706
6524.04 1.964669135061923
6524.43 1.9679002453925105
6524.82 1.970198921815157
6525.22 1.9725566928388432
6525.61 1.9748556698930058
6526.0 1.9771547953315238
6526.4 1.9795130268247234
6526.79 1.9818124527785954
6527.19 1.9842143220351398
6527.58 1.9867554659343656
6527.97 1.9892967747969452
6528.37 1.991903416765487
6528.76 1.9944450597200643
6529.15 1.9969868675742743
6529.55 1.999594021262944
6529.94 2.002119390329952
6530.0 2.002496126893605
6530.34 2.0046310382276418
6530.73 2.007080055323487
6531.12 2.009529230764228
6531.52 2.0120413700412025
6531.91 2.0144908661699104
6532.3 2.0169405205823687
6532.7 2.018998475068156
6533.09 2.019478103846476
6533.49 2.0199700540268086
6533.88 2.0204497280971863
6534.27 2.0209294245225653
6534.67 2.021421444075415
6535.06 2.0219011857751465
6535.46 2.0217249457622635
6535.85 2.0198351795397054
6536.24 2.017945272407773
6536.64 2.016006759762067
6537.03 2.0141165672531676
6537.42 2.012226233889037
6537.82 2.0102872841383546
6538.21 2.009995252428876
6538.6 2.0133001343641537
6539.0 2.016689982141482
6539.39 2.0199953033437628
6539.79 2.023385601593178
6540.18 2.0266913619490365
6540.57 2.029997339060415
6540.97 2.03536015006514
6541.36 2.0445823577849387
6541.76 2.0540416801074515
6542.15 2.0632651508353987
6542.54 2.0724892449536187
6542.94 2.081950501794195
6543.33 2.0911758584340676
6543.72 2.1013021367996254
6544.12 2.1133377314536657
6544.51 2.1250732417853286
6544.91 2.1371104887302614
6545.3 2.148847609837864
6545.69 2.1605855259855127
6546.09 2.1726252401159916
6546.48 2.178712212929386
6546.87 2.176673767657282
6547.27 2.174582897233437
6547.66 2.172544145198683
6548.06 2.1704529601869154
6548.45 2.1684139014683623
6548.84 2.166374691378004
6549.24 2.1648663223611053
6549.63 2.164164997721516
6550.0 2.163499583439339
6550.02 2.1634636135740433
6550.42 2.1627441834093335
6550.81 2.1620426787433042
6551.21 2.161323124985646
6551.6 2.160621499831923
6551.99 2.1667541954451917
6552.39 2.181222743011998
6552.78 2.1953305447618408
6553.17 2.209439302009839
6553.57 2.223910814699012
6553.96 2.238021507070841
6554.36 2.2524950042467653
6554.75 2.2823079302202935
6555.14 2.3270386814136916
6555.54 2.372919545010327
6555.93 2.4176564774342637
6556.33 2.4635436799383035
6556.72 2.5082867920012677
6557.11 2.5530329541853862
6557.51 2.6178844221144266
6557.9 2.696240251397527
6558.29 2.7746014291420753
6558.69 2.8549774230717087
6559.08 2.9333494327960374
6559.48 3.0137365350186363
6559.87 3.0921193739346915
6560.26 3.1524884337760755
6560.66 3.2001282981416885
6561.05 3.2465803659001056
6561.44 3.293035592749042
6561.84 3.340685260472996
6562.23 3.387146885275565
6562.63 3.434803114158847
6563.02 3.4271264080286796
6563.41 3.385607548782507
6563.81 3.3430211382456365
6564.2 3.301496497315404
6564.59 3.2599690026842802
6564.99 3.217373736481594
6565.38 3.1758404623874146
6565.78 3.107362434811836
6566.17 3.0270059227692983
6566.56 2.946643909254398
6566.96 2.864215617146384
6567.35 2.783842461763764
6567.75 2.701402743568559
6568.14 2.6210184491834068
6568.53 2.5562294516487065
6568.93 2.497775280179318
6569.32 2.440778512521602
6569.71 2.383777844893874
6570.0 2.3413902051760416
6570.11 2.325311570953903
6570.5 2.268303004904057
6570.9 2.2098286310596973
6571.29 2.1802639474756256
6571.68 2.161482232323035
6572.08 2.142217593375447
6572.47 2.12343326274753
6572.86 2.104647641183464
6573.26 2.0853789961747724
6573.65 2.0665907601392717
6574.05 2.073143012307646
6574.44 2.0879248366282446
6574.83 2.10270765666335
6575.23 2.117870557572097
6575.62 2.1326553941800257
6576.01 2.14744122612011
6576.41 2.1626072157650844
6576.8 2.1935876452792447
6577.2 2.2296506500895825
6577.59 2.2648144910408483
6577.98 2.299980712426242
6578.38 2.336051104251486
6578.77 2.3712221466167684
6579.16 2.4063955685026057
6579.56 2.442362623008443
6579.95 2.477405913846229
6580.35 2.513350211946103
6580.74 2.548398302095879
6581.13 2.583448761071732
6581.53 2.6194004101634834
6581.92 2.6544556666098256
6582.31 2.666613437272719
6582.71 2.6748132714971846
6583.1 2.6828086458441667
6583.5 2.6910095794399735
6583.89 2.699006025536264
6584.28 2.7070030006224135
6584.68 2.7152055757910443
6585.07 2.6867369969184147
6585.46 2.654098716087883
6585.86 2.6206212410126364
6586.25 2.5879784457348483
6586.65 2.554496341051595
6587.04 2.5218490324853557
6587.43 2.4891994962671333
6587.83 2.4442125495473803
6588.22 2.399101599669614
6588.62 2.3528307682504255
6589.01 2.3077135972581435
6589.4 2.2625933556715294
6589.8 2.2163129955172978
6590.0 2.1931716044449985
6590.19 2.1711865352007527
6590.58 2.1431501860178592
6590.98 2.1153406509215262
6591.37 2.088224482504895
6591.77 2.060411108276008
6592.16 2.033291197185475
6592.55 2.006169438799739
6592.95 1.978350332004765
6593.34 1.9720056078149197
6593.73 1.965660443897017
6594.13 1.9591521267414493
6594.52 1.952806072262863
6594.92 1.9462968418288442
6595.31 1.9399498970178997
6595.7 1.9337599273347787
6596.1 1.9335461401010845
6596.49 1.9333376731932492
6596.88 1.9331291822417533
6597.28 1.9329153203952558
6597.67 1.932706780749152
6598.07 1.9324928689657928
6598.46 1.9323670545689522
6598.85 1.9337725912268604
6599.25 1.9352142556556682
6599.64 1.9366199646229
6600.04 1.9380618057564816
6600.43 1.9394676869887015
6600.82 1.9408736532467852
6601.22 1.9419091714166687
6601.61 1.939350940801009
6602.0 1.9367925274646933
6610.0 1.9508711491500617
6630.0 1.9640685284929265
6650.0 1.9530921581330312
6670.0 1.9861578463156928
6690.0 1.969159525848477
6710.0 2.0078376032499197
6730.0 2.1012791017574646
6750.0 1.9092779430056332
6770.0 1.9152675078018917
6790.0 1.8897051372812548
6810.0 2.040434961114606
6830.0 1.9601088737689076
6850.0 1.9809820888710983
6870.0 1.8938045297289023
6890.0 1.9348900471462547
6910.0 1.9492866502392432
6930.0 1.951945708005202
6950.0 1.9909574041898508
6970.0 1.9986081705418646
6990.0 1.9935870540663174
7010.0 1.943339142190236
7030.0 1.9944734645287994
7050.0 1.960622182093872
7070.0 1.9477111754751582
7090.0 1.9126416089860516
7110.0 1.8952640002304546
7130.0 1.8845521106810008
7150.0 1.8926238874829735
7170.0 1.8884225702424091
7190.0 1.7825895235736653
7210.0 1.8125491629868922
7230.0 1.9222897342055505
7250.0 1.8777759187923424
7270.0 1.9499326587340888
7290.0 1.9506336005057139
7310.0 1.9421769127824524
7330.0 1.9840221152229571
7350.0 2.0277571851406258
7370.0 2.0332156339903786
7390.0 1.9922708192382927
7410.0 2.090355989513813
7430.0 2.0401821518382355
7450.0 2.102783935108174
7470.0 2.0933651800375115
7490.0 2.0724004809101664
7510.0 2.0804062158879115
7530.0 2.0783336727997326
7550.0 2.1294589350059576
7570.0 2.0820660422894988
7590.0 2.080094733535488
7610.0 2.0395587142877316
7630.0 2.0664521857117566
7650.0 2.068153360453429
7670.0 1.9100200796942157
7690.0 1.9821849632258723
7710.0 1.9552305074185625
7730.0 1.9549315816298463
7750.0 1.9679299747315435
7770.0 1.9490706932451867
7790.0 1.9295159426525312
7810.0 1.957701688128132
7830.0 2.015601870137109
7850.0 2.0003212864795037
7870.0 2.025972236507283
7890.0 1.9795361015790827
7910.0 1.9301730864161277
7930.0 1.909998244493386
7950.0 1.9329039864622037
7970.0 1.9698865161392476
7990.0 1.9501918280090065
8010.0 1.976483267889812
8030.0 1.967467218787847
8050.0 1.9986355358664316
8070.0 2.03602029555818
8090.0 1.9706165280936296
8110.0 1.9443610639978184
8130.0 1.9829645771270905
8150.0 1.996025084744038
8170.0 2.002211005267804
8190.0 2.0330085695608986
8210.0 2.0042814397445197
8230.0 1.8945009365038206
8250.0 1.9536441967759168
8270.0 2.0847475685295245
8290.0 1.9892278210834453
8310.0 1.914485435754349
8330.0 1.9638749924002372
8350.0 1.975663486391665
8370.0 1.9525834501573767
8390.0 1.903040663945294
8410.0 1.9853559024343852
8430.0 1.9813748122569819
8450.0 1.938090072286211
8470.0 1.9792291775748911
8490.0 1.9317981915882063
8510.0 1.6890403210511005
8530.0 1.8815705290968108
8550.0 1.5372975553004666
8570.0 1.9494201917483824
8590.0 1.9607130251380656
8610.0 1.8931166765629008
8630.0 1.9587507972195204
8650.0 1.9393325744294019
8670.0 1.7436662577312212
8690.0 1.895679540658411
8710.0 1.9129326505826507
8730.0 1.9634442244549641
8750.0 1.9605063769875477
8770.0 1.9609626871893295
8790.0 1.9833677661189344
8810.0 1.9916017718476229
8830.0 1.9753965253733614
8850.0 1.9173140253154626
8870.0 1.8885807373704806
8890.0 1.8623641722931477
8910.0 1.9016063061188673
8930.0 1.894494955140969
8950.0 1.8833897048768593
8970.0 1.8100461198934858
8990.0 1.9150985744302584
9010.0 1.8282941504844858
9030.0 1.751679267194323
9050.0 1.9600791286632466
9070.0 2.0057305387464535
9090.0 1.7945283381013428
9110.0 1.776239503535152
9130.0 1.8380631432996266
9150.0 1.8506419660465045
9170.0 1.812833125972225
9190.0 1.8186716398413325
9210.0 1.844663023168117
9230.0 1.815581361689846
9250.0 1.8451099388007997
9270.0 1.8239485545372918
9290.0 1.7860760109018534
9310.0 1.7268513974770179
9330.0 1.9252625846495937
9350.0 1.9224132951587312
9370.0 1.8968060725968008
9390.0 1.9147424546568506
9410.0 1.8933446878748774
9430.0 1.914095785855238
9450.0 1.9180868481157054
9470.0 1.9264876400008728
9490.0 1.933024939890403
9510.0 1.9126352936233204
9530.0 1.9085071687497759
9550.0 1.8743596128020084
9570.0 1.914636724909295
9590.0 1.9440439453259555
9610.0 1.9279802448891379
9630.0 1.9324779286442766
9650.0 1.918535029342073
9670.0 1.9104328736675136
9690.0 1.9076347328760794
9710.0 1.8979103531132153
9730.0 1.8865062863061643
9750.0 1.8848968322777142
9770.0 1.889321273425178
9790.0 1.8711779048009773
9810.0 1.9013752365402783
9830.0 1.8986351779285473
9850.0 1.8990327906134814
9870.0 1.8962540195126445
9890.0 1.8833843413325462
9910.0 1.8781480937148827
9930.0 1.8899562053989933
9950.0 1.8948103713872606
9970.0 1.8960531827986817
9990.0 1.8911253166222126
10025.0 1.8831135438975546
10075.0 1.8656952248840204
10125.0 1.886744684707516
10175.0 1.8789610679311795
10225.0 1.882244900696325
10275.0 1.8892795124860735
10325.0 1.8756167982943726
10375.0 1.8623386454904838
10425.0 1.848976614139844
10475.0 1.8355316838532933
10525.0 1.8219366280945182
10575.0 1.8082239305672196
10625.0 1.7944308333241672
10675.0 1.7805582619472862
10725.0 1.766813383066568
10775.0 1.7535856658358988
10825.0 1.7402837586681736
10875.0 1.726908503452293
10925.0 1.7125046468917644
10975.0 1.6955015267334483
11025.0 1.678416654076207
11075.0 1.6612509441527261
11125.0 1.6524200403833098
11175.0 1.6466653427944034
11225.0 1.6408671706486477
11275.0 1.6350260026512158
11325.0 1.6325523144055425
11375.0 1.6322650180257934
11425.0 1.63195245288366
11475.0 1.6316148924395222
11525.0 1.6279104030512759
11575.0 1.619287413456105
11625.0 1.6106171610169566
11675.0 1.6019001525207972
11725.0 1.5915594530790058
11775.0 1.580382901031528
11825.0 1.5691546719905232
11875.0 1.5578753129556815
11925.0 1.5485014320024513
11975.0 1.5432371641841505
12025.0 1.5379393734200402
12075.0 1.5326084092911525
12125.0 1.5277515214849986
12175.0 1.5234832833891188
12225.0 1.519185747746756
12275.0 1.5148592159525303
12325.0 1.5083954398544355
12375.0 1.4999288782527402
12425.0 1.4914241989308084
12475.0 1.4828817894641324
12525.0 1.474955741945929
12575.0 1.4675974711831947
12625.0 1.4602055879528733
12675.0 1.4527804295514437
12725.0 1.4458486973073208
12775.0 1.4395076993579576
12825.0 1.4331370556387175
12875.0 1.4267370597904083
12925.0 1.420577392854645
12975.0 1.4149351411854632
13025.0 1.4092662149401245
13075.0 1.403570874965289
13125.0 1.3960268793366215
13175.0 1.3878092976509198
13225.0 1.3795607297464154
13275.0 1.371281475074964
13325.0 1.3640399009804927
13375.0 1.357901293310648
13425.0 1.351737492965684
13475.0 1.3455487403059398
13525.0 1.3409222039620945
13575.0 1.3367085035477195
13625.0 1.3324746720585772
13675.0 1.3282208991179498
13725.0 1.321138731216937
13775.0 1.3098630766444803
13825.0 1.2985542166658532
13875.0 1.287212460778954
13925.0 1.274895689217525
13975.0 1.2618887179083864
14025.0 1.2488466816035808
14075.0 1.2357699033129166
14125.0 1.2293683029657552
14175.0 1.2255105883326032
14225.0 1.2216364152352177
14275.0 1.2177459332451506
14325.0 1.219012856300769
14375.0 1.2215372249004586
14425.0 1.22405742246577
14475.0 1.2265734861239062
14525.0 1.2193411187592806
14570.0 1.2110057655601592
14620.0 1.2017206846776665
14675.0 1.1914786854630581
14725.0 1.1925967513827724
14775.0 1.1963345333229174
14825.0 1.2000708833463032
14875.0 1.203805813678661
14925.0 1.206081408712924
14975.0 1.2077686646631225
15025.0 1.2094511152560405
15075.0 1.2111288019636206
15125.0 1.2147158116433108
15175.0 1.2197381694469083
15225.0 1.2247613534396242
15275.0 1.2297853561796497
15325.0 1.2321226743713871
15375.0 1.2299003189419104
15425.0 1.2276672396755437
15475.0 1.2254235275306133
15525.0 1.2215386719648937
15575.0 1.2172975348697492
15625.0 1.2130429751851146
15675.0 1.2087751056060463
15725.0 1.2023357609328424
15775.0 1.1938718445040837
15825.0 1.1853886554492814
15875.0 1.1768863539619936
15925.0 1.1698869579048086
15975.0 1.1714877709573426
16050.0 1.1738820672010828
16150.0 1.173552879801764
16250.0 1.1694213979361108
16350.0 1.1644741765267375
16450.0 1.159006303859204
16550.0 1.154061337505813
16650.0 1.1501156334589402
16750.0 1.1438120581200133
16850.0 1.1344968794483858
16950.0 1.1239812922196446
17050.0 1.1122830178242626
17150.0 1.0953108979069937
17250.0 1.0739586313029532
17350.0 1.0565615010665261
17450.0 1.0421652872302096
17550.0 1.024863661494031
17650.0 1.0053123258690326
17750.0 0.9868598937624328
17850.0 0.9693383655685046
17950.0 0.9502067984971424
18050.0 0.9294041888822546
18150.0 0.9127267304816381
18250.0 0.9018245126018446
18350.0 0.8885912293670505
18450.0 0.8704696417527445
18550.0 0.8528986896922827
18650.0 0.835637560461724
18750.0 0.8221182471036166
18850.0 0.8125737800389948
18950.0 0.8036477756330793
19050.0 0.7960708732197136
19150.0 0.7863304018642449
19250.0 0.7749445481609434
19350.0 0.7619853578746322
19450.0 0.7462356620746363
19550.0 0.7339534384054315
19650.0 0.7242657453401216
19750.0 0.7136273624943569
19850.0 0.7009470073147535
19950.0 0.6914163057681056
20050.0 0.685173343784218
20150.0 0.6769192958799346
20250.0 0.6675635969238505
20350.0 0.6595940358007195
20450.0 0.6545615056129999
20550.0 0.6478602592154629
20650.0 0.6390602517848076
20750.0 0.6312377755606131
20850.0 0.6242282409911886
20950.0 0.6178114199962138
21050.0 0.6117358402841077
21150.0 0.606285229784133
21250.0 0.6010973318563664
21350.0 0.5955899725984234
21450.0 0.589185055595803
21550.0 0.5818932100502308
21650.0 0.5723857678287597
21750.0 0.5642789603032945
21850.0 0.5595885760968625
21950.0 0.5540525502013506
22050.0 0.5463883183119966
22150.0 0.5383238764541108
22250.0 0.5291162954437507
22350.0 0.522223925424197
22450.0 0.5162212904643648
22550.0 0.5099842931214892
22650.0 0.5036198791510519
22750.0 0.4869713367382155
22850.0 0.46282746457985247
22950.0 0.44946215333898687
23050.0 0.44782926773229986
23150.0 0.43432829308328064
23250.0 0.39974699225111404
23350.0 0.3835702563141138
23450.0 0.37326161948085096
23550.0 0.37052142579918773
23650.0 0.3727410852116268
23750.0 0.36826210216907157
23850.0 0.3549318278749254
23950.0 0.3431319172325898
24050.0 0.33629463405840637
24150.0 0.33254472190513973
24250.0 0.33104043353651696
24350.0 0.32556200312052364
24450.0 0.3126901426879692
24550.0 0.3070475612931743
24650.0 0.3050575901169253
24750.0 0.29311816752963843
24850.0 0.266172963967297
24950.0 0.25694027483677656
25050.0 0.2558118371430823
25150.0 0.25569343117417964
25250.0 0.25719978946654026
25350.0 0.25734826482163703
25450.0 0.2567423250698973
25550.0 0.2570799097081878
25650.0 0.25958666570887334
25750.0 0.25922433535297695
25850.0 0.2563628347268901
25950.0 0.25539652313870875
26050.0 0.2550497345260084
26150.0 0.2536110945189122
26250.0 0.2502235969750161
26350.0 0.24774178998577157
26450.0 0.24600397733700397
26550.0 0.24429638945255666
26650.0 0.24259840029587978
26750.0 0.24082674586359856
26850.0 0.23886688025065797
26950.0 0.2369240888652821
27050.0 0.235005630084011
27150.0 0.23263767786892275
27250.0 0.22991403370663197
27350.0 0.22780423082617549
27450.0 0.2259805465359553
27550.0 0.2240902762864186
27650.0 0.2221802726963795
27750.0 0.22037895167475388
27850.0 0.2189124987581289
27950.0 0.21720359723213606
28050.0 0.21499606274729327
28150.0 0.21290715406331617
28250.0 0.21100462469734552
28350.0 0.20901541686177474
28450.0 0.2069176074221569
28550.0 0.20484587201612484
28650.0 0.2028025866800595
28750.0 0.2010177784164736
28850.0 0.19948686181186914
28950.0 0.19774075798338564
29050.0 0.19579210257370946
29150.0 0.1938703736165114
29250.0 0.1919742247678545
29350.0 0.1902080641231432
29450.0 0.18857454436801394
29550.0 0.18695859194646552
29650.0 0.18536327302331576
29750.0 0.18369681223919426
29850.0 0.18193249106615522
29950.0 0.18025787350471806
30050.0 0.17874455415206159
30150.0 0.17723948696653188
30250.0 0.1757576798314781
30350.0 0.17424382182566556
30450.0 0.17260590539467408
30550.0 0.1712880904872868
30650.0 0.17004999801107296
30750.0 0.16883309353751588
30850.0 0.16762509780562093
30950.0 0.16643034811406035
31050.0 0.16524575027517133
31150.0 0.16414415927887424
31250.0 0.1630958004084765
31350.0 0.16185303266544082
31450.0 0.16006208833806113
31550.0 0.15864107672206887
31650.0 0.15730342575504627
31750.0 0.15629672047725132
31850.0 0.155480243823973
31950.0 0.15459857771577487
32100.0 0.15315081487458987
32300.0 0.15071633393883285
32500.0 0.15011164042403466
32700.0 0.15103117099815982
32900.0 0.15767076164473207
33100.0 0.1557750843049454
33300.0 0.14541538460386552
33500.0 0.13794747100061264
33700.0 0.134704382398595
33900.0 0.1310482413609631
34100.0 0.1287458954231157
34300.0 0.12597417592732035
34500.0 0.12403353924873893
34700.0 0.12139146862569171
34900.0 0.11954241941339024
35100.0 0.1169785069361968
35300.0 0.11499752032110135
35500.0 0.11283830305101147
35700.0 0.11115949680520919
35900.0 0.1088448350761441
36100.0 0.10724512539077682
36300.0 0.10501734601093864
36500.0 0.1028692395778183
36700.0 0.10137905500282365
36900.0 0.09880709404281482
37100.0 0.09688022557442291
37300.0 0.0956705223128938
37500.0 0.09332468297803145
37700.0 0.09204590016614246
37900.0 0.09059433266249534
38100.0 0.08896319978626714
38300.0 0.08740475778337933
38500.0 0.08619917137886078
38700.0 0.08435949925835484
38900.0 0.08281894114536689
39100.0 0.08139405218392223
39300.0 0.0802945266169691
39500.0 0.07864086018480718
39700.0 0.07721241533077558
39900.0 0.07535221543882896
40100.0 0.07420826436156638
40300.0 0.07296400780497009
40500.0 0.07188875999581253
40700.0 0.07069350354923284
40900.0 0.06963733951746946
41100.0 0.06847062451776956
41300.0 0.06731123083003478
41500.0 0.06603701820097148
41700.0 0.06493554896938135
41900.0 0.06385726174568329
42100.0 0.06283068224985829
42300.0 0.06198860564126162
42500.0 0.061309930240172825
42700.0 0.06049753968239297
42900.0 0.05847844435391763
43100.0 0.056211270257694464
43300.0 0.05556141961340219
43500.0 0.05389100339728083
43700.0 0.05262322195898243
43900.0 0.051740891971484564
44100.0 0.05029007937732047
44300.0 0.04940984105799519
44500.0 0.0481666035187905
44700.0 0.04717773960327433
44900.0 0.046784055795460036
45100.0 0.046030359600374084
45300.0 0.04519113636641724
45500.0 0.044872990785634906
45700.0 0.04427553967852997
45900.0 0.04322422966624072
46100.0 0.04309990160931635
46300.0 0.04250307214607926
46500.0 0.04201916181337322
46700.0 0.041502450724640316
46900.0 0.040958995475331605
47100.0 0.04039429136765426
47300.0 0.04030829333905256
47500.0 0.039639192530837586
47700.0 0.039273709574880085
47900.0 0.03859778971352269
48100.0 0.03806495918953367
48300.0 0.03811508331918439
48500.0 0.03749063368430371
48700.0 0.037019362738270174
48900.0 0.036417903815079755
49100.0 0.03605627923123917
49300.0 0.03576409934703988
49500.0 0.0353345495631285
49700.0 0.03491031123626816
49900.0 0.03451574806470248
50100.0 0.034284254949067644
50300.0 0.03398855094807126
50500.0 0.03345714636628829
50700.0 0.03329608907989392
50900.0 0.033076952839108394
51100.0 0.03274303595411277
51300.0 0.03242013499362831
51500.0 0.03220998191896513
51700.0 0.032000437095531666
51900.0 0.03170018425385212
52100.0 0.03144457864683643
52300.0 0.031172057894176965
52500.0 0.03099447969325065
52700.0 0.03091521115016311
52900.0 0.030572269339632148
53100.0 0.0303207587727857
53300.0 0.030190284366886238
53500.0 0.03001279728528474
53700.0 0.029825978697884985
53900.0 0.02964246028797894
54100.0 0.029505882256476428
54300.0 0.0292786367428919
54500.0 0.029135360846070317
54700.0 0.028982511371971702
54900.0 0.028794815420178903
55100.0 0.028659326654987605
55300.0 0.028702559145149357
55500.0 0.028467294428581893
55700.0 0.028388207234201292
55900.0 0.02828738563955467
56100.0 0.02819161731516376
56300.0 0.02808442939862543
56500.0 0.028070538573695517
56700.0 0.028058904524853042
56900.0 0.02799479447053874
57100.0 0.028028422096887703
57300.0 0.028059964264261626
57500.0 0.02804698379585903
57700.0 0.028100395607374828
57900.0 0.028232385354022796
58100.0 0.028343723433410677
58300.0 0.028481918171624234
58500.0 0.028694245247113632
58700.0 0.028877315267979896
58900.0 0.027665769192977578
59100.0 0.019033954899851036
59300.0 0.019224397268520918
59500.0 0.02079475667855477
59700.0 0.0237633690519841
59900.0 0.027193915574136755
60100.0 0.030385046750524274
60300.0 0.03319173316146507
60500.0 0.03428439187434937
60700.0 0.03549380872376548
60900.0 0.03755679815948564
61100.0 0.041588070418052334
61300.0 0.04754050000364512
61500.0 0.058087098270643775
61700.0 0.07081353734772687
61900.0 0.08295788802954622
62100.0 0.08476580600887092
62300.0 0.08297975922166465
62500.0 0.07852479164035156
62700.0 0.0704997973145831
62900.0 0.06346837111810699
63100.0 0.05743489438963729
63300.0 0.055034127772613316
63500.0 0.05282316632168327
63700.0 0.05063110663789084
63900.0 0.04627958470389365
64200.0 0.04014620720552672
64600.0 0.03842949704692245
65000.0 0.03439192233796399
65400.0 0.03315170020152922
65800.0 0.032844133522931175
66200.0 0.03289346980865294
66600.0 0.03419854286573319
67000.0 0.032000458272569164
67400.0 0.03341552353731175
67800.0 0.03531428775729826
68200.0 0.03464077027517788
68600.0 0.03843080701011616
69000.0 0.039595370228506115
69400.0 0.04682340031628453
69800.0 0.05811724635832532
70200.0 0.04797206531033646
70600.0 0.04148491570597251
71000.0 0.04223331955923812
71400.0 0.048416235638899914
71800.0 0.04184241700936725
72200.0 0.04359728253994201
72600.0 0.04226473772770823
73000.0 0.052300931623682656
73400.0 0.05449725165022853
73800.0 0.05063214676285488
74200.0 0.05904264673602082
74600.0 0.06969204733125085
75000.0 0.06663556314318392
75400.0 0.0817288556056553
75800.0 0.08528520895560703
76200.0 0.07771805362888291
76600.0 0.07321421212124682
77000.0 0.07123526096123582
77400.0 0.06992104794488373
77800.0 0.06918294669238188
78200.0 0.06914460757262898
78600.0 0.06632142435304837
79000.0 0.06263150301065105
79400.0 0.057908449747475464
79800.0 0.05316829152680851
80200.0 0.04861402405044725
80600.0 0.04460567616281455
81000.0 0.04158733029793561
81400.0 0.03917817277541877
81800.0 0.03783059350240221
82200.0 0.03711172151535377
82600.0 0.03675901496255681
83000.0 0.035966129337028904
83400.0 0.035278579049348974
83800.0 0.034689643930327634
84200.0 0.03380218217628505
84600.0 0.03405747393195598
85000.0 0.03590590893961671
85400.0 0.03830881816448496
85800.0 0.03935570311869637
86200.0 0.0373906827562
86600.0 0.03439101465705152
87000.0 0.031219676291886937
87400.0 0.028489485612881237
87800.0 0.025111020904913416
88200.0 0.021626009804408382
88600.0 0.019490439261577
89000.0 0.01745067397801948
89400.0 0.015562474415474797
89800.0 0.016086977733849647
90200.0 0.015393581839118408
90600.0 0.013405657693633279
91000.0 0.013017273548543118
91400.0 0.012625640656869228
91800.0 0.012057650676359888
92200.0 0.011747637441835187
92600.0 0.011498643921395822
93000.0 0.011278319899167128
93400.0 0.011486160052791645
93800.0 0.011539895700112825
94200.0 0.010344041454203454
94600.0 0.010573386525371778
95000.0 0.011494211047395394
95400.0 0.011604412064818917
95800.0 0.011525433156327326
96200.0 0.011292956766103592
96600.0 0.01213087046419234
97000.0 0.012428261514020001
97400.0 0.012073100169042684
97800.0 0.011015017300103663
98200.0 0.010149062303567066
98600.0 0.009763876508943316
99000.0 0.009562391458079408
99400.0 0.009518812775202798
99800.0 0.00980099060678089
100200.0 0.009900111926407325
100400.00000000009 0.00991255054213899
100748.43066198383 0.009878587868007091
101098.07052641988 0.00980927728586342
101448.92378975474 0.009491873909796103
101800.9946629978 0.00915448786411961
102154.28737177301 0.009152182194955701
102508.80615636887 0.009209247855778013
102864.55527178946 0.009389005491434194
103221.53898780573 0.009549889826235333
103579.76158900595 0.009697536824633925
103939.22737484834 0.009820781185862371
104299.94065971187 0.010011797928575568
104661.9057729482 0.010658364187229416
105025.12705893395 0.01123898444765547
105389.60887712192 0.01172966397699067
105755.35560209466 0.011876381990609041
106122.37162361621 0.011895747357147182
106490.66134668495 0.011977542933789932
106860.22919158668 0.012006337260780126
107231.07959394684 0.011939099560032862
107603.217004785 0.011915761683348205
107976.64589056744 0.011921223565296051
108351.370733261 0.012251442580560245
108727.39603038708 0.01299094750270452
109104.72629507471 0.01441362931467362
109483.36605611602 0.015565431135242688
109863.31985801981 0.016628126342648538
110244.59226106624 0.017759329428696926
110627.1878413618 0.0195215271152559
111011.11119089334 0.021976164796473345
111396.36691758451 0.02911483439343475
111782.95964535022 0.03670669232280823
112170.89401415233 0.04343599239655338
112560.17468005554 0.044499477758263364
112950.80631528242 0.04238933522736957
113342.79360827077 0.03690768039092274
113736.1412637291 0.032109499892827915
114130.85400269323 0.02800965753904066
114526.93656258319 0.025262692881772478
114924.39369725919 0.022788405838297252
115323.23017708007 0.020607665149270912
115723.45078895958 0.01924357919390347
116125.06033642414 0.01813745372214218
116528.06363967061 0.01722119382674512
116932.46553562334 0.016726899243256904
117338.27087799355 0.016525601179524636
117745.48453733666 0.01686854392231995
118154.11140111096 0.017099918570378975
118564.15637373661 0.017389608463590844
118975.62437665339 0.018232821544416307
119388.52034838134 0.018810646133487614
119802.84924457902 0.019156388386613134
120218.61603810318 0.019013087511299737
120635.82571906883 0.018617714011601675
121054.48329490799 0.018148796988490104
121474.59379043133 0.017878907218146486
121896.16224788758 0.017792215476367435
122319.19372702412 0.01792398122677388
122743.69330514787 0.018489312203290822
123169.6660771864 0.018708340818506895
123597.11715574806 0.01899495936824187
124026.0516711849 0.01958272269331913
124456.47477165324 0.02008107201761649
124888.39162317566 0.02074171037362022
125321.80740970328 0.021598747020907923
125756.72733317701 0.02228704477094852
126193.15661359143 0.022866628956103616
126631.1004890565 0.02355735631426951
127070.56421586059 0.025012863604250913
127511.55306853396 0.03301858177770405
127954.0723399109 0.03883673286165333
128398.12734119488 0.03809605001719451
128843.72340202122 0.025433370948422598
129290.86587052139 0.017904483743318683
129739.56011338736 0.014624913271939481
130189.81151593504 0.013673607448180164
130641.62548217046 0.013463630590434357
131095.00743485359 0.01344306717489109
131549.96281556363 0.013464835072335916
132006.49708476473 0.013404316027466317
132464.61572187033 0.013347799449195764
132924.3242253105 0.013278973819856486
133385.628112597 0.013179806246056113
133848.53292038973 0.01291645334247785
134313.04420456337 0.012619723396272198
134779.167540273 0.012407412610737271
135246.90852202274 0.012342258740358492
135716.27276373174 0.01216692007938234
136187.2658988018 0.012337360449251192
136659.8935801853 0.012302279036254192
137134.16148045196 0.011831712168513928
137610.07529185852 0.011332726294882786
138087.64072641605 0.011149707804833408
138566.86351595866 0.011211313008151532
139047.7494122127 0.011393905838327098
139530.30418686455 0.011454429759726452
140014.53363163173 0.011705225324652783
140500.44355833106 0.01198490896248764
140988.03979894897 0.012097027783614253
141477.32820571162 0.011989795342199157
141968.3146511539 0.012164826859188087
142461.00502819192 0.01228501640384903
142955.40525019236 0.011855021729802377
143451.52125104374 0.011116089291850378
143949.35898522806 0.010415706616749901
144448.924427891 0.00965682006898739
144950.2235749154 0.010721344478685382
145453.2624429921 0.010724447120305005
145958.04706969234 0.010442068451548969
146464.58351354074 0.01044479640067983
146972.87785408652 0.010411871647225615
147482.9361919785 0.01023837435051569
147994.76464903704 0.010179868294240347
148508.36936832778 0.010287117477810944
149023.7565142358 0.010226808111233403
149540.9322725382 0.010067603120590927
150059.90285048028 0.009916803980181087
150580.6744768489 0.009783376903873361
151103.25340204738 0.009795718077173034
151627.64589817091 0.009818821080665
152153.85825908065 0.00986169826470028
152681.89680048096 0.009744698475630018
153211.76785999417 0.009526945504095944
153743.47779723676 0.009578105909404775
154277.0329938962 0.009824369496280004
154812.43985380605 0.010856022381049869
155349.70480302497 0.011581467825086757
155888.8342899124 0.011949803212413086
156429.8347852063 0.011306367417630338
156972.71278210124 0.010437164432832734
157517.47479632485 0.010570629890999467
158064.1273662182 0.01069985339374781
158612.67705281274 0.01082250578453392
159163.1304399096 0.010908725040832689
159715.49413415877 0.010977176186806926
160269.77476513712 0.010988658375038166
160825.97898542997 0.011089717081768126
161384.11347070962 0.011311252703152343
161944.18491981577 0.011804833116267312
162506.2000548363 0.012462481039226448
163070.1656211866 0.013598686290631993
163636.0883876925 0.01474817531626465
164203.97514667013 0.01590970416080215
164773.83271400793 0.015902730472572478
165345.66792924836 0.01559808269782074
165919.48765567035 0.014865142275960879
166495.29878037024 0.014652719447357196
167073.10821434658 0.01469381181864949
167652.9228925817 0.01508938296291884
168234.74977412526 0.015464426610728823
168818.59584217807 0.015824044814652917
169404.46810417465 0.017227150347070407
169992.37359186928 0.01833119710450342
170582.3193614191 0.01905061501204317
171174.31249346913 0.01768091406023326
171768.3600932375 0.01640112626650765
172364.46929059955 0.015792800835016555
172962.64724017525 0.015828567339802462
173562.90112141386 0.015746575278764496
174165.23813868032 0.014988754724902978
174769.6655213422 0.014271240395898815
175376.19052385495 0.013631666112456716
175984.8204258511 0.013186171605894675
176595.5625322263 0.013108975146847364
177208.42417322725 0.013072451208115942
177823.4127045401 0.012804060610404566
178440.53550737724 0.012644480814763829
179059.79998856818 0.012518797050243832
179681.21358064678 0.012397104097667701
180304.7837419411 0.012046339836374445
180930.51795666298 0.011653395923473132
181558.42373499667 0.011276388651765496
182188.508613191 0.011367519997869328
182820.7801536484 0.01152308933734461
183455.24594501613 0.011691465102812867
184091.9136022776 0.011723291122148224
184730.79076684228 0.011760160530168864
185371.88510663982 0.012070662468811794
186015.20431621035 0.014020886617525763
186660.7561167974 0.017021302274588417
187308.54825644082 0.018540109251481866
187958.58851006837 0.015753840994677738
188610.8846795912 0.013387925539278096
189265.44459399607 0.012050201029025473
189922.27610943964 0.011756579416358864
190581.38710934314 0.011903387220312717
191242.78550448545 0.011903362317331448
191906.4792331004 0.012025643452036485
192572.47626097052 0.012505044958032268
193240.7845815229 0.012107146951004288
193911.41221592567 0.01191578972695511
194584.36721318262 0.01190719983920913
195259.65765023217 0.011959333185930975
195937.29163204285 0.012065825519902295
196617.27729171072 0.012056452198909686
197299.62279055765 0.011909411626347325
197984.33631822755 0.01164000110305722
198671.42609278703 0.011695196341707686
199360.90036082253 0.011845060777594504
200052.7673975396 0.011978122980113318
200747.03550686277 0.011902384729173664
201443.7130215334 0.012072024586315074
202142.80830321225 0.012137159494777864
202844.3297425782 0.012112551909423725
203548.28575942936 0.012125091870807047
204254.6848027845 0.011955106637303984
204963.53535098286 0.011984585493360357
205674.84591178835 0.012306235948173757
206388.62502249 0.01262900266674112
207104.88125000495 0.01257671340166478
207823.62319098154 0.012501023201476866
208544.8594719008 0.012352036993352843
209268.59874918268 0.012126045317899454
209994.84970928813 0.011929127463719543
210723.62106882382 0.012243124763483371
211454.9215746472 0.012558211767301356
212188.76000396966 0.01262384226965821
212925.1451644646 0.01254879782545602
213664.08589437135 0.012414921538508145
214405.5910626017 0.01209910757460021
215149.66956884676 0.011782197602041612
215896.33034368197 0.012047366015062426
216645.5823486771 0.0124034916707549
217397.43457650184 0.012724254548483666
218151.8960510343 0.013010459960947594
218908.9758274697 0.013203026478798811
219668.68299242735 0.012916244873732415
220431.02666406232 0.012628468014637143
221196.01599217302 0.01243180799318509
221963.66015831166 0.012251977234782444
222733.96837589474 0.01228744415950744
223506.94989031187 0.012512357213866737
224282.61397903945 0.012738692740440276
225060.96995175022 0.012967816961820583
225842.02715042542 0.013197736341608582
226625.79494946744 0.013113818437400122
227412.28275581042 0.013019698994021613
228201.50000903595 0.012943713738700575
228993.45618148448 0.012874929443994964
229788.16077836952 0.012882522088729418
230585.62333789226 0.012976144070128611
231385.85343135396 0.01304603832905897
232188.8606632739 0.013042612326428938
232994.65467150253 0.013038399185458661
233803.24512733784 0.013014264146600157
234614.64173564175 0.012990045348901332
235428.8542349548 0.01289838945847209
236245.89239761574 0.01279393582512215
237065.76602987712 0.01277325369343939
237888.48497202326 0.012794860395369735
238714.05909848903 0.012800055466803026
239542.4983179762 0.01278888920128567
240373.81257357553 0.012819407728875368
241208.01184288395 0.01292646117487305
242045.10613812497 0.012992117888331219
242885.10550626923 0.012909385975963592
243728.0200291531 0.012821119063037293
244573.85982360275 0.01268532441111846
245422.63504155353 0.012549058494055581
246274.3558701723 0.012642349824095966
247129.0325319802 0.012737129333645479
247986.67528497343 0.01284058405991344
248847.29442274923 0.012945290020070417
249710.90027462755 0.012969577835493889
250577.5032057754 0.01297692920617135
251447.1136173319 0.012880272204340537
252319.741946531 0.012750809890993182
253195.39866682977 0.012684818565849933
254074.09428803218 0.012644492644455227
254955.83935641564 0.012696895051408301
255840.64445485763 0.012794295186233484
256728.52020296326 0.013009842423051277
257619.47725719062 0.013289444070573855
258513.52631098175 0.013486011414068015
259410.67809488898 0.013635866178045204
260310.94337670426 0.013504218936977924
261214.33296158884 0.01321406255379037
262120.8576922009 0.012980335487965611
263030.5284488288 0.012776058167601582
263943.3561495196 0.012670305762966823
264859.35175021074 0.01261056622632389
265778.5262448618 0.012818753996007855
266700.8906655845 0.013131787233660874
267626.45608277834 0.013167857132052596
268555.23360526125 0.013121517148369333
269487.23438040353 0.013119829101604587
270422.46959426196 0.013127053429107608
271360.9504717122 0.013120530793385522
272302.6882765867 0.013112599190192503
273247.69431180746 0.013144211272035267
274195.97991952254 0.013156074397897871
275147.55648124265 0.012970633625254814
276102.4354179754 0.012865359888167449
277060.6281903659 0.013080842366276484
278022.1462988321 0.013236373924558375
278987.001283703 0.013264071224956254
279955.20472535834 0.013451734829181428
280926.7682443648 0.013833797236872359
281901.7035016192 0.013973267192663903
282880.0221984859 0.013946586029147225
283861.73607693805 0.013689514985696278
284846.856919699 0.013353541727299639
285835.39655038144 0.013179467352653398
286827.3668336328 0.013041937971358282
287822.7796752752 0.013132959967309487
288821.64702244906 0.013225221103279205
289823.9808637571 0.013320316956017122
290829.79322940577 0.01336854739120551
291839.0961913531 0.013362214445661671
292851.90186345164 0.013396434086135613
293868.22240159387 0.013450959867544278
294888.0700038592 0.013452970016801563
295911.45691065746 0.013455187681061315
296938.39540488017 0.013517360169185238
297968.8978120446 0.01354981738310141
299002.9765004432 0.013524647089620596
300040.643881292 0.013505316436367685
301081.9124088775 0.013490117374449013
302126.7945807098 0.0136613562377315
303175.3029376698 0.013844044905568224
304227.45006416074 0.01380898561795096
305283.2485882598 0.013812013839894149
306342.71118186694 0.01387889769121501
307405.8505608609 0.013965352740225643
308472.6794852493 0.014062252842189676
309543.21075932245 0.014290808941296161
310617.4572318076 0.014446423702432187
311695.4317960206 0.014354610587761003
312777.1473900245 0.014296206247220762
313862.6169967824 0.014264655092785492
314951.8536443137 0.014267867356190386
316044.87040585116 0.014299055343669544
317141.68039999536 0.014422624704882321
318242.2967908759 0.014381722869037038
319346.7327883069 0.014196329628107768
320455.0016479461 0.014505695450625918
321567.116671454 0.014847002613590942
322683.09120665427 0.015058720341640843
323802.93864769104 0.015138269100208742
324926.672435194 0.0151250975060563
326054.30605643673 0.015100731932203338
327185.8530454994 0.015110661319426275
328321.326983432 0.015190413358247543
329460.74149841425 0.015405052467959118
330604.11026592366 0.015707849395023222
331751.4470088968 0.016289407056547096
332902.76549789455 0.01738041213222324
334058.07955126825 0.01896143647515106
335217.40303532267 0.01916087606842009
336380.74986448674 0.01855833474063029
337548.13400147745 0.016602265104037006
338719.56945746863 0.01630868012346606
339895.07029225933 0.0163831211271687
341074.65061444003 0.015767693357821067
342258.32458156615 0.015519912637679604
343446.10640032514 0.015556093262832249
344638.0103267076 0.016409742567257593
345834.0506661794 0.018301328785781723
347034.2417738501 0.021124035903808094
348238.5980546498 0.023724189950482876
349447.1339634991 0.0
350659.8640054834 0.0
351876.8027360276 0.0
353097.96476106776 0.0
354323.3647372312 0.0
355553.01737200917 0.0
356786.93742393394 0.0
358025.13970275706 0.0
359267.6390696242 0.0
360514.4504372573 0.0
361765.5887701314 0.0
363021.06908465445 0.0
364280.90644934855 0.0
365545.1159850277 0.0
366813.7128649837 0.0
368086.7123151656 0.0
369364.1296143627 0.0
370645.98009438923 0.0
371932.2791402647 0.0
373223.04219040385 0.0
374518.28473679814 0.0
375818.0223252031 0.0
377122.2705553253 0.0
378431.04508100665 0.0
379744.36161041673 0.0
381062.23590623855 0.0
382384.6837858583 0.0
383711.7211215558 0.0
385043.36384069227 0.0
386379.62792590604 0.0
387720.529415301 0.0
389066.08440264023 0.0
390416.3090375398 0.0
391771.21952565934 0.0
393130.8321289014 0.0
394495.16316560353 0.0
395864.22901073477 0.0
397238.0460960931 0.0
398616.63091049937 0.0
400000.0000000001 0.0
