91.0 0.0
94.0 0.0
96.0 0.0
98.0 0.0
100.0 0.0
102.0 2.838147494350927e-12
104.0 3.805870958317148e-12
106.0 5.3882711185529275e-12
108.0 7.775489991889567e-12
110.0 1.2551149141297926e-11
114.0 2.1805124171659028e-11
118.0 3.576209960915267e-11
121.0 1.5557449922151486e-10
125.0 2.4065716526103045e-10
127.0 2.855411579617936e-10
128.0 3.1935502340617494e-10
131.0 4.079617040207984e-10
132.0 5.042113663292735e-10
134.0 5.769557446560161e-10
137.0 8.260193692054383e-10
140.0 1.0432808659471007e-09
143.0 3.0527893473340167e-09
147.0 7.614579160600533e-09
151.0 9.551781366187022e-09
155.0 1.2334362552428902e-08
159.0 1.5770655296733464e-08
162.0 1.8815421728590638e-08
166.0 2.3691272035441424e-08
170.0 2.9735478800445792e-08
173.0 3.3943782454888807e-08
177.0 4.362151944025545e-08
180.0 5.165051478594808e-08
182.0 5.732417229582259e-08
186.0 7.193285321142855e-08
191.0 9.303158092389914e-08
194.0 1.0913273491507218e-07
198.0 1.3703538358933386e-07
202.0 1.680014290470463e-07
205.0 1.9372660670934155e-07
210.0 2.431909604582359e-07
216.0 3.417833880951889e-07
220.0 4.1694716819199837e-07
223.0 4.7497460985969886e-07
227.0 5.778339801089948e-07
230.0 8.395327083459069e-07
234.0 1.5212996647555036e-06
240.0 2.2288631403681964e-06
246.0 2.663265960082644e-06
252.0 3.5984163319202392e-06
257.0 3.984987239360404e-06
260.0 4.78571392618522e-06
264.0 7.308595422126813e-06
269.0 8.925060729388393e-06
274.0 1.0936608130527172e-05
279.0 1.162124469423853e-05
284.0 1.632770779070008e-05
290.0 2.082027982767585e-05
296.0 2.3160242158699473e-05
301.0 2.456530346694765e-05
308.0 3.281752792503198e-05
318.0 4.356522819200234e-05
328.0 5.864209483002172e-05
338.0 7.150607430385909e-05
348.0 8.840596854202133e-05
357.0 0.0001480748550448987
366.0 0.00026433859812502805
375.0 0.0003117167462664427
385.0 0.00030740494905575233
395.0 0.0005445353934090063
405.0 0.0007900400965682273
414.0 0.0009069064340393147
422.0 0.0009400468705559752
430.0 0.0010247177168620487
441.0 0.0013964537504402355
451.0 0.001630769917523043
460.0 0.0016267597965984955
470.0 0.001881727410168653
480.0 0.002382776867432595
490.0 0.0022880634762413115
500.0 0.003116231901110764
506.0 0.002895605446489827
512.0 0.004727660094611698
520.0 0.004879106836941536
530.0 0.004991008096871437
540.0 0.004532588419561629
550.0 0.004849118841065476
560.0 0.006838659436391986
570.0 0.008227268990307476
580.0 0.008816262687378609
590.0 0.009633422192806478
600.0 0.008842868975164188
610.0 0.009171144567311277
620.0 0.012344127326507569
630.0 0.01244924806785178
640.0 0.01457758604063366
650.0 0.014948797067526536
658.0 0.014469766405903918
665.0 0.016750372177981886
675.0 0.018787487667069905
685.0 0.01730071746279352
695.0 0.02075996041216728
705.0 0.01802433306169396
716.0 0.02378778388933572
726.0 0.025506463475727287
735.0 0.026802181832461074
745.0 0.027241179495597297
755.0 0.028303859169607235
765.0 0.026947056279231735
775.0 0.03098178440981105
785.0 0.02984596848268989
795.0 0.03337675644914987
805.0 0.03550274118226602
815.0 0.037308020191584246
825.0 0.038995565674459484
835.0 0.03358004767744953
845.0 0.041232746544323996
855.0 0.04247584967734535
865.0 0.04555206231431476
875.0 0.047429175403888066
885.0 0.049207147093862084
895.0 0.051034310009847296
905.0 0.05179648818188468
915.0 0.05515308071865215
925.0 0.12375833517802175
935.0 0.2000194842146962
945.0 0.2997609678277752
955.0 0.3641344443240236
965.0 0.3930762186972001
975.0 0.1625458128771749
985.0 0.3511687519406847
995.0 0.35531268812278544
1005.0 0.4689734867801264
1015.0 0.4766893179587432
1025.0 0.33458829455932265
1035.0 0.4219131126847582
1045.0 0.6376407714825989
1055.0 0.6339584872295867
1065.0 0.5452550644819006
1075.0 0.6167641232526426
1085.0 0.5496844895581392
1095.0 0.6680080570870104
1105.0 0.6551702704653048
1115.0 0.6513145767376874
1125.0 0.5932996046452714
1135.0 0.7215262135910058
1145.0 0.7004771052588544
1155.0 0.7253063756353185
1165.0 0.7323541808338622
1175.0 0.5325243261204761
1185.0 0.7125541089004912
1195.0 0.6044545087165349
1205.0 0.5245369156239731
1208.72 0.48016650558560053
1208.8 0.47915900283024965
1208.87 0.4782772613007286
1208.94 0.47739535497272245
1209.02 0.4763872602881085
1209.09 0.4755050009667925
1209.16 0.4746225769835022
1209.23 0.4737399883816513
1209.31 0.4727311141757372
1209.38 0.47184817296592685
1209.45 0.4709650672738946
1209.53 0.4699556022746641
1209.6 0.46907214426668864
1209.67 0.46818852191269283
1209.75 0.4671784666093803
1209.82 0.46629449223117503
1209.89 0.4654103536430258
1209.96 0.46452605088820664
1210.04 0.4635152182034856
1210.11 0.4626305638085806
1210.18 0.4617457453829025
1210.26 0.4607343235264195
1210.33 0.45984915375173857
1210.4 0.45896382008205666
1210.47 0.45807832256055186
1210.55 0.4570661248135942
1210.62 0.4561802763263498
1210.69 0.4552942641228761
1210.77 0.4542814783339424
1210.84 0.45339511545515965
1210.91 0.452508588995615
1210.99 0.45149521565128203
1211.06 0.45060833880657586
1211.13 0.4497212985164432
1211.2 0.4488340948239254
1211.28 0.4478199477173897
1211.35 0.4469323940217439
1211.42 0.4460446770588698
1211.5 0.445029943523098
1211.57 0.44414187684659484
1211.64 0.4432536470378954
1211.72 0.44223832755790177
1211.79 0.44134974832478807
1211.86 0.4404610060943823
1211.93 0.43957210090957766
1212.01 0.4385560097888176
1212.08 0.437666755560407
1212.15 0.43677733851232586
1212.23 0.4357606625698838
1212.3 0.4348708967667601
1212.37 0.4339809682785662
1212.44 0.4330908771480974
1212.52 0.43207343104293544
1212.59 0.4311829915373751
1212.66 0.43029238952396526
1212.74 0.4292743597171322
1212.81 0.428383409616543
1212.88 0.4274922971423983
1212.96 0.426473684116256
1213.03 0.42558222384256383
1213.1 0.42469060132948244
1213.17 0.4237988166196691
1213.25 0.4227794355406388
1213.32 0.4218873034100005
1213.39 0.42099500921662064
1213.47 0.4199750460346741
1213.54 0.41908240470745184
1213.61 0.4181896014513498
1213.69 0.41716905664728476
1213.76 0.41627590654403823
1213.83 0.4153825946456413
1213.9 0.4144891209946127
1213.98 0.415400257898581
1214.05 0.41676131082530504
1214.12 0.41812257980099954
1214.2 0.4196785802497388
1214.27 0.4210403119952591
1214.34 0.4224022596103522
1214.41 0.42376442303798023
1214.49 0.42532144542807154
1214.56 0.4266840711191235
1214.63 0.4280469124435556
1214.71 0.42960470935355344
1214.78 0.430968012557703
1214.85 0.4323315312162589
1214.93 0.433890102003335
1215.0 0.43525408215830264
1215.07 0.43661827758888994
1215.14 0.43798268823825354
1215.22 0.4395422781549546
1215.29 0.44090714979605644
1215.36 0.4422722364773872
1215.44 0.4438325987835105
1215.51 0.44519814607418917
1215.58 0.44656390822673675
1215.66 0.44812504228164285
1215.73 0.4494912646615385
1215.8 0.45085770172512896
1215.87 0.4522243534157616
1215.95 0.4537865037981756
1216.02 0.45515361521321235
1216.09 0.4565209410773587
1216.17 0.4580838617259878
1216.24 0.45945164693345286
1216.31 0.4608196464122796
1216.38 0.4621878601059543
1216.46 0.4637517951301349
1216.53 0.46512046766538623
1216.6 0.4664893542379759
1216.68 0.468054058049361
1216.75 0.4694234030833582
1216.82 0.4707929619773725
1216.9 0.47235843393904664
1216.97 0.47372845091469135
1217.04 0.47509868157321433
1217.11 0.47646912585829326
1217.19 0.4780356094096969
1217.26 0.4794065112763904
1217.33 0.4807776265927435
1217.41 0.4823448768205007
1217.48 0.48371644933960356
1217.55 0.48508823513165383
1217.63 0.48665625140104324
1217.7 0.48802849401737153
1217.77 0.4894009497301182
1217.84 0.4907736184831548
1217.92 0.4923426435660258
1217.99 0.49371576864504574
1218.06 0.4950891065880694
1218.14 0.49665889624371024
1218.21 0.4980326901351577
1218.28 0.4994066967145045
1218.35 0.5007809159257568
1218.43 0.5023517124609863
1218.5 0.5037263871235703
1218.57 0.5051012742421981
1218.65 0.5066728338848777
1218.72 0.5080481760781873
1218.79 0.5094237305518636
1218.87 0.5109960526709812
1218.94 0.5123720618430877
1219.01 0.5137482831200618
1219.08 0.5151247164461055
1219.16 0.5166980426848131
1219.23 0.5180749302139087
1219.3 0.5194520296168211
1219.38 0.5210261168717145
1219.45 0.5224036701023314
1219.52 0.5237814350316963
1219.6 0.5253562826739473
1219.67 0.526734501056067
1219.74 0.5281129309620417
1219.81 0.5294915723362693
1219.89 0.5310674213476565
1219.96 0.5324465156809757
1220.03 0.5338258213079012
1220.11 0.5354024292514474
1220.18 0.5367821874634232
1220.25 0.5381621567945385
1220.32 0.5395423371893243
1220.4 0.5411199445861171
1220.47 0.5425005770734879
1220.54 0.5438814204503076
1220.62 0.5454597853275894
1220.69 0.5468410804238613
1220.76 0.5482225862355374
1220.84 0.5498017079681928
1220.91 0.5511836651265754
1220.98 0.5525658328265056
1221.05 0.553948211012709
1221.13 0.5555283294643508
1221.2 0.5569111585065071
1221.27 0.5582941978613196
1221.35 0.559875071721708
1221.42 0.5612585615606392
1221.49 0.562642261538789
1221.57 0.5642238901849839
1221.64 0.5656080402758044
1221.71 0.5669924003325917
1221.78 0.5683769703002635
1221.86 0.5699595929406989
1221.93 0.5713446125320029
1222.0 0.5727298418611761
1222.08 0.5743132178458371
1222.15 0.5756988964281002
1222.22 0.5770847845754041
1222.29 0.5784708822328017
1222.37 0.5800552503137565
1222.44 0.5814417967363978
1222.51 0.5828285524965386
1222.59 0.584413672483657
1222.66 0.585800876639406
1222.73 0.5871882899602477
1222.81 0.5887741612342748
1222.88 0.5901620225814769
1222.95 0.591550092921548
1223.02 0.5929383721997329
1223.1 0.5945252328614524
1223.17 0.5959139596798587
1223.24 0.5973028952643895
1225.0 0.6322931535996041
1235.0 0.8298081949017584
1245.0 0.8839291820116492
1255.0 0.8647474350453206
1265.0 0.8245788680614283
1275.0 0.9815471993531865
1285.0 1.0184094043992808
1295.0 0.8748513103114013
1305.0 0.9012029777321894
1315.0 1.0403398005926308
1325.0 1.020717270812728
1335.0 0.9628642573273467
1345.0 1.0656288950795494
1355.0 1.0649759876646796
1365.0 0.9895604298251413
1375.0 1.0185496300651513
1385.0 1.0133352509371343
1395.0 0.8396898085173634
1405.0 0.8648124061085263
1415.0 0.9835472627881146
1425.0 1.0038889062887653
1435.0 1.0307982542788299
1442.0 1.0681138406366995
1447.0 1.0823636458530714
1455.0 1.0638335644429247
1465.0 1.0141479331951475
1475.0 1.0211049519076816
1485.0 1.0442817841115948
1495.0 1.0507133717280883
1505.0 1.0009438717335697
1512.0 0.9425064260453696
1517.0 0.9782753102608472
1525.0 0.9679384840164872
1535.0 0.8555829742568405
1545.0 0.8458705868806906
1555.0 0.8342858057379127
1565.0 0.9060385686209007
1575.0 0.9651904225508922
1585.0 1.0030694947039305
1595.0 1.0217249048958117
1605.0 1.0071174283954534
1615.0 1.0095773547203433
1625.0 0.9895233699047263
1635.0 1.045452524923825
1645.0 1.056419346360017
1655.0 1.0256000824197564
1665.0 1.0722920194995824
1672.0 0.9983781727876927
1677.0 1.1188283190768145
1685.0 1.1284179204089115
1695.0 1.0890653987976098
1705.0 1.0659112685845007
1715.0 1.0145939007889755
1725.0 1.008795795360543
1735.0 1.0704740226851064
1745.0 1.0603291959560985
1755.0 1.102851422210221
1765.0 1.0600101246241191
1775.0 1.0556169665924264
1785.0 1.087716575804225
1795.0 1.124710636931967
1805.0 1.125638620760954
1815.0 1.0670628896046488
1825.0 1.083996430659929
1835.0 1.0511217660618546
1845.0 0.9989097847758911
1855.0 1.004068101490667
1865.0 1.0365512506904628
1875.0 1.0854895445765567
1885.0 1.0129040999015961
1895.0 0.9878027725325541
1905.0 1.0355312573410378
1915.0 1.0050934790085144
1925.0 0.9864442870406965
1935.0 1.0369418897848939
1945.0 1.0602387781836664
1955.0 0.9920133975143687
1967.0 1.0648989142940082
1976.0 1.1046292605159602
1984.0 1.0562506127387457
1995.0 1.0406509987269712
2005.0 1.0724894785161838
2015.0 1.0543798748090831
2025.0 1.0905683636513994
2035.0 1.0408744038708526
2045.0 1.063101235888716
2055.0 0.9980324148796251
2065.0 1.0121046307078776
2074.0 1.0906403110660177
2078.0 1.1018417964307317
2085.0 1.0821305814239093
2095.0 1.033106472715028
2105.0 1.0533956493619727
2115.0 1.0689008597708427
2125.0 1.075414284779805
2135.0 1.038190217189781
2145.0 1.0432165275900354
2155.0 1.0732728730547483
2165.0 1.0543979972527011
2175.0 1.050076619940674
2185.0 1.0371528885501697
2195.0 1.069431198282675
2205.0 1.0516589363737379
2215.0 1.0226904539077009
2225.0 1.006618187033626
2235.0 1.0368057772256
2245.0 1.0145590949597443
2255.0 0.9907079068839655
2265.0 1.0102766832169974
2275.0 1.024757713191182
2285.0 1.034878365541599
2295.0 0.996101148490415
2305.0 0.9877366314625247
2315.0 0.9423952075499559
2325.0 0.8402739984514055
2335.0 0.9333660434048952
2345.0 0.9259682604604326
2355.0 0.9536393283456316
2365.0 0.9270478011849105
2375.0 0.917877702283274
2385.0 0.8965796212690786
2395.0 0.9259947165051202
2405.0 0.9055400599840498
2415.0 0.9142605864692179
2425.0 0.9324515731835455
2435.0 0.9139757035254772
2445.0 0.9392188973333783
2455.0 0.930195588477178
2465.0 0.92825238541674
2475.0 0.911134174358066
2485.0 0.9169363897937657
2495.0 0.8331518689109123
2505.0 0.9112954455950713
2513.0 0.8764314998552988
2518.0 0.9041644103847614
2525.0 0.8871285830286338
2535.0 0.8893860481576779
2545.0 0.8814960685642356
2555.0 0.901337430047391
2565.0 0.8965603615253941
2575.0 0.9166819573382011
2585.0 0.9162317635510547
2595.0 0.9114383917365186
2605.0 0.8983213621995283
2615.0 0.8904934361548051
2625.0 0.9029612285108742
2635.0 0.907220114087283
2645.0 0.9372598877021913
2655.0 0.9377778345762097
2665.0 0.9064901646968737
2675.0 0.914131351789182
2685.0 0.912929956656051
2695.0 0.8908328513472255
2705.0 0.8979357542182992
2715.0 0.8839583985048312
2725.0 0.8850775190721446
2735.0 0.8986209268250028
2745.0 0.8499887537462976
2755.0 0.8519983104136951
2765.0 0.8614416455173838
2775.0 0.8854717350895578
2785.0 0.8748962948368322
2795.0 0.7875331147231287
2805.0 0.8151609266371509
2815.0 0.882397398519372
2825.0 0.8860021509842958
2835.0 0.8550052434576308
2845.0 0.8524453857950088
2855.0 0.8523406166357141
2865.0 0.869319732692935
2875.0 0.859959476792031
2885.0 0.8618918450330476
2895.0 0.8569963717234251
2910.0 0.8748163635475201
2930.0 0.8645964124383856
2950.0 0.8543426745883358
2970.0 0.8547126708573509
2990.0 0.8496893494268862
3010.0 0.8493577803841225
3030.0 0.8470750437453269
3050.0 0.8415106606921317
3070.0 0.8377815984116437
3090.0 0.8340807710849663
3110.0 0.8304392965775548
3130.0 0.8209325053144363
3150.0 0.820558835208457
3170.0 0.8136004448118734
3190.0 0.7987547046471333
3210.0 0.7997832078915784
3230.0 0.791530586303238
3250.0 0.7963439128489191
3270.0 0.7951838634836641
3290.0 0.7918899860062188
3310.0 0.7902196146451022
3330.0 0.8097394505175982
3350.0 0.8026241513353339
3370.0 0.7735827991281734
3390.0 0.7909917093679395
3410.0 0.7725451752431455
3430.0 0.7884235862187192
3450.0 0.7868030640513051
3470.0 0.7605883678660686
3490.0 0.7657363254669133
3510.0 0.7423086527105913
3530.0 0.7611536384703468
3550.0 0.7777556216858165
3570.0 0.7615457980006706
3590.0 0.7128886669421796
3610.0 0.7403129723505336
3630.0 0.7444474680752028
3640.0 0.8348327352515491
3650.0 0.7616754108540346
3670.0 0.710937144608265
3690.0 0.6960945662540388
3704.66 0.6369770485381504
3704.88 0.6367213425869543
3705.11 0.6364539891129395
3705.33 0.6361982362452175
3705.55 0.6359424604419014
3705.78 0.6393792318350607
3706.0 0.6465322445653003
3706.22 0.6536858205576875
3706.45 0.6611651613178193
3706.67 0.6683198893637697
3706.89 0.6754751805999132
3707.12 0.6829563144925044
3707.34 0.6901127576350508
3707.56 0.6972697638958401
3707.79 0.7047526906918087
3708.01 0.7119108487118184
3708.24 0.7193949795679898
3708.46 0.7256801286733252
3708.68 0.730435930181156
3708.91 0.735408303212385
3709.13 0.7401648674871514
3709.35 0.7449218046463085
3709.58 0.7498953648983266
3709.8 0.7546530647267508
3710.0 0.7589785699252928
3710.02 0.7594111373918134
3710.25 0.7643858847125813
3710.47 0.7691447199492173
3710.7 0.774120264469604
3710.92 0.778879862212207
3711.14 0.7823443268920752
3711.37 0.7813614318709723
3711.59 0.7804211920826697
3711.81 0.7794808747272276
3712.04 0.7784977327413225
3712.26 0.7775572567357276
3712.48 0.7766167031726836
3712.71 0.7756333142528283
3712.93 0.7746926020594553
3713.16 0.7737090473057622
3713.38 0.7727681764953741
3713.6 0.7718272281437388
3713.83 0.7730913401790357
3714.05 0.7845143350887491
3714.27 0.7959382283335391
3714.5 0.8078823499253921
3714.72 0.8193080805562432
3714.94 0.8307347094072752
3715.17 0.8426816908281785
3715.39 0.8541101568301199
3715.62 0.8660590588262586
3715.84 0.8774893618212147
3716.06 0.8889205628441219
3716.29 0.9008723240574261
3716.51 0.913649617394945
3716.73 0.9546583945637886
3716.96 0.9975346608790292
3717.18 1.0385500452158147
3717.4 1.0795686595171108
3717.63 1.1224552096653613
3717.85 1.1634804302894286
3718.08 1.2063738867512104
3718.3 1.247405713130552
3718.52 1.2884407687835042
3718.75 1.3313445068790881
3718.97 1.3723861674419309
3719.19 1.413431056865265
3719.42 1.508356110388925
3719.64 1.6038995509124243
3719.86 1.6994505132543036
3720.09 1.7993527432538745
3720.31 1.894919090148211
3720.53 1.990492957898236
3720.76 2.0904191334314937
3720.98 2.186008383764687
3721.21 2.2859506403981875
3721.43 2.381555271991923
3721.65 2.477167422831752
3721.88 2.577133619874165
3722.1 2.7051078604907137
3722.32 2.8381997425695618
3722.55 2.9773524468484185
3722.77 3.110465737715538
3722.99 3.2435894944310997
3723.22 3.382775520760453
3723.44 3.5159206835221726
3723.67 3.6551290879364893
3723.89 3.7882956549014994
3724.11 3.921472685473518
3724.34 4.060714404800978
3724.56 4.19391283683294
3724.78 4.290412607901095
3725.01 4.376914593651231
3725.23 4.459662261714301
3725.45 4.542416420199078
3725.68 4.628939070700958
3725.9 4.71170650419672
3726.13 4.798243032520873
3726.35 4.881023739883017
3726.57 4.963810936274713
3726.8 5.050368124917605
3727.02 5.133168593471794
3727.24 5.215975550222291
3727.47 5.217618624699015
3727.69 5.166961341000481
3727.91 5.116300053812988
3728.14 5.063331700436611
3728.36 5.012662224817751
3728.59 4.959685311176395
3728.81 4.909007647829835
3729.03 4.858325981850061
3729.26 4.805336324288015
3729.48 4.754646471628031
3729.7 4.703952616847085
3729.93 4.650950216994965
3730.0 4.634818183659611
3730.15 4.56167913609894
3730.37 4.433830469300038
3730.6 4.300159743550629
3730.82 4.172290500659906
3731.05 4.03859826446829
3731.27 3.9107084472582567
3731.49 3.782808572136957
3731.72 3.649084312719615
3731.94 3.52116386591709
3732.16 3.393233362493647
3732.39 3.2594770839580534
3732.61 3.1315260114923884
3732.83 3.0087532494342337
3733.06 2.8882248695151413
3733.28 2.7729275888217453
3733.51 2.652379836802755
3733.73 2.5370640270736007
3733.95 2.421739159286023
3734.18 2.3011625674570815
3734.4 2.185819173011819
3734.62 2.0704667216713055
3734.85 1.9498612937350492
3735.07 1.8344903181157468
3735.29 1.7191102867642938
3735.52 1.6210107007413106
3735.74 1.5764390697695447
3735.96 1.5318639373615057
3736.19 1.4852589189439274
3736.41 1.4406766249672742
3736.64 1.3940641197780508
3736.86 1.3494746648503573
3737.08 1.3048817092382548
3737.31 1.2582580582746248
3737.53 1.2136579426313647
3737.75 1.1690543267534492
3737.98 1.122419531447375
3738.2 1.083917339639134
3738.42 1.07290182776575
3738.65 1.0613846832729033
3738.87 1.0503673970240024
3739.1 1.038848397582115
3739.32 1.0278293371105698
3739.54 1.016809409296981
3739.77 1.0052876483383086
3739.99 0.9942659465298043
3740.21 0.9832433774905418
3740.44 0.9717188553695505
3740.66 0.9606945125631354
3740.88 0.9498679440548354
3741.11 0.9406251390334115
3741.33 0.9317834832826186
3741.56 0.9225391899483223
3741.78 0.9136961106552706
3742.0 0.9048523354529313
3742.23 0.8956058264239255
3742.45 0.8867606278621291
3742.67 0.8779147334803756
3742.9 0.8686660090411954
3743.12 0.859818691482813
3743.34 0.8509706781938534
3743.57 0.8417197386290746
3743.79 0.8339497630782755
3744.02 0.8258259533023143
3744.24 0.818054727569363
3744.46 0.8102828906754963
3744.69 0.8021571350339447
3744.91 0.7943840481185727
3745.13 0.7866103501208209
3745.36 0.7784826488637294
3745.58 0.7707077010051258
3745.8 0.76293214214269
3746.03 0.754802495520144
3746.25 0.7470256869575332
3746.48 0.7474036420820009
3746.7 0.7489860811469932
3746.92 0.7505686407623169
3747.15 0.7522232637942035
3747.37 0.7538060699736455
3747.59 0.7553889966876818
3747.82 0.7570440034877582
3748.04 0.7586271767337202
3748.26 0.760210470498536
3748.49 0.761865861016685
3748.71 0.7634494012812328
3748.93 0.7650330620488863
3749.16 0.7685010811757721
3750.0 0.7835056022217967
3770.0 0.7422169432051264
3790.0 0.895652403976052
3810.0 0.9918513907237456
3830.0 0.8436179085701029
3850.0 0.9669866393283155
3870.0 1.1544257007151582
3890.0 1.0508080191280034
3910.0 1.0406661343350798
3930.0 0.9604955972089785
3950.0 0.9839923817025185
3970.0 0.9659676035459849
3990.0 1.0
4010.0 1.0797554927145474
4030.0 1.046744529363513
4050.0 1.09809054184853
4070.0 1.0872600212576855
4078.2 1.0346123230960858
4078.45 1.0305787049257422
4078.7 1.0265447580187044
4078.94 1.022671859728236
4079.19 1.0186372685465706
4079.43 1.0165988215850974
4079.68 1.0152624002635762
4079.93 1.0139258669559967
4080.17 1.012642689629556
4080.42 1.0113059368459283
4080.66 1.0100225488330525
4080.91 1.0086855765953944
4081.16 1.0073484923998768
4081.4 1.0060647862475451
4081.65 1.0047274826312502
4081.9 1.0033900670740623
4082.14 1.0042686631515543
4082.39 1.0061115665309581
4082.63 1.0078808885073598
4082.88 1.009724072571502
4083.13 1.0115673998309886
4083.37 1.0133371287112787
4083.62 1.0151807366117778
4083.86 1.0169507348935447
4084.11 1.0187946234061027
4084.36 1.0206386550769222
4084.6 1.0224090601572042
4084.85 1.0174014799417053
4085.1 1.0091689443893608
4085.34 1.0012650850357632
4085.59 0.9930312469681449
4085.83 0.9851261372634985
4086.08 0.976890996813106
4086.33 0.9686551919327538
4086.57 0.9607481941839199
4086.82 0.9525110871209028
4087.06 0.9446028393403294
4087.31 0.9363644302271568
4087.56 0.9338501501200446
4087.8 0.9340226066821189
4088.05 0.9342022588268202
4088.3 0.9343819210653513
4088.54 0.9345544063100526
4088.79 0.9347340883307287
4089.03 0.9349065925651688
4089.28 0.9350862943656553
4089.53 0.9352660062569835
4089.77 0.9354385391655576
4090.0 0.9356038919284784
4090.02 0.9356182708331725
4090.26 0.9382840546822215
4090.51 0.9421305701946268
4090.76 0.9459773892192764
4091.0 0.9496706210125061
4091.25 0.953518034875059
4091.5 0.9573657522028195
4091.74 0.9610598463227821
4091.99 0.9649081583962509
4092.23 0.968602823442797
4092.48 0.9724517302009253
4092.73 0.9763009403460737
4092.97 0.976175633895712
4093.22 0.9744061882574538
4093.47 0.9726365966556464
4093.71 0.9709376514023829
4093.96 0.9691677737338351
4094.2 0.9674685538703731
4094.45 0.965698390163979
4094.7 0.9639280805310395
4094.94 0.9622284460027046
4095.19 0.9604578503755568
4095.43 0.9587579413066551
4095.68 0.9610674743149329
4095.93 0.9652974592882562
4096.17 0.9693585586742023
4096.42 0.9735891974046951
4096.67 0.9778201696589023
4096.91 0.9818822167858268
4097.16 0.9861138426958223
4097.4 0.9901765173000806
4097.65 0.9944087967987327
4097.9 0.9986414097351209
4098.14 1.0027050318360653
4098.39 1.0158850362002363
4098.63 1.0325808013655602
4098.88 1.049973579480047
4099.13 1.0673677412653308
4099.37 1.0840674382695905
4099.62 1.1014643118400007
4099.87 1.118862568867291
4100.11 1.1355661971026216
4100.36 1.1529671654957527
4100.6 1.1696733965090853
4100.85 1.187077075990413
4101.1 1.190832258834976
4101.34 1.1893413608587442
4101.59 1.1877882153986044
4101.83 1.1862970740974557
4102.08 1.1847436751866263
4102.33 1.1831901469740569
4102.57 1.1816986382490835
4102.82 1.1801448566243824
4103.07 1.178590945717615
4103.31 1.1770990696247146
4103.56 1.1755449053443758
4103.8 1.1673306004297026
4104.05 1.1558899538582772
4104.3 1.1444483901087794
4104.54 1.1334636260725008
4104.79 1.122020264792606
4105.03 1.111033775215268
4105.28 1.0995886165885627
4105.53 1.088142541018909
4105.77 1.0771534458564456
4106.02 1.065705573217245
4106.27 1.0542567837765593
4106.51 1.0459562894674563
4106.76 1.038463623942044
4107.0 1.031270099173915
4107.25 1.023776254796006
4107.5 1.0162818090091092
4107.74 1.0090865752772036
4107.99 1.001590950819577
4108.23 0.9943945856215445
4108.48 0.9868977826135511
4108.73 0.9794003783507218
4108.97 0.9722023046269203
4109.22 0.9689964256180348
4109.47 0.9674597382262132
4109.71 0.9659843991385914
4109.96 0.9644474634375204
4110.0 0.964201541969394
4110.2 0.9629718859850749
4110.45 0.9614347019998712
4110.7 0.9598973913487672
4110.94 0.9584214539624984
4111.19 0.9568838950651954
4111.44 0.9553462095213469
4111.68 0.9538699122562466
4111.93 0.9539984507431045
4112.17 0.954744026607026
4112.42 0.9555207243964343
4112.67 0.9562974795955447
4112.91 0.9570432185948745
4113.16 0.9578200863080548
4113.4 0.9585659333152057
4113.65 0.9593429135306093
4113.9 0.9601199511405424
4114.14 0.9608659612399909
4114.39 0.9616431113342566
4114.64 0.9622291634224573
4114.88 0.9627204457229421
4115.13 0.9632322336800644
4115.37 0.96372358425544
4115.62 0.9642354433284365
4115.87 0.964747338682111
4116.11 0.9652387923526616
4116.36 0.9657507588107204
4116.6 0.9662422807378301
4116.85 0.9667543182926653
4117.1 0.9672663921184341
4117.34 0.9683609917436515
4117.59 0.9697599231842979
4117.84 0.9711589612815076
4118.08 0.9725021381920635
4118.33 0.973901385319704
4118.57 0.9752447628890284
4118.82 0.976644219025338
4119.07 0.9780437817903399
4119.31 0.9793874623557604
4119.56 0.9807872340965653
4119.81 0.9821871124492939
4120.05 0.9826024395318346
4120.3 0.9827126382410939
4120.54 0.9828184330372012
4120.79 0.982928640152867
4121.04 0.9830388515570602
4121.28 0.9831446585394461
4121.53 0.9832548783482589
4121.77 0.9833606933985124
4122.02 0.983470921610762
4122.27 0.9835811541100239
4122.51 0.9836869813422499
4122.76 0.9881974927583143
4123.01 0.9944196413472615
4123.25 1.000393363717447
4123.5 1.0066164700415632
4123.74 1.0125911117901512
4123.99 1.0188151757507695
4124.24 1.025039728263427
4124.48 1.0310157582814896
4124.73 1.037241268281638
4124.97 1.0432182174403521
4125.22 1.0494446848293189
4125.47 1.0482817577649794
4125.71 1.044406262191586
4125.96 1.0403689697019824
4126.21 1.0363313528066385
4126.45 1.032454935401894
4126.7 1.0284166827203685
4126.94 1.0245396549920822
4127.19 1.020500766589361
4130.0 0.9951001200736931
4150.0 1.0528885042978704
4170.0 1.0679423877297467
4190.0 1.0110689903117016
4210.0 1.0340774908473762
4230.0 0.9952961469728735
4250.0 1.0087301461252292
4270.0 0.9983597106308139
4290.0 1.0149396037596825
4310.0 0.9569452285980716
4315.65 0.9676857815542997
4315.91 0.9663874397650968
4316.17 0.9650889925586218
4316.43 0.9637904399407154
4316.69 0.9624917819172235
4316.95 0.9611930184939773
4317.21 0.959894149676823
4317.47 0.958595175471601
4317.73 0.9552980844854381
4317.99 0.9517401123405785
4318.25 0.9481818590960356
4318.52 0.9444864524494196
4318.78 0.9409276262426377
4319.04 0.9373685189838836
4319.3 0.9338091306888774
4319.56 0.9302494613733249
4319.82 0.9266895110529455
4320.08 0.9231292797434206
4320.34 0.9225185986373294
4320.6 0.924857811767005
4320.86 0.9271972026220283
4321.12 0.9295367711923626
4321.38 0.9318765174679475
4321.64 0.9342164414387296
4321.9 0.9365565430946481
4322.16 0.9388968224256669
4322.42 0.941237279421725
4322.68 0.9435779140727698
4322.94 0.9455762122012177
4323.2 0.9449486174005047
4323.46 0.9443209696173216
4323.73 0.9436691254595596
4323.99 0.9430413696826397
4324.25 0.9424135609320708
4324.51 0.9417856992107565
4324.77 0.9411577845215994
4325.03 0.9405298168675056
4325.29 0.9399017962513733
4325.55 0.9392737226761088
4325.81 0.937083325566464
4326.07 0.9343171585244645
4326.33 0.9315507725933327
4326.59 0.9287841677853076
4326.85 0.9260173441126189
4327.11 0.9232503015875053
4327.37 0.9204830402221772
4327.63 0.9177155600288732
4327.89 0.914947861019823
4328.15 0.9121799432072651
4328.41 0.9111293397185366
4328.67 0.9139432500512192
4328.94 0.9168656143968472
4329.2 0.9196799613099227
4329.46 0.9224945223761115
4329.72 0.9253092975833022
4329.98 0.9281242869193739
4330.0 0.9283408334295125
4330.24 0.9309394903722347
4330.5 0.9337549079297636
4330.76 0.93657053957985
4331.02 0.9393863853103822
4331.28 0.9500991684828367
4331.54 0.9611286588758546
4331.8 0.9721589997468196
4332.06 0.9831901910478251
4332.32 0.9942222327309281
4332.58 1.0052551247483001
4332.84 1.0162888670519974
4333.1 1.0273234595941152
4333.36 1.0383589023267104
4333.62 1.0493951952019551
4333.88 1.0645399203278212
4334.15 1.0839247177902318
4334.41 1.1025930282074363
4334.67 1.1212627792528107
4334.93 1.1399339708452172
4335.19 1.158606602903453
4335.45 1.177280675346513
4335.71 1.1959561880931942
4335.97 1.2146331410623612
4336.23 1.2333115341728131
4336.49 1.2526266508195258
4336.75 1.275437450908727
4337.01 1.2982500104151786
4337.27 1.3210643292397641
4337.53 1.3438804072832864
4337.79 1.36669824444679
4338.05 1.3895178406310802
4338.31 1.4123391957370417
4338.57 1.435162309665481
4338.83 1.4579871823174435
4339.09 1.4808138135937368
4339.35 1.4848426738924303
4339.62 1.4818339918082812
4339.88 1.4789365073814191
4340.14 1.4760387923893
4340.4 1.4731408468448028
4340.66 1.4702426707607754
4340.92 1.4673442641500967
4341.18 1.4644456270256356
4341.44 1.4615467594002702
4341.7 1.4586476612868489
4341.96 1.4488662015747928
4342.22 1.4280721445564932
4342.48 1.407276474750277
4342.74 1.3864791922467228
4343.0 1.3656802971366249
4343.26 1.3448797895107047
4343.52 1.3240776694596859
4343.78 1.30327393707436
4344.04 1.2824685924453036
4344.3 1.2616616356633088
4344.57 1.2400527050559018
4344.83 1.2161224455902495
4345.09 1.1921903334069024
4345.35 1.1682563686101461
4345.61 1.1443205513043526
4345.87 1.1203828815936396
4346.13 1.0964433595823775
4346.39 1.07250198537485
4346.65 1.0485587590754264
4346.91 1.024613680788223
4347.17 1.0006667506176063
4347.43 0.9862916560481712
4347.69 0.9789364230974739
4347.95 0.9715806184938549
4348.21 0.9642242422694838
4348.47 0.9568672944565044
4348.73 0.949509775087086
4348.99 0.9421516841933203
4349.25 0.9347930218073764
4349.51 0.9274337879613983
4349.78 0.9197909018427214
4350.0 0.9139160629301427
4350.04 0.9141962812694577
4350.3 0.9160177791363542
4350.56 0.9178394133440142
4350.82 0.919661183884675
4351.08 0.921483090750595
4351.34 0.9233051339340108
4351.6 0.9251273134271677
4351.86 0.9269496292223036
4352.12 0.9287720813116757
4352.38 0.9305946696875224
4352.64 0.9324173943420883
4352.9 0.93306880276858
4353.16 0.9334413292435574
4353.42 0.9338138802871441
4353.68 0.934186455897883
4353.94 0.934559056074318
4354.2 0.9349316808149953
4354.46 0.9353043301184577
4354.72 0.9356770039832502
4354.99 0.9360640374531617
4355.25 0.9364367613807713
4355.51 0.938978850606654
4355.77 0.9444794370589852
4356.03 0.9499804426162526
4356.29 0.9554818672547788
4356.55 0.9609837109508294
4356.81 0.9664859736806882
4357.07 0.9719886554206213
4357.33 0.9774917561469522
4357.59 0.9829952758359466
4357.85 0.9884992144638893
4358.11 0.994003572007047
4358.37 0.9942138065446854
4358.63 0.9944240528704679
4358.89 0.9946343109836543
4359.15 0.9948445808835047
4359.41 0.9950548625692804
4359.67 0.9952651560402417
4359.93 0.9954754612956488
4360.2 0.9956938676869657
4360.46 0.9959041969622215
4360.72 0.9961145380196763
4360.98 0.9966781769605965
4361.24 0.9974288958279217
4361.5 0.9981796679848437
4361.76 0.9989304934282778
4362.02 0.9996813721551419
4362.28 1.00043230416235
4362.54 1.0011832894468249
4362.8 1.0019343280054809
4363.06 1.0026854198352355
4363.32 1.0034365649330033
4363.58 1.00360087816052
4363.84 1.0018088407194399
4364.1 1.0000166613073158
4364.36 0.998224339932098
4364.62 0.9964318766017163
4364.88 0.9946392713241203
4365.15 0.9927775694567468
4365.41 0.9909846748498138
4365.67 0.9891916383198016
4365.93 0.9873984598746531
4366.19 0.9856051395223183
4366.45 0.9849681942287568
4366.71 0.984541479629904
4366.97 0.9841147279821558
4367.23 0.9836879392875333
4367.49 0.9832611135480536
4370.0 0.9812028823919458
4390.0 0.9681220346916525
4410.0 0.9676964470487427
4430.0 1.0098354427990237
4450.0 0.9694670324142728
4470.0 1.0156678748596168
4490.0 0.9417664495525643
4510.0 0.9867039472022459
4530.0 0.9984348232187914
4550.0 0.9771970288083649
4570.0 1.0273579082229782
4590.0 0.9517578533848334
4610.0 0.9520631536049936
4630.0 1.0029409888655865
4650.0 0.9581350412745144
4670.0 0.9524261271077054
4690.0 0.9474671171374265
4710.0 0.9320744139569381
4730.0 0.9643663864660423
4750.0 0.9759296141704171
4770.0 0.9645775691004742
4790.0 0.9243096906987809
4810.0 0.9631513991964918
4830.0 0.9063112185048422
4834.84 0.9413070141926705
4835.13 0.9364557296026386
4835.42 0.9316040779006548
4835.71 0.9267520591107872
4836.0 0.921899673257104
4836.29 0.9170469203636734
4836.59 0.9120264449464067
4836.88 0.9071729453912247
4837.17 0.9023190788693215
4837.46 0.9021161156709369
4837.75 0.9047556824936195
4838.05 0.9074864723040744
4838.34 0.9101264324351309
4838.63 0.9127665858678821
4838.92 0.9154069325895613
4839.21 0.9180474725874022
4839.5 0.9206882058486402
4839.8 0.9234202022386019
4840.09 0.9235846656882459
4840.38 0.919043301929623
4840.67 0.9145015948319473
4840.96 0.909959544417734
4841.26 0.9052605103210039
4841.55 0.9007177615047105
4841.84 0.8961746694401967
4842.13 0.8916312341499738
4842.42 0.8870874556565528
4842.72 0.8827213309922843
4843.01 0.8830301541998693
4843.3 0.8833389965562297
4843.59 0.8836478580600493
4843.88 0.8839567387100125
4844.17 0.8842656385048037
4844.47 0.8845852101617158
4844.76 0.8848941489022681
4845.05 0.8852031067836561
4845.34 0.8855120838045646
4845.63 0.885495973640325
4845.93 0.8853915643471586
4846.22 0.8852906237273023
4846.51 0.8851896716689157
4846.8 0.8850887081726948
4847.09 0.8849877332393351
4847.38 0.8848867468695326
4847.68 0.8847822661770741
4847.97 0.8846812565421728
4848.26 0.887131850654351
4848.55 0.8919642197827395
4848.84 0.8967969451610386
4849.14 0.9017966911054683
4849.43 0.9066301411955563
4849.72 0.9114639474642738
4850.0 0.9161314087035286
4850.01 0.916298109888132
4850.3 0.9211326284436431
4850.59 0.9259675031073207
4850.89 0.9348205082068756
4851.18 0.9556111364808649
4851.47 0.9764033090535512
4851.76 0.9971970258232729
4852.05 1.0179922866883726
4852.35 1.0395062502865435
4852.64 1.060304652273285
4852.93 1.0811045980469487
4853.22 1.1019060875058901
4853.51 1.1227091205484714
4853.81 1.1751196693934787
4854.1 1.2279198902983923
4854.39 1.2807240352106446
4854.68 1.3335321038719496
4854.97 1.3863440960240312
4855.26 1.4391600114086216
4855.56 1.4938012934707077
4855.85 1.5466251898070178
4856.14 1.599453008592188
4856.43 1.6706104959812138
4856.72 1.7500201606677455
4857.02 1.8321742958836147
4857.31 1.9115959588815004
4857.6 1.9910235187654053
4857.89 2.0704569751471107
4858.18 2.149896327638409
4858.47 2.2293415758511075
4858.77 2.311532519146056
4859.06 2.3724801459735865
4859.35 2.407209363043085
4859.64 2.441941150312661
4859.93 2.4766755076129865
4860.23 2.5126103056829687
4860.52 2.5473498911439947
4860.81 2.5820920461218773
4861.1 2.616836770447421
4861.39 2.6515840639513293
4861.68 2.6793296390266343
4861.98 2.645234642175976
4862.27 2.612273643827825
4862.56 2.579310186647496
4862.85 2.546344270796595
4863.14 2.513375896436824
4863.44 2.4792680946192984
4863.73 2.4462947189647375
4864.02 2.4133188852918512
4864.31 2.3803405937625244
4864.6 2.309582695494443
4864.9 2.2301263244937326
4865.19 2.1533126921449313
4865.48 2.0764933515527852
4865.77 1.9996683030927724
4866.06 1.9228375471410832
4866.35 1.8460010840731667
4866.65 1.7665090824911243
4866.94 1.6896610095532738
4867.23 1.6244358665206613
4867.52 1.5674146332337282
4867.81 1.510389165428767
4868.11 1.4513928464165444
4868.4 1.394358764417758
4868.69 1.3373204487466186
4868.98 1.2802778996818514
4869.27 1.2232311175019954
4869.56 1.1661801024861134
4869.86 1.1177238738204212
4870.0 1.1066156626823103
4870.15 1.0947135657493974
4870.44 1.0717015481190244
4870.73 1.0486878210418307
4871.02 1.0256723846302678
4871.32 1.0018615138358813
4871.61 0.9788426001605567
4871.9 0.955821977492362
4872.19 0.9327996459438043
4872.48 0.9097756056273868
4872.77 0.9016540939488072
4873.07 0.8932518932821076
4873.36 0.8851291503793005
4873.65 0.8770058023588698
4873.94 0.8688818492606232
4874.23 0.8607572911243658
4874.53 0.8523519391605642
4874.82 0.8442261502077705
4875.11 0.8360997563377462
4875.4 0.837887396773065
4875.69 0.8428299404062063
4875.98 0.8477728459788288
4876.28 0.8528865774214365
4876.57 0.8578302192799258
4876.86 0.8627742230053814
4877.15 0.867718588573907
4877.44 0.8726633159616083
4877.74 0.8777789319139091
4878.03 0.8812018626516652
4878.32 0.8829936972712448
4878.61 0.8847856604950564
4878.9 0.8865777523145711
4879.2 0.888431775718307
4879.49 0.8902241291372373
4879.78 0.8920166111259918
4880.07 0.8938092216760435
4880.36 0.8956019607788652
4880.65 0.8971435002970751
4880.95 0.8974902902368059
4881.24 0.8978255417285819
4881.53 0.8981608140760097
4881.82 0.8984961072776588
4882.11 0.8988314213320998
4882.41 0.8991783198824028
4882.7 0.8995136763570755
4882.99 0.8998490536802017
4883.28 0.9001844518503513
4883.57 0.8962810938092597
4883.86 0.8920634486915258
4884.16 0.8877000358891628
4884.45 0.8834817496103197
4884.74 0.8792631482159241
4885.03 0.8750442317266931
4885.32 0.8708250001633422
4885.62 0.8664599463200954
4885.91 0.8622400738078225
4886.2 0.8609751388201435
4886.49 0.8612655602265157
4886.78 0.8615559993136235
4887.07 0.8618464560802481
4887.37 0.8621469472006347
4887.66 0.8624374399321703
4887.95 0.8627279503395254
4888.24 0.8630184784214815
4888.53 0.863309024176821
4888.83 0.8647483717424904
4889.12 0.8680413030806791
4889.41 0.8713344733332167
4889.7 0.8746278824842975
4890.0 0.8780351088487506
4890.29 0.8813290039860133
4890.58 0.8846231379738617
4890.87 0.8879175107964931
4891.16 0.8912121224381041
4891.45 0.8945404490525586
4891.74 0.8983209618511845
4892.04 0.902232126039504
4892.33 0.9060131973196078
4892.62 0.9097945430800088
4892.91 0.9135761633025512
4910.0 0.9102265311659035
4928.77 0.8981064712392901
4929.07 0.8998356230386398
4929.36 0.9010436338788451
4929.66 0.8981366158711229
4929.96 0.8952293746287507
4930.0 0.8948417255973004
4930.26 0.8923219101669289
4930.55 0.8895111490189685
4930.85 0.8866032456032346
4931.15 0.8836951190131487
4931.45 0.880786769263891
4931.74 0.8779751523953807
4932.04 0.875252294482227
4932.34 0.8779214200192975
4932.64 0.880590742616323
4932.93 0.8831712750971638
4933.23 0.8858409852059609
4933.53 0.8885108923345878
4933.83 0.8911809964695103
4934.12 0.8937622843859808
4934.42 0.8964327759271588
4934.72 0.8991034644345055
4935.02 0.9003974305546524
4935.31 0.9015532766999429
4935.61 0.902749064071828
4935.91 0.9039449373323942
4936.21 0.9051408964757061
4936.5 0.9062970719449868
4936.8 0.9074931999737316
4937.1 0.9086894138676285
4937.4 0.909885713620744
4937.69 0.9072908243188583
4937.99 0.9037977329910896
4938.29 0.9003043748453927
4938.59 0.8968107498999545
4938.88 0.8934333255284848
4939.18 0.8899391759299401
4939.48 0.8864447595856145
4939.78 0.8829500765136696
4940.07 0.8795716293551412
4940.37 0.8805946945335688
4940.67 0.8835543079864925
4940.97 0.8865141398552895
4941.26 0.8893755182641188
4941.56 0.8923357796403923
4941.86 0.8952962593880482
4942.16 0.8982569574921123
4942.45 0.9011191732051678
4942.75 0.9040803006997482
4943.05 0.9086060734095528
4943.35 0.9140379367517062
4943.64 0.919289121795147
4943.94 0.9247217792056046
4944.24 0.9301548403385782
4944.54 0.9355883051663775
4944.83 0.9408410382082589
4945.13 0.9462752968884863
4945.43 0.9517099591814442
4945.73 0.9555771691260578
4946.02 0.9579895509256959
4946.32 0.9604852981909862
4946.62 0.9629812283791381
4946.92 0.9654773414775688
4947.21 0.9678904246606108
4947.51 0.9703868974459061
4947.81 0.9728835531041763
4948.11 0.9753803916228404
4948.4 0.9821362324356789
4948.7 0.9954891414406059
4949.0 1.0088430472288876
4949.3 1.022197949732263
4949.59 1.0351086361877577
4949.89 1.0484654986983635
4950.0 1.0533632646376143
4950.19 1.0618233577215324
4950.49 1.075182213189096
4950.78 1.0880967205859626
4951.08 1.108078446158205
4951.38 1.1413039814722512
4951.68 1.1745320012410851
4951.97 1.206654781803365
4952.27 1.2398876871704752
4952.57 1.2731230764877375
4952.87 1.3063609495853008
4953.16 1.3384932543908143
4953.46 1.3717360117600486
4953.76 1.4082565249248684
4954.06 1.4555417790420029
4954.35 1.501254217209664
4954.65 1.5485464211351134
4954.95 1.5958421585027545
4955.25 1.6431414290705275
4955.54 1.6888674155616321
4955.84 1.7361736340506464
4956.14 1.7834833850221663
4956.44 1.828629598563774
4956.73 1.8586572280440918
4957.03 1.8897225701771279
4957.33 1.9207902279025046
4957.63 1.9518602010616106
4957.92 1.9818967092480333
4958.22 2.012971235630798
4958.52 2.0440480769767877
4958.82 2.0751272331273234
4959.11 2.105172617607593
4959.41 2.084847599354111
4959.71 2.0645210521334048
4960.01 2.0441929760500033
4960.3 2.024541049332054
4960.6 2.0042099667902717
4960.9 1.9838773556959344
4961.2 1.963543216153432
4961.49 1.9438854284857598
4961.79 1.9235482833001871
4962.09 1.876218097537384
4962.39 1.826956330171214
4962.68 1.7793331158816774
4962.98 1.7300640953081008
4963.28 1.6807913870370994
4963.58 1.6315149913211886
4963.87 1.5838776372451453
4964.17 1.5345939902904138
4964.47 1.4853066566393975
4964.77 1.444221537489159
4965.06 1.4060895320756284
4965.36 1.3666397281884886
4965.66 1.3271869735836936
4965.96 1.287731268463317
4966.25 1.2495879490744997
4966.55 1.2101264418625965
4966.85 1.1706619847341972
4967.15 1.131194577891342
4967.44 1.1085257372303663
4967.74 1.091176489163144
4968.04 1.0738259420849938
4968.34 1.0564740960848027
4968.63 1.039699410337285
4968.93 1.0223450100497031
4969.23 1.0049893111038097
4969.53 0.987632313588372
4969.82 0.9708526483778857
4970.0 0.962950222848926
4970.12 0.9610326576748114
4970.42 0.9562384915877432
4970.72 0.9514439638750496
4971.02 0.9466490745614382
4971.31 0.9420136711930784
4971.61 0.9372180708030811
4971.91 0.9324221088854429
4972.21 0.9276257854648808
4972.5 0.9229889958862819
4972.8 0.9213556820829338
4973.1 0.9224906010274132
4973.4 0.9236256003750895
4973.69 0.9247228428336571
4973.99 0.9258580002913969
4974.29 0.9269932381358283
4974.58 0.9280907111255631
4974.88 0.9292261070475886
4975.18 0.9303615833397982
4975.48 0.9315533603885727
4975.78 0.9328187436908248
4976.07 0.9340420331085095
4976.37 0.9353075934230017
4976.48 0.935771654754556
4976.67 0.936573243734485
4976.78 0.9370373380633767
4976.97 0.9378389840367357
4977.08 0.9383031113606826
4977.26 0.939062618530951
4977.38 0.9395689746402506
4977.56 0.9403285357968888
4977.68 0.9408349278958568
4977.86 0.9415945430351272
4977.98 0.9421009711212749
4978.16 0.9421674232083281
4978.28 0.9418420041565332
4978.45 0.9413809761095996
4978.58 0.9410284112299586
4978.75 0.9405673465154021
4978.88 0.9402147535967618
4979.05 0.9397536522170606
4979.18 0.9394010312613167
4979.35 0.9389398932189504
4979.48 0.9385872442280008
4979.64 0.9381531980241646
4979.78 0.9377733925011835
4979.94 0.9373393117959388
4980.08 0.9369594760852412
4980.24 0.9365253608809186
4980.39 0.936118361167227
4980.54 0.9357113452834802
4980.69 0.9353043132302223
4980.83 0.9346490375037659
4980.99 0.9335854134327717
4981.13 0.9326547068163321
4981.29 0.9315910014797428
4981.43 0.9306602237583296
4981.59 0.9295964371616823
4981.73 0.9286655883401475
4981.89 0.9276017204889735
4982.02 0.9267372959521659
4982.19 0.9256068514720048
4982.32 0.9247423609225722
4982.49 0.9236118301211454
4982.62 0.922747273563587
4982.79 0.9216166564467825
4982.92 0.9207520338855967
4983.09 0.9196213304592977
4983.21 0.9188231574189559
4983.39 0.9176258521690708
4983.51 0.9175237134946747
4983.69 0.9194588309457482
4983.81 0.9207489563302254
4983.99 0.9226842150299533
4984.11 0.9239744345769524
4984.29 0.9259098345156309
4984.4 0.9270926206383214
4984.59 0.9291356893865906
4984.7 0.9303185618131619
4984.89 0.932361779626644
4985.0 0.9335447383511603
4985.19 0.935588105219593
4985.3 0.9367711502361286
4985.49 0.9388146661492697
4985.59 0.9398902387534162
4985.79 0.9420414623994777
4985.89 0.9431171134402038
4986.09 0.9452684939540303
4986.19 0.9461843703026468
4986.39 0.945138762169705
4986.49 0.9446159380042108
4986.69 0.9435702494766816
4986.78 0.943099672154314
4986.99 0.942001616198602
4987.08 0.9415310027023199
4987.29 0.9404328623436794
4987.38 0.9399622126759443
4987.59 0.938863987920119
4987.68 0.9383933020833928
4987.9 0.9372426910271078
4987.97 0.9368765739134592
4988.2 0.9356735714726231
4988.5 0.9341043313743908
4988.8 0.9325349707406158
4989.1 0.9301708665213193
4989.4 0.9274660174974498
4989.7 0.9247609637958044
4990.0 0.9220557054303641
4990.3 0.9193502424151018
4990.6 0.9166445747639891
4990.9 0.9139387024910056
4991.2 0.9112326256101059
4991.5 0.9085263441352682
4991.8 0.9122022191524453
4992.1 0.9186137614326835
4992.4 0.9250257746801037
4992.7 0.9314382588624006
4993.0 0.9378512139472116
4993.3 0.9442646399021952
4993.6 0.950678536695011
4993.9 0.9570929042933009
4994.2 0.9635077426647664
4994.5 0.9749341204227643
4994.8 0.9888669669772994
4995.1 1.0028008406922895
4995.41 1.0172002558786626
4995.71 1.0311362179358716
4996.01 1.0450732069397324
4996.31 1.0590112228197657
4996.61 1.0729502655054546
4996.91 1.0868903349264112
4997.21 1.1308123687435736
4997.51 1.1897286706288857
4997.81 1.2486493259649036
4998.11 1.307574334452845
4998.41 1.3665036957944778
4998.71 1.4254374096910458
4999.01 1.4843754758439858
4999.31 1.5433178939547454
4999.61 1.6022646637246092
4999.91 1.7088528334273057
5000.21 1.8392682806287486
5000.51 1.9696933608524356
5000.81 2.1001280734376104
5001.11 2.230572417723146
5001.41 2.3610263930491326
5001.71 2.491489998754503
5002.01 2.6219632341786125
5002.31 2.752446098660846
5002.61 2.8940614959203153
5002.92 3.047062866849621
5003.22 3.1951398161355073
5003.52 3.343227689041787
5003.82 3.491326484818559
5004.12 3.6394362027173046
5004.42 3.787556841988188
5004.72 3.9356884018818556
5005.02 4.0838308816489866
5005.32 4.165889077235753
5005.62 4.209686255812189
5005.92 4.253486648763181
5006.22 4.297290255867974
5006.52 4.341097076905825
5006.82 4.384907111655865
5007.12 4.428720359897633
5007.42 4.472536821410284
5007.72 4.516356495973109
5008.02 4.471497332825094
5008.32 4.367511293299314
5008.62 4.2635175643594
5008.92 4.159516146532939
5009.22 4.055507040347183
5009.52 3.9514902463293597
5009.82 3.8474657650069894
5010.0 3.7850473865262884
5010.12 3.743433596906621
5010.42 3.6393937425557326
5010.73 3.5053355162184987
5011.03 3.359368613285718
5011.33 3.2133909368597084
5011.63 3.067402487679477
5011.93 2.921403266483999
5012.23 2.7753932740126617
5012.53 2.629372511003491
5012.83 2.483340978195808
5013.13 2.3372986763284587
5013.43 2.2198589371032234
5013.73 2.121486794229931
5014.03 2.023107396752191
5014.33 1.9247207451680002
5014.63 1.8263268399750323
5014.93 1.7279256816709396
5015.23 1.629517270753653
5015.53 1.5311016077201833
5015.83 1.4326786930684183
5016.13 1.3679148985647696
5016.43 1.328892150779501
5016.73 1.289866525201036
5017.03 1.2508380220265618
5017.33 1.2118066414536093
5017.63 1.172772383679584
5017.93 1.1337352489018828
5018.23 1.0946952373180119
5018.54 1.054350869979362
5018.84 1.0321483301806207
5019.14 1.0211734462589543
5019.44 1.0101977507412414
5019.74 0.999221243683061
5020.04 0.9882439251400877
5020.34 0.9772657951679617
5020.64 0.9662868538223215
5020.94 0.9553071011588343
5021.24 0.9443265372330674
5021.54 0.9365075776811528
5021.84 0.9311064460386904
5022.14 0.9257049134005348
5022.44 0.9203029797941741
5022.74 0.9149006452470445
5023.04 0.9094979097866316
5023.34 0.9040947734404023
5023.64 0.8986912362358226
5023.94 0.8932872982003738
5024.24 0.8906733785182835
5024.54 0.8905009693856405
5024.84 0.890328543695098
5025.14 0.8901561014477387
5025.44 0.8899836426446472
5025.74 0.889811167286906
5026.04 0.8896386753755992
5026.35 0.8894604163446258
5026.65 0.8892878907777437
5026.95 0.8898098725495056
5027.25 0.8909396194358525
5027.55 0.8920694453263347
5027.85 0.893199350215474
5028.15 0.89432933409779
5028.45 0.8954593969678124
5028.75 0.8965895388200612
5029.05 0.8977197596490603
5029.35 0.8988500594493319
5029.65 0.9001972016810674
5029.95 0.9017341137536466
5030.0 0.9019902763393434
5030.25 0.9032711345811582
5030.55 0.90480826415608
5030.85 0.9063455024708911
5031.15 0.9078828495180656
5031.45 0.9094203052900927
5031.75 0.9109578697794474
5032.05 0.9124955429786098
5032.35 0.9124263214321257
5032.65 0.9107500285119507
5032.95 0.9090736087984453
5033.25 0.9073970623002681
5033.55 0.9057203890260721
5033.85 0.904043588984511
5034.16 0.9023107624412665
5034.46 0.9006337046660793
5034.76 0.8989565201497723
5035.06 0.8990081027120517
5035.36 0.9007886422372633
5035.66 0.9025693082004379
5035.96 0.9043501005928318
5036.26 0.9061310194057091
5050.0 0.8954503695337045
5070.0 0.8862879536068058
5090.0 0.890155925124809
5110.0 0.8721879643793048
5130.0 0.8575671914089381
5150.0 0.866447820500814
5170.0 0.8210964550179923
5190.0 0.8601718699335221
5210.0 0.850649977090405
5230.0 0.8387451579249353
5250.0 0.8724550445476168
5270.0 0.8214658007074659
5290.0 0.8868203629354324
5310.0 0.8528281503009985
5330.0 0.8779881096694344
5350.0 0.8574047097039882
5370.0 0.8662808858745864
5390.0 0.8669498624021872
5410.0 0.8142141921479367
5430.0 0.8462268059553452
5450.0 0.8380126341050462
5470.0 0.7804816853077462
5490.0 0.8684614258479946
5510.0 0.8519067832842765
5530.0 0.831836522273898
5550.0 0.856136578611855
5570.0 0.8387358855564431
5590.0 0.8130362932572613
5610.0 0.8358778115416197
5630.0 0.8187102318149808
5650.0 0.8154272770208492
5670.0 0.844838605863901
5690.0 0.8182775546339877
5710.0 0.7803077648536233
5730.0 0.8636783914583641
5750.0 0.8248502358015959
5770.0 0.8385732618089764
5790.0 0.8292735393044105
5810.0 0.8264892299093418
5830.0 0.8365737431724349
5850.0 0.7948055302097674
5870.0 0.9163493088184984
5890.0 0.7390800437281245
5910.0 0.8119640147737028
5930.0 0.795036774009944
5950.0 0.7907518880515266
5970.0 0.8263794167629773
5990.0 0.8029422949180403
6010.0 0.7933770190949438
6030.0 0.796871365578345
6050.0 0.7635191735759005
6070.0 0.7931529884676181
6090.0 0.7850358166602177
6110.0 0.7837450343863005
6130.0 0.774816831694007
6150.0 0.7476017341264214
6170.0 0.7641763745808943
6190.0 0.7637138960729308
6210.0 0.7926903261525383
6230.0 0.7567750278686074
6250.0 0.7309259510401455
6270.0 0.7643137068724111
6290.0 0.7324333136430403
6310.0 0.7856989887524362
6330.0 0.7433668057529424
6350.0 0.7514949809974742
6370.0 0.8185029753239982
6390.0 0.7651015992689992
6410.0 0.7365272746466527
6430.0 0.7265672337000283
6450.0 0.7288265365330342
6470.0 0.7498123269766283
6490.0 0.7526096834184857
6510.0 0.7597628141778372
6523.64 0.7616993244588842
6524.04 0.7627943471817897
6524.43 0.7652252326278312
6524.82 0.7676562820752475
6525.22 0.7701498364650089
6525.61 0.7725812180562479
6526.0 0.7750127635855891
6526.4 0.7775068267115842
6526.79 0.7812064177522644
6527.19 0.7861156442017763
6527.58 0.7909024706663277
6527.97 0.7956896235793968
6528.37 0.8005998630709947
6528.76 0.8053876771240582
6529.15 0.8101758174997403
6529.55 0.8026511670562156
6529.94 0.7887850413856572
6530.0 0.7866517059552249
6530.34 0.7745623754232902
6530.73 0.7606943025923942
6531.12 0.7468252686903251
6531.52 0.7325996203112476
6531.91 0.7187286399991838
6532.3 0.7250179592959728
6532.7 0.73680549230897
6533.09 0.7482991358390078
6533.49 0.7600883073968174
6533.88 0.7715835483019362
6534.27 0.7830795776326731
6534.67 0.794871195849879
6535.06 0.7923261853493326
6535.46 0.7885154638402435
6535.85 0.7847997468227322
6536.24 0.7810837696285138
6536.64 0.7772722407334153
6537.03 0.7735557366160306
6537.42 0.770263297154169
6537.82 0.7834245648425091
6538.21 0.7962576915972728
6538.6 0.8090916977222842
6539.0 0.8222556942913606
6539.39 0.8350914813617462
6539.79 0.8482573043059305
6540.18 0.8616440740155046
6540.57 0.8775424851041095
6540.97 0.8938496792145542
6541.36 0.909750296499603
6541.76 0.9260597530839165
6542.15 0.9419625759966122
6542.54 0.957866487553846
6542.94 0.9789051096490354
6543.33 1.0101707247815994
6543.72 1.0414384839085034
6544.12 1.0735102073234888
6544.51 1.1047823085772754
6544.91 1.1368584848817869
6545.3 1.168134927143357
6545.69 1.1906667487477454
6546.09 1.2008815875085623
6546.48 1.2108417417377024
6546.87 1.2208025736281787
6547.27 1.231019515322212
6547.66 1.2409817196470032
6548.06 1.251200068784603
6548.45 1.2575266399397278
6548.84 1.26073609865951
6549.24 1.2640280731020708
6549.63 1.2672379645175156
6550.0 1.2702834435378367
6550.02 1.270448069501078
6550.42 1.2737407066928292
6550.81 1.2769512442054298
6551.21 1.3246984538750202
6551.6 1.3921246691452382
6551.99 1.4595555005565868
6552.39 1.5287201222330697
6552.78 1.596160302491018
6553.17 1.6636050971147947
6553.57 1.7327840381902806
6553.96 1.9478176464289279
6554.36 2.2074431678729542
6554.75 2.460595604934323
6555.14 2.713765371228609
6555.54 2.973444669122297
6555.93 3.2266495314718857
6556.33 3.4863648206857776
6556.72 3.9579389687582887
6557.11 4.447740521083149
6557.51 4.950135893523592
6557.9 5.440005313105218
6558.29 5.9299082303356725
6558.69 6.432407553398367
6559.08 6.914680268610557
6559.48 7.263282628474454
6559.87 7.603193439276432
6560.26 7.943127459443796
6560.66 8.291801843111365
6561.05 8.631782868085194
6561.44 8.971787093502721
6561.84 9.239124538851815
6562.23 9.125593404579778
6562.63 9.009143105310082
6563.02 8.895596157019428
6563.41 8.78204140330845
6563.81 8.665566882089086
6564.2 8.551996320435297
6564.59 8.352840894071884
6564.99 7.925138946975683
6565.38 7.508100663392812
6565.78 7.080339468505842
6566.17 6.663243425756419
6566.56 6.246118874465374
6566.96 5.8182692112566485
6567.35 5.415444568356629
6567.75 5.023431567246892
6568.14 4.641192450382284
6568.53 4.258927230772706
6568.93 3.866833227057652
6569.32 3.484515142809466
6569.71 3.102170965839206
6570.0 2.867370171546278
6570.11 2.809043597166267
6570.5 2.6022403314174354
6570.9 2.3901197576845807
6571.29 2.1832879064833324
6571.68 1.9764419461859952
6572.08 1.7642775888015922
6572.47 1.5574030540274448
6572.86 1.4576206294262644
6573.26 1.4102007939396677
6573.65 1.3639632570676
6574.05 1.3165368634959675
6574.44 1.2702929333127109
6574.83 1.224045847543553
6575.23 1.1766096614900794
6575.62 1.1965687876566724
6576.01 1.2336169710585183
6576.41 1.2716177206273187
6576.8 1.3086709985588
6577.2 1.3466769726147787
6577.59 1.3837353437667272
6577.98 1.4207962288107028
6578.38 1.4897116714968957
6578.77 1.5593518340452157
6579.16 1.6289967244127885
6579.56 1.7004322917847952
6579.95 1.7700867571797871
6580.35 1.8415321438312056
6580.74 1.9088567907050555
6581.13 1.9329057976417476
6581.53 1.9575731330606412
6581.92 1.9816254299804472
6582.31 2.005679350757519
6582.71 2.0303517253653327
6583.1 2.0544089348632553
6583.5 2.068249225643158
6583.89 2.0319383339316066
6584.28 1.9956249662072867
6584.68 1.958377914760683
6585.07 1.922059532484874
6585.46 1.8857386751455787
6585.86 1.848483943028884
6586.25 1.7993309916379383
6586.65 1.715425117418269
6587.04 1.6336112598105028
6587.43 1.551791843938735
6587.83 1.4678687211942372
6588.22 1.3860380484333648
6588.62 1.3021033816434413
6589.01 1.2357995099695296
6589.4 1.1895998897407298
6589.8 1.14221240431601
6590.0 1.1185174239330344
6590.19 1.0960064283729798
6590.58 1.0497973154001543
6590.98 1.0024000950772993
6591.37 0.9561846288263096
6591.77 0.9238151825906804
6592.16 0.9042464713410711
6592.55 0.8846764300535278
6592.95 0.8646032113816529
6593.34 0.8450304764310315
6593.73 0.8254564119522118
6594.13 0.8053790674595459
6594.52 0.7932397479134728
6594.92 0.7846025089666306
6595.31 0.7761806197029759
6595.7 0.7677581565802716
6596.1 0.7591191368215582
6596.49 0.7506955114890278
6596.88 0.7422713125172147
6597.28 0.7453206518187057
6597.67 0.7516031328606931
6598.07 0.7580471404231339
6598.46 0.7643304740734721
6598.85 0.7706142285510886
6599.25 0.7770595420338242
6599.64 0.7833441487931345
6600.04 0.7865631897267714
6600.43 0.7894468376944387
6600.82 0.7923306764286048
6601.22 0.7952886578867818
6601.61 0.7981728829713661
6602.0 0.8010572987493658
6610.0 0.7518009197761159
6630.0 0.762861831174965
6650.0 0.7261431900628156
6670.0 0.7487907294449972
6690.0 0.7308904290290268
6710.0 1.232748849070012
6730.0 0.9537793702781109
6750.0 0.7327623237470203
6770.0 0.7369000759896992
6790.0 0.734719384783534
6810.0 0.7351778101532898
6830.0 0.7356545586142897
6850.0 0.737138330072641
6870.0 0.7218781394862248
6890.0 0.7156722218157536
6910.0 0.7186896578704214
6930.0 0.725361027810413
6950.0 0.7287625364835765
6970.0 0.7294173110291591
6990.0 0.7042898986447463
7010.0 0.7234989730574969
7030.0 0.7144420056171896
7050.0 0.7380770930886885
7070.0 0.7067591139295828
7090.0 0.7045828938181883
7110.0 0.6924332435845209
7130.0 0.6894790246977012
7150.0 0.6872212218766697
7170.0 0.6865303497816454
7190.0 0.6625272994266654
7210.0 0.6509277392196561
7230.0 0.6804808171628894
7250.0 0.6798557205043413
7270.0 0.6918380859017808
7290.0 0.6640446169806776
7310.0 0.6740772545146543
7330.0 0.6914712861566923
7350.0 0.7143464251976475
7370.0 0.6928190589343562
7390.0 0.7015950489085868
7410.0 0.6943100606980303
7430.0 0.7022184400456831
7450.0 0.6924292921278645
7470.0 0.6898996026776338
7490.0 0.6956943460872084
7510.0 0.6834182196837004
7530.0 0.6979765527118358
7550.0 0.697647249992566
7570.0 0.696416800406364
7590.0 0.6962101618439418
7610.0 0.6806979006982318
7630.0 0.6810830838526387
7650.0 0.677912425545955
7670.0 0.6529605244591721
7690.0 0.656297410302976
7710.0 0.6570680341499784
7730.0 0.6642448412173214
7750.0 0.6611874492009131
7770.0 0.6509384055214145
7790.0 0.6416069359587342
7810.0 0.6577066508151655
7830.0 0.6583274085549127
7850.0 0.6652036510075537
7870.0 0.6699490327001726
7890.0 0.6600192537192187
7910.0 0.650323046971947
7930.0 0.636265229852402
7950.0 0.62482344858952
7970.0 0.635698842602981
7990.0 0.6438618250531261
8010.0 0.6394658758602549
8030.0 0.6433017139490663
8050.0 0.6402858911544956
8070.0 0.6355289975479329
8090.0 0.6324689869475625
8110.0 0.6323042466524508
8130.0 0.6407944875962325
8150.0 0.6183275239780105
8170.0 0.6011941609712222
8190.0 0.6001031686141759
8210.0 0.602896687350111
8230.0 0.6290886981565429
8250.0 0.623519920978407
8270.0 0.6082336071729533
8290.0 0.6029128532166609
8310.0 0.6137206623322561
8330.0 0.6105469593976837
8350.0 0.6177138113403119
8370.0 0.6249430669643385
8390.0 0.6071037611459914
8410.0 0.6127690492336049
8430.0 0.6222409836105867
8450.0 0.6034909873431343
8470.0 0.5806360649855212
8490.0 0.608581525827874
8510.0 0.6096302757761638
8530.0 0.6099441271832994
8550.0 0.5271597867957263
8570.0 0.5951882620948143
8590.0 0.6061660156280867
8610.0 0.5888191672721873
8630.0 0.6097989618542282
8650.0 0.6072593317056117
8670.0 0.47153021754106045
8690.0 0.5596903806446013
8710.0 0.5959700561626753
8730.0 0.6128072548809617
8750.0 0.5835396656764719
8770.0 0.5832647786038041
8790.0 0.605020708357294
8810.0 0.5741978513416175
8830.0 0.5801136021455906
8850.0 0.5860515348984856
8870.0 0.540763303630918
8890.0 0.5663134405290335
8910.0 0.5900629392066616
8930.0 0.5835538515283438
8950.0 0.5780688492525583
8970.0 0.5771746095860698
8990.0 0.5286409888404797
9010.0 0.4974919955469391
9030.0 0.5438328001898406
9050.0 0.5943581089875305
9070.0 0.586926265634191
9090.0 0.5665002641430713
9110.0 0.5796561759248986
9130.0 0.5762036582057665
9150.0 0.5289867365598546
9170.0 0.5295816269929203
9190.0 0.5504019160531485
9210.0 0.5649902582812256
9230.0 0.546250839228627
9250.0 0.5442046008266027
9270.0 0.5545746158718612
9290.0 0.5540154170731063
9310.0 0.5657093105040301
9330.0 0.568839441427424
9350.0 0.5679447456750376
9370.0 0.5641967792500497
9390.0 0.557921179063128
9410.0 0.5588576542675368
9430.0 0.5636273889172999
9450.0 0.5602428618566178
9470.0 0.5652252070809846
9490.0 0.5634324495482704
9510.0 0.5520183011969384
9530.0 0.5442243128803651
9550.0 0.5160121619479964
9570.0 0.5327408383831292
9590.0 0.5520982172761385
9610.0 0.5557602489023115
9630.0 0.5520023327369281
9650.0 0.5492844718574492
9670.0 0.5491058982509788
9690.0 0.5523765083124718
9710.0 0.5470534969004058
9730.0 0.5439790814190689
9750.0 0.5409062332839338
9770.0 0.5413805088152093
9790.0 0.5383229722080387
9810.0 0.5372383432856722
9830.0 0.5392434357676739
9850.0 0.5393926818688378
9870.0 0.53669095695247
9890.0 0.5358401963753132
9910.0 0.533951718183377
9930.0 0.535766761220329
9950.0 0.5358345247930454
9970.0 0.5356389704639464
9990.0 0.5329086216761114
10025.0 0.5213155206453511
10075.0 0.5108719924806057
10125.0 0.527211252053411
10175.0 0.5234462367345398
10225.0 0.5239932998715183
10275.0 0.5245596940834883
10325.0 0.51983193901508
10375.0 0.515446523846282
10425.0 0.5110353986775648
10475.0 0.5065988639205049
10525.0 0.5018615910184946
10575.0 0.49682313032303843
10625.0 0.49175828402873495
10675.0 0.4866673561212782
10725.0 0.4808535417908177
10775.0 0.47453944206187576
10825.0 0.46819636372112694
10875.0 0.46182463605454704
10925.0 0.4574565986128049
10975.0 0.45431752528845454
11025.0 0.4511609920207571
11075.0 0.44798719410239335
11125.0 0.44546013607224066
11175.0 0.44342220345146516
11225.0 0.4413710861702614
11275.0 0.4393069295019291
11325.0 0.43790882656374297
11375.0 0.43735557154749394
11425.0 0.43679415493836427
11475.0 0.4362246651987617
11525.0 0.43510991786236136
11575.0 0.43228384823975385
11625.0 0.4294436832710051
11675.0 0.42658957416637544
11725.0 0.42342680695689244
11775.0 0.4199528983025664
11825.0 0.41646388414239843
11875.0 0.41295992441988894
11925.0 0.4107978570353363
11975.0 0.40921641973251427
12025.0 0.4076256044083537
12075.0 0.40602550888314515
12125.0 0.4044224354776422
12175.0 0.40282665474129503
12225.0 0.40122193654359906
12275.0 0.39960837289038653
12325.0 0.3976322891831648
12375.0 0.39495725192874215
12425.0 0.3922710781964414
12475.0 0.38957388126021675
12525.0 0.38706197513884116
12575.0 0.38492173839289573
12625.0 0.38277218331740626
12675.0 0.38061340343888383
12725.0 0.37836082549288336
12775.0 0.3758755410806052
12825.0 0.37338059548832714
12875.0 0.37087608448085496
12925.0 0.3691894719501364
12975.0 0.3677890983417581
13025.0 0.36638193974475913
13075.0 0.36496806250305097
13125.0 0.3630550137244713
13175.0 0.3607308916492794
13225.0 0.3583983059469427
13275.0 0.35605733842184634
13325.0 0.3538063250442538
13375.0 0.35178395036236565
13425.0 0.34975413679864426
13475.0 0.34771695535503006
13525.0 0.3460291537595617
13575.0 0.3445825625787349
13625.0 0.34313004327400326
13675.0 0.3416716517108839
13725.0 0.3399572423043989
13775.0 0.3372629227299912
13825.0 0.3345604693348812
13875.0 0.33184995792408245
13925.0 0.3288937433023375
13975.0 0.3255550959960102
14025.0 0.3222074351862906
14075.0 0.3188508439027491
14125.0 0.3164344461959619
14175.0 0.31488863799231265
14225.0 0.31333755840619465
14275.0 0.31178125537469115
14325.0 0.311109223487886
14375.0 0.31103415795868267
14425.0 0.3109567183804413
14475.0 0.3108769260293792
14525.0 0.3096093646495022
14570.0 0.30780979198661595
14620.0 0.3058048729689575
14675.0 0.3035929625638459
14725.0 0.303016718196763
14775.0 0.303450114747262
14825.0 0.30388225767022786
14875.0 0.30431315790625774
14925.0 0.30448945519581416
14975.0 0.30440909425611595
15025.0 0.30432667066025043
15075.0 0.30424220227260756
15125.0 0.3044522971840119
15175.0 0.3052049263328708
15225.0 0.30595693556392495
15275.0 0.3067083301295505
15325.0 0.3072943308480674
15375.0 0.30694346923695065
15425.0 0.3065902568218979
15475.0 0.3062347135327774
15525.0 0.3050708675637807
15575.0 0.3033706359246578
15625.0 0.3016660577647009
15675.0 0.29995716959808055
15725.0 0.2977862961518881
15775.0 0.2944955406740352
15825.0 0.2911982057495961
15875.0 0.2878943460911046
15925.0 0.28707960637927593
15975.0 0.287591621244949
16050.0 0.2883582736899925
16150.0 0.2888991027716201
16250.0 0.288603243727781
16350.0 0.28708904894070986
16450.0 0.28435054815051397
16550.0 0.28300484050494307
16650.0 0.2825415313346563
16750.0 0.28149580417008135
16850.0 0.2792075184582756
16950.0 0.2770605371708962
17050.0 0.27514932062005065
17150.0 0.2716802562584867
17250.0 0.2660952800908746
17350.0 0.2615379497926456
17450.0 0.25827988457747986
17550.0 0.25432869815026116
17650.0 0.24949402434908494
17750.0 0.2448633384917258
17850.0 0.24053115308316453
17950.0 0.23529570988013265
18050.0 0.2284724482551906
18150.0 0.2245560598439693
18250.0 0.22185800121794158
18350.0 0.21893558157949486
18450.0 0.21586626049241806
18550.0 0.21198464475120984
18650.0 0.20726476765086715
18750.0 0.20332858492982211
18850.0 0.20085781955434542
18950.0 0.19926823673622174
19050.0 0.19822059270539086
19150.0 0.19628809346462814
19250.0 0.1931897403879881
19350.0 0.18995415135516594
19450.0 0.18664468340796958
19550.0 0.18363332773110697
19650.0 0.18101944590079086
19750.0 0.17869173093719257
19850.0 0.17653303615348098
19950.0 0.17464979506999803
20050.0 0.17329319960795317
20150.0 0.1711107107435293
20250.0 0.16811186310398396
20350.0 0.16661574245447508
20450.0 0.1659517897153304
20550.0 0.16488261894520767
20650.0 0.1628469400125942
20750.0 0.16091026119801904
20850.0 0.1591275982891616
20950.0 0.15763638088225834
21050.0 0.15646250080559906
21150.0 0.1551058558020386
21250.0 0.15359616797842146
21350.0 0.15211087533930517
21450.0 0.150641176461069
21550.0 0.14856507306829858
21650.0 0.14612042689158003
21750.0 0.1445664418843549
21850.0 0.14352279755580677
21950.0 0.1420925495378659
22050.0 0.14043229488642311
22150.0 0.1387122310670411
22250.0 0.13695159662423703
22350.0 0.13539194353196438
22450.0 0.13399001547052303
22550.0 0.13251996017996312
22650.0 0.13098085833167636
22750.0 0.12760352731605862
22850.0 0.121632824626381
22950.0 0.11742106249388663
23050.0 0.11707228603970495
23150.0 0.11240968577181713
23250.0 0.10610529627863989
23350.0 0.10186593065846321
23450.0 0.09906384302692678
23550.0 0.09774381220472998
23650.0 0.09835425102620259
23750.0 0.09759543898561213
23850.0 0.09293064353391137
23950.0 0.09026506335175759
24050.0 0.08885096804767145
24150.0 0.08785646920268982
24250.0 0.0874807526681009
24350.0 0.08546781292486115
24450.0 0.08285726525967047
24550.0 0.08130997848312525
24650.0 0.08088274448467792
24750.0 0.07937871914164085
24850.0 0.07406246087792823
24950.0 0.07133285245555145
25050.0 0.071129073865169
25150.0 0.07118205993550937
25250.0 0.07130725583661116
25350.0 0.07119513583834965
25450.0 0.0708046982020782
25550.0 0.07036636855756447
25650.0 0.06968417679866096
25750.0 0.06847008289328796
25850.0 0.06834661892245945
25950.0 0.06897594902202533
26050.0 0.07236645710468882
26150.0 0.07557679479891216
26250.0 0.07481809181791756
26350.0 0.07208442109430017
26450.0 0.06951336066873612
26550.0 0.06824915246886544
26650.0 0.06698958577702234
26750.0 0.06601610554248025
26850.0 0.06430350570986362
26950.0 0.063187371646999
27050.0 0.06191844438221066
27150.0 0.06147477119272934
27250.0 0.061102673562963686
27350.0 0.061497200069126956
27450.0 0.06134933853833603
27550.0 0.06143340297445007
27650.0 0.06088556865333697
27750.0 0.060482960460681176
27850.0 0.06050181131638556
27950.0 0.06104750322611704
28050.0 0.06092426327233326
28150.0 0.0598591292562562
28250.0 0.05892296991615927
28350.0 0.057834147819033684
28450.0 0.05590196526169223
28550.0 0.053989512329459394
28650.0 0.05306902512188191
28750.0 0.05310740632582953
28850.0 0.053206903062563406
28950.0 0.05287779901763432
29050.0 0.0524912934761131
29150.0 0.052097368178546793
29250.0 0.051867401324542116
29350.0 0.050348689978367056
29450.0 0.04947840513410744
29550.0 0.04995496350843879
29650.0 0.050378673894319735
29750.0 0.05063563461419246
29850.0 0.050144935062636696
29950.0 0.049739994391318036
30050.0 0.04964570344635286
30150.0 0.048907170476949285
30250.0 0.04744643297201086
30350.0 0.04643413727189528
30450.0 0.045994458576016355
30550.0 0.04574808096311333
30650.0 0.045414877580904456
30750.0 0.04543699744659534
30850.0 0.04492927825564317
30950.0 0.044647539415774734
31050.0 0.044898283728634726
31150.0 0.04539901470171199
31250.0 0.04518936174206463
31350.0 0.04443379365337435
31450.0 0.04388169099423141
31550.0 0.042905822703577526
31650.0 0.042091435329449534
31750.0 0.04189457249471806
31850.0 0.0428328879143979
31950.0 0.04458616207982859
32100.0 0.04696163754834406
32300.0 0.050746641406495534
32500.0 0.057242443293846285
32700.0 0.07354049876677086
32900.0 0.08738660581710259
33100.0 0.08067749364682306
33300.0 0.05827995785879922
33500.0 0.04641194927672606
33700.0 0.04379857608346522
33900.0 0.047146686740988215
34100.0 0.05013874327370492
34300.0 0.047427706538738526
34500.0 0.044632012544058595
34700.0 0.04388392293956933
34900.0 0.040053887715591395
35100.0 0.03760566587558584
35300.0 0.037236915984198767
35500.0 0.0351661380872944
35700.0 0.03370680738439291
35900.0 0.032801787977292746
36100.0 0.0323496615465041
36300.0 0.03290915495486564
36500.0 0.03277842675140257
36700.0 0.030575958824427756
36900.0 0.029947631905170212
37100.0 0.029297281260493566
37300.0 0.032868545663092226
37500.0 0.03444698605574173
37700.0 0.02970492377207158
37900.0 0.028407460899977786
38100.0 0.029062630227666638
38300.0 0.028947730876735644
38500.0 0.027602687496095162
38700.0 0.0277481185434987
38900.0 0.028953105628029968
39100.0 0.026709582027166428
39300.0 0.025998184521833213
39500.0 0.0264286236958683
39700.0 0.026638700283962712
39900.0 0.027707787840874725
40100.0 0.028319593145034978
40300.0 0.029398702656882034
40500.0 0.04049082272900149
40700.0 0.03410240109682488
40900.0 0.025920180567303813
41100.0 0.02559992611906601
41300.0 0.0253576580044032
41500.0 0.024205290903296563
41700.0 0.02505043550131107
41900.0 0.026571262941945388
42100.0 0.026451052643312357
42300.0 0.025833945761544658
42500.0 0.024682194384726092
42700.0 0.02561168291172213
42900.0 0.02559336239382203
43100.0 0.025328030632845847
43300.0 0.024714421133205097
43500.0 0.02421362231756678
43700.0 0.024491998435690342
43900.0 0.02614164507700412
44100.0 0.028718411157329118
44300.0 0.030411536621618527
44500.0 0.026681684912869815
44700.0 0.022920809681144277
44900.0 0.022091149209383855
45100.0 0.02174741901498091
45300.0 0.022488983917650113
45500.0 0.024092758725212757
45700.0 0.020454614252622506
45900.0 0.021929539494507752
46100.0 0.026106975570859912
46300.0 0.024409085228276787
46500.0 0.02670759375466469
46700.0 0.02654553812935812
46900.0 0.02477409922415585
47100.0 0.022733612329147612
47300.0 0.022195658833330134
47500.0 0.022213650519973364
47700.0 0.022435746535855984
47900.0 0.021891344441059033
48100.0 0.021697428179520816
48300.0 0.02538646347860148
48500.0 0.02516891765148259
48700.0 0.021412367045293375
48900.0 0.02146401598697493
49100.0 0.021515663925952715
49300.0 0.02156730518408051
49500.0 0.021618946442208305
49700.0 0.02167057907685677
49900.0 0.02172220759343709
50100.0 0.021773832810927242
50300.0 0.021825444711591317
50500.0 0.021877056612255398
50700.0 0.021928822985276042
50900.0 0.021980656972571663
51100.0 0.02203244564898815
51300.0 0.022084009123572487
51500.0 0.02213557259815683
51700.0 0.0221871161125386
51900.0 0.022238647089235335
52100.0 0.02229018716771249
52300.0 0.022341975985214375
52500.0 0.02239376480271626
52700.0 0.022013269681871825
52900.0 0.022141037104929352
53100.0 0.023398570118357536
53300.0 0.031120130808881586
53500.0 0.0347230566897634
53700.0 0.02443956047163914
53900.0 0.018259898205778072
54100.0 0.01516995471873361
54300.0 0.017900620991527387
54500.0 0.0191744236027735
54700.0 0.020302433283141477
54900.0 0.023356094661221193
55100.0 0.0251225744319616
55300.0 0.02534745206778306
55500.0 0.019989867008962256
55700.0 0.020562757561132006
55900.0 0.024716166928722163
56100.0 0.02688959572376417
56300.0 0.029353962056260983
56500.0 0.03197010104264184
56700.0 0.03256180532570566
56900.0 0.0305087836863108
57100.0 0.0259238860463786
57300.0 0.030331625261438427
57500.0 0.03412208281198152
57700.0 0.03703723959833637
57900.0 0.03820817560556468
58100.0 0.036698174644569204
58300.0 0.03150738802985602
58500.0 0.02894422096170681
58700.0 0.02841672601847618
58900.0 0.030903099838062793
59100.0 0.029903872070873923
59300.0 0.03180856151461581
59500.0 0.04172576756411663
59700.0 0.04331119521030339
59900.0 0.04307445181393274
60100.0 0.04417234695285047
60300.0 0.043632344469757965
60500.0 0.04335146540824185
60700.0 0.046297017962562304
60900.0 0.050972528414182025
61100.0 0.05766105782719202
61300.0 0.07078025173975956
61500.0 0.08815086738836833
61700.0 0.1079015861365849
61900.0 0.12699823395711043
62100.0 0.13250668957977071
62300.0 0.12797955868233316
62500.0 0.11818838961870927
62700.0 0.10623537200264552
62900.0 0.09242506941744048
63100.0 0.08351303024992443
63300.0 0.07515823252215117
63500.0 0.06740097822613612
63700.0 0.060340150784341684
63900.0 0.055192663089566996
64200.0 0.050970078851700254
64600.0 0.04489031995000669
65000.0 0.03905120584931571
65400.0 0.034423923957187984
65800.0 0.03525939066506501
66200.0 0.039947212508047655
66600.0 0.0393294781201158
67000.0 0.03818388851561478
67400.0 0.0355636031006788
67800.0 0.03617555910583159
68200.0 0.03735950101567391
68600.0 0.03385575423802745
69000.0 0.03820123720413888
69400.0 0.041780614746944576
69800.0 0.049185219842676674
70200.0 0.04402548130937348
70600.0 0.048293112725811965
71000.0 0.046382198759176554
71400.0 0.04967034828910035
71800.0 0.047743791984710286
72200.0 0.057422603695344715
72600.0 0.05488601044207142
73000.0 0.05854027159362339
73400.0 0.0657505029397459
73800.0 0.07632933132913111
74200.0 0.08243350197221556
74600.0 0.09139195042959147
75000.0 0.10378043400180913
75400.0 0.11946518044582907
75800.0 0.12363531425761028
76200.0 0.12483050468287536
76600.0 0.12309533674979785
77000.0 0.11474685855849412
77400.0 0.10971426818596336
77800.0 0.10898219299216601
78200.0 0.10657711777856195
78600.0 0.1014915458875341
79000.0 0.0924597743384383
79400.0 0.08298844165556978
79800.0 0.07504518577740589
80200.0 0.07028047420584599
80600.0 0.0634401882828866
81000.0 0.057071493698158886
81400.0 0.05321974446116652
81800.0 0.05193971440520621
82200.0 0.05147505737850914
82600.0 0.05086310723032386
83000.0 0.04957451436553727
83400.0 0.04863720430359163
83800.0 0.05098150111946979
84200.0 0.053285617873085805
84600.0 0.055655989347741824
85000.0 0.05875497284767281
85400.0 0.06039006375288903
85800.0 0.06083804615930209
86200.0 0.05893704632586051
86600.0 0.055389278449128124
87000.0 0.050347988678060944
87400.0 0.044367869511378125
87800.0 0.038365761840268554
88200.0 0.032342729581176996
88600.0 0.02936728559881098
89000.0 0.027451716927337336
89400.0 0.026772210603894394
89800.0 0.02644609501727573
90200.0 0.02485849901789847
90600.0 0.020896265184706553
91000.0 0.01782022831245834
91400.0 0.01604647072262198
91800.0 0.016893831286677315
92200.0 0.01786650118058087
92600.0 0.018469843934156852
93000.0 0.017802471652203958
93400.0 0.016940960235124942
93800.0 0.016087485582957865
94200.0 0.01560900770767485
94600.0 0.016517543395635614
95000.0 0.017844769676928805
95400.0 0.017138961383858176
95800.0 0.01795794152527059
96200.0 0.019698471259493196
96600.0 0.0203144760991382
97000.0 0.019202411025621056
97400.0 0.01667293594530261
97800.0 0.015612825187121683
98200.0 0.015213018592838405
98600.0 0.015504259410810274
99000.0 0.015100852211293507
99400.0 0.014681126460666756
99800.0 0.014277440931345203
100200.0 0.014013494849802
100400.00000000009 0.013888930917038501
100748.43066198383 0.014387559750946272
101098.07052641988 0.014859249329650602
101448.92378975474 0.01408200671242453
101800.9946629978 0.013518647320825724
102154.28737177301 0.013330373110857292
102508.80615636887 0.013634468682814654
102864.55527178946 0.014223383203415995
103221.53898780573 0.014642763816156968
103579.76158900595 0.014999793274029234
103939.22737484834 0.015172458077673067
104299.94065971187 0.017591451972040987
104661.9057729482 0.02221624502137836
105025.12705893395 0.02522045433141968
105389.60887712192 0.026995052198083916
105755.35560209466 0.023246866490399806
106122.37162361621 0.02089523651496992
106490.66134668495 0.020152364319173714
106860.22919158668 0.019569417885374567
107231.07959394684 0.01911109377356538
107603.217004785 0.019129906946327366
107976.64589056744 0.019448353621641292
108351.370733261 0.020053134459242526
108727.39603038708 0.021148070023897986
109104.72629507471 0.022636776275698833
109483.36605611602 0.025067349333440455
109863.31985801981 0.02782037932621643
110244.59226106624 0.03072880301879969
110627.1878413618 0.032917107406456377
111011.11119089334 0.03873748399000423
111396.36691758451 0.04916977971342724
111782.95964535022 0.06359006920422274
112170.89401415233 0.07520452190926977
112560.17468005554 0.07754283105686127
112950.80631528242 0.07203716883008085
113342.79360827077 0.06314473539358194
113736.1412637291 0.053754241998096725
114130.85400269323 0.04581519038081086
114526.93656258319 0.03902188387537069
114924.39369725919 0.03518052960016402
115323.23017708007 0.03221332376018642
115723.45078895958 0.03009624594699399
116125.06033642414 0.02795498754007921
116528.06363967061 0.026185654513959357
116932.46553562334 0.024858625148557516
117338.27087799355 0.024505432870780646
117745.48453733666 0.024742815901063326
118154.11140111096 0.02566057378118051
118564.15637373661 0.026946235245229475
118975.62437665339 0.027809772102614098
119388.52034838134 0.02813998857448056
119802.84924457902 0.02784505753111651
120218.61603810318 0.02730699115779808
120635.82571906883 0.02655010305150971
121054.48329490799 0.026045032500175095
121474.59379043133 0.025762843719657202
121896.16224788758 0.025915002498233586
122319.19372702412 0.027992447317430717
122743.69330514787 0.02959535898953741
123169.6660771864 0.030527133417040046
123597.11715574806 0.030048698634362738
124026.0516711849 0.02951298970773945
124456.47477165324 0.0295631378954378
124888.39162317566 0.030564957149119377
125321.80740970328 0.032264633272207716
125756.72733317701 0.03392507812557871
126193.15661359143 0.03564719208984406
126631.1004890565 0.03794041341564657
127070.56421586059 0.041853219961314636
127511.55306853396 0.04866820180955923
127954.0723399109 0.059493665874540635
128398.12734119488 0.05269579350470202
128843.72340202122 0.040492200899388826
129290.86587052139 0.02769687505292186
129739.56011338736 0.02309084797272329
130189.81151593504 0.021750071639019347
130641.62548217046 0.021246170581178423
131095.00743485359 0.021134435502676747
131549.96281556363 0.02112799445378417
132006.49708476473 0.02104667541654399
132464.61572187033 0.020620024706994408
132924.3242253105 0.020051361850425047
133385.628112597 0.020444144101673566
133848.53292038973 0.020696338000522306
134313.04420456337 0.020774791681425046
134779.167540273 0.020846920406454368
135246.90852202274 0.02140497429389797
135716.27276373174 0.02173538912417668
136187.2658988018 0.021614241156512823
136659.8935801853 0.02093146639623624
137134.16148045196 0.019627268778625223
137610.07529185852 0.018974678428959682
138087.64072641605 0.019077195481663183
138566.86351595866 0.019027887663597174
139047.7494122127 0.018684264289127592
139530.30418686455 0.01934245898561993
140014.53363163173 0.019034061155774433
140500.44355833106 0.019182694719447432
140988.03979894897 0.019159499803029972
141477.32820571162 0.018491143715455
141968.3146511539 0.018169404303991662
142461.00502819192 0.017839416399594646
142955.40525019236 0.017930134788846544
143451.52125104374 0.018030869558845673
143949.35898522806 0.01799370972415939
144448.924427891 0.01729202185293711
144950.2235749154 0.016405764718310446
145453.2624429921 0.015954064052574823
145958.04706969234 0.01568137809251508
146464.58351354074 0.01614375944443131
146972.87785408652 0.016375196978059527
147482.9361919785 0.016271461779693866
147994.76464903704 0.01584774512272384
148508.36936832778 0.015242169068964794
149023.7565142358 0.015938496816250012
149540.9322725382 0.01668531950823572
150059.90285048028 0.01658296902975466
150580.6744768489 0.01630114282955889
151103.25340204738 0.01574259375677193
151627.64589817091 0.015936732433059285
152153.85825908065 0.016509677286168846
152681.89680048096 0.016278817827484412
153211.76785999417 0.016227220130647143
153743.47779723676 0.0168738747599299
154277.0329938962 0.021825752849911215
154812.43985380605 0.030387290048970877
155349.70480302497 0.037371174093240304
155888.8342899124 0.04095237576231093
156429.8347852063 0.030210497164968635
156972.71278210124 0.022695426644469368
157517.47479632485 0.018253696355197604
158064.1273662182 0.017235270818930448
158612.67705281274 0.016812386850054626
159163.1304399096 0.016449010175400465
159715.49413415877 0.016805944413814167
160269.77476513712 0.017714898112617925
160825.97898542997 0.017762201700346317
161384.11347070962 0.01786786133109159
161944.18491981577 0.01822454715294465
162506.2000548363 0.01871983079974071
163070.1656211866 0.01948702803018925
163636.0883876925 0.02212660016355688
164203.97514667013 0.023810289374800068
164773.83271400793 0.024564230992935063
165345.66792924836 0.023459006809339565
165919.48765567035 0.02258050005008546
166495.29878037024 0.022427903164948543
167073.10821434658 0.021652883062118378
167652.9228925817 0.02096785563499803
168234.74977412526 0.02124396227967838
168818.59584217807 0.022863729251550512
169404.46810417465 0.02551674540798872
169992.37359186928 0.030692664467928184
170582.3193614191 0.031216928886218426
171174.31249346913 0.02844310268639852
171768.3600932375 0.024855614916747114
172364.46929059955 0.023225540871714
172962.64724017525 0.02324641138848355
173562.90112141386 0.02361882250695157
174165.23813868032 0.02309626963190913
174769.6655213422 0.021790787469813392
175376.19052385495 0.020682233743740504
175984.8204258511 0.020600628697884673
176595.5625322263 0.02128691313740055
177208.42417322725 0.020978449176244016
177823.4127045401 0.020590956924194742
178440.53550737724 0.02023623775896928
179059.79998856818 0.020439341641463882
179681.21358064678 0.020246888828251788
180304.7837419411 0.019889630614890495
180930.51795666298 0.01961753704394598
181558.42373499667 0.01905939087028688
182188.508613191 0.018916884457547366
182820.7801536484 0.019700561025225785
183455.24594501613 0.01974956615551602
184091.9136022776 0.01993898275135165
184730.79076684228 0.02035388808120564
185371.88510663982 0.0209881904458743
186015.20431621035 0.026991431281348763
186660.7561167974 0.03490642019978224
187308.54825644082 0.041110661234544814
187958.58851006837 0.03169698465106933
188610.8846795912 0.024035364443086734
189265.44459399607 0.020751733948093785
189922.27610943964 0.021174544786517292
190581.38710934314 0.021162671455748048
191242.78550448545 0.02095254918002329
191906.4792331004 0.020650595931996966
192572.47626097052 0.01932434361019996
193240.7845815229 0.01949685828953202
193911.41221592567 0.02033691763751531
194584.36721318262 0.02092901849627479
195259.65765023217 0.02023864432183097
195937.29163204285 0.020126124105925732
196617.27729171072 0.020309748157894505
197299.62279055765 0.02034432504499228
197984.33631822755 0.020417603258347468
198671.42609278703 0.020587953983624452
199360.90036082253 0.020670222644390734
200052.7673975396 0.02054836223314662
200747.03550686277 0.021507663282320653
201443.7130215334 0.021073341351455267
202142.80830321225 0.020159469803022637
202844.3297425782 0.020729982061582886
203548.28575942936 0.02194366731663964
204254.6848027845 0.022750722016858654
204963.53535098286 0.02229348538015636
205674.84591178835 0.021834661938035654
206388.62502249 0.021324829501113803
207104.88125000495 0.02080165030557209
207823.62319098154 0.020834779040690407
208544.8594719008 0.021725337080053402
209268.59874918268 0.02261898573422905
209994.84970928813 0.022581835564780994
210723.62106882382 0.02254255047752877
211454.9215746472 0.022284297651175664
212188.76000396966 0.021890510064779822
212925.1451644646 0.021660645586614236
213664.08589437135 0.021903073766359527
214405.5910626017 0.02214634327490116
215149.66956884676 0.023214534306852344
215896.33034368197 0.024361228294398365
216645.5823486771 0.024405689850209467
217397.43457650184 0.023687150559019036
218151.8960510343 0.023019431824877045
218908.9758274697 0.02248359174266276
219668.68299242735 0.021945892067674236
220431.02666406232 0.022356585590810135
221196.01599217302 0.02277413495988505
221963.66015831166 0.023246326455017716
222733.96837589474 0.023740806630685056
223506.94989031187 0.023835565650491285
224282.61397903945 0.023465572629177936
225060.96995175022 0.023085514913343964
225842.02715042542 0.022673489066132493
226625.79494946744 0.022260033314152865
227412.28275581042 0.02277333801905883
228201.50000903595 0.023290055397168042
228993.45618148448 0.023652762202646827
229788.16077836952 0.023975092131516853
230585.62333789226 0.024155534606590364
231385.85343135396 0.024239540258050016
232188.8606632739 0.02422934810755553
232994.65467150253 0.024087388235507025
233803.24512733784 0.023977695206729464
234614.64173564175 0.023963323214363324
235428.8542349548 0.023971154093374598
236245.89239761574 0.02416441143435011
237065.76602987712 0.02435833946041776
237888.48497202326 0.02468528958293778
238714.05909848903 0.025016882687117645
239542.4983179762 0.024970882901297557
240373.81257357553 0.024860628353936976
241208.01184288395 0.024767312637553187
242045.10613812497 0.024679427647375508
242885.10550626923 0.024801365863897886
243728.0200291531 0.025031864053940683
244573.85982360275 0.025131614031178116
245422.63504155353 0.025137907742860233
246274.3558701723 0.025162259439212836
247129.0325319802 0.02520328148779436
247986.67528497343 0.025176239214116266
248847.29442274923 0.025072731726350623
249710.90027462755 0.024970350223163715
250577.5032057754 0.024869536423309063
251447.1136173319 0.024830653510158205
252319.741946531 0.024880149914819866
253195.39866682977 0.025033684783842033
254074.09428803218 0.025341554650664285
254955.83935641564 0.025519595508685065
255840.64445485763 0.025506828699962607
256728.52020296326 0.02577982437591507
257619.47725719062 0.02644575922251048
258513.52631098175 0.026826080036314495
259410.67809488898 0.026855410593530873
260310.94337670426 0.026483755531589888
261214.33296158884 0.02569343388530251
262120.8576922009 0.025254162136118984
263030.5284488288 0.025111700863523358
263943.3561495196 0.025174007304000785
264859.35175021074 0.02536945942031422
265778.5262448618 0.025572571100573652
266700.8906655845 0.025779624267510598
267626.45608277834 0.025788961452078013
268555.23360526125 0.02573947193713346
269487.23438040353 0.02568670571387071
270422.46959426196 0.025633295712159686
271360.9504717122 0.025708467079483915
272302.6882765867 0.02577720372210448
273247.69431180746 0.025767612708817823
274195.97991952254 0.025806549320326985
275147.55648124265 0.026002257783255718
276102.4354179754 0.026534541151451468
277060.6281903659 0.02761508018313373
278022.1462988321 0.02753895811014797
278987.001283703 0.026456246500834165
279955.20472535834 0.02654101317024326
280926.7682443648 0.027125222525109904
281901.7035016192 0.02699542014022115
282880.0221984859 0.026763643799805916
283861.73607693805 0.026506842109474064
284846.856919699 0.026269583667596127
285835.39655038144 0.02608937201299813
286827.3668336328 0.02604270415191153
287822.7796752752 0.02614847235561331
288821.64702244906 0.02565874792027694
289823.9808637571 0.024893362148499847
290829.79322940577 0.02573161001131341
291839.0961913531 0.026576978668866755
292851.90186345164 0.026569933695674758
293868.22240159387 0.026503625215586163
294888.0700038592 0.026346585983831817
295911.45691065746 0.026162146542658866
296938.39540488017 0.025962723030554455
297968.8978120446 0.027058517814946774
299002.9765004432 0.027864678111232003
300040.643881292 0.026958405246848293
301081.9124088775 0.0266796124556857
302126.7945807098 0.027091618970095502
303175.3029376698 0.026944680632426898
304227.45006416074 0.02666343364006662
305283.2485882598 0.026799849390949808
306342.71118186694 0.026732352858115076
307405.8505608609 0.026337443958678645
308472.6794852493 0.026379107646050462
309543.21075932245 0.02658974040074279
310617.4572318076 0.02639025720993683
311695.4317960206 0.026645746552632514
312777.1473900245 0.027672363718412942
313862.6169967824 0.027372821183192533
314951.8536443137 0.026637034115696505
316044.87040585116 0.026995869287254587
317141.68039999536 0.02747770659833359
318242.2967908759 0.028118649970327116
319346.7327883069 0.028090535063080985
320455.0016479461 0.027947057618588084
321567.116671454 0.027996110508728744
322683.09120665427 0.02797780559503449
323802.93864769104 0.027909541841798273
324926.672435194 0.029022752939823895
326054.30605643673 0.029639998006982766
327185.8530454994 0.02936713135981106
328321.326983432 0.029487344645388696
329460.74149841425 0.029769709401098843
330604.11026592366 0.030264315870426356
331751.4470088968 0.03184692839929175
332902.76549789455 0.03441013922942476
334058.07955126825 0.04172212314559523
335217.40303532267 0.042147290429248814
336380.74986448674 0.0359262568552832
337548.13400147745 0.030810260570414763
338719.56945746863 0.027997943460081595
339895.07029225933 0.028360775647430073
341074.65061444003 0.029294376325373916
342258.32458156615 0.02997156609913843
343446.10640032514 0.03003334536939269
344638.0103267076 0.0
345834.0506661794 0.0
347034.2417738501 0.0
348238.5980546498 0.0
349447.1339634991 0.0
350659.8640054834 0.0
351876.8027360276 0.0
353097.96476106776 0.0
354323.3647372312 0.0
355553.01737200917 0.0
356786.93742393394 0.0
358025.13970275706 0.0
359267.6390696242 0.0
360514.4504372573 0.0
361765.5887701314 0.0
363021.06908465445 0.0
364280.90644934855 0.0
365545.1159850277 0.0
366813.7128649837 0.0
368086.7123151656 0.0
369364.1296143627 0.0
370645.98009438923 0.0
371932.2791402647 0.0
373223.04219040385 0.0
374518.28473679814 0.0
375818.0223252031 0.0
377122.2705553253 0.0
378431.04508100665 0.0
379744.36161041673 0.0
381062.23590623855 0.0
382384.6837858583 0.0
383711.7211215558 0.0
385043.36384069227 0.0
386379.62792590604 0.0
387720.529415301 0.0
389066.08440264023 0.0
390416.3090375398 0.0
391771.21952565934 0.0
393130.8321289014 0.0
394495.16316560353 0.0
395864.22901073477 0.0
397238.0460960931 0.0
398616.63091049937 0.0
400000.0000000001 0.0
