91.0 0.0
94.0 0.0
96.0 0.0
98.0 0.0
100.0 0.0
102.0 0.0
104.0 3.734516868289299e-12
106.0 5.4309476836273915e-12
108.0 7.638223914330012e-12
110.0 1.2397730820240358e-11
114.0 2.3585554934168962e-11
118.0 4.057531002877045e-11
121.0 1.7438302628038796e-10
125.0 2.7583911987504626e-10
127.0 3.327947487141757e-10
128.0 3.7669501909745677e-10
131.0 4.96129141249291e-10
132.0 5.940543541539181e-10
134.0 7.165938383276776e-10
137.0 1.0332804633293897e-09
140.0 1.3857872394546253e-09
143.0 4.456602016673259e-09
147.0 1.2675651371549383e-08
151.0 1.5965991804865787e-08
155.0 2.0502977112695643e-08
159.0 2.554767011175129e-08
162.0 3.023903432607522e-08
166.0 3.863785366490349e-08
170.0 4.680926624758747e-08
173.0 5.5267685392760255e-08
177.0 6.671603932984679e-08
180.0 7.709824606225067e-08
182.0 8.435427356996271e-08
186.0 9.964788899050172e-08
191.0 1.2433106874445917e-07
194.0 1.4135178163024459e-07
198.0 1.6472329258714316e-07
202.0 1.94939799361989e-07
205.0 2.164398245227515e-07
210.0 2.4966458497100557e-07
216.0 3.172514801890074e-07
220.0 3.645967387820346e-07
223.0 4.0234614833385004e-07
227.0 4.652070519013643e-07
230.0 7.415138266465916e-07
234.0 1.378771723396431e-06
240.0 1.8857991827764965e-06
246.0 2.001358613915354e-06
252.0 2.3510499368635987e-06
257.0 2.193669899206723e-06
260.0 2.645731058933104e-06
264.0 2.947711871695721e-06
269.0 3.1989631490845617e-06
274.0 3.4458910054636953e-06
279.0 3.6987370822125857e-06
284.0 3.9875888430870555e-06
290.0 4.128439400858928e-06
296.0 4.575121903328196e-06
301.0 4.807550900639139e-06
308.0 5.302042423738319e-06
318.0 6.074627443939614e-06
328.0 6.801195749996308e-06
338.0 7.501790247591898e-06
348.0 8.182696684777258e-06
357.0 8.865701745760804e-06
366.0 9.63413366145056e-06
375.0 1.0342506095831959e-05
385.0 1.078061566140135e-05
395.0 1.1928188130229555e-05
405.0 1.2854423906244868e-05
414.0 1.360771075063794e-05
422.0 1.418859615788859e-05
430.0 1.474665351135858e-05
441.0 1.5766717143399587e-05
451.0 1.6571595479118104e-05
460.0 1.7239935387131628e-05
470.0 1.805142815160419e-05
480.0 1.9004544814345103e-05
490.0 1.9619328930796398e-05
500.0 2.068844554915196e-05
506.0 2.1285172540536844e-05
512.0 2.3568551245197467e-05
520.0 2.441936315026345e-05
530.0 2.5294592095942715e-05
540.0 2.5687080685782305e-05
550.0 2.7905903602733576e-05
560.0 3.016172628649658e-05
570.0 3.228925444297203e-05
580.0 3.278568068300879e-05
590.0 3.580592948179643e-05
600.0 3.692742591027516e-05
610.0 3.755660269386874e-05
620.0 4.3351980048622076e-05
630.0 4.620572336491649e-05
640.0 4.827382565560303e-05
650.0 5.225395563598351e-05
658.0 5.49625635172579e-05
665.0 5.788322965404264e-05
675.0 5.999560234337596e-05
685.0 6.092507376188095e-05
695.0 7.228077641017748e-05
705.0 7.232027773479814e-05
716.0 8.339687098972263e-05
726.0 8.825088905358032e-05
735.0 9.331136174270093e-05
745.0 0.00010370437159126073
755.0 0.00011151144632227631
765.0 0.000116743370733
775.0 0.00013185437759742998
785.0 0.0001424299651515026
795.0 0.00015232919024971104
805.0 0.00016194249626308517
815.0 0.00017214502916514766
825.0 0.00018926460873718674
835.0 0.00016708894060456445
845.0 0.00021000989935773484
855.0 0.00022214618529248906
865.0 0.000243468775132586
875.0 0.0002667228488859226
885.0 0.0002957239466629172
895.0 0.0003189844301146245
905.0 0.0003276436388534261
915.0 0.0004985303330264705
925.0 0.003810660831722246
935.0 0.008139757909353656
945.0 0.015633725889675917
955.0 0.024180285575792406
965.0 0.02771806064596551
975.0 0.004921878523329853
985.0 0.023090653153378746
995.0 0.027385306681403335
1005.0 0.041757051509388465
1015.0 0.04149997759254659
1025.0 0.018840520187719926
1035.0 0.030520054375681546
1045.0 0.06083986450344789
1055.0 0.060284014580623296
1065.0 0.050333878630022526
1075.0 0.0599327027513773
1085.0 0.050498998268594886
1095.0 0.06567794205087955
1105.0 0.06659965660998267
1115.0 0.06511824166228257
1125.0 0.06179900770398128
1135.0 0.07974874575037087
1145.0 0.07432137562318573
1155.0 0.08100696777645651
1165.0 0.08355724494912126
1175.0 0.06180296837129033
1185.0 0.08710637621969994
1195.0 0.05877676417935107
1205.0 0.04418566649566036
1208.72 0.03955269606446039
1208.8 0.03945221234178358
1208.87 0.03936425982326818
1208.94 0.03927627999939284
1209.02 0.03917569820032109
1209.09 0.039087659881250125
1209.16 0.038999594272021515
1209.23 0.038911501377472
1209.31 0.038810790379306966
1209.38 0.0387226390324946
1209.45 0.03863446041555774
1209.53 0.038533651467555954
1209.6 0.03844541443091539
1209.67 0.038357150139341496
1209.75 0.03825624329606945
1209.82 0.03816792061734097
1209.89 0.038079570698866395
1209.96 0.03799119354547758
1210.04 0.03789015774178369
1210.11 0.037801722244130184
1210.18 0.03771325952674279
1210.26 0.03761212595420955
1210.33 0.03752360492508353
1210.4 0.03743505669140002
1210.47 0.037346481257987396
1210.55 0.037245218891631675
1210.62 0.0371565851893395
1210.69 0.037067924302487794
1210.77 0.0369665642936328
1210.84 0.03687784517040398
1210.91 0.036789098877780924
1210.99 0.036687641280897854
1211.06 0.036598836784389736
1211.13 0.036510005133647806
1211.2 0.036421146333495566
1211.28 0.036319560181045436
1211.35 0.03623064321982225
1211.42 0.03614169912434225
1211.5 0.036040015510072
1211.57 0.03595101328598926
1211.64 0.03586198394279892
1211.72 0.035760202921122176
1211.79 0.0356711154817866
1211.86 0.035582000938488005
1211.93 0.035492859296043774
1212.01 0.03539094995680312
1212.08 0.03530175026098227
1212.15 0.03521252348115363
1212.23 0.035110516860579095
1212.3 0.03502123205980668
1212.37 0.03493192019015959
1212.44 0.03484258125645137
1212.52 0.03474044648443661
1212.59 0.034651049572520756
1212.66 0.03456162561167009
1212.74 0.03445939368429796
1212.81 0.03436991177764753
1212.88 0.03428040283718344
1212.96 0.034178073808766814
1213.03 0.03408850695490009
1213.1 0.03399891308233613
1213.17 0.03390929219588325
1213.25 0.03380683525358846
1213.32 0.033717156496421416
1213.39 0.03362745074047482
1213.47 0.03352489682297213
1213.54 0.03343513322868311
1213.61 0.03334534265071899
1213.69 0.03324269181225987
1213.76 0.03315284342831358
1213.83 0.033062968075791246
1213.9 0.03297306575949568
1213.98 0.03287028724445417
1214.05 0.03278032716481691
1214.12 0.03269034013649881
1214.2 0.03258746482619473
1214.27 0.03249742006686934
1214.34 0.03240734837395004
1214.41 0.032317249752235794
1214.49 0.032214246930970025
1214.56 0.032124090620854515
1214.63 0.03203390739702399
1214.71 0.031930807906088356
1214.78 0.031840567026164876
1214.85 0.03175029924760137
1214.93 0.031647103141141004
1215.0 0.031556777738781315
1215.07 0.031466425452850735
1215.14 0.03137604628814266
1215.22 0.031272722907551044
1215.29 0.0311822861616028
1215.36 0.031091822551939517
1215.44 0.03098840268126818
1215.51 0.030897881522634656
1215.58 0.030807333515342716
1215.66 0.030703817208673385
1215.73 0.030613211684669878
1215.8 0.0305225793270593
1215.87 0.030540202054670767
1215.95 0.030869772163399613
1216.02 0.031158229866027416
1216.09 0.0314467658208413
1216.17 0.03177661699864948
1216.24 0.032065320589139856
1216.31 0.032354102387412875
1216.38 0.032642962379345
1216.46 0.0329731838136296
1216.53 0.03326221131584688
1216.6 0.033551316967343724
1216.68 0.03388181910108495
1216.75 0.034171092167790865
1216.82 0.03446044333941655
1216.9 0.03479122601328049
1216.97 0.03508074450507906
1217.04 0.03537034105745661
1217.11 0.03566001565630885
1217.19 0.0359911678897334
1217.26 0.036281009683545605
1217.33 0.03657092947951676
1217.41 0.03690236188396401
1217.48 0.037192448779953695
1217.55 0.03748261363380592
1217.63 0.037814326050170155
1217.7 0.03810465790914052
1217.77 0.03839506768169618
1217.84 0.03868555535375306
1217.92 0.03901763663375586
1217.99 0.039308291185898056
1218.06 0.03959902359328981
1218.14 0.03993138451664028
1218.21 0.040222283709313154
1218.28 0.0405132607130031
1218.35 0.04080431551364043
1218.43 0.04113704481503468
1218.5 0.041428266276047614
1218.57 0.04171956548980129
1218.65 0.04205257406634898
1218.72 0.04234403984577081
1218.79 0.04263558333374655
1218.87 0.042968871026734246
1218.94 0.04326058098571382
1219.01 0.04355236860907914
1219.08 0.043844233882781795
1219.16 0.044177889259612295
1219.23 0.04446992087959652
1219.3 0.04476203010577696
1219.38 0.0450959642313968
1219.45 0.04538823970929165
1219.52 0.045680592749261464
1219.6 0.04601480546519298
1219.67 0.04630732466235372
1219.74 0.046599921377486926
1219.81 0.04689259559656556
1219.89 0.047227175303168355
1219.96 0.04752001555490196
1220.03 0.04781293326650591
1220.11 0.04814779119631832
1220.18 0.04844087484615307
1220.25 0.04873403591180235
1220.32 0.0490272743792537
1220.4 0.04936249881608544
1220.47 0.04965590309736337
1220.54 0.04994938473641515
1220.62 0.05028488702974229
1220.69 0.05057853438829689
1220.76 0.0508722590606162
1220.84 0.05120803905237007
1220.91 0.05150192934991099
1220.98 0.05179589691722893
1221.05 0.05208994174033313
1221.13 0.05242608754771482
1221.2 0.052720297871826645
1221.27 0.053014585407763826
1221.35 0.05335100854741823
1221.42 0.05364546149018435
1221.49 0.053939991600834625
1221.57 0.054276691914936497
1221.64 0.05457138733827999
1221.71 0.05486615988558791
1221.78 0.05516100954289106
1221.86 0.05549807498229359
1221.93 0.05579308982826963
1222.0 0.056088181740347576
1222.08 0.05642552398861238
1222.15 0.05672078099533015
1222.22 0.057016115024278176
1222.29 0.057311526061502735
1222.37 0.057649232953423744
1222.44 0.057944808961403534
1222.51 0.05824046193381448
1222.59 0.058578445269413235
1222.66 0.05887426311865013
1222.73 0.05917015788849483
1222.81 0.05950841751036529
1222.88 0.05980447706315119
1222.95 0.060100613492742656
1223.02 0.06039682678520812
1223.1 0.06073545036224627
1223.17 0.06103182831396486
1223.24 0.06132828308478177
1225.0 0.06817558693745839
1235.0 0.10262931171202899
1245.0 0.11834618789709721
1255.0 0.11594661309714856
1265.0 0.10227145327457936
1275.0 0.13232114558645003
1285.0 0.14512497076636496
1295.0 0.11580943307204908
1305.0 0.1166433223721255
1315.0 0.15085491711652912
1325.0 0.14544539216863558
1335.0 0.13347305273845655
1345.0 0.16015503585447965
1355.0 0.15854971495550274
1365.0 0.14414171348353563
1375.0 0.15436713556631815
1385.0 0.1581905738475028
1395.0 0.142595351511764
1405.0 0.14809739361063384
1415.0 0.1531825941396457
1425.0 0.16065242200186028
1435.0 0.1617280741562798
1442.0 0.17309224916584207
1447.0 0.17670354299406368
1455.0 0.17444683183802964
1465.0 0.16229927013777617
1475.0 0.1640295067364169
1485.0 0.1696198930386105
1495.0 0.17507287201567925
1505.0 0.16890410908706868
1512.0 0.15297103784135027
1517.0 0.1621127985649429
1525.0 0.1556788443848423
1535.0 0.14031826320973054
1545.0 0.15650438465760746
1555.0 0.1495432080099635
1565.0 0.15277310643181688
1575.0 0.16701487621358843
1585.0 0.1768106388667629
1595.0 0.18272183832137115
1605.0 0.1814140613737465
1615.0 0.18258778064369705
1625.0 0.1747010099848584
1635.0 0.18733474606622824
1645.0 0.19279453733345644
1655.0 0.18051052860733577
1665.0 0.19692221891296144
1672.0 0.18253705524681074
1677.0 0.19942643193870493
1685.0 0.21320642042718888
1695.0 0.202250587829847
1705.0 0.19693570706813304
1715.0 0.18806919020116356
1725.0 0.18931165804486774
1735.0 0.203592587367681
1745.0 0.20140432449053086
1755.0 0.2150222700765102
1765.0 0.20055129205148395
1775.0 0.20797990914806896
1785.0 0.21283414583821259
1795.0 0.23080532879194873
1805.0 0.2309344722628939
1815.0 0.21516235118452667
1825.0 0.21988354911669356
1835.0 0.2144563848135131
1845.0 0.1976036317892828
1855.0 0.20202322078039928
1865.0 0.20873680520200352
1875.0 0.22704369088787424
1885.0 0.21109787851635842
1895.0 0.20675843881991102
1905.0 0.2195021174024012
1915.0 0.21341920537474815
1925.0 0.21166096006022458
1935.0 0.21670658649754582
1945.0 0.2310649372819577
1955.0 0.22051673484929407
1967.0 0.24127896284734857
1976.0 0.24949313074723178
1984.0 0.24014327524464524
1995.0 0.23359005105627068
2005.0 0.24031817423496127
2015.0 0.23618229268183508
2025.0 0.24500051142671392
2035.0 0.23897642649709833
2045.0 0.2476959548768821
2055.0 0.23907388980235017
2065.0 0.2419676988817848
2074.0 0.26061582375514925
2078.0 0.2554586582198403
2085.0 0.2635930719978415
2095.0 0.25240628696816325
2105.0 0.25534827859818504
2115.0 0.2603287484978508
2125.0 0.2614181473396869
2135.0 0.24950483327607748
2145.0 0.2552543367328725
2155.0 0.26639335021834903
2165.0 0.2625997445431562
2175.0 0.26053312827039754
2185.0 0.2604918069780718
2195.0 0.27157991347664395
2205.0 0.2700704232597573
2215.0 0.25295164776867546
2225.0 0.25393512975019383
2235.0 0.26866751250818943
2245.0 0.2585548541341474
2255.0 0.25020758659815673
2265.0 0.25670467592808116
2275.0 0.2659110084105958
2285.0 0.27644778185171603
2295.0 0.2617272856096506
2305.0 0.26525626085933973
2315.0 0.2562094224285211
2325.0 0.2143561446038267
2335.0 0.2337787806777901
2345.0 0.229822131933462
2355.0 0.2504952172709194
2365.0 0.22957468210809176
2375.0 0.2381065730380386
2385.0 0.22388381697168874
2395.0 0.23478447000024613
2405.0 0.22976183454750904
2415.0 0.23719572881575612
2425.0 0.25548780115769565
2435.0 0.2510310909238786
2445.0 0.26577913338399306
2455.0 0.2640974836408163
2465.0 0.26243213239072877
2475.0 0.2542813824270357
2485.0 0.253353779225748
2495.0 0.24632394135151567
2505.0 0.27644145782163887
2513.0 0.24283237910401428
2518.0 0.24481584894398392
2525.0 0.23936584395937208
2535.0 0.24554334210980786
2545.0 0.24404740663327962
2555.0 0.26250697385221594
2565.0 0.2613403712017323
2575.0 0.2769566859149175
2585.0 0.2753484611222255
2595.0 0.2690576855865062
2605.0 0.26133572175479697
2615.0 0.2585799958864052
2625.0 0.2767229234523675
2635.0 0.2917623396844625
2645.0 0.3184352154043358
2655.0 0.33847492223574716
2665.0 0.3057537918942023
2675.0 0.3210636050282765
2685.0 0.32439540980316606
2695.0 0.30796524859508057
2705.0 0.3166713985554658
2715.0 0.29948955697651425
2725.0 0.3008140933218046
2735.0 0.313285216658061
2745.0 0.2751068955928985
2755.0 0.28082043751398733
2765.0 0.2937613629399849
2775.0 0.3063180221540587
2785.0 0.28586688943706706
2795.0 0.24111888577251478
2805.0 0.2460819968349342
2815.0 0.29757020077335106
2825.0 0.3387224626422531
2835.0 0.33097826278822134
2845.0 0.3144970125816759
2855.0 0.2983452143114218
2865.0 0.34502912989450335
2875.0 0.35224504195032125
2885.0 0.3492439867087371
2895.0 0.3534263044390719
2910.0 0.3970965015842732
2930.0 0.3800604739208393
2950.0 0.3755689321923893
2970.0 0.3879768477452295
2990.0 0.392542378379996
3010.0 0.4016951330368066
3030.0 0.4065765178059903
3050.0 0.41313415959812694
3070.0 0.4216918798011073
3090.0 0.42714275402543994
3110.0 0.43620830022691026
3130.0 0.4319766170651739
3150.0 0.43665812600457554
3170.0 0.44366680004330755
3190.0 0.4207877184247038
3210.0 0.4415700110327235
3230.0 0.4228034867637442
3250.0 0.4652654107102793
3270.0 0.4914663943141015
3290.0 0.4922958574540127
3310.0 0.49204107948398207
3330.0 0.5048341350208281
3350.0 0.529368231359167
3370.0 0.44986505238881386
3390.0 0.5100820574807301
3410.0 0.5015413126378628
3430.0 0.5336158366707554
3450.0 0.5168897458620262
3470.0 0.5224304568386564
3490.0 0.5404981841373975
3510.0 0.5344023155891615
3530.0 0.5152267290944667
3550.0 0.5744763872297998
3570.0 0.5234763522454127
3590.0 0.475407622982506
3610.0 0.6194275967827203
3630.0 0.5531653466339759
3640.0 0.6769543590549033
3650.0 0.4123906299331645
3670.0 0.5661624578209641
3690.0 0.38295774969085716
3704.66 0.6269520237556921
3704.88 0.6248584989819471
3705.11 0.6226695128006323
3705.33 0.6205754118367105
3705.55 0.6184810291805442
3705.78 0.6162911461237324
3706.0 0.6141961872804188
3706.22 0.6123716086885795
3706.45 0.6122560653414962
3706.67 0.6121455252068803
3706.89 0.6120349651144267
3707.12 0.6119193582238993
3707.34 0.6118087573082837
3707.56 0.611698136434524
3707.79 0.6115824659995779
3708.01 0.611471804302032
3708.24 0.6113560911874538
3708.46 0.6112453886657027
3708.68 0.6111346661853005
3708.91 0.6108192500265206
3709.13 0.6063161152687307
3709.35 0.6018123818709564
3709.58 0.5971032932453173
3709.8 0.5925983353605757
3710.0 0.5885023996240583
3710.02 0.5880927788397096
3710.25 0.5833817842258895
3710.47 0.5788750032260028
3710.7 0.5741627284778303
3710.92 0.5696547230042908
3711.14 0.5651461189011695
3711.37 0.5604319381856477
3711.59 0.5559221096169491
3711.81 0.5645375318049904
3712.04 0.574199267844402
3712.26 0.5834421674652225
3712.48 0.5926862786095812
3712.71 0.6023518719998129
3712.93 0.6115984612509322
3713.16 0.621266645382373
3713.38 0.6305157127273059
3713.6 0.6397659915799991
3713.83 0.6494380330120275
3714.05 0.65869078993909
3714.27 0.6679447583643677
3714.5 0.6629482654955614
3714.72 0.6552135447726322
3714.94 0.6474778009596083
3715.17 0.6393893385272821
3715.39 0.6316515020374761
3715.62 0.6235608518119344
3715.84 0.6158209226553834
3716.06 0.6080799704210199
3716.29 0.5999860628340531
3716.51 0.5922430179480519
3716.73 0.5844989499916581
3716.96 0.5764017850668911
3717.18 0.5686043352230244
3717.4 0.560790769510543
3717.63 0.5526209385219918
3717.85 0.5448052623459312
3718.08 0.5366332249691057
3718.3 0.5288154383399408
3718.52 0.5209966199375706
3718.75 0.5128212975141938
3718.97 0.5050003686744983
3719.19 0.49717840806930463
3719.42 0.48899980062402226
3719.64 0.4811757295974231
3719.86 0.48725166117900237
3720.09 0.5019097041303192
3720.31 0.5159323193534379
3720.53 0.5299567713145109
3720.76 0.5446206622268522
3720.98 0.5586488711364147
3721.21 0.573316689756801
3721.43 0.5873486555940762
3721.65 0.6013824581439893
3721.88 0.6160561246447936
3722.1 0.6300936840912036
3722.32 0.6441330802349425
3722.55 0.6580802400794867
3722.77 0.6708838946033163
3722.99 0.6836892231960375
3723.22 0.6970784021136588
3723.44 0.7098871549237155
3723.67 0.7232799136946649
3723.89 0.736092090702423
3724.11 0.7489059417552717
3724.34 0.7623040304920026
3724.56 0.7751213057132078
3724.78 0.7879402549651026
3725.01 0.8013436736217608
3725.23 0.8176466089591807
3725.45 0.8381286227253673
3725.68 0.8595445003295658
3725.9 0.880031991537469
3726.13 0.9014535955413909
3726.35 0.9219465641591832
3726.57 0.9424422106102702
3726.8 0.9638723405254167
3727.02 0.9843734643388281
3727.24 1.0048772659621494
3727.47 1.0263159217142002
3727.69 1.0468252006520036
3727.91 1.062189190657812
3728.14 1.0667201136883813
3728.36 1.071054611180964
3728.59 1.075586728360141
3728.81 1.0799223680780021
3729.03 1.0842585662143347
3729.26 1.0887924613332873
3729.48 1.0931298016834758
3729.7 1.0974677004465252
3729.93 1.1020033734874162
3730.0 1.103383916859819
3730.15 1.106342414452844
3730.37 1.1106820138254851
3730.6 1.1150472406220933
3730.82 1.1187564410455264
3731.05 1.1226347501674783
3731.27 1.1263449237147796
3731.49 1.1300555730090422
3731.72 1.133935396854268
3731.94 1.137647019262209
3732.16 1.141359117412099
3732.39 1.1452404559646643
3732.61 1.148953527217965
3732.83 1.152667074208178
3733.06 1.1565499274520494
3733.28 1.155449131462735
3733.51 1.1224127259438104
3733.73 1.090808449471281
3733.95 1.0592000307423686
3734.18 1.0261504367584255
3734.4 0.994533545269654
3734.62 0.962912511561146
3734.85 0.9298497292286536
3735.07 0.89822022283539
3735.29 0.8665865742592445
3735.52 0.8335106036955425
3735.74 0.8018684825103707
3735.96 0.7709352771700876
3736.19 0.7542476211972629
3736.41 0.7382833756459727
3736.64 0.7215912454728192
3736.86 0.7056227202644549
3737.08 0.6896521027887206
3737.31 0.6729533110782527
3737.53 0.6569784139838658
3737.75 0.6410014246409617
3737.98 0.6242959714532043
3738.2 0.6083147025303828
3738.42 0.5923313413779685
3738.65 0.5756192267733853
3738.87 0.5807523664249705
3739.1 0.5871710809824964
3739.32 0.593311535558202
3739.54 0.5994527865939913
3739.77 0.6058740369883034
3739.99 0.6120169171389175
3740.21 0.618160593741711
3740.44 0.624584379947563
3740.66 0.6307296856488962
3740.88 0.636875787794427
3741.11 0.6433021097864061
3741.33 0.6494498410140971
3741.56 0.6478778319599864
3741.78 0.6452260589259908
3742.0 0.6425739344039941
3742.23 0.639800882952194
3742.45 0.6371480394804447
3742.67 0.634494844523608
3742.9 0.6317206739839789
3743.12 0.6290667600833997
3743.34 0.6264124947006806
3743.57 0.6236372050826071
3743.79 0.6209822207621984
3744.02 0.6182061795295797
3744.24 0.6144198809058811
3744.46 0.6103005337247499
3744.69 0.6059933637867584
3744.91 0.6018729076099163
3745.13 0.5977519092598231
3745.36 0.593443013104964
3745.58 0.5893209057691732
3745.8 0.5851982562650457
3746.03 0.5808876339089615
3746.25 0.5767638754292231
3746.48 0.5724520936930956
3746.7 0.5683272262445538
3746.92 0.5663963572502216
3747.15 0.5654481900804524
3747.37 0.5645411217876943
3747.59 0.5636339305078351
3747.82 0.5626853717613711
3748.04 0.561777928917846
3748.26 0.5608703630880566
3748.49 0.5599214127675658
3748.71 0.5590135953758303
3748.93 0.5581056549986798
3749.16 0.5571563131068513
3750.0 0.5876575028689021
3770.0 0.7431632901474596
3790.0 0.7945288553368435
3810.0 0.845492947252486
3830.0 0.7478435717467178
3850.0 0.8420823571134367
3870.0 0.8881999876870005
3890.0 0.6643709393488991
3910.0 0.9917820817813963
3930.0 0.8345407023286581
3950.0 0.8881693553823301
3970.0 0.613624492743393
3990.0 1.0
4010.0 1.1810310152618644
4030.0 1.2310320135877826
4050.0 1.2950945366395357
4070.0 1.169723533659084
4078.2 1.1263581180226323
4078.45 1.1221772642840926
4078.7 1.1179958402102508
4078.94 1.113981136533908
4079.19 1.1097985946216307
4079.43 1.1057828178323281
4079.68 1.109200130477054
4079.93 1.116893722926842
4080.17 1.1242805302541419
4080.42 1.13197611972428
4080.66 1.1393648441683377
4080.91 1.1470624306113884
4081.16 1.154761035899877
4081.4 1.1621526554951394
4081.65 1.1698532576847993
4081.9 1.1775548786832624
4082.14 1.1849493933256017
4082.39 1.1864225280685858
4082.63 1.184472235379982
4082.88 1.1824404033155038
4083.13 1.1804082884168006
4083.37 1.178457192026469
4083.62 1.1764245227816266
4083.86 1.174472894224684
4084.11 1.1724396706455555
4084.36 1.1704061642473818
4084.6 1.16845373203185
4084.85 1.1664196713173207
4085.1 1.1590358814662802
4085.34 1.149529658780466
4085.59 1.1396260364025432
4085.83 1.1301173041371
4086.08 1.1202110676438326
4086.33 1.1103034974414714
4086.57 1.1007909753082576
4086.82 1.090880791081638
4087.06 1.081365759514139
4087.31 1.071452961323663
4087.56 1.0615388295014525
4087.8 1.0618530709275253
4088.05 1.0673021673518845
4088.3 1.0727519810740165
4088.54 1.077984477072759
4088.79 1.0834356966727599
4089.03 1.088669542297878
4089.28 1.094122167741596
4089.53 1.099575510439347
4089.77 1.1048113942135116
4090.0 1.1098297364300502
4090.02 1.1102661427033318
4090.26 1.115503376021459
4090.51 1.11625676713935
4090.76 1.1147970356320012
4091.0 1.11339550032405
4091.25 1.1119353666086353
4091.5 1.1104750276882969
4091.74 1.1090729092700342
4091.99 1.1076121681544655
4092.23 1.106209663632865
4092.48 1.1047485203305798
4092.73 1.1032871718342745
4092.97 1.1018840842333488
4093.22 1.09600302417401
4093.47 1.0880413563791527
4093.71 1.0803971474201537
4093.96 1.0724333798961003
4094.2 1.0647871552205892
4094.45 1.0568212880163146
4094.7 1.0488543495655078
4094.94 1.041205080835842
4095.19 1.0332360427788838
4095.43 1.0255847584508968
4095.68 1.0176136208369055
4095.93 1.013804569107544
4096.17 1.0117017378957598
4096.42 1.0095109935401079
4096.67 1.0073199479871142
4096.91 1.0052162608929691
4097.16 1.0030246250031447
4097.4 1.0009203711919792
4097.65 0.9987281449785296
4097.9 0.996535617584649
4098.14 0.9944305079391641
4098.39 0.9922373902416303
4098.63 0.9915843154767585
4098.88 0.991527025014355
4099.13 0.9914697176143843
4099.37 0.9914146865755225
4099.62 0.9913573459778363
4099.87 0.9912999884424966
4100.11 0.9912449092735992
4100.36 0.9911875185403756
4100.6 0.9911324075014574
4100.85 0.9910749835702402
4101.1 0.9910175427012297
4101.34 0.9877103268342523
4101.59 0.9831355909334605
4101.83 0.9787432636000125
4102.08 0.9741673175632347
4102.33 0.9695907541210456
4102.57 0.9651966723683811
4102.82 0.9606188988329811
4103.07 0.9560405079140116
4103.31 0.9516446718041844
4103.56 0.9470650708348544
4103.8 0.9426680730903332
4104.05 0.9422374500475448
4104.3 0.9434208301460696
4104.54 0.9445570146170554
4104.79 0.9457406854977626
4105.03 0.9468771491158455
4105.28 0.9480611107708206
4105.53 0.9492452207769628
4105.77 0.950382105949725
4106.02 0.9515665067181694
4106.27 0.952751055831671
4106.51 0.9538883625417444
4106.76 0.9566525188228444
4107.0 0.9597852583703752
4107.25 0.9630489444069364
4107.5 0.9663130545957724
4107.74 0.9694469994144075
4107.99 0.9727119409257449
4108.23 0.9758466838038298
4108.48 0.9791124566165145
4108.73 0.9823786535543827
4108.97 0.9855146016265991
4109.22 0.9887816298338267
4109.47 0.9867824229833907
4109.71 0.9832661953176303
4109.96 0.9796029731076055
4110.0 0.9790168116223509
4110.2 0.9760858141355698
4110.45 0.9724216218262681
4110.7 0.9687569345771636
4110.94 0.9652383691841901
4111.19 0.9615727118703556
4111.44 0.9579065596343609
4111.68 0.9543865878705651
4111.93 0.9507194656044469
4112.17 0.9553574805340662
4112.42 0.9624260584848369
4112.67 0.9694955641624974
4112.91 0.9762831624074925
4113.16 0.9833544863954435
4113.4 0.9901438301964292
4113.65 0.9972169724490574
4113.9 1.0042910423701572
4114.14 1.0110830222338913
4114.39 1.0181589103506923
4114.64 1.0252357261007445
4114.88 1.029469701739748
4115.13 1.0331786796202014
4115.37 1.036739751358206
4115.62 1.0404496729258368
4115.87 1.0441600759571776
4116.11 1.0477225158224581
4116.36 1.0514338625043496
4116.6 1.0549972082625194
4116.85 1.0587094985706784
4117.1 1.0624222703114463
4117.34 1.0659869841085028
4117.59 1.0702004944685717
4117.84 1.0745723928174538
4118.08 1.0787699499952554
4118.33 1.0831429624262694
4118.57 1.087341589109185
4118.82 1.0917157155937143
4119.07 1.0960904104618616
4119.31 1.1002906522636766
4119.56 1.1046664611420687
4119.81 1.1090428383819846
4120.05 1.1132446952398853
4120.3 1.1124875692771334
4120.54 1.1105282381335475
4120.79 1.1084869936611208
4121.04 1.1064454690580845
4121.28 1.1044853418953604
4121.53 1.1024432682459124
4121.77 1.1004826140047228
4122.02 1.0984399913215688
4122.27 1.0963970885240761
4122.51 1.09443563830999
4122.76 1.092392186498005
4123.01 1.1002819935476702
4123.25 1.1102413797494266
4123.5 1.1206170732115432
4123.74 1.1305790184408924
4123.99 1.1409573775228892
4124.24 1.1513370965889216
4124.48 1.1613029063488984
4124.73 1.1716852909324271
4124.97 1.181653659556664
4125.22 1.1920387095898066
4125.47 1.2024251195200475
4125.71 1.1972997865671071
4125.96 1.1888146628047038
4126.21 1.1803284081238061
4126.45 1.1721805396752407
4126.7 1.1636920684353766
4126.94 1.1555420721164598
4127.19 1.147051384372344
4130.0 1.1158716146351624
4150.0 1.1902181451374372
4170.0 1.195967538212253
4190.0 1.2692343656985348
4210.0 1.2701470461629467
4230.0 1.1796454429844356
4250.0 1.2915973554710865
4270.0 1.233004720956661
4290.0 1.2524658125849149
4310.0 1.1014002355188788
4315.65 1.222915884343573
4315.91 1.2288677068201843
4316.17 1.2348202903462075
4316.43 1.2407736349082858
4316.69 1.2467277404930333
4316.95 1.2526826070871229
4317.21 1.258638234677161
4317.47 1.2645946232497691
4317.73 1.2655742173881224
4317.99 1.2622871742835857
4318.25 1.2589996933587786
4318.52 1.2555853074647714
4318.78 1.2522969340827235
4319.04 1.2490081229025056
4319.3 1.245718873931413
4319.56 1.242429187176729
4319.82 1.239139062645757
4320.08 1.2358485003457633
4320.34 1.2337674298241608
4320.6 1.2367681116511366
4320.86 1.2397691710044867
4321.12 1.2427706078774348
4321.38 1.2457724222631732
4321.64 1.2487746141549014
4321.9 1.2517771835458058
4322.16 1.2547801304291035
4322.42 1.257783454797976
4322.68 1.2607871566456132
4322.94 1.2637912359651935
4323.2 1.2650907441788848
4323.46 1.2658788914220933
4323.73 1.2666974477948607
4323.99 1.2674857794898995
4324.25 1.268274201667942
4324.51 1.2690627143271438
4324.77 1.26985131746566
4325.03 1.270640011081644
4325.29 1.2714287951732544
4325.55 1.2722176697386431
4325.81 1.2681044341385614
4326.07 1.2573054033163555
4326.33 1.2465049639199648
4326.59 1.2357031159736573
4326.85 1.2248998595016716
4327.11 1.214095194528294
4327.37 1.203289121077706
4327.63 1.1924816391742095
4327.89 1.1816727488420802
4328.15 1.1708624501056384
4328.41 1.1600507429891012
4328.67 1.1645427899483192
4328.94 1.1692082113603892
4329.2 1.1737014204435452
4329.46 1.1781951996097448
4329.72 1.1826895488487865
4329.98 1.1871844681504489
4330.0 1.1875302547854314
4330.24 1.191679957504555
4330.5 1.1961760169008757
4330.76 1.200672646329196
4331.02 1.2051698457792968
4331.28 1.210068278324596
4331.54 1.2151794620730247
4331.8 1.2202912949621127
4332.06 1.2254037769802426
4332.32 1.2305169081157739
4332.58 1.2356306883571162
4332.84 1.2407451176926212
4333.1 1.245860196110654
4333.36 1.250975923599558
4333.62 1.2560923001477273
4333.88 1.2564221411455634
4334.15 1.2401925671800695
4334.41 1.2245620211411858
4334.67 1.2089294467403242
4334.93 1.1932948440128222
4335.19 1.1776582129940845
4335.45 1.1620195537193647
4335.71 1.1463788662240932
4335.97 1.1307361505436577
4336.23 1.1150914067135145
4336.49 1.0994446347689673
4336.75 1.1048307732778533
4337.01 1.112961460956378
4337.27 1.1210931870663532
4337.53 1.1292259515892358
4337.79 1.1373597545065643
4338.05 1.145494595799785
4338.31 1.1536304754503646
4338.57 1.1617673934397355
4338.83 1.1699053497494118
4339.09 1.1780443443608113
4339.35 1.1829332105886983
4339.62 1.1840715886239697
4339.88 1.1851679375518502
4340.14 1.1862644170089764
4340.4 1.1873610269927888
4340.66 1.1884577675007375
4340.92 1.1895546385302607
4341.18 1.1906516400788003
4341.44 1.1917487721437934
4341.7 1.1928460347226868
4341.96 1.1938043354733605
4342.22 1.1936963055646286
4342.48 1.1935882509442106
4342.74 1.1934801716122903
4343.0 1.1933720675690525
4343.26 1.1932639388146813
4343.52 1.1931557853493624
4343.78 1.1930476071732792
4344.04 1.1929394042866182
4344.3 1.1928311766895632
4344.57 1.1927187603385514
4344.83 1.1913567594783756
4345.09 1.1895326449900974
4345.35 1.1877082850724945
4345.61 1.1858836797296786
4345.87 1.1840588289657434
4346.13 1.1822337327848036
4346.39 1.180408391190967
4346.65 1.1785828041883522
4346.91 1.1767569717810582
4347.17 1.174930893973206
4347.43 1.1713673465012036
4347.69 1.164521695762462
4347.95 1.1576751544616597
4348.21 1.150827722614423
4348.47 1.143979400236363
4348.73 1.1371301873431199
4348.99 1.1302800839502658
4349.25 1.123429090073452
4349.51 1.1165772057283103
4349.78 1.109460844886545
4350.0 1.1036616186661188
4350.04 1.1026071454044004
4350.3 1.1020014306699792
4350.56 1.1016455992528513
4350.82 1.101289712200472
4351.08 1.1009337695136001
4351.34 1.100577771192999
4351.6 1.10022171723943
4351.86 1.099865607653658
4352.12 1.0995094424364422
4352.38 1.099153221588548
4352.64 1.098796945110738
4352.9 1.1041098036097958
4353.16 1.1135810073777574
4353.42 1.1230534167559763
4353.68 1.1325270317226388
4353.94 1.142001852255892
4354.2 1.1514778783339739
4354.46 1.1609551099350157
4354.72 1.1704335470371743
4354.99 1.1802778153299467
4355.25 1.1897587097320932
4355.51 1.1969032092190888
4355.77 1.1942300632536937
4356.03 1.1915565637130916
4356.29 1.188882710603359
4356.55 1.1862085039306036
4356.81 1.1835339437009258
4357.07 1.1808590299204358
4357.33 1.1781837625952216
4357.59 1.1755081417313982
4357.85 1.1728321673350741
4358.11 1.1701558394123701
4358.37 1.1818538667302054
4358.63 1.1978660715341494
4358.89 1.2138803174716473
4359.15 1.229896604505652
4359.41 1.2459149325992736
4359.67 1.2619353017154398
4359.93 1.2779577118171228
4360.2 1.2945985286657136
4360.46 1.3106250991231507
4360.72 1.3266537104535208
4360.98 1.3349396041624941
4361.24 1.3326648365463452
4361.5 1.3303897657008603
4361.76 1.3281143916312317
4362.02 1.3258387143426587
4362.28 1.3235627338403457
4362.54 1.3212864501294797
4362.8 1.3190098632152705
4363.06 1.3167329731029227
4363.32 1.3144557797976508
4363.58 1.3121782833046465
4363.84 1.3152418099237653
4364.1 1.318305716741326
4364.36 1.3213700037501666
4364.62 1.3244346709431514
4364.88 1.327499718313113
4365.15 1.3306830545041557
4365.41 1.3337488768280854
4365.67 1.3368150793072286
4365.93 1.3398816619344194
4366.19 1.3429486247024773
4366.45 1.3454400507193016
4366.71 1.3476268665714057
4366.97 1.3498139499382316
4367.23 1.3520013008146368
4367.49 1.354188919195501
4370.0 1.3717653620582388
4390.0 1.292508140731184
4410.0 1.3383166986015136
4430.0 1.4394697055778871
4450.0 1.4019557677659258
4470.0 1.434381671289457
4490.0 1.5795273798788116
4510.0 1.6291683184582326
4530.0 1.4106384407253338
4550.0 1.4782816824037694
4570.0 1.5705342905498143
4590.0 1.5070587710321093
4610.0 1.623442808057489
4630.0 1.6234680874578291
4650.0 1.4483413249675514
4670.0 1.576100467703043
4690.0 1.6477091010900395
4710.0 1.5433248154812398
4730.0 1.587248292888541
4750.0 1.7106876653643852
4770.0 1.6284228849033118
4790.0 1.6316844178580077
4810.0 1.6411640680483681
4830.0 1.6086928006965788
4834.84 1.6355325573363064
4835.13 1.6350840460631428
4835.42 1.634635464225471
4835.71 1.6341868118249865
4836.0 1.633738088863385
4836.29 1.6332892953423648
4836.59 1.6328249519334987
4836.88 1.632376014865794
4837.17 1.6298575844012364
4837.46 1.6258779654149003
4837.75 1.6218978359661904
4838.05 1.617779923520422
4838.34 1.613798755588574
4838.63 1.6098170772373745
4838.92 1.605834888481008
4839.21 1.6018521893336588
4839.5 1.5978689798095163
4839.8 1.5964672147434544
4840.09 1.60036969459721
4840.38 1.604272646110808
4840.67 1.6081760692705593
4840.96 1.612079964062774
4841.26 1.6161189722098614
4841.55 1.6200238264879203
4841.84 1.6239291523568853
4842.13 1.6278349498030555
4842.42 1.6313511207535103
4842.72 1.6236888648013785
4843.01 1.616281065101412
4843.3 1.608872329288821
4843.59 1.601462657389931
4843.88 1.5940520494310693
4844.17 1.5866405054385702
4844.47 1.5789724059859287
4844.76 1.571558957730436
4845.05 1.5641445735212416
4845.34 1.5654312066807743
4845.63 1.5694869613216624
4845.93 1.5736830854961366
4846.22 1.5777398375778964
4846.51 1.581797079905582
4846.8 1.5858548124649385
4847.09 1.5899130352417115
4847.38 1.5939717482216427
4847.68 1.5981709326563291
4847.97 1.600598090206222
4848.26 1.6015017245826284
4848.55 1.6024054569761836
4848.84 1.6033092873838006
4849.14 1.6042443874959362
4849.43 1.6051484173019375
4849.72 1.6060525451126269
4850.0 1.6069255890931065
4850.01 1.6069567709249153
4850.3 1.6078610947357121
4850.59 1.6067058689203535
4850.89 1.5973425491292927
4851.18 1.5882901824868587
4851.47 1.57923667798474
4851.76 1.5701820356551381
4852.05 1.5611262555302616
4852.35 1.5517570098362898
4852.64 1.5426989149859833
4852.93 1.5336396824381686
4853.22 1.5245793122250746
4853.51 1.5244042678542222
4853.81 1.5245514890610894
4854.1 1.524693807087879
4854.39 1.5248361292366774
4854.68 1.524978455507089
4854.97 1.5251207858987184
4855.26 1.5252631204111706
4855.56 1.5254103673462573
4855.85 1.525552710241232
4856.14 1.5339554757429987
4856.43 1.5460766880100822
4856.72 1.5581993890713735
4857.02 1.5707416809474701
4857.31 1.5828674108024623
4857.6 1.5949946293214456
4857.89 1.607123336461495
4858.18 1.6192535321796766
4858.47 1.6313852164330496
4858.77 1.6413050067226904
4859.06 1.647568266960359
4859.35 1.6538322884097094
4859.64 1.6600970710486198
4859.93 1.6663626148549668
4860.23 1.672845012863151
4860.52 1.679112105183236
4860.81 1.6853799586035814
4861.1 1.6916485731020683
4861.39 1.6970553484502289
4861.68 1.6970711931207731
4861.98 1.6970875704292765
4862.27 1.697103388555241
4862.56 1.697119193633972
4862.85 1.697134985665538
4863.14 1.6971507646500077
4863.44 1.6971670740077587
4863.73 1.6971828264483444
4864.02 1.6971985658420417
4864.31 1.6919907568095933
4864.6 1.6861795358197098
4864.9 1.6801671559320621
4865.19 1.6743544424938521
4865.48 1.6685409955108825
4865.77 1.6627268150039256
4866.06 1.656911900993813
4866.35 1.651096253501324
4866.65 1.6450792946050858
4866.94 1.639598100239803
4867.23 1.6343215265765556
4867.52 1.6290442864024204
4867.81 1.6237663797363215
4868.11 1.6183057749468022
4868.4 1.6130265123725818
4868.69 1.6077465833637228
4868.98 1.602465987939127
4869.27 1.5971847261176848
4869.56 1.5921339217140444
4869.86 1.5873625872779211
4870.0 1.5851357508191875
4870.15 1.5827497036925924
4870.44 1.5781362365551175
4870.73 1.5735221858820356
4871.02 1.5689075516898698
4871.32 1.5641331781503571
4871.61 1.5595173568497855
4871.9 1.5549009520803503
4872.19 1.5502822858664806
4872.48 1.5456403817184303
4872.77 1.5409978911487172
4873.07 1.5361946976125858
4873.36 1.531551014029539
4873.65 1.5269067440753623
4873.94 1.5222618877667116
4874.23 1.5176164451202427
4874.53 1.512810197799807
4874.82 1.5081635623105847
4875.11 1.5115803073637326
4875.4 1.5166775571165618
4875.69 1.5217754220371666
4875.98 1.5268739021074995
4876.28 1.5321488391497626
4876.57 1.5372485706758883
4876.86 1.5423489172969593
4877.15 1.547449878994916
4877.44 1.552551455751696
4877.74 1.5587930984686587
4878.03 1.5656424413610546
4878.32 1.572492614423249
4878.61 1.5793436176309423
4878.9 1.586195450959832
4879.2 1.5932844279296743
4879.49 1.6001379500507884
4879.78 1.606992302219327
4880.07 1.6138474844109718
4880.36 1.6192560506189497
4880.65 1.620865488981036
4880.95 1.6225306187853152
4881.24 1.6241404313723875
4881.53 1.625750427892031
4881.82 1.627360608338627
4882.11 1.6289709727065558
4882.41 1.6306370604181475
4882.7 1.6322477989535078
4882.99 1.6338587213931453
4883.28 1.6291694385582598
4883.57 1.6244795645309573
4883.86 1.6197890993280974
4884.16 1.6149362718586988
4884.45 1.610244603971417
4884.74 1.605552344959758
4885.03 1.6008594948405925
4885.32 1.5961660536307973
4885.62 1.5913101476229188
4885.91 1.5883905297854444
4886.2 1.5860353547932702
4886.49 1.5836798764072746
4886.78 1.5813240946359903
4887.07 1.5789680094879508
4887.37 1.5765303607845231
4887.66 1.5741736584480572
4887.95 1.5718166527607424
4888.24 1.5694593437311182
4888.53 1.5698842790225607
4888.83 1.573866899105507
4889.12 1.5777172322745834
4889.41 1.5815680246020076
4889.7 1.585419276074145
4890.0 1.589403812473224
4890.29 1.5932559980252683
4890.58 1.5971086426806376
4890.87 1.6009617464256911
4891.16 1.60424163863186
4891.45 1.604768131523537
4891.74 1.605294675041214
4892.04 1.6058394285047297
4892.33 1.606366075014709
4892.62 1.6068927721453583
4892.91 1.6074195198949193
4910.0 1.6804394962002216
4928.77 1.626235138781347
4929.07 1.6294139344289746
4929.36 1.6331176762474904
4929.66 1.6369495919685944
4929.96 1.6407819741167409
4930.0 1.6412929936435292
4930.26 1.6446148226773183
4930.55 1.6483203529563981
4930.85 1.6521541187521227
4931.15 1.655988350916908
4931.45 1.6598230494361563
4931.74 1.6607777642175434
4932.04 1.6508493243263018
4932.34 1.640919622698879
4932.64 1.6309886593736984
4932.93 1.6213875288816746
4933.23 1.6114540843297145
4933.53 1.6015193781939927
4933.83 1.5915834105129867
4934.12 1.581977442621956
4934.42 1.573621456807904
4934.72 1.579507466713123
4935.02 1.5853942006481163
4935.31 1.5910853983279325
4935.61 1.5969735561223444
4935.91 1.602862437879641
4936.21 1.608752043577245
4936.5 1.6144460172091972
4936.8 1.6203370465902482
4937.1 1.6258171590604291
4937.4 1.6193596127015206
4937.69 1.6131165342443563
4937.99 1.6066573665783443
4938.29 1.6001973745560858
4938.59 1.5937365582026566
4938.88 1.587490318845345
4939.18 1.5810278813804426
4939.48 1.5745646196588001
4939.78 1.5681005337054688
4940.07 1.5787369771932391
4940.37 1.5910355513179548
4940.67 1.6033356515436956
4940.97 1.6156372778231396
4941.26 1.6275303004475958
4941.56 1.6398349278279123
4941.86 1.6521410811214636
4942.16 1.6644487602809737
4942.45 1.6763476338443053
4942.75 1.6816485541552815
4943.05 1.685197573150935
4943.35 1.6887470210276314
4943.64 1.6921785616376268
4943.94 1.6957288529408463
4944.24 1.6992795730849295
4944.54 1.7028307220563157
4944.83 1.7062639070067556
4945.13 1.7098158992989667
4945.43 1.7181245637308844
4945.73 1.7281639030747236
4946.02 1.7378697764703928
4946.32 1.7479115544592374
4946.62 1.7579545723798031
4946.92 1.7679988301934266
4947.21 1.7777094579641692
4947.51 1.7877561541214146
4947.81 1.7978040900570724
4948.11 1.797980532651892
4948.4 1.7926254990346266
4948.7 1.7870851121789297
4949.0 1.7815440166258028
4949.3 1.7760022123968338
4949.59 1.770644461360038
4949.89 1.7651012634649055
4950.0 1.7630685800222705
4950.19 1.759557356958014
4950.49 1.7540127418609326
4950.78 1.7542080570357603
4951.08 1.759080139632699
4951.38 1.7639528147553538
4951.68 1.7688260823850543
4951.97 1.7735374709537395
4952.27 1.778411903792821
4952.57 1.7832869290835291
4952.87 1.7881625468072126
4953.16 1.792876207062983
4953.46 1.7935656044090595
4953.76 1.7887789180807279
4954.06 1.7839916181121598
4954.35 1.7793633115276493
4954.65 1.7745748047878327
4954.95 1.7697856844632285
4955.25 1.7649959505725537
4955.54 1.7603652912671819
4955.84 1.7555743507511328
4956.14 1.7535900920395415
4956.44 1.7564548369464286
4956.73 1.7592244148243315
4957.03 1.762089831033522
4957.33 1.7649555885666692
4957.63 1.7678216874128525
4957.92 1.7705925740575659
4958.22 1.7734593441208628
4958.52 1.7763264554647937
4958.82 1.7783737833333477
4959.11 1.7781727979067645
4959.41 1.77796484063612
4959.71 1.7777568413541294
4960.01 1.7775488000617745
4960.3 1.7773476535468982
4960.6 1.7771395296370158
4960.9 1.776931363719677
4961.2 1.7767231557958614
4961.49 1.7759829025267766
4961.79 1.7725407030071278
4962.09 1.7690980588055438
4962.39 1.7656549699355326
4962.68 1.7623262280251812
4962.98 1.7588822646800253
4963.28 1.7554378567065225
4963.58 1.7519930041181995
4963.87 1.7486625573311116
4964.17 1.7443979921833848
4964.47 1.728668432654683
4964.77 1.712936900190002
4965.06 1.6977278768130282
4965.36 1.6819924644193107
4965.66 1.666255079270948
4965.96 1.6505157214291453
4966.25 1.6352991337515352
4966.55 1.6195558964577463
4966.85 1.6038106866520057
4967.15 1.6181807016894698
4967.44 1.6320734008193005
4967.74 1.6464469011688192
4968.04 1.6608221736284734
4968.34 1.675199218142694
4968.63 1.6890987122238346
4968.93 1.7034792416165634
4969.23 1.7178615428989128
4969.53 1.7322456160153692
4969.82 1.7238488019542968
4970.0 1.7170391078174307
4970.12 1.7124990266133209
4970.42 1.7011478257285828
4970.72 1.6897951993442781
4971.02 1.67844114750461
4971.31 1.6674642091266458
4971.61 1.6561073540204376
4971.91 1.6447490735900048
4972.21 1.63338936787961
4972.5 1.630575350612516
4972.8 1.629424465797087
4973.1 1.6282734234358414
4973.4 1.6271222235334122
4973.69 1.6260092472137628
4973.99 1.6248577374938367
4974.29 1.6237060702464625
4974.58 1.6225926421730978
4974.88 1.621440665135257
4975.18 1.6232513433941151
4975.48 1.6263320873895577
4975.78 1.62941319895628
4976.07 1.6323919561899345
4976.37 1.6354737906124093
4976.48 1.6366038886561918
4976.67 1.6385559925711548
4976.78 1.6396862253752802
4976.97 1.6416385620543705
4977.08 1.6427689296145103
4977.26 1.6446187285628089
4977.38 1.6458520013620814
4977.56 1.6477020208097173
4977.68 1.6488264004090052
4977.86 1.6487138397463548
4977.98 1.6486387916923966
4978.16 1.6485262081933156
4978.28 1.6484511449152497
4978.45 1.6483447948472243
4978.58 1.6482634600784618
4978.75 1.6481570884437033
4978.88 1.6480757371829273
4979.05 1.6479693439819432
4979.18 1.647887976229542
4979.35 1.6477815614628408
4979.48 1.6477001772192037
4979.64 1.6476000021862653
4979.78 1.6475123401528058
4979.94 1.6474121448236705
4980.08 1.6473244650312464
4980.24 1.647224249406392
4980.39 1.6470468224217356
4980.54 1.6457008344837378
4980.69 1.6443547594852967
4980.83 1.643098344273385
4980.99 1.6416623483123913
4981.13 1.6404057705937685
4981.29 1.638969588913653
4981.43 1.6377128486932782
4981.59 1.63627648129971
4981.73 1.635019578582552
4981.89 1.633583025481192
4982.02 1.6324157531589805
4982.19 1.630889221468739
4982.32 1.6297217982657863
4982.49 1.6281950692729665
4982.62 1.6270274951938821
4982.79 1.6255005689045177
4982.92 1.6243328439539104
4983.09 1.623033566520232
4983.21 1.6246897567119996
4983.39 1.6271741913965192
4983.51 1.6288305807826169
4983.69 1.631315314253841
4983.81 1.6329719028279106
4983.99 1.6354569350762957
4984.11 1.6371137228319403
4984.29 1.6395990538479401
4984.4 1.6411179554916577
4984.59 1.6437416705528416
4984.7 1.6452607547680944
4984.89 1.6478847851750658
4985.0 1.6494040519560105
4985.19 1.6520283976986638
4985.3 1.6535478470394696
4985.49 1.6561725081077219
4985.59 1.6575539888825344
4985.79 1.660317116386286
4985.89 1.6595796650075518
4986.09 1.6581046660813705
4986.19 1.657367118534573
4986.39 1.6558919272751682
4986.49 1.655154283563224
4986.69 1.653678899976458
4986.78 1.6530149355321135
4986.99 1.6514655841940002
4987.08 1.6508015332062445
4987.29 1.649251979936578
4987.38 1.6485878424080442
4987.59 1.6470380872129662
4987.68 1.646373863146288
4987.9 1.6447500950248082
4987.97 1.6442334090008768
4988.2 1.6425356157803528
4988.5 1.6403208480963416
4988.8 1.645677183069644
4989.1 1.6510341653937728
4989.4 1.6563917950480453
4989.7 1.6617500720118255
4990.0 1.6671089962644223
4990.3 1.6724685677851632
4990.6 1.6778287865533674
4990.9 1.6831896525483399
4991.2 1.688551165749428
4991.5 1.6816514273510141
4991.8 1.674750821757899
4992.1 1.6678493489971074
4992.4 1.6609470090956864
4992.7 1.6540438020806278
4993.0 1.6471397279789877
4993.3 1.640234786817805
4993.6 1.6333289786241245
4993.9 1.6264223034250147
4994.2 1.636833787387266
4994.5 1.6478437863751354
4994.8 1.658855129399266
4995.1 1.6698678164169634
4995.41 1.6812490048964441
4995.71 1.6922644245693756
4996.01 1.7032811881063348
4996.31 1.714299295464604
4996.61 1.7253187466014268
4996.91 1.7244140964557455
4997.21 1.7235093193919606
4997.51 1.7226044154137747
4997.81 1.7216993845248922
4998.11 1.7207942267290193
4998.41 1.7198889420298553
4998.71 1.7189835304311067
4999.01 1.7180779919364813
4999.31 1.7171723265496834
4999.61 1.7180423268416594
4999.91 1.718973657070783
5000.21 1.7199050867800378
5000.51 1.7208366159659725
5000.81 1.7217682446251386
5001.11 1.7226999727540833
5001.41 1.7236318003493614
5001.71 1.7245637274075207
5002.01 1.7254957539251088
5002.31 1.7274174347481028
5002.61 1.7293734615529859
5002.92 1.7313949261455768
5003.22 1.7333514114477266
5003.52 1.7353081222290436
5003.82 1.7372650584820772
5004.12 1.7392222201993939
5004.42 1.7411796073735417
5004.72 1.743137219997072
5005.02 1.7432354644180803
5005.32 1.7432695776021365
5005.62 1.7433036795230181
5005.92 1.7433377701807746
5006.22 1.7433718495754573
5006.52 1.7434059177071168
5006.82 1.7434399745758038
5007.12 1.743474020181569
5007.42 1.7435080545244659
5007.72 1.7526045574894604
5008.02 1.7620146819436668
5008.32 1.771425947755507
5008.62 1.7808383548885187
5008.92 1.790251903306148
5009.22 1.7996665929718658
5009.52 1.8090824238491379
5009.82 1.818499395901396
5010.0 1.8241501268815785
5010.12 1.827917509092152
5010.42 1.82365548612501
5010.73 1.8182409559748718
5011.03 1.81300041724652
5011.33 1.8077592186953213
5011.63 1.8025173603419198
5011.93 1.7972748422069595
5012.23 1.792031664311106
5012.53 1.7867878266749784
5012.83 1.7815433293192482
5013.13 1.7689804493255799
5013.43 1.756163660513549
5013.73 1.7433452827175846
5014.03 1.7305253159878256
5014.33 1.7177037603745373
5014.63 1.7048806159279521
5014.93 1.6920558826983096
5015.23 1.6792295607358956
5015.53 1.6664016500908845
5015.83 1.659163919844085
5016.13 1.6523247235644387
5016.43 1.645484673704887
5016.73 1.6386437702923335
5017.03 1.631802013353626
5017.33 1.624959402915675
5017.63 1.6181159390053763
5017.93 1.611271621649629
5018.23 1.6044264508753556
5018.54 1.6033941851843538
5018.84 1.6027983505395695
5019.14 1.6022024287267993
5019.44 1.601606419748543
5019.74 1.6010103236072992
5020.04 1.6004141403055683
5020.34 1.5998178698458523
5020.64 1.5992215122306528
5020.94 1.5986250674624718
5021.24 1.6000599739671815
5021.54 1.6016401537938207
5021.84 1.6032205130791302
5022.14 1.604801051817106
5022.44 1.6063817700017413
5022.74 1.607962667627041
5023.04 1.6095437446869956
5023.34 1.6111250011755993
5023.64 1.6127064370868454
5023.94 1.615955421575919
5024.24 1.6193238946523327
5024.54 1.6226927657949601
5024.84 1.62606203499081
5025.14 1.629431702226885
5025.44 1.6328017674901796
5025.74 1.6361722307677165
5026.04 1.6395430920464857
5026.35 1.6430267334764768
5026.65 1.64281742724976
5026.95 1.6423522812948466
5027.25 1.64188706402319
5027.55 1.6414217754367884
5027.85 1.640956415537638
5028.15 1.6404909843277382
5028.45 1.6400254818090851
5028.75 1.6395599079836785
5029.05 1.6390942628535177
5029.35 1.6430452379121145
5029.65 1.6473121787242717
5029.95 1.6515796265892315
5030.0 1.6522909171957
5030.25 1.6558475814904683
5030.55 1.6601160434114657
5030.85 1.664385012335708
5031.15 1.6686544882466612
5031.45 1.6729244711278315
5031.75 1.6771949609626813
5032.05 1.6854506176200048
5032.35 1.694150034868385
5032.65 1.7028504997232217
5032.95 1.7115520121507097
5033.25 1.7202545721169584
5033.55 1.728958179588099
5033.85 1.7376628345302614
5034.16 1.7466587450276567
5034.46 1.755365529723084
5034.76 1.743341371875521
5035.06 1.7298347844614788
5035.36 1.7163265335929845
5035.66 1.7028166193230205
5035.96 1.689305041704698
5036.26 1.6757918007910968
5050.0 1.6581792185444628
5070.0 1.6851637605065548
5090.0 1.6806715133071681
5110.0 1.6774671443106899
5130.0 1.6730415832052388
5150.0 1.5856678880521757
5170.0 1.6280574318519512
5190.0 1.5949492989265868
5210.0 1.647985031410405
5230.0 1.6866602411336566
5250.0 1.7456834772904388
5270.0 1.6092093910590224
5290.0 1.87936402827734
5310.0 1.9843356168628996
5330.0 1.7952985209485484
5350.0 1.86361487658847
5370.0 1.8532965464701914
5390.0 1.862925259526901
5410.0 1.8426932158326155
5430.0 1.8811607085517947
5450.0 1.9132810367467388
5470.0 1.846232836567291
5490.0 1.8798019695738177
5510.0 1.8329212949745055
5530.0 1.953386143490896
5550.0 2.0299300631101533
5570.0 2.0246122537441806
5590.0 1.9441539635474758
5610.0 1.9101205198440683
5630.0 1.8913961397072163
5650.0 1.906877406433588
5670.0 1.9885578736889347
5690.0 1.959449199946207
5710.0 1.9655715631857684
5730.0 2.069872399588963
5750.0 1.9918299219889444
5770.0 2.0247906448070845
5790.0 1.9661823285022695
5810.0 2.0861111119440277
5830.0 2.038770208631423
5850.0 2.036186837487185
5870.0 2.0462673689366793
5890.0 1.7501647782775247
5910.0 1.9958159401448752
5930.0 1.983501471568064
5950.0 1.9951466073523967
5970.0 2.0646673322653593
5990.0 2.0509230823034748
6010.0 2.010869115959676
6030.0 2.173703125457552
6050.0 2.0790713281095963
6070.0 2.0202378606141767
6090.0 2.1826133372976035
6110.0 2.0065376436916402
6130.0 2.09604345771745
6150.0 2.0700169997313824
6170.0 1.9578203884042358
6190.0 2.0803321351731636
6210.0 2.1173212510754387
6230.0 1.9720603367260963
6250.0 2.006911444706905
6270.0 2.043929901813577
6290.0 1.9941742228904842
6310.0 2.182980348345645
6330.0 2.109826849582393
6350.0 2.0353727956398133
6370.0 1.9934525222926238
6390.0 2.2883908536593744
6410.0 2.085679757589843
6430.0 2.0335469038458376
6450.0 2.0218107217767365
6470.0 2.0690318936643606
6490.0 2.153020454188108
6510.0 2.1369252586571066
6523.64 2.1227765607183984
6524.04 2.110753206102554
6524.43 2.09902904509417
6524.82 2.087303511554502
6525.22 2.0797254109347856
6525.61 2.081346662517345
6526.0 2.082968079632263
6526.4 2.0846312434820784
6526.79 2.0862529958583975
6527.19 2.087916503533289
6527.58 2.089538591107109
6527.97 2.099342716513368
6528.37 2.1202598213988084
6528.76 2.1406563542923855
6529.15 2.1610552127799476
6529.55 2.1819795344990096
6529.94 2.202383103142644
6530.0 2.2055223200642486
6530.34 2.223312255336071
6530.73 2.235758742610857
6531.12 2.2426676832531633
6531.52 2.249754577901327
6531.91 2.2566650817494724
6532.3 2.2635763571980876
6532.7 2.270665646293411
6533.09 2.277578484507276
6533.49 2.2693550118448127
6533.88 2.2549365851579912
6534.27 2.2405164787722245
6534.67 2.225724881377215
6535.06 2.2113013730018016
6535.46 2.1965062867144507
6535.85 2.1820793769885922
6536.24 2.1854485424397843
6536.64 2.1922235994998642
6537.03 2.1988300257359574
6537.42 2.2054371880674237
6537.82 2.212214529394479
6538.21 2.2188231825807487
6538.6 2.2254325716548986
6539.0 2.2223087882030876
6539.39 2.218754492253343
6539.79 2.215108613615841
6540.18 2.2115534462630477
6540.57 2.207997848784076
6540.97 2.204350635369706
6541.36 2.2018209123413235
6541.76 2.2118636121333726
6542.15 2.221656358580717
6542.54 2.2314502049717873
6542.94 2.2414963181328456
6543.33 2.2512923923013144
6543.72 2.2610895661037826
6544.12 2.2734866419661377
6544.51 2.293459477882108
6544.91 2.3139467900415007
6545.3 2.333924212621374
6545.69 2.3539038991851675
6546.09 2.3743982369884984
6546.48 2.394382508926099
6546.87 2.415171953035058
6547.27 2.438143995305768
6547.66 2.460544307627569
6548.06 2.4835216237164754
6548.45 2.505927077526878
6548.84 2.5283350691836084
6549.24 2.5513202607717758
6549.63 2.559208934720339
6550.0 2.5521882280026356
6550.02 2.551808707985808
6550.42 2.544217826157016
6550.81 2.536815833407843
6551.21 2.5292231404518497
6551.6 2.5218193820192654
6551.99 2.514414752042306
6552.39 2.524068304670507
6552.78 2.5446940400673594
6553.17 2.5653221062639817
6553.57 2.586481518219892
6553.96 2.6071143051160424
6554.36 2.6282785583591566
6554.75 2.6489160650658667
6555.14 2.6807129354578527
6555.54 2.7172749846912354
6555.93 2.7529270764266918
6556.33 2.7894975226639454
6556.72 2.825157800707628
6557.11 2.860822119525135
6557.51 2.8974051051792364
6557.9 3.0090580945438403
6558.29 3.1318980278707262
6558.69 3.257902224271234
6559.08 3.3807704725995027
6559.48 3.506803707295121
6559.87 3.6297002652977097
6560.26 3.7526107969985563
6560.66 3.9024734801255136
6561.05 4.048606423187208
6561.44 4.19475597870477
6561.84 4.344670213964558
6562.23 4.49085341562679
6562.63 4.64080215650662
6563.02 4.770125071060834
6563.41 4.784577422156237
6563.81 4.799402006229898
6564.2 4.813857593926044
6564.59 4.828314779212665
6564.99 4.843144320963417
6565.38 4.857604741938849
6565.78 4.845446806079929
6566.17 4.7642088421264575
6566.56 4.682961587271075
6566.96 4.599621419075667
6567.35 4.518355346830391
6567.75 4.434995880561997
6568.14 4.353710994464137
6568.53 4.256239028321902
6568.93 4.129706502798506
6569.32 4.006323043624
6569.71 3.8829255193155934
6570.0 3.7911592687980664
6570.11 3.756349346566425
6570.5 3.6329233353469887
6570.9 3.506317947999963
6571.29 3.381977613298361
6571.68 3.2568637832254086
6572.08 3.1285271096105687
6572.47 3.0033844274847388
6572.86 2.8782275039408165
6573.26 2.7498466360489178
6573.65 2.6246608685545794
6574.05 2.565765958898285
6574.44 2.5448345236933494
6574.83 2.5239006875620387
6575.23 2.502427592576142
6575.62 2.4814888937123163
6576.01 2.460547794595835
6576.41 2.43906725109412
6576.8 2.4648441082808157
6577.2 2.5036523091184497
6577.59 2.541494625546192
6577.98 2.579341207493893
6578.38 2.6181626451854494
6578.77 2.656017866331446
6579.16 2.6938773517986463
6579.56 2.763038024276028
6579.95 2.833762894316011
6580.35 2.906309517614205
6580.74 2.977050562247795
6581.13 3.0477995906857056
6581.53 3.120370989497029
6581.92 3.190527626915297
6582.31 3.2494331598420225
6582.71 3.309855985756372
6583.1 3.3687749627331445
6583.5 3.429211576119693
6583.89 3.488143994617325
6584.28 3.547083047869982
6584.68 3.5917076855606918
6585.07 3.562444287355212
6585.46 3.53317754336961
6585.86 3.5031568948123875
6586.25 3.4738833744282003
6586.65 3.4438557763713553
6587.04 3.4145754808614335
6587.43 3.382133086814878
6587.83 3.3406078826199765
6588.22 3.30011614000981
6588.62 3.2585813598152398
6589.01 3.2180802814825693
6589.4 3.1775745950223326
6589.8 3.1360255147865033
6590.0 3.11524915717953
6590.19 3.0911981973318077
6590.58 3.04078485005448
6590.98 2.989072907175217
6591.37 2.9386479663802194
6591.77 2.886924133830795
6592.16 2.8364876016968994
6592.55 2.786045348059412
6592.95 2.723818993840194
6593.34 2.6547768801332796
6593.73 2.5857269492308332
6594.13 2.5148983876125035
6594.52 2.4458326241002974
6594.92 2.3749878254342605
6595.31 2.3059062322881743
6595.7 2.273638607759366
6596.1 2.257325633729764
6596.49 2.241418645241462
6596.88 2.225509841389453
6597.28 2.2091912338841837
6597.67 2.1932787532727533
6598.07 2.1769563750862564
6598.46 2.1698007182977044
6598.85 2.16456070124964
6599.25 2.1591856894670336
6599.64 2.153944433596782
6600.04 2.1485681513463497
6600.43 2.1433256568860126
6600.82 2.1380825510553825
6601.22 2.1366200757422105
6601.61 2.1353949272416815
6602.0 2.1341696198725675
6610.0 2.052229094698192
6630.0 2.1218298588899382
6650.0 2.2071567910516365
6670.0 2.142270850733114
6690.0 2.1446234095797365
6710.0 2.35536459046332
6730.0 2.148462100562554
6750.0 2.138350305535958
6770.0 2.123295596966683
6790.0 2.113069471068865
6810.0 2.167127343114053
6830.0 2.1861982957621215
6850.0 2.206471464298526
6870.0 2.1256670933656587
6890.0 2.170557705074268
6910.0 2.187048560593071
6930.0 2.191309642555548
6950.0 2.232678039815677
6970.0 2.241658104117808
6990.0 2.242886849419542
7010.0 2.189697136740522
7030.0 2.2501132874877876
7050.0 2.2135053450306623
7070.0 2.2090164522171953
7090.0 2.1764030302551163
7110.0 2.1655909548545633
7130.0 2.157503819842777
7150.0 2.1715054424568163
7170.0 2.167164167933542
7190.0 2.049153234530887
7210.0 2.089355689676084
7230.0 2.211696136746021
7250.0 2.166963535725189
7270.0 2.2422170692594827
7290.0 2.250749886429784
7310.0 2.2398977341670347
7330.0 2.2834627951501467
7350.0 2.333771633037153
7370.0 2.345906167120087
7390.0 2.304441429588173
7410.0 2.4108025322640714
7430.0 2.3552002738603552
7450.0 2.425976274462073
7470.0 2.4212593105647056
7490.0 2.406301854141815
7510.0 2.4168476384731408
7530.0 2.4163229345134782
7550.0 2.4739516057886703
7570.0 2.4268692774885383
7590.0 2.4301422023630037
7610.0 2.3892585821506724
7630.0 2.419870831385271
7650.0 2.406198968402004
7670.0 2.2540796552769273
7690.0 2.342395950948818
7710.0 2.2723567859343152
7730.0 2.316639883755745
7750.0 2.336202098740898
7770.0 2.3140510029330024
7790.0 2.2936177568681337
7810.0 2.3332797689985085
7830.0 2.400398077719322
7850.0 2.395819826358478
7870.0 2.4241486634627023
7890.0 2.3705824759580088
7910.0 2.311449302639579
7930.0 2.2937383040780044
7950.0 2.3184449489926204
7970.0 2.36677558088602
7990.0 2.3509010938903523
8010.0 2.3807884597039544
8030.0 2.371946306739773
8050.0 2.412099934926222
8070.0 2.4544819838235474
8090.0 2.386265101072193
8110.0 2.3791572921097623
8130.0 2.4090534211233208
8150.0 2.4222674344917445
8170.0 2.429856141035671
8190.0 2.47479416801872
8210.0 2.4421838715999913
8230.0 2.3178239620225156
8250.0 2.3853222217652497
8270.0 2.5470700230341645
8290.0 2.439968379911225
8310.0 2.359979698763007
8330.0 2.4217370149048216
8350.0 2.438394490719051
8370.0 2.4174766906273537
8390.0 2.3598929360727237
8410.0 2.4586963383903995
8430.0 2.4621713460019614
8450.0 2.406181055809165
8470.0 2.4654606625223354
8490.0 2.416242990777466
8510.0 2.116804470575596
8530.0 2.3659219162366463
8550.0 1.9411564146301203
8570.0 2.4479009521922226
8590.0 2.466872221249018
8610.0 2.357840999859243
8630.0 2.467266695776954
8650.0 2.4459306835007113
8670.0 2.1893527081455235
8690.0 2.3815838135499083
8710.0 2.4207929086826585
8730.0 2.4903982149872776
8750.0 2.47306853047139
8770.0 2.4690104765627625
8790.0 2.520289847841083
8810.0 2.5336181980357297
8830.0 2.5160038016810033
8850.0 2.4420506851585135
8870.0 2.373659439185494
8890.0 2.379355086968469
8910.0 2.443356308443996
8930.0 2.4423948241899778
8950.0 2.430720618098086
8970.0 2.33897401929754
8990.0 2.4708467841118456
9010.0 2.348669540191249
9030.0 2.2499042530654876
9050.0 2.527108712193678
9070.0 2.5931366498004027
9090.0 2.3346966621501095
9110.0 2.3478874823131055
9130.0 2.374912069004047
9150.0 2.374923287014261
9170.0 2.3615249196226613
9190.0 2.3736949763270268
9210.0 2.4061104880230904
9230.0 2.359225963685759
9250.0 2.3942344261845263
9270.0 2.3946697685705804
9290.0 2.35202858866245
9310.0 2.273784314808948
9330.0 2.5283235108233084
9350.0 2.5271176282185013
9370.0 2.496090362810983
9390.0 2.521800753700634
9410.0 2.4965322010324216
9430.0 2.5258631924761885
9450.0 2.534095358014761
9470.0 2.5445253390262814
9490.0 2.5531198478798314
9510.0 2.5248510318051918
9530.0 2.5106562988147614
9550.0 2.456957516296952
9570.0 2.532771542700387
9590.0 2.5795638888491634
9610.0 2.566485809256672
9630.0 2.5712048035602986
9650.0 2.5614705583475623
9670.0 2.5539741634695834
9690.0 2.552711948729892
9710.0 2.5454688006856503
9730.0 2.531200697042748
9750.0 2.527607817120824
9770.0 2.5413510471966925
9790.0 2.5193483953318774
9810.0 2.557335165539632
9830.0 2.5552579985446804
9850.0 2.558041151271124
9870.0 2.5568413240078045
9890.0 2.5437224837832035
9910.0 2.542970476390936
9930.0 2.5610040304071555
9950.0 2.5647828123425995
9970.0 2.568649195105781
9990.0 2.5683687709182994
10025.0 2.5513061322078934
10075.0 2.5302113631640752
10125.0 2.577496021174091
10175.0 2.5756837676897537
10225.0 2.5914752351722927
10275.0 2.6019534260878623
10325.0 2.5901761194028006
10375.0 2.580659677382656
10425.0 2.5709925080683127
10475.0 2.561176089030483
10525.0 2.5480218355785587
10575.0 2.532979093462771
10625.0 2.5177638940406535
10675.0 2.502377917758008
10725.0 2.4864212793060148
10775.0 2.4691223435308016
10825.0 2.4516490538027753
10875.0 2.4340030942577013
10925.0 2.4160629846933652
10975.0 2.39762340844171
11025.0 2.379013739267313
11075.0 2.3602356046984694
11125.0 2.35184586524872
11175.0 2.3473260341547504
11225.0 2.342715439355821
11275.0 2.3380149325834694
11325.0 2.3380552102813823
11375.0 2.3412105014244293
11425.0 2.34431716450184
11475.0 2.3473756441578453
11525.0 2.3450649576968603
11575.0 2.334812904848155
11625.0 2.3244522729767216
11675.0 2.313984065927683
11725.0 2.3019649588029423
11775.0 2.289105069954609
11825.0 2.276130728257541
11875.0 2.263042982881382
11925.0 2.2526714089819495
11975.0 2.248291799152254
12025.0 2.243840845855313
12075.0 2.2393191925394382
12125.0 2.2348702400665377
12175.0 2.2305290284556634
12225.0 2.226120353688783
12275.0 2.2216448181880817
12325.0 2.2146693038859095
12375.0 2.2053177133655044
12425.0 2.195881655987081
12475.0 2.1863618816239323
12525.0 2.177663697948716
12575.0 2.1697316221282392
12625.0 2.16172496129488
12675.0 2.1536443704376373
12725.0 2.146254825234903
12775.0 2.1397099301138574
12825.0 2.133099472936472
12875.0 2.1264240231973366
12925.0 2.1196687853966223
12975.0 2.1128180632717455
13025.0 2.105903844843753
13075.0 2.0989266763656063
13125.0 2.090011541438723
13175.0 2.080354418819982
13225.0 2.0706267486009153
13275.0 2.0608291327814894
13325.0 2.052593186905381
13375.0 2.0460431562711063
13425.0 2.0394367887603884
13475.0 2.032774559503967
13525.0 2.0274258765892474
13575.0 2.0224087877426484
13625.0 2.0173431846051524
13675.0 2.012229471866113
13725.0 2.0033297862515176
13775.0 1.9887489300916459
13825.0 1.974090232883934
13875.0 1.9593543407647998
13925.0 1.9430544282887743
13975.0 1.9256238118429017
14025.0 1.9081097551777446
14075.0 1.8905129446908915
14125.0 1.882175432757455
14175.0 1.8774171325862017
14225.0 1.8726185513494515
14275.0 1.8677800154303208
14325.0 1.8708390330675477
14375.0 1.875865360146043
14425.0 1.880882769638985
14475.0 1.8858913305975489
14525.0 1.8768245445973857
14570.0 1.865950796329677
14620.0 1.85381288024719
14675.0 1.840393663428013
14725.0 1.8433401843963895
14775.0 1.850166416715777
14825.0 1.8569904350556548
14875.0 1.8638122542863274
14925.0 1.8691396232152293
14975.0 1.8738520225021664
15025.0 1.8785563956302052
15075.0 1.883252803235504
15125.0 1.890305720922039
15175.0 1.8991580287265684
15225.0 1.9080138866283847
15275.0 1.91687326455931
15325.0 1.9216050217802367
15375.0 1.919212766257936
15425.0 1.9167941109531907
15475.0 1.9143492574858427
15525.0 1.9092906345324803
15575.0 1.9036406770949246
15625.0 1.8979569863876409
15675.0 1.8922398183564162
15725.0 1.8831227344993353
15775.0 1.8707844536238551
15825.0 1.8583969572116805
15875.0 1.8459606162381044
15925.0 1.8358156479366536
15975.0 1.8392661269212471
16050.0 1.844425953465752
16150.0 1.847927441152065
16250.0 1.8477445061739914
16350.0 1.843435892913292
16450.0 1.8365034986723163
16550.0 1.8311114088058955
16650.0 1.828680460917035
16750.0 1.821550573178114
16850.0 1.808361550527469
16950.0 1.7952747737003147
17050.0 1.7822908787154346
17150.0 1.7596129690001205
17250.0 1.7287997412102243
17350.0 1.7031074952916958
17450.0 1.681326203364669
17550.0 1.6558082322167909
17650.0 1.6273509682881864
17750.0 1.600561557738125
17850.0 1.575193228521079
17950.0 1.5470677562719173
18050.0 1.516055014122672
18150.0 1.4909629708484875
18250.0 1.4742774468452908
18350.0 1.454988820612434
18450.0 1.4302473326453746
18550.0 1.4038761600610068
18650.0 1.3764693399243917
18750.0 1.3558342207000327
18850.0 1.3424724707979157
18950.0 1.330184898011146
19050.0 1.3202960776231887
19150.0 1.306557415145516
19250.0 1.2898551981072237
19350.0 1.2700279232694844
19450.0 1.2446133300177638
19550.0 1.2256135292627939
19650.0 1.2114629675912632
19750.0 1.19622964918029
19850.0 1.1786917224547362
19950.0 1.164922173512246
20050.0 1.1551328452749265
20150.0 1.1419377486269449
20250.0 1.1268445083941037
20350.0 1.114918135801068
20450.0 1.109794639681978
20550.0 1.1012068441616525
20650.0 1.0882172340000793
20750.0 1.0761348570741482
20850.0 1.0648104691381095
20950.0 1.0552441657216822
21050.0 1.0467048719636283
21150.0 1.0390134702064655
21250.0 1.0316734746719254
21350.0 1.0235239268882554
21450.0 1.013071243166393
21550.0 1.001407754159048
21650.0 0.9867145867875037
21750.0 0.9743756102777763
21850.0 0.9678840535627602
21950.0 0.9599188036513102
22050.0 0.9482111121996185
22150.0 0.9355210492585657
22250.0 0.919992857357553
22350.0 0.9091724970845895
22450.0 0.9001810739191661
22550.0 0.8895425184892553
22650.0 0.8780228463438534
22750.0 0.848761760263235
22850.0 0.8064045299632129
22950.0 0.7823027747954007
23050.0 0.7783128466635537
23150.0 0.7547054806865885
23250.0 0.6958156105897138
23350.0 0.6665981210923627
23450.0 0.6469664929728536
23550.0 0.640832609074896
23650.0 0.6436423890182988
23750.0 0.6350014166427057
23850.0 0.6110461290472027
23950.0 0.5897435588045798
24050.0 0.5772365613661672
24150.0 0.569896650167498
24250.0 0.5663609162430326
24350.0 0.555920065365597
24450.0 0.5324741109572926
24550.0 0.521696147219915
24650.0 0.5174019391661553
24750.0 0.497186550051107
24850.0 0.4526576633125944
24950.0 0.4363959195992278
25050.0 0.4332438227640355
25150.0 0.4665661357540751
25250.0 0.4557916941507466
25350.0 0.4441199200626966
25450.0 0.43938137462565724
25550.0 0.4359502793013064
25650.0 0.43425373726571415
25750.0 0.4289987040027676
25850.0 0.42468467492049444
25950.0 0.4278409277656105
26050.0 0.4349511196287897
26150.0 0.43602853007506515
26250.0 0.4248306919805147
26350.0 0.4175883151130506
26450.0 0.4186086388881291
26550.0 0.4196855681027488
26650.0 0.41191597550425674
26750.0 0.4071916122216262
26850.0 0.40967405939566215
26950.0 0.4105307092523735
27050.0 0.39959808142742886
27150.0 0.39429760067359726
27250.0 0.3863102908841255
27350.0 0.38718164583731923
27450.0 0.38591335923032394
27550.0 0.38810454973502206
27650.0 0.382921111265809
27750.0 0.36331156872566306
27850.0 0.34325726684188396
27950.0 0.3427150997725741
28050.0 0.35462111887740383
28150.0 0.35764036723520554
28250.0 0.3541742754866203
28350.0 0.3461814623629916
28450.0 0.34382283200062697
28550.0 0.3349662263517705
28650.0 0.3320023223501333
28750.0 0.3268856523265847
28850.0 0.32495698256997946
28950.0 0.32004359161774587
29050.0 0.3184877565596355
29150.0 0.32054598428836717
29250.0 0.32497048941150875
29350.0 0.3298203113321513
29450.0 0.3311812897361196
29550.0 0.32936569839942653
29650.0 0.32447638155867625
29750.0 0.3179080025971811
29850.0 0.3101035415597213
29950.0 0.3017319598299727
30050.0 0.2911029975481905
30150.0 0.2799859852470369
30250.0 0.2685286193172301
30350.0 0.26511008548734855
30450.0 0.26329589491572586
30550.0 0.2643918304051125
30650.0 0.2629067800775298
30750.0 0.26291143467434835
30850.0 0.26946842172734037
30950.0 0.27517073598165137
31050.0 0.29080371584843534
31150.0 0.3034396037100922
31250.0 0.3139323609562312
31350.0 0.309880240084303
31450.0 0.3051925538684337
31550.0 0.3047027027340361
31650.0 0.31030293348794374
31750.0 0.3192195715535783
31850.0 0.33057732604662365
31950.0 0.3353500210561456
32100.0 0.3277531647688783
32300.0 0.3275069228871916
32500.0 0.35089287741338376
32700.0 0.359590854653616
32900.0 0.3517260528611954
33100.0 0.33244680852384445
33300.0 0.2992340130864613
33500.0 0.28468299225290045
33700.0 0.2775799469467242
33900.0 0.27877027954481315
34100.0 0.2663582348970077
34300.0 0.26188375889170373
34500.0 0.2575353575609764
34700.0 0.25206046726574216
34900.0 0.2362633576666515
35100.0 0.2370428492386439
35300.0 0.23722539490996375
35500.0 0.221839504718329
35700.0 0.21566347976639855
35900.0 0.20891754849819752
36100.0 0.1941236869555993
36300.0 0.2033262810204263
36500.0 0.2001508773466398
36700.0 0.19473953806788263
36900.0 0.1963740944664966
37100.0 0.20095068907687247
37300.0 0.2006715830407044
37500.0 0.20143870799104824
37700.0 0.210659103866648
37900.0 0.20747066943533182
38100.0 0.20348751372196774
38300.0 0.1864655028284164
38500.0 0.1739815913502059
38700.0 0.16707713027790325
38900.0 0.16356455920271668
39100.0 0.16423881738093352
39300.0 0.16982117728718946
39500.0 0.16255932826310412
39700.0 0.17250392879935494
39900.0 0.1743600274885987
40100.0 0.16485045574170912
40300.0 0.16427975526226282
40500.0 0.15545779753522526
40700.0 0.14177759455549674
40900.0 0.1406612704211353
41100.0 0.141636854369568
41300.0 0.1399267470997474
41500.0 0.13346939241719413
41700.0 0.12277452584352302
41900.0 0.11289525872104733
42100.0 0.11779931458098744
42300.0 0.11446597284341344
42500.0 0.12024979311264941
42700.0 0.1179752453869527
42900.0 0.12215764988215423
43100.0 0.12704512421843278
43300.0 0.11709643399413901
43500.0 0.10405902861371304
43700.0 0.10091731916969224
43900.0 0.09528049946890262
44100.0 0.09453373018810035
44300.0 0.10214358612692058
44500.0 0.09067822900520746
44700.0 0.09149327729507167
44900.0 0.09524026656313103
45100.0 0.10316496024001524
45300.0 0.09805318489448311
45500.0 0.09066876554442531
45700.0 0.08135183408615519
45900.0 0.08307421927758643
46100.0 0.0819256870297432
46300.0 0.07729912294831488
46500.0 0.07187370237002959
46700.0 0.08308284526092795
46900.0 0.09064668932735154
47100.0 0.07952997537805975
47300.0 0.0781992031433468
47500.0 0.0791720700393894
47700.0 0.07460995155047986
47900.0 0.06693135938183732
48100.0 0.07972105046454507
48300.0 0.09137309327532084
48500.0 0.08903997731299307
48700.0 0.08123527748376343
48900.0 0.08136750106015717
49100.0 0.0814997246365509
49300.0 0.08163208989894585
49500.0 0.08176448488351912
49700.0 0.08189693610141362
49900.0 0.0820294831090234
50100.0 0.0821620301166332
50300.0 0.08229405352429453
50500.0 0.08242601129045883
50700.0 0.08255829425628665
50900.0 0.08269110232880081
51100.0 0.08282391040131497
51300.0 0.08295620245950869
51500.0 0.08308840438340258
51700.0 0.08322063557804336
51900.0 0.08335293679212355
52100.0 0.08348523800620374
52300.0 0.08361759955608973
52500.0 0.08374998542230012
52700.0 0.08388237841182061
52900.0 0.08401483218375165
53100.0 0.08414728595568269
53300.0 0.08427976521526037
53500.0 0.08441227310683606
53700.0 0.08454478099841174
53900.0 0.0846767736859265
54100.0 0.08480864603311074
54300.0 0.0849405898440694
54500.0 0.08507303967629959
54700.0 0.08597264858442114
54900.0 0.08811626390594575
55100.0 0.0863910353812434
55300.0 0.08854822295906412
55500.0 0.09976107173489217
55700.0 0.10053114414426652
55900.0 0.0994540524304667
56100.0 0.0999214034905544
56300.0 0.11215295776001145
56500.0 0.12469588758422824
56700.0 0.12634359257047134
56900.0 0.13756273105202876
57100.0 0.14809785487106014
57300.0 0.13913859976875573
57500.0 0.11804564075160337
57700.0 0.09549285943854281
57900.0 0.1014291279815994
58100.0 0.11267935234918547
58300.0 0.12534422446355262
58500.0 0.11946418510551074
58700.0 0.11678743545837218
58900.0 0.11674876547958819
59100.0 0.1211434402837068
59300.0 0.12128703402694418
59500.0 0.11751126666138892
59700.0 0.1481071121060482
59900.0 0.16716676777743106
60100.0 0.17318272045396785
60300.0 0.179801115650788
60500.0 0.18092693591636946
60700.0 0.1745447616823902
60900.0 0.18817890571367424
61100.0 0.2166743428644005
61300.0 0.26615155968490706
61500.0 0.33954538382834315
61700.0 0.412136127454376
61900.0 0.4745390789594151
62100.0 0.48655236616635755
62300.0 0.47635905863088646
62500.0 0.440663929194599
62700.0 0.39888931654704357
62900.0 0.35577800583647684
63100.0 0.3147642203612505
63300.0 0.27792388753288605
63500.0 0.24664642779616208
63700.0 0.23245945032212084
63900.0 0.2196392886770908
64200.0 0.20163581302278052
64600.0 0.17801356931966708
65000.0 0.15404198409394174
65400.0 0.16407773773219056
65800.0 0.16586638840292067
66200.0 0.1471712104875256
66600.0 0.15806789262637122
67000.0 0.16244099564425998
67400.0 0.1524873377177763
67800.0 0.15091092565995362
68200.0 0.15632443125586348
68600.0 0.18413735490776448
69000.0 0.1966131861642447
69400.0 0.20251143589953693
69800.0 0.2531878480507098
70200.0 0.2317047285067798
70600.0 0.2139762864023749
71000.0 0.21497766416366562
71400.0 0.2169922888246889
71800.0 0.22141363551142923
72200.0 0.21684766688867074
72600.0 0.22297133385577445
73000.0 0.2537123958868899
73400.0 0.27362885713078944
73800.0 0.32673901172966785
74200.0 0.3579396774749755
74600.0 0.3784299893088302
75000.0 0.43209913878905065
75400.0 0.4737125749276892
75800.0 0.5095279617945144
76200.0 0.5173218492704014
76600.0 0.5079612777849635
77000.0 0.4881378776121625
77400.0 0.4807887585655059
77800.0 0.4812829672502474
78200.0 0.465124397361494
78600.0 0.4394351328996856
79000.0 0.4052945095492446
79400.0 0.3667311312865578
79800.0 0.3336412970266415
80200.0 0.3065715278831114
80600.0 0.2775931659950174
81000.0 0.2531224456188087
81400.0 0.2349651746441527
81800.0 0.22895727468822435
82200.0 0.2239299160061985
82600.0 0.21813539031273022
83000.0 0.2171820244657654
83400.0 0.21707544156307762
83800.0 0.21681366797135995
84200.0 0.2214834607576309
84600.0 0.22661900724533196
85000.0 0.22926045427603003
85400.0 0.24112847418961939
85800.0 0.2506231320725664
86200.0 0.23784403048227803
86600.0 0.21885289971928013
87000.0 0.19660429822499892
87400.0 0.17262702710362365
87800.0 0.15063452478250802
88200.0 0.13049981235927213
88600.0 0.11653798944861593
89000.0 0.10474408144027597
89400.0 0.094782083065419
89800.0 0.0891850709787507
90200.0 0.08469290561022287
90600.0 0.08123987395947456
91000.0 0.07543863166451101
91400.0 0.0714519024199331
91800.0 0.06961832741521849
92200.0 0.06775249528571219
92600.0 0.0653193665079708
93000.0 0.06206266505101064
93400.0 0.062230230848612955
93800.0 0.06188654745200145
94200.0 0.05974598844260398
94600.0 0.05959561151642155
95000.0 0.05956525785706392
95400.0 0.05882872216036742
95800.0 0.06497030022171921
96200.0 0.07085625275890485
96600.0 0.06964259506597244
97000.0 0.0634637861879001
97400.0 0.056300137672153146
97800.0 0.05328855148743771
98200.0 0.05199647341572895
98600.0 0.0515534315799706
99000.0 0.05094902203273382
99400.0 0.052096562249783505
99800.0 0.05384237420063234
100200.0 0.0496473381889543
100400.00000000009 0.04778549562957041
100748.43066198383 0.047906771340057004
101098.07052641988 0.04747103050856176
101448.92378975474 0.045799186919063144
101800.9946629978 0.04535111869476218
102154.28737177301 0.04582826098080296
102508.80615636887 0.04669542763310409
102864.55527178946 0.04742189209698565
103221.53898780573 0.046562869595853006
103579.76158900595 0.0470716007211266
103939.22737484834 0.04955143579688357
104299.94065971187 0.051881550786826935
104661.9057729482 0.054171109721971866
105025.12705893395 0.05719231377463935
105389.60887712192 0.05987138374188385
105755.35560209466 0.06187885074875471
106122.37162361621 0.06315956917907213
106490.66134668495 0.06408427078037006
106860.22919158668 0.06492531746302764
107231.07959394684 0.0660418500327968
107603.217004785 0.06764797138710836
107976.64589056744 0.0674521576964864
108351.370733261 0.06720169221963697
108727.39603038708 0.07396273791779659
109104.72629507471 0.0802702200764112
109483.36605611602 0.08604412075326515
109863.31985801981 0.09474363121892346
110244.59226106624 0.10390235116221877
110627.1878413618 0.11280929423577646
111011.11119089334 0.1366522302454646
111396.36691758451 0.17023486192318676
111782.95964535022 0.22779347560227425
112170.89401415233 0.2659348613660924
112560.17468005554 0.28297005627881694
112950.80631528242 0.25848063969502066
113342.79360827077 0.2293041312057157
113736.1412637291 0.1990786953697533
114130.85400269323 0.1741636097768123
114526.93656258319 0.15274281473999737
114924.39369725919 0.1377976923021657
115323.23017708007 0.12673752249615994
115723.45078895958 0.11730689497919738
116125.06033642414 0.10821755986064122
116528.06363967061 0.10139703772893612
116932.46553562334 0.09637920731108168
117338.27087799355 0.0950490814152211
117745.48453733666 0.09552311752052027
118154.11140111096 0.09745446245058895
118564.15637373661 0.1020398433450331
118975.62437665339 0.10563616651491058
119388.52034838134 0.1083882639629049
119802.84924457902 0.10958880159960892
120218.61603810318 0.10900784898814828
120635.82571906883 0.10670686173270048
121054.48329490799 0.10129657389771553
121474.59379043133 0.10055932674010003
121896.16224788758 0.10264257152922839
122319.19372702412 0.10780155521802993
122743.69330514787 0.11241333870191565
123169.6660771864 0.11428288928551271
123597.11715574806 0.11287309380329386
124026.0516711849 0.11463399330434362
124456.47477165324 0.1182274211841584
124888.39162317566 0.12328782361462541
125321.80740970328 0.12928972562589028
125756.72733317701 0.13412159017071965
126193.15661359143 0.13832984180091099
126631.1004890565 0.14206706906539995
127070.56421586059 0.1527935053397313
127511.55306853396 0.1742296794584
127954.0723399109 0.19575642586275463
128398.12734119488 0.1867735111096131
128843.72340202122 0.13670955458837186
129290.86587052139 0.0987016887145321
129739.56011338736 0.08663081667822685
130189.81151593504 0.08068107489151775
130641.62548217046 0.07794801823868784
131095.00743485359 0.07733750413273562
131549.96281556363 0.07816649405420431
132006.49708476473 0.07670265730160748
132464.61572187033 0.0758772688804398
132924.3242253105 0.07495872579477016
133385.628112597 0.0734766450957814
133848.53292038973 0.07301401756712664
134313.04420456337 0.07420061996650663
134779.167540273 0.07501715274502024
135246.90852202274 0.07471333608803381
135716.27276373174 0.07669749146263269
136187.2658988018 0.07460924900620064
136659.8935801853 0.07129785658733272
137134.16148045196 0.06882519125758162
137610.07529185852 0.07013194724660222
138087.64072641605 0.06901938895028616
138566.86351595866 0.06906500081333888
139047.7494122127 0.06826128621832678
139530.30418686455 0.06571260092543575
140014.53363163173 0.0682162038833299
140500.44355833106 0.06626903493559616
140988.03979894897 0.06596457861647825
141477.32820571162 0.06713168891091363
141968.3146511539 0.06770505672183944
142461.00502819192 0.06486357227612732
142955.40525019236 0.062021511301628786
143451.52125104374 0.06029515040997826
143949.35898522806 0.05883591780464273
144448.924427891 0.05840242417165957
144950.2235749154 0.057803390326522194
145453.2624429921 0.05644648038219245
145958.04706969234 0.055388057133134216
146464.58351354074 0.05479008350183179
146972.87785408652 0.053372951448816694
147482.9361919785 0.051438159542288794
147994.76464903704 0.05278289969222321
148508.36936832778 0.05449922526992659
149023.7565142358 0.05369250400115034
149540.9322725382 0.052979764347341925
150059.90285048028 0.0524549325073407
150580.6744768489 0.0534168305481052
151103.25340204738 0.055377866274973785
151627.64589817091 0.052998186009633734
152153.85825908065 0.05040279435197401
152681.89680048096 0.05016238697929726
153211.76785999417 0.0504459744294053
153743.47779723676 0.05137893188037037
154277.0329938962 0.05326114683199522
154812.43985380605 0.0555743747059097
155349.70480302497 0.05951836449786003
155888.8342899124 0.06114969055153005
156429.8347852063 0.05908440266704621
156972.71278210124 0.055544028764892985
157517.47479632485 0.05185941902556139
158064.1273662182 0.05505076483259991
158612.67705281274 0.05724498211319394
159163.1304399096 0.05800569081543566
159715.49413415877 0.060188466644430394
160269.77476513712 0.06207396769383603
160825.97898542997 0.05962238984785378
161384.11347070962 0.05825033353923954
161944.18491981577 0.05787123122827928
162506.2000548363 0.06146800533342465
163070.1656211866 0.06674875669708447
163636.0883876925 0.07493221858631868
164203.97514667013 0.08109252528977516
164773.83271400793 0.08490966545746555
165345.66792924836 0.07827671660926995
165919.48765567035 0.07429297156905705
166495.29878037024 0.07246832951870322
167073.10821434658 0.07129038642759819
167652.9228925817 0.07155347564598379
168234.74977412526 0.07376636583460848
168818.59584217807 0.07458045961770535
169404.46810417465 0.07869248386912435
169992.37359186928 0.0899187830257775
170582.3193614191 0.09038915978535447
171174.31249346913 0.08649202796896133
171768.3600932375 0.07824915751316552
172364.46929059955 0.07640335739215637
172962.64724017525 0.07624586341565992
173562.90112141386 0.07469200363811068
174165.23813868032 0.07376140043387865
174769.6655213422 0.07170579508173149
175376.19052385495 0.06543886098434289
175984.8204258511 0.06335941702987849
176595.5625322263 0.06290802727507669
177208.42417322725 0.06316976553216282
177823.4127045401 0.061096730097829254
178440.53550737724 0.05971817922553485
179059.79998856818 0.06081337421116163
179681.21358064678 0.060834307300282366
180304.7837419411 0.06018098590225017
180930.51795666298 0.058828404708017326
181558.42373499667 0.057079390213671415
182188.508613191 0.05621111361237876
182820.7801536484 0.056108483181736425
183455.24594501613 0.05636283227456221
184091.9136022776 0.055304657527063844
184730.79076684228 0.05545097627930991
185371.88510663982 0.059898372728282426
186015.20431621035 0.06211226205067795
186660.7561167974 0.06860007553431756
187308.54825644082 0.07806955999557144
187958.58851006837 0.06758296512680574
188610.8846795912 0.060835019590483985
189265.44459399607 0.057799162561491084
189922.27610943964 0.05925735255039958
190581.38710934314 0.05963130678864568
191242.78550448545 0.057021331999563864
191906.4792331004 0.05342973466128984
192572.47626097052 0.05394091128725984
193240.7845815229 0.0560074900975653
193911.41221592567 0.057555483567313395
194584.36721318262 0.058138595482221736
195259.65765023217 0.05755090579906464
195937.29163204285 0.058840493138061487
196617.27729171072 0.0605900277417449
197299.62279055765 0.061402590630231665
197984.33631822755 0.05766631701638687
198671.42609278703 0.06029067835367442
199360.90036082253 0.06095503549840429
200052.7673975396 0.05982800626563772
200747.03550686277 0.06037759842302344
201443.7130215334 0.05813623816937547
202142.80830321225 0.05574217693919312
202844.3297425782 0.059311218876538674
203548.28575942936 0.0635240254477317
204254.6848027845 0.06510981948671588
204963.53535098286 0.06347392064405136
205674.84591178835 0.06182804455588799
206388.62502249 0.05990857736203707
207104.88125000495 0.05798244880140317
207823.62319098154 0.05890103018809704
208544.8594719008 0.061726259839756964
209268.59874918268 0.06393978532171682
209994.84970928813 0.06372012403269565
210723.62106882382 0.06349970042566307
211454.9215746472 0.06246603036890262
212188.76000396966 0.061255975570821644
212925.1451644646 0.06124409192283779
213664.08589437135 0.06262006724126959
214405.5910626017 0.06400967519934408
215149.66956884676 0.06546778457462978
215896.33034368197 0.06693095420902688
216645.5823486771 0.06616230083777272
217397.43457650184 0.06482216654233543
218151.8960510343 0.06346569752154155
218908.9758274697 0.06209234126361911
219668.68299242735 0.061409634957733356
220431.02666406232 0.06351630077152466
221196.01599217302 0.06563027761085449
221963.66015831166 0.06713545695426
222733.96837589474 0.06859658458594066
223506.94989031187 0.06840265594768284
224282.61397903945 0.06738558311590763
225060.96995175022 0.06636104692971165
225842.02715042542 0.06532769671843691
226625.79494946744 0.06468364734696855
227412.28275581042 0.06557660380929423
228201.50000903595 0.06647265920997941
228993.45618148448 0.06791740872501334
229788.16077836952 0.06937004215679621
230585.62333789226 0.06971039423281991
231385.85343135396 0.06977468155308413
232188.8606632739 0.0693402514994318
232994.65467150253 0.06860248931454696
233803.24512733784 0.06853619414984534
234614.64173564175 0.06926002268838272
235428.8542349548 0.07010388880021148
236245.89239761574 0.07120945184311928
237065.76602987712 0.07224827588572913
237888.48497202326 0.07296772728692362
238714.05909848903 0.07358913044771326
239542.4983179762 0.07265823934805707
240373.81257357553 0.07172411766073064
241208.01184288395 0.07105186087406588
242045.10613812497 0.0703894008061545
242885.10550626923 0.07079654050020044
243728.0200291531 0.07137124491141032
244573.85982360275 0.07214337842507118
245422.63504155353 0.07297037620542111
246274.3558701723 0.07372343305705918
247129.0325319802 0.07445017231521527
247986.67528497343 0.07459273112225533
248847.29442274923 0.07445610777852898
249710.90027462755 0.0741942911975484
250577.5032057754 0.07386176855520106
251447.1136173319 0.0742738166447587
252319.741946531 0.07514747301169342
253195.39866682977 0.07570388786274496
254074.09428803218 0.07605615380649958
254955.83935641564 0.07654087034717144
255840.64445485763 0.0771106465264523
256728.52020296326 0.07776642403371038
257619.47725719062 0.0784744501353951
258513.52631098175 0.07885718966391747
259410.67809488898 0.07906872712128264
260310.94337670426 0.07909239746021138
261214.33296158884 0.07903357272579217
262120.8576922009 0.0792269478330808
263030.5284488288 0.07950603066864197
263943.3561495196 0.07896614837365311
264859.35175021074 0.07823512570881537
265778.5262448618 0.07824995045048161
266700.8906655845 0.07835844891651003
267626.45608277834 0.07905288104645779
268555.23360526125 0.07968168828360984
269487.23438040353 0.07932049908729305
270422.46959426196 0.07867564417523126
271360.9504717122 0.07680028510410503
272302.6882765867 0.07618873071338686
273247.69431180746 0.07841869167268417
274195.97991952254 0.0801814612773544
275147.55648124265 0.08135056376554742
276102.4354179754 0.08221728161703651
277060.6281903659 0.0828705707189471
278022.1462988321 0.08198884885899378
278987.001283703 0.08056684092269706
279955.20472535834 0.08195075823062113
280926.7682443648 0.08352776651542958
281901.7035016192 0.08399818910898957
282880.0221984859 0.08413776018746227
283861.73607693805 0.08337625387642818
284846.856919699 0.08297658599992758
285835.39655038144 0.08299280470126613
286827.3668336328 0.08330442369693501
287822.7796752752 0.08376043961572156
288821.64702244906 0.08223599987934553
289823.9808637571 0.08099619115253791
290829.79322940577 0.08374839666293392
291839.0961913531 0.08591511901931688
292851.90186345164 0.08700525772181154
293868.22240159387 0.08659212259158697
294888.0700038592 0.08517698610936619
295911.45691065746 0.0843739829851319
296938.39540488017 0.0839982711062028
297968.8978120446 0.0859539243001099
299002.9765004432 0.0873581200075493
300040.643881292 0.08792268829729766
301081.9124088775 0.08741798281545449
302126.7945807098 0.08641273409644451
303175.3029376698 0.08607146893332511
304227.45006416074 0.08633257424026652
305283.2485882598 0.0881164131544588
306342.71118186694 0.08859794574780346
307405.8505608609 0.08817136012185788
308472.6794852493 0.08670116864800169
309543.21075932245 0.08606345314085657
310617.4572318076 0.08841082118402986
311695.4317960206 0.09033553272465945
312777.1473900245 0.09195117239791274
313862.6169967824 0.09086569069434751
314951.8536443137 0.08981901135756527
316044.87040585116 0.08945825647930639
317141.68039999536 0.09047631686101602
318242.2967908759 0.09222991936896409
319346.7327883069 0.09108718457255414
320455.0016479461 0.0913896343349652
321567.116671454 0.09393413414075336
322683.09120665427 0.0941121925201331
323802.93864769104 0.09366256106056497
324926.672435194 0.09339514796650772
326054.30605643673 0.09402123850852312
327185.8530454994 0.09529689377940637
328321.326983432 0.09348271074703474
329460.74149841425 0.09383824657118608
330604.11026592366 0.09734698638786386
331751.4470088968 0.0956548602481263
332902.76549789455 0.09751405270865783
334058.07955126825 0.11153126990008831
335217.40303532267 0.10850057519397727
336380.74986448674 0.0993696056868964
337548.13400147745 0.09383889164534136
338719.56945746863 0.09143739111824503
339895.07029225933 0.09124421611584042
341074.65061444003 0.09425040206129356
342258.32458156615 0.09609798929570358
343446.10640032514 0.0
344638.0103267076 0.0
345834.0506661794 0.0
347034.2417738501 0.0
348238.5980546498 0.0
349447.1339634991 0.0
350659.8640054834 0.0
351876.8027360276 0.0
353097.96476106776 0.0
354323.3647372312 0.0
355553.01737200917 0.0
356786.93742393394 0.0
358025.13970275706 0.0
359267.6390696242 0.0
360514.4504372573 0.0
361765.5887701314 0.0
363021.06908465445 0.0
364280.90644934855 0.0
365545.1159850277 0.0
366813.7128649837 0.0
368086.7123151656 0.0
369364.1296143627 0.0
370645.98009438923 0.0
371932.2791402647 0.0
373223.04219040385 0.0
374518.28473679814 0.0
375818.0223252031 0.0
377122.2705553253 0.0
378431.04508100665 0.0
379744.36161041673 0.0
381062.23590623855 0.0
382384.6837858583 0.0
383711.7211215558 0.0
385043.36384069227 0.0
386379.62792590604 0.0
387720.529415301 0.0
389066.08440264023 0.0
390416.3090375398 0.0
391771.21952565934 0.0
393130.8321289014 0.0
394495.16316560353 0.0
395864.22901073477 0.0
397238.0460960931 0.0
398616.63091049937 0.0
400000.0000000001 0.0
