91.0 0.0
94.0 0.0
96.0 0.0
98.0 0.0
100.0 0.0
102.0 7.922327717387922e-06
104.0 9.078038625206635e-06
106.0 1.080052044229692e-05
108.0 1.3132888115992075e-05
110.0 1.8228831365158034e-05
114.0 2.3778173439573347e-05
118.0 2.9669238148491473e-05
121.0 9.519744717252929e-05
125.0 0.00011625195005171922
127.0 0.0001239520581641631
128.0 0.00013010488051291212
131.0 0.00014167287179583772
132.0 0.00016343419712184725
134.0 0.00017064559159274528
137.0 0.00020661311765297522
140.0 0.00022347045354830408
143.0 0.0005406396921084506
147.0 0.0011540201608675833
151.0 0.001223382748898031
155.0 0.001310503808292209
159.0 0.0014079495617871504
162.0 0.0014808817887535365
166.0 0.0015899511914089285
170.0 0.0016838910563537202
173.0 0.0017614684993060613
177.0 0.001856989922178908
180.0 0.001931767184144795
182.0 0.0019838234207948165
186.0 0.002086595755887926
191.0 0.0022085147548876684
194.0 0.0023012580127799954
198.0 0.0024093187406186967
202.0 0.0025193218394600407
205.0 0.0025984469357002078
210.0 0.0026251200890746586
216.0 0.002901510013741652
220.0 0.003022700099489149
223.0 0.0030754807536096575
227.0 0.003209041637685673
230.0 0.00470615471296499
234.0 0.008081194868685986
240.0 0.010124462660523692
246.0 0.009574626132656552
252.0 0.010066216086453094
257.0 0.008411320028554653
260.0 0.009697581048657835
264.0 0.010265535861332895
269.0 0.010218414967794465
274.0 0.010140209118275501
279.0 0.010047045308456648
284.0 0.010010402770263731
290.0 0.009524446014185619
296.0 0.00958766068913805
301.0 0.009320559094618638
308.0 0.009397414019217717
318.0 0.00950465652435423
328.0 0.009385944159059873
338.0 0.009175261868634262
348.0 0.00893444731671975
357.0 0.00882632508975944
366.0 0.008815134071581842
375.0 0.008637160072426068
385.0 0.008152886817572435
395.0 0.008299742094040219
405.0 0.008242846978289444
414.0 0.008077692098377312
422.0 0.007850220361493411
430.0 0.00767180893690928
441.0 0.007575099231060733
451.0 0.007377607489853993
460.0 0.007183106188681949
470.0 0.007026012372267964
480.0 0.00692712902825669
490.0 0.006664375904457681
500.0 0.006667507535116536
506.0 0.006487059081538207
512.0 0.006758056973294504
520.0 0.006628310602611551
530.0 0.0064101328861561205
540.0 0.00607872575696234
550.0 0.005920545708125714
560.0 0.006031053761497151
570.0 0.0060486643632519385
580.0 0.005865631164674281
590.0 0.005809467685272715
600.0 0.00552053644446896
610.0 0.004873208785923816
620.0 0.005501041530971099
630.0 0.005321176426576373
640.0 0.005347658900357275
650.0 0.005223087209053009
658.0 0.005050570530304843
665.0 0.005113780739853602
675.0 0.005075939029321876
685.0 0.004812460924603041
695.0 0.00490974243863549
705.0 0.004616811088682188
716.0 0.004780400346848469
726.0 0.004736188641980563
735.0 0.004681020186141372
745.0 0.004568555877393889
755.0 0.004500627834538969
765.0 0.004091451891297456
775.0 0.0043707979833994
785.0 0.004210642894094671
795.0 0.0042360600372953645
805.0 0.004232850215956871
815.0 0.00418231695315022
825.0 0.0041334241543321895
835.0 0.003812700105456956
845.0 0.004021812709719559
855.0 0.003965779582466792
865.0 0.003953823958994657
875.0 0.003937016749762925
885.0 0.0039035273613490687
895.0 0.0038705013599343394
905.0 0.0038309158296735576
915.0 0.004312070959620266
925.0 0.0076724037363786
935.0 0.011551432085188903
945.0 0.01713298982054534
955.0 0.02072688424417372
965.0 0.02204327503069306
975.0 0.009584597766348874
985.0 0.020134611942515562
995.0 0.020372208671951334
1005.0 0.026253965328470005
1015.0 0.025278303675625106
1025.0 0.015355704401483039
1035.0 0.02047891856387679
1045.0 0.032297064143650675
1055.0 0.03196460123153443
1065.0 0.026958407656946185
1075.0 0.030308057400708518
1085.0 0.025477388920447135
1095.0 0.03183424912229985
1105.0 0.030722457748565513
1115.0 0.029950026224300933
1125.0 0.02734405106553675
1135.0 0.03278207168623777
1145.0 0.03112281254415
1155.0 0.032204269373000416
1165.0 0.03257558015350598
1175.0 0.024308264374118847
1185.0 0.031032326763714733
1195.0 0.024498658838626446
1205.0 0.020103366997840735
1208.72 0.01763786536894851
1208.8 0.01758150069158784
1208.87 0.017532172011359592
1208.94 0.017482834385238146
1209.02 0.017426437575689138
1209.09 0.017377080787750184
1209.16 0.01732771506133939
1209.23 0.017278340398816903
1209.31 0.017221901273925373
1209.38 0.017172507470534594
1209.45 0.017123104738443994
1209.53 0.01706663354311884
1209.6 0.017017211686034952
1209.67 0.01696778090765557
1209.75 0.016911277668493093
1209.82 0.016861827780979933
1209.89 0.016812368979568726
1209.96 0.01676290126661198
1210.04 0.01670635582843822
1210.11 0.016656869027229463
1210.18 0.01660737332186276
1210.26 0.016550795901407057
1210.33 0.01650128112361205
1210.4 0.016451757449039834
1210.47 0.0164022248800376
1210.55 0.016345605341620023
1210.62 0.016296053721024013
1210.69 0.016246493213368907
1210.77 0.016189841754085506
1210.84 0.01614026221062448
1210.91 0.016090673787468354
1210.99 0.0160339904337694
1211.06 0.01598438299057965
1211.13 0.01593476667505156
1211.2 0.015885141489524777
1211.28 0.0158284161335566
1211.35 0.01577877194876314
1211.42 0.015729118901317948
1211.5 0.015672361712151243
1211.57 0.015622689681176022
1211.64 0.015573008794889133
1211.72 0.015516219798888302
1211.79 0.015466519944792447
1211.86 0.015416811242717963
1211.93 0.015367093694996397
1212.01 0.015310262812043344
1212.08 0.015260526317212418
1212.15 0.015210780984057785
1212.23 0.015153918355288553
1212.3 0.015104154090709827
1212.37 0.015054380995123752
1212.44 0.015004599070856507
1212.52 0.01494769463547627
1212.59 0.014897893800437418
1212.66 0.014848084144024127
1212.74 0.014791148023706699
1212.81 0.014741319472171291
1212.88 0.01469148210656095
1212.96 0.014634514327524991
1213.03 0.014584658082426623
1213.1 0.014534793030545817
1213.17 0.014484919174201165
1213.25 0.014427909703233632
1213.32 0.01437801698798597
1213.39 0.014328115475557294
1213.47 0.014271074406551428
1213.54 0.014221154050818127
1213.61 0.014171224905179606
1213.69 0.014114152264268143
1213.76 0.014064204290907765
1213.83 0.01401424753491065
1213.9 0.013964281998587772
1213.98 0.01394037117951574
1214.05 0.014006611251973883
1214.12 0.014072862019669403
1214.2 0.014148590275336114
1214.27 0.014214863951887749
1214.34 0.014281148314802993
1214.41 0.0143474433612605
1214.49 0.01442322220691022
1214.56 0.01448954013717498
1214.63 0.01455586874212018
1214.71 0.014631685929479747
1214.78 0.014698037399252269
1214.85 0.014764399534852288
1214.93 0.014840255032124246
1215.0 0.014906640013591318
1215.07 0.01497303565204217
1215.14 0.01503944194466501
1215.22 0.015115347892838051
1215.29 0.015181777006364028
1215.36 0.015248216765230029
1215.44 0.015324160949727834
1215.51 0.015390623510581689
1215.58 0.015457096707952825
1215.66 0.0155330790970855
1215.73 0.015599575077548413
1215.8 0.01566608168571497
1215.87 0.015732598918782748
1215.95 0.01580863162020691
1216.02 0.015875171611487576
1216.09 0.015941722218867704
1216.17 0.01601779305158922
1216.24 0.016084366398331097
1216.31 0.01615095035237977
1216.38 0.016217544910939668
1216.46 0.016293665959395357
1216.53 0.016360283232497153
1216.6 0.016426911101329204
1216.68 0.016503070207919524
1216.75 0.0165697207724874
1216.82 0.016636381924013816
1216.9 0.01671257905723194
1216.97 0.01677926288570734
1217.04 0.01684595729237856
1217.11 0.016912662274459412
1217.19 0.01698890948560303
1217.26 0.017055637119897885
1217.33 0.01712237532085156
1217.41 0.017198660485709734
1217.48 0.01726542132013542
1217.55 0.017332192712478166
1217.63 0.0174085157996519
1217.7 0.017475309806744
1217.77 0.0175421143630204
1217.84 0.017608929465704436
1217.92 0.017685302493465598
1217.99 0.017752140186248617
1218.06 0.01781898841671844
1218.14 0.017895399294131302
1218.21 0.017962270096022283
1218.28 0.018029151426888195
1218.35 0.018096043283959015
1218.43 0.01817250400628988
1218.5 0.018239418410190576
1218.57 0.018306343331596222
1218.65 0.01838284183108905
1218.72 0.01844978928069148
1218.79 0.01851674723910797
1218.87 0.018593283484546103
1218.94 0.01866026395254584
1219.01 0.0187272549206775
1219.08 0.0187942563861807
1219.16 0.018870842339997546
1219.23 0.01893786629057698
1219.3 0.019004900729857912
1219.38 0.019081524357379455
1219.45 0.01914858126316755
1219.52 0.019215648648996164
1219.6 0.019292309919113102
1219.67 0.019359399752899353
1219.74 0.01942650005807379
1219.81 0.019493610831885638
1219.89 0.019570321674311223
1219.96 0.019637454871658012
1220.03 0.019704598529001992
1220.11 0.0197813469420308
1220.18 0.019848513004404853
1220.25 0.0199156895181447
1220.32 0.01998287648050613
1220.4 0.020059674371059207
1220.47 0.0201268837140869
1220.54 0.020194103497116842
1220.62 0.020270938886454457
1220.69 0.02033818103169046
1220.76 0.02040543360831809
1220.84 0.020482306465513453
1220.91 0.02054958138590597
1220.98 0.020616866729088735
1221.05 0.02068416249232705
1221.13 0.020761084691772742
1221.2 0.02082840277449631
1221.27 0.020895731268685845
1221.35 0.02097269086441855
1221.42 0.02104004165969697
1221.49 0.021107402857860575
1221.57 0.021184399819060454
1221.64 0.021251783299935587
1221.71 0.02131917717512426
1221.78 0.021386581441901246
1221.86 0.021463627610545287
1221.93 0.021531054135838466
1222.0 0.02159849104415995
1222.08 0.02167557450694852
1222.15 0.021743033655453364
1222.22 0.02181050317843568
1222.29 0.021877983073176878
1222.37 0.021955115649507397
1222.44 0.02202261776029527
1222.51 0.022090130234302723
1222.59 0.02216730003362814
1222.66 0.02223483470539399
1222.73 0.022302379731849342
1222.81 0.022379586723531027
1222.88 0.022447153929475598
1222.95 0.02251473148158856
1223.02 0.02258231937716077
1223.1 0.022659575348372023
1223.17 0.022727185399380703
1223.24 0.022794805785339056
1225.0 0.02449836407330268
1235.0 0.033606111549332636
1245.0 0.035869421698633344
1255.0 0.0343965454783142
1265.0 0.03157719942264702
1275.0 0.0381984092561205
1285.0 0.03940057414914438
1295.0 0.03274821698872148
1305.0 0.03321086466321252
1315.0 0.03856491720408232
1325.0 0.03753222885087156
1335.0 0.034381440665635046
1345.0 0.03855444256007319
1355.0 0.03821702275966776
1365.0 0.03485082541973707
1375.0 0.03592007246857116
1385.0 0.035732483676852535
1395.0 0.03106483936912176
1405.0 0.03194994439160191
1415.0 0.03367817659081817
1425.0 0.0343235091364654
1435.0 0.03450037269895633
1442.0 0.03571162224198064
1447.0 0.03611490487185584
1455.0 0.03536607398468328
1465.0 0.0332975886972423
1475.0 0.03299398287948671
1485.0 0.03334103310185512
1495.0 0.03345261373896435
1505.0 0.0315511217110717
1512.0 0.029291126445604727
1517.0 0.03045241982474546
1525.0 0.029895350282948853
1535.0 0.026481968139419852
1545.0 0.027573062035031667
1555.0 0.02671381529144197
1565.0 0.027535609594405725
1575.0 0.029032144710392695
1585.0 0.029981766199602508
1595.0 0.030529617920740108
1605.0 0.029876696393284604
1615.0 0.02982488825845681
1625.0 0.02870686954914257
1635.0 0.030102212759133086
1645.0 0.030356211267189855
1655.0 0.028785294733789612
1665.0 0.03029940858462042
1672.0 0.0277909409521381
1677.0 0.031042737353518007
1685.0 0.031566857782284165
1695.0 0.030104822658058052
1705.0 0.02923202330367651
1715.0 0.027716650780066323
1725.0 0.027613653310916215
1735.0 0.029168612691268865
1745.0 0.028671547422562556
1755.0 0.030112817747903274
1765.0 0.028298940804854393
1775.0 0.028436543331872587
1785.0 0.029245757105450996
1795.0 0.030692770633251695
1805.0 0.0303178823051346
1815.0 0.028582186306545385
1825.0 0.028864653510020745
1835.0 0.027596478054335433
1845.0 0.025753505138549394
1855.0 0.02603001322530117
1865.0 0.02717827081255796
1875.0 0.028562660001746523
1885.0 0.026691078591556647
1895.0 0.026248758603733935
1905.0 0.027230733537731477
1915.0 0.02652803574643409
1925.0 0.025678223209235147
1935.0 0.025968935286005565
1945.0 0.027761112616473994
1955.0 0.026483887760663218
1967.0 0.02876255431035091
1976.0 0.02929513989284324
1984.0 0.02853199220655373
1995.0 0.028163955969747537
2005.0 0.028515125048617872
2015.0 0.02803528672373114
2025.0 0.02817256727034567
2035.0 0.028385549732672103
2045.0 0.029306935905276964
2055.0 0.028272338062062828
2065.0 0.028151490785242088
2074.0 0.03007448068362559
2078.0 0.0328613578736859
2085.0 0.040529414827578256
2095.0 0.03844152887830667
2105.0 0.03806665948074849
2115.0 0.04044948184805967
2125.0 0.038328219453503475
2135.0 0.036881482052875156
2145.0 0.04173034273383582
2155.0 0.04167176214988517
2165.0 0.03861990992309324
2175.0 0.039469753176117076
2185.0 0.04410642160754015
2195.0 0.04428702565502597
2205.0 0.04275437828244861
2215.0 0.03716020014640765
2225.0 0.040580361831478715
2235.0 0.048848413856762876
2245.0 0.04670484542388242
2255.0 0.03922467926513548
2265.0 0.03763471708819855
2275.0 0.03986353358053541
2285.0 0.04805086638143957
2295.0 0.0441522486383252
2305.0 0.047736351764117384
2315.0 0.041745073440832774
2325.0 0.03499428819158525
2335.0 0.03433222602189372
2345.0 0.028181866012948968
2355.0 0.03992239011004762
2365.0 0.0317856933907498
2375.0 0.03259355392230165
2385.0 0.026466133277894106
2395.0 0.02978159570607171
2405.0 0.02951225120235402
2415.0 0.03210657168667744
2425.0 0.04359178925036025
2435.0 0.04844369267118265
2445.0 0.05513294863841148
2455.0 0.05762192627526647
2465.0 0.05216274792094138
2475.0 0.04355558772371614
2485.0 0.03309689482247939
2495.0 0.03686488625487739
2505.0 0.04999094254104209
2513.0 0.03006127236190046
2518.0 0.027048606634407175
2525.0 0.028002582155914654
2535.0 0.03754560235303118
2545.0 0.046927451720713775
2555.0 0.06620959567902239
2565.0 0.05301768556100422
2575.0 0.062448230098373025
2585.0 0.05791444005866788
2595.0 0.053764032005670856
2605.0 0.048635940302092055
2615.0 0.045472386858055915
2625.0 0.05631552966567029
2635.0 0.08676649580086357
2645.0 0.13165957516288482
2655.0 0.17254720660501158
2665.0 0.11556240241954634
2675.0 0.12835747313604112
2685.0 0.14544838705287136
2695.0 0.11293541231687529
2705.0 0.13392789573995187
2715.0 0.10588643229857031
2725.0 0.07933996502136913
2735.0 0.09635206858794067
2745.0 0.06171450869491992
2755.0 0.07720712804208636
2765.0 0.1030954371087471
2775.0 0.10711194966064105
2785.0 0.07500555100223012
2795.0 0.034768334550914645
2805.0 0.039530372269296836
2815.0 0.10277393715994455
2825.0 0.13642473505090097
2835.0 0.12580122842380115
2845.0 0.09735330613856942
2855.0 0.0723283415830297
2865.0 0.13025775227073663
2875.0 0.18021906149420358
2885.0 0.16734729226676373
2895.0 0.21831247869469242
2910.0 0.2751072072924346
2930.0 0.25142485352099025
2950.0 0.23143341210166202
2970.0 0.23949504686309753
2990.0 0.24598936645408404
3010.0 0.2501241767598428
3030.0 0.26874516009576865
3050.0 0.28225439207889863
3070.0 0.30970460341098754
3090.0 0.30425800981347
3110.0 0.34939040096796353
3130.0 0.3312510309247027
3150.0 0.33438508230594716
3170.0 0.3689772902887122
3190.0 0.32807652618460814
3210.0 0.35291927836558795
3230.0 0.30214051291170807
3250.0 0.41931682071620996
3270.0 0.5092274718561518
3290.0 0.502715791655206
3310.0 0.4758770595304045
3330.0 0.4955926995866198
3350.0 0.46476545397954294
3370.0 0.4000316294660259
3390.0 0.5053163717106962
3410.0 0.5135768308968113
3430.0 0.5093972627590382
3450.0 0.464436788334353
3470.0 0.4887801867964428
3490.0 0.4604741681050184
3510.0 0.54316432094924
3530.0 0.5253193427834416
3550.0 0.6185296242684531
3570.0 0.5035059813472591
3590.0 0.36067165128575407
3610.0 0.5162047348271361
3630.0 0.6179069764322738
3640.0 0.6409341403259694
3650.0 0.5730394569862743
3670.0 0.7506495903987914
3690.0 0.5942356855545649
3704.66 0.6133054251747333
3704.88 0.6082811585715308
3705.11 0.6030280882387687
3705.33 0.5980030029183572
3705.55 0.5929775173615909
3705.78 0.5877231727226189
3706.0 0.5826968685525897
3706.22 0.5776701641970391
3706.45 0.5724145454136694
3706.67 0.5673870225487982
3706.89 0.5623590995492457
3707.12 0.5571022067833168
3707.34 0.552073465378423
3707.56 0.5470443238896865
3707.79 0.5417861573030618
3708.01 0.5367561975129798
3708.24 0.5314971754660304
3708.46 0.5264663974444701
3708.68 0.5292196474382674
3708.91 0.536748905209646
3709.13 0.5439513839273123
3709.35 0.5511544297121886
3709.58 0.55868549296
3709.8 0.5658896985810161
3710.0 0.5724394684391629
3710.02 0.5730944711967783
3710.25 0.5806273396903049
3710.47 0.5878332719939585
3710.7 0.5953673528364148
3710.92 0.6025744447284026
3711.14 0.6097821034939779
3711.37 0.617317989196394
3711.59 0.6245268074020323
3711.81 0.6317361924087641
3712.04 0.639273882740329
3712.26 0.6464844270388302
3712.48 0.6536955380659206
3712.71 0.6612350327957874
3712.93 0.6684473029663159
3713.16 0.675988009475882
3713.38 0.6832014386902354
3713.6 0.6904154345119511
3713.83 0.6979579450338489
3714.05 0.7051730997510356
3714.27 0.7123888210030516
3714.5 0.7199331353063405
3714.72 0.7271500153054359
3714.94 0.7343674617668453
3715.17 0.7419135796205507
3715.39 0.7491321846806264
3715.62 0.7566795137444834
3715.84 0.7638992773035714
3716.06 0.7711196072036499
3716.29 0.7786687394317391
3716.51 0.7858902276823942
3716.73 0.7931122822014653
3716.96 0.8006632173627181
3717.18 0.8013581884586207
3717.4 0.7926231568572888
3717.63 0.7834903383532038
3717.85 0.7747538911072458
3718.08 0.7656195926744211
3718.3 0.7568817299050691
3718.52 0.7481431751462243
3718.75 0.739006673498863
3718.97 0.7302667033972199
3719.19 0.721526041394337
3719.42 0.712387336813542
3719.64 0.7036452596484848
3719.86 0.6949024906704907
3720.09 0.6857615834374081
3720.31 0.677017399477873
3720.53 0.668272523793717
3720.76 0.6591294141895359
3720.98 0.6503831237044996
3721.21 0.641238535053722
3721.43 0.6324908298891425
3721.65 0.6237424331476057
3721.88 0.614595642595872
3722.1 0.6058458313555166
3722.32 0.5970953286265558
3722.55 0.5879463364551695
3722.77 0.5791944194081244
3722.99 0.5704418109608576
3723.22 0.5612906174511646
3723.44 0.5525365948665385
3723.67 0.5433839230040034
3723.89 0.5346284864034766
3724.11 0.5258723585504558
3724.34 0.5167174858200184
3724.56 0.5079599441319038
3724.78 0.4992017112796963
3725.01 0.490044637962816
3725.23 0.48128499145634934
3725.45 0.4725246538742223
3725.68 0.4645583453048901
3725.9 0.468919772768817
3726.13 0.4734798115836297
3726.35 0.4778419366200543
3726.57 0.482204402670019
3726.8 0.4867655272324575
3727.02 0.4911286907652569
3727.24 0.49549219526774885
3727.47 0.5000544054382369
3727.69 0.5044186073339058
3727.91 0.5087831501554132
3728.14 0.5133464457943541
3728.36 0.5177116859193491
3728.59 0.5222757105258896
3728.81 0.5266416478941085
3729.03 0.531007926114877
3729.26 0.5355730359564689
3729.48 0.5399400113307501
3729.7 0.5443073275137099
3729.93 0.5488735224507024
3730.0 0.5502633078834016
3730.15 0.5532415356974693
3730.37 0.5576098897090377
3730.6 0.5621771696017597
3730.82 0.566546220587398
3731.05 0.5711142291033116
3731.27 0.5754839770027235
3731.49 0.5798540655936003
3731.72 0.5844231588317179
3731.94 0.5887939442466277
3732.16 0.593165070309108
3732.39 0.5977352481297051
3732.61 0.6021070709264472
3732.83 0.6064792343268686
3733.06 0.6110504965901993
3733.28 0.6154233566350983
3733.51 0.6199953471770303
3733.73 0.6243689038060786
3733.95 0.62874280096543
3734.18 0.6333158757164477
3734.4 0.6342083591042266
3734.62 0.6334758613286059
3734.85 0.6327100039376083
3735.07 0.6319773832286788
3735.29 0.6312447024228005
3735.52 0.6304786536900674
3735.74 0.6297458499663388
3735.96 0.6290129861532164
3736.19 0.628246746102811
3736.41 0.6275137593872994
3736.64 0.6267473908534593
3736.86 0.6260142812459407
3737.08 0.6252811115616677
3737.31 0.6245145517503874
3737.53 0.6237812591895714
3737.75 0.6230479065595617
3737.98 0.6222811554949141
3738.2 0.6215476800038295
3738.42 0.6208141444511103
3738.65 0.620047202157172
3738.87 0.6193135437588485
3739.1 0.618546473040845
3739.32 0.6178126918073055
3739.54 0.6170788505247783
3739.77 0.6163115886177405
3739.99 0.6155776245154716
3740.21 0.6148436003717773
3740.44 0.6140761472997923
3740.66 0.6133420003518338
3740.88 0.6126077933700165
3741.11 0.6118401491571751
3741.33 0.6111058193865717
3741.56 0.6103380468090693
3741.78 0.6096035942600746
3742.0 0.6088690816898747
3742.23 0.6081011180117961
3742.45 0.6073664826786888
3742.67 0.606631787331943
3742.9 0.604960669737723
3743.12 0.5992593264376456
3743.34 0.5935575346103349
3743.57 0.5875960908758012
3743.79 0.5818933816653855
3744.02 0.5759309788898813
3744.24 0.5702273523755097
3744.46 0.5645232774302276
3744.69 0.5585594469026272
3744.91 0.5528544547712774
3745.13 0.5471490142666495
3745.36 0.5411837561704489
3745.58 0.5354773985976465
3745.8 0.5297705927092072
3746.03 0.5238039072279277
3746.25 0.5180961843892242
3746.48 0.5121285403195113
3746.7 0.5064199006097347
3746.92 0.5007108126806942
3747.15 0.49474174153274403
3747.37 0.48903173685058055
3747.59 0.48332128400681645
3747.82 0.47735078596422115
3748.04 0.4716394164852893
3748.26 0.4659275989024277
3748.49 0.459955674148817
3748.71 0.45424294004874805
3748.93 0.44852975790245214
3749.16 0.4425564066214471
3750.0 0.4207365292569595
3770.0 0.6087037064265103
3790.0 0.7456352940811021
3810.0 0.6957691465334044
3830.0 0.4067220172470797
3850.0 0.6351725203274986
3870.0 0.5941304696326325
3890.0 0.6684421644731576
3910.0 0.7831114772113971
3930.0 0.45588031491576925
3950.0 0.7427042061214346
3970.0 0.5738186766255713
3990.0 1.0
4010.0 1.1848338350455574
4030.0 1.1011742161702889
4050.0 1.1211696210696587
4070.0 1.0584525102328635
4078.2 1.0982907261448394
4078.45 1.1029902916292273
4078.7 1.1076902294885762
4078.94 1.1122025201458636
4079.19 1.1169031878037143
4079.43 1.1214161790316906
4079.68 1.1261175764133244
4079.93 1.130819346074223
4080.17 1.135333395170968
4080.42 1.1400358944428035
4080.66 1.1445506439301716
4080.91 1.1492538727382187
4081.16 1.1539574737298293
4081.4 1.1569546070125736
4081.65 1.1600768611475065
4081.9 1.1631993604725597
4082.14 1.1661971904875421
4082.39 1.1693201703479472
4082.63 1.1723184616531745
4082.88 1.1754419219995578
4083.13 1.1785656274728264
4083.37 1.1815646153306036
4083.62 1.1846888012152816
4083.86 1.1876882502443165
4084.11 1.1908129164910266
4084.36 1.1939378278013824
4084.6 1.196937973203268
4084.85 1.2000633648010828
4085.1 1.2031890014244961
4085.34 1.202332131564278
4085.59 1.1980391204882406
4085.83 1.1939175009601506
4086.08 1.1896238047034824
4086.33 1.1853297588916274
4086.57 1.1812071460675129
4086.82 1.1769124151799597
4087.06 1.1727891447165348
4087.31 1.1684937288227675
4087.56 1.1641979634628048
4087.8 1.1600736999562302
4088.05 1.155777249694994
4088.3 1.151480450021105
4088.54 1.147355193623542
4088.79 1.1430577091533256
4089.03 1.1389317953846376
4089.28 1.134903959045739
4089.53 1.1373640433190615
4089.77 1.1397259045865615
4090.0 1.1419895207543487
4090.02 1.142186364610786
4090.26 1.1445485865805634
4090.51 1.1470094223169538
4090.76 1.1494704497283013
4091.0 1.1518332163616323
4091.25 1.1542946194266448
4091.5 1.1567562141367662
4091.74 1.159119525348839
4091.99 1.1615814956541224
4092.23 1.1639451674189598
4092.48 1.166407513280665
4092.73 1.168870050737865
4092.97 1.1712342669404547
4093.22 1.1736971798955702
4093.47 1.1725517548458257
4093.71 1.1691425080150877
4093.96 1.1655909257188966
4094.2 1.1621811345546582
4094.45 1.158628985273161
4094.7 1.1550765467356092
4094.94 1.151665933621362
4095.19 1.1481129281853855
4095.43 1.144701770876272
4095.68 1.1411481985994023
4095.93 1.1375943371401604
4096.17 1.1341823580904107
4096.42 1.130627929877163
4096.67 1.1270732125258744
4096.91 1.1236604118614746
4097.16 1.1201051278430723
4097.4 1.1176450468130943
4097.65 1.122033414846451
4097.9 1.126422128198616
4098.14 1.130635617875834
4098.39 1.1350250080003408
4098.63 1.1392391473456027
4098.88 1.143629214172891
4099.13 1.1480196262299014
4099.37 1.1522347465799414
4099.62 1.156625835234681
4099.87 1.1610172690655431
4100.11 1.1652333702680544
4100.36 1.1696254805915887
4100.6 1.1738422311936898
4100.85 1.1782350179403298
4101.1 1.182628149773998
4101.34 1.1868458809753812
4101.59 1.1845651443169782
4101.83 1.1793600216620808
4102.08 1.1739375898070286
4102.33 1.1685147201279653
4102.57 1.163308353352356
4102.82 1.1578846256042228
4103.07 1.1524604600994188
4103.31 1.1472528493944352
4103.56 1.1418278259525523
4103.8 1.1366193916699463
4104.05 1.1311935103783886
4104.3 1.1257671914420986
4104.54 1.1205575135482206
4104.79 1.1151303368942562
4105.03 1.1099198356333668
4105.28 1.1044918013491365
4105.53 1.1005679547663108
4105.77 1.1013749988366466
4106.02 1.102215730454821
4106.27 1.1030565240202974
4106.51 1.1038637441200851
4106.76 1.1047046590926133
4107.0 1.1055119957370294
4107.25 1.1063530321038149
4107.5 1.107194130401516
4107.74 1.108001643028823
4107.99 1.108842862701459
4108.23 1.1096504918425611
4108.48 1.1104918328773365
4108.73 1.1113332358266408
4108.97 1.112141040904073
4109.22 1.1129825651961935
4109.47 1.1138241513929843
4109.71 1.1139188531815976
4109.96 1.1138219697269924
4110.0 1.1138064671884131
4110.2 1.1137289495887286
4110.45 1.1136320410891714
4110.7 1.1135351198124246
4110.94 1.1134420633664992
4111.19 1.113345117048121
4111.44 1.1132481579542475
4111.68 1.1131550652054738
4111.93 1.11305808107329
4112.17 1.1129649642887944
4112.42 1.1128679551205
4112.67 1.1127709331795268
4112.91 1.1126777801001881
4113.16 1.1125807331264261
4113.4 1.112487556016666
4113.65 1.1143336457111852
4113.9 1.1203092597620652
4114.14 1.1260462912497728
4114.39 1.1320228261077299
4114.64 1.1379998307287056
4114.88 1.1437381970949865
4115.13 1.1497161223799193
4115.37 1.1554553725381085
4115.62 1.1614342183922264
4115.87 1.1674135338879883
4116.11 1.1731541185798726
4116.36 1.179134354501692
4116.6 1.1848758227571206
4116.85 1.1908569790102208
4117.1 1.1968386047835824
4117.34 1.2025814072277654
4117.59 1.2085639531892722
4117.84 1.2042771903772982
4118.08 1.1988171142482833
4118.33 1.1931290872024567
4118.57 1.187668151425299
4118.82 1.1819792289583961
4119.07 1.1762898496792484
4119.31 1.1708276158243958
4119.56 1.1651373412623254
4119.81 1.1594466099584986
4120.05 1.1539830782262903
4120.3 1.1482914517777005
4120.54 1.1428270607504336
4120.79 1.1371345392485674
4121.04 1.1314415611221131
4121.28 1.1259758725504165
4121.53 1.1202819995088542
4121.77 1.1163271864939033
4122.02 1.1148319078842093
4122.27 1.1133365056807678
4122.51 1.1119008032943882
4122.76 1.1104051588657053
4123.01 1.1089093908621572
4123.25 1.1074733373254404
4123.5 1.1059773271336617
4123.74 1.1045410411080079
4123.99 1.103044788752507
4124.24 1.101548412853529
4124.48 1.1001117757667296
4124.73 1.098615157741043
4124.97 1.0971782882243628
4125.22 1.0956814280964775
4125.47 1.094184444456505
4125.71 1.092747223967884
4125.96 1.0960814272232722
4126.21 1.0998360304450083
4126.45 1.1034407245597848
4126.7 1.107195900728933
4126.94 1.110801144844798
4127.19 1.1145568939021366
4130.0 1.1477580535586644
4150.0 1.113967962420136
4170.0 1.1126228955294135
4190.0 1.0830699029826563
4210.0 1.1879982759013914
4230.0 1.1345702185392859
4250.0 1.247129299887575
4270.0 1.2407840272299535
4290.0 1.0852726825299897
4310.0 1.0350963314778157
4315.65 1.202893069753676
4315.91 1.2110425834288958
4316.17 1.218674827214218
4316.43 1.2223369466975222
4316.69 1.2259993457645235
4316.95 1.229662024399459
4317.21 1.2333249825865285
4317.47 1.2369882203099438
4317.73 1.2406517375539048
4317.99 1.2443155343026489
4318.25 1.2479796105403758
4318.52 1.2517849085903947
4318.78 1.255449554506758
4319.04 1.2591144798641478
4319.3 1.2627796846467636
4319.56 1.2664451688388176
4319.82 1.2701109324245108
4320.08 1.273776975388081
4320.34 1.276039636439177
4320.6 1.2772730760877473
4320.86 1.2785066059132792
4321.12 1.279740225910617
4321.38 1.280973936074593
4321.64 1.282207736400044
4321.9 1.2834416268818016
4322.16 1.2846756075147114
4322.42 1.285909678293606
4322.68 1.2871438392133214
4322.94 1.2883780902686903
4323.2 1.289612431454558
4323.46 1.2908468627657568
4323.73 1.2921288675903013
4323.99 1.2933634826025318
4324.25 1.2948746199317869
4324.51 1.303296942361051
4324.77 1.3117199130231272
4325.03 1.3201435318814616
4325.29 1.3285677988995888
4325.55 1.3369927140409554
4325.81 1.345418277269038
4326.07 1.3538444885472825
4326.33 1.3622713478392245
4326.59 1.3706988551083115
4326.85 1.37912701031802
4327.11 1.3875558134317971
4327.37 1.3959852644131794
4327.63 1.4044153632256147
4327.89 1.4128461098325804
4328.15 1.4212775041975243
4328.41 1.421316089280651
4328.67 1.4115619247413196
4328.94 1.4014317925929192
4329.2 1.3916760730387006
4329.46 1.3819195907119814
4329.72 1.37216234565554
4329.98 1.3624043379121897
4330.0 1.3616536903425571
4330.24 1.3526455675246403
4330.5 1.3428860345357037
4330.76 1.3331257389881586
4331.02 1.3233646809247828
4331.28 1.3136028603883876
4331.54 1.3038402774216833
4331.8 1.2940769320674812
4332.06 1.2843128243685575
4332.32 1.274547954367725
4332.58 1.2822293970671863
4332.84 1.2921872227475253
4333.1 1.3021458140883695
4333.36 1.312105171046515
4333.62 1.3220652935788648
4333.88 1.3320261816422156
4334.15 1.3423709910010955
4334.41 1.3523334394362632
4334.67 1.3622966532712697
4334.93 1.372260632462948
4335.19 1.382225376968097
4335.45 1.3921908867436203
4335.71 1.4021571617463156
4335.97 1.4121242019330182
4336.23 1.4220920072605268
4336.49 1.4279158100127667
4336.75 1.4259107485814682
4337.01 1.4239055256610318
4337.27 1.4219001412604386
4337.53 1.4198945953886735
4337.79 1.4178888880547025
4338.05 1.4158830192675127
4338.31 1.413876989036082
4338.57 1.411870797369398
4338.83 1.409864444276426
4339.09 1.4078579297661522
4339.35 1.4058512538475558
4339.62 1.4037672272558417
4339.88 1.4017602223403953
4340.14 1.39975305604391
4340.4 1.397745728375372
4340.66 1.397461133708243
4340.92 1.3975867396391557
4341.18 1.3977123490764098
4341.44 1.3978379620197015
4341.7 1.3979635784687265
4341.96 1.3980891984231811
4342.22 1.3982148218827624
4342.48 1.398340448847165
4342.74 1.3984660793160866
4343.0 1.3985917132892227
4343.26 1.3987173507662698
4343.52 1.398842991746925
4343.78 1.3989686362308829
4344.04 1.3990942842178413
4344.3 1.3992199357074964
4344.57 1.3994348101386476
4344.83 1.3998739196381604
4345.09 1.4003130568349815
4345.35 1.4007522217274435
4345.61 1.401191414313879
4345.87 1.4016306345926246
4346.13 1.4020698825620124
4346.39 1.4025091582203753
4346.65 1.4029484615660452
4346.91 1.4033877925973601
4347.17 1.403827151312651
4347.43 1.4042665377102512
4347.69 1.404705951788494
4347.95 1.4051453935457154
4348.21 1.4055848629802477
4348.47 1.4060243600904252
4348.73 1.4045779749081224
4348.99 1.4022932574662121
4349.25 1.4000083576674156
4349.51 1.397723275521906
4349.78 1.3953501126108934
4350.0 1.3934162789372084
4350.04 1.3930646587901274
4350.3 1.3907790226535601
4350.56 1.3884932042113631
4350.82 1.386207203473718
4351.08 1.383921020450783
4351.34 1.381634655152738
4351.6 1.3793481075897562
4351.86 1.3770613777720189
4352.12 1.3747744657096832
4352.38 1.3724873714129295
4352.64 1.3713946450728618
4352.9 1.3768721075105252
4353.16 1.3823499857143595
4353.42 1.387828279660794
4353.68 1.3933069893262768
4353.94 1.398786114687238
4354.2 1.404265655720165
4354.46 1.4097456124014867
4354.72 1.415225984707654
4354.99 1.4209175804494136
4355.25 1.4263987999179075
4355.51 1.4318804349396903
4355.77 1.43736248549121
4356.03 1.4428449515488995
4356.29 1.4483278330892462
4356.55 1.4538111300886822
4356.81 1.4603953537865468
4357.07 1.4676679235430916
4357.33 1.4749410462429
4357.59 1.4822147218546362
4357.85 1.4894889503469884
4358.11 1.4967637316886218
4358.37 1.5040390658482765
4358.63 1.5113149527946181
4358.89 1.5185913924963361
4359.15 1.5258683849220953
4359.41 1.5331459300406383
4359.67 1.54042402782063
4359.93 1.5477026782307621
4360.2 1.5552618616214073
4360.46 1.562541638449865
4360.72 1.5690018245711927
4360.98 1.565620403187573
4361.24 1.5622387151167132
4361.5 1.5588567603735668
4361.76 1.5554745389730709
4362.02 1.552092050930165
4362.28 1.548709296259799
4362.54 1.545326274976889
4362.8 1.5419429870963843
4363.06 1.5385594326332241
4363.32 1.535175611602359
4363.58 1.5317915240187028
4363.84 1.528407169897206
4364.1 1.5250225492528073
4364.36 1.5216376621004566
4364.62 1.5182525084550678
4364.88 1.5143919405683122
4365.15 1.509806885946952
4365.41 1.5053912960729066
4365.67 1.5009753607712246
4365.93 1.4965590800613071
4366.19 1.4921424539625683
4366.45 1.4877254824943784
4366.71 1.4833081656761518
4366.97 1.4788905035272881
4367.23 1.4744724960672024
4367.49 1.4700541433152632
4370.0 1.4204704065224545
4390.0 1.3486667381773285
4410.0 1.451374267221691
4430.0 1.5598734019169929
4450.0 1.5919562550366704
4470.0 1.5977353263875729
4490.0 1.7148127661435395
4510.0 1.7888894604382077
4530.0 1.649005386070313
4550.0 1.7278597572966259
4570.0 1.8073449122919505
4590.0 1.8010967822890347
4610.0 1.8270616343070227
4630.0 1.844180861055313
4650.0 1.741940610417935
4670.0 1.7662617682203086
4690.0 1.7855790451268487
4710.0 1.7789086234815876
4730.0 1.8550407975717944
4750.0 1.9137036760948982
4770.0 1.8806003728474516
4790.0 1.9184013479830493
4810.0 1.9331528773285254
4830.0 1.8798793651825723
4834.84 1.936001681458892
4835.13 1.9320402450216356
4835.42 1.9280785036294852
4835.71 1.9241164573023584
4836.0 1.9201541060601732
4836.29 1.9161914499228503
4836.59 1.9120918296447955
4836.88 1.9081285532650476
4837.17 1.904164972050596
4837.46 1.9002010860213567
4837.75 1.896236895197244
4838.05 1.8921356874176753
4838.34 1.8881708765551173
4838.63 1.8842057609581115
4838.92 1.880171494969932
4839.21 1.87608097993967
4839.5 1.8719901509098622
4839.8 1.8677579284043173
4840.09 1.863666460611195
4840.38 1.859574678880801
4840.67 1.8554825832336546
4840.96 1.8513901736902763
4841.26 1.8471563162794105
4841.55 1.8430632681829
4841.84 1.8389699062524225
4842.13 1.8348762305084934
4842.42 1.8307822409716294
4842.72 1.8265467491934428
4843.01 1.829104652307455
4843.3 1.8346564889640622
4843.59 1.840208731927432
4843.88 1.8457613811707283
4844.17 1.8513144366671148
4844.47 1.8570594043149435
4844.76 1.8626132862434082
4845.05 1.8681675743435382
4845.34 1.8737222685885018
4845.63 1.8792773689514688
4845.93 1.885024451836369
4846.22 1.8905803783565953
4846.51 1.8961367109134142
4846.8 1.9016934494799997
4847.09 1.8973460162279936
4847.38 1.8898466763642636
4847.68 1.8820881413880794
4847.97 1.8745876470028149
4848.26 1.8670865851973149
4848.55 1.8595849560087834
4848.84 1.8520827594744234
4849.14 1.84432126951883
4849.43 1.836817918843997
4849.72 1.8293140009362205
4850.0 1.8220683006227156
4850.01 1.8218095158326966
4850.3 1.8143044635706225
4850.59 1.806798844187194
4850.89 1.7990338135894632
4851.18 1.7987719245774965
4851.47 1.7993459874220437
4851.76 1.7999200850912005
4852.05 1.800494217582562
4852.35 1.801088184387536
4852.64 1.8016623877166467
4852.93 1.802236625860663
4853.22 1.8028108988171792
4853.51 1.8033852065837905
4853.81 1.8039793546952456
4854.1 1.8045537332749717
4854.39 1.8051281466574958
4854.68 1.8057025948404133
4854.97 1.8062770778213193
4855.26 1.8005171636378343
4855.56 1.794558172453563
4855.85 1.7887973703768982
4856.14 1.7830361319215642
4856.43 1.7772744571161643
4856.72 1.771512345989302
4857.02 1.7655510822565266
4857.31 1.7597880835294595
4857.6 1.7540246485677204
4857.89 1.7482607773999084
4858.18 1.7424964700546213
4858.47 1.7367317265604554
4858.77 1.7307677398706982
4859.06 1.7257889834718203
4859.35 1.7257279968722117
4859.64 1.725666998162169
4859.93 1.7256059873423815
4860.23 1.7255428599586429
4860.52 1.7254818245039103
4860.81 1.7254207769415206
4861.1 1.7253597172721622
4861.39 1.725298645496523
4861.68 1.725237561615291
4861.98 1.725174358655119
4862.27 1.7251132501473923
4862.56 1.7250521295361614
4862.85 1.7249909968221144
4863.14 1.7248875526717442
4863.44 1.724642995234045
4863.73 1.724406564170207
4864.02 1.7241701080000964
4864.31 1.7239336267252585
4864.6 1.7236971203472378
4864.9 1.7234524321619675
4865.19 1.7232158747167208
4865.48 1.7229792921729778
4865.77 1.7227426845322815
4866.06 1.7225060517961797
4866.35 1.7222693939662141
4866.65 1.7220245491163253
4866.94 1.7217878402380944
4867.23 1.7208996270998975
4867.52 1.7189452442256261
4867.81 1.7169907089278438
4868.11 1.7149686154736343
4868.4 1.7130137701034855
4868.69 1.7110587723399515
4868.98 1.7091036221929596
4869.27 1.707148319672434
4869.56 1.7051928647883137
4869.86 1.7031698201009418
4870.0 1.7022256767866675
4870.15 1.7012140552663484
4870.44 1.6992581380982796
4870.73 1.6973020686066624
4871.02 1.695345846801417
4871.32 1.6994217078471074
4871.61 1.709258590231507
4871.9 1.7190961936418883
4872.19 1.7289345180306508
4872.48 1.7387735633501977
4872.77 1.748613329552964
4873.07 1.758793156586706
4873.36 1.7686343892669485
4873.65 1.7784763426859609
4873.94 1.7883190167961556
4874.23 1.7981624115499457
4874.53 1.8083459920051048
4874.82 1.8181908527489798
4875.11 1.8280364339920605
4875.4 1.8299946178970448
4875.69 1.8271322439608453
4875.98 1.8242696503192226
4876.28 1.8213081153671942
4876.57 1.8184450747830074
4876.86 1.8155818145369784
4877.15 1.812718334643464
4877.44 1.8098546351168245
4877.74 1.8068919562218901
4878.03 1.8040278098997673
4878.32 1.80116344398809
4878.61 1.7982988585012147
4878.9 1.7954340534534994
4879.2 1.7924702309921359
4879.49 1.7935262263292933
4879.78 1.796076155473627
4880.07 1.798626265210842
4880.36 1.801176555528927
4880.65 1.80372702641587
4880.95 1.8063656345779744
4881.24 1.8089164727920704
4881.53 1.8114674915385793
4881.82 1.8140186908054903
4882.11 1.816570070580795
4882.41 1.8192096189086147
4882.7 1.8217613658880663
4882.99 1.824313293339474
4883.28 1.8268654012508292
4883.57 1.8331091936127872
4883.86 1.8401225305813842
4884.16 1.8473782430392103
4884.45 1.8543926167877225
4884.74 1.8614075000887849
4885.03 1.8684228929086968
4885.32 1.8754387952137574
4885.62 1.8826971612893781
4885.91 1.8897141000291684
4886.2 1.8967315481518523
4886.49 1.903749505623733
4886.78 1.9107679724111188
4887.07 1.9177869484803158
4887.37 1.9250484940979722
4887.66 1.925802450801477
4887.95 1.9263326587961305
4888.24 1.9268628975227604
4888.53 1.9273931669792235
4888.83 1.9279417539246524
4889.12 1.9284720858938116
4889.41 1.9290024485862964
4889.7 1.929532841999964
4890.0 1.9300815571678807
4890.29 1.9306120130766466
4890.58 1.9311424997000894
4890.87 1.9316730170360663
4891.16 1.932203565082433
4891.45 1.9330084126940774
4891.74 1.9375160771190147
4892.04 1.9421795187432385
4892.33 1.946687841436385
4892.62 1.9511964876525405
4892.91 1.9557054573702513
4910.0 1.9627536924794489
4928.77 1.8961294334707783
4929.07 1.893496148718615
4929.36 1.8909504431961208
4929.66 1.8883167510188466
4929.96 1.8856828516970854
4930.0 1.8853316494706887
4930.26 1.8830487452448736
4930.55 1.8805022454652627
4930.85 1.8778677316974404
4931.15 1.8752330108408102
4931.45 1.8725980829093896
4931.74 1.8700507890861247
4932.04 1.8722684331623431
4932.34 1.8841925597715974
4932.64 1.8961175760114448
4932.93 1.9076459372959749
4933.23 1.919572702964848
4933.53 1.9315003580835712
4933.83 1.9434289025911762
4934.12 1.95496067430479
4934.42 1.9668909677661228
4934.72 1.9788221504355878
4935.02 1.9907542222522647
4935.31 2.002289403468269
4935.61 2.0142232237633793
4935.91 2.0261579330250177
4936.21 2.0273807685134457
4936.5 2.0247970861798
4936.8 2.022124104553708
4937.1 2.0194509126384714
4937.4 2.0167775104483474
4937.69 2.0141930217999757
4937.99 2.011519206110775
4938.29 2.0088451801889433
4938.59 2.0061709440487254
4938.88 2.0035856493023187
4939.18 2.0009109997741645
4939.48 1.9982361400698914
4939.78 1.9955610702037252
4940.07 1.9931540873994604
4940.37 1.9931654793110885
4940.67 1.9931768630344049
4940.97 1.9931882385698398
4941.26 1.9931992271381298
4941.56 1.993210586571991
4941.86 1.9932219378192493
4942.16 1.993233280880337
4942.45 1.9932442380583841
4942.75 1.9932555650212616
4943.05 1.993266883799247
4943.35 1.9932781943927735
4943.64 1.993289120187137
4943.94 1.993300414685817
4944.24 1.993501831202817
4944.54 1.9939205536263698
4944.83 1.994325339931051
4945.13 1.9947441064121194
4945.43 1.9951628952928497
4945.73 1.9955817065715813
4946.02 1.9959865787633415
4946.32 1.9964054340866326
4946.62 1.9968243118030016
4946.92 1.9972432119107866
4947.21 1.9976481699643693
4947.51 1.9980671141037631
4947.81 1.998486080629648
4948.11 1.9989050695403632
4948.4 1.9951059996105844
4948.7 1.9904797491723585
4949.0 1.9858531428290214
4949.3 1.9812261806047946
4949.59 1.976753112192923
4949.89 1.972125450140272
4950.0 1.9704285515697613
4950.19 1.9674974322785996
4950.49 1.9628690586320965
4950.78 1.9583946259366767
4951.08 1.953765552650681
4951.38 1.9491361236517102
4951.68 1.9445063389639803
4951.97 1.9400305423533453
4952.27 1.936755004917723
4952.57 1.9379313478415385
4952.87 1.939107770132608
4953.16 1.940245053785068
4953.46 1.9414216321488607
4953.76 1.9425982898634244
4954.06 1.9437750269232061
4954.35 1.944912614831145
4954.65 1.9460895079203173
4954.95 1.947266480338235
4955.25 1.9484435320793416
4955.54 1.9495814241582892
4955.84 1.9507586318854693
4956.14 1.9519359189193661
4956.44 1.95520678412943
4956.73 1.959540511946578
4957.03 1.9640239998096283
4957.33 1.9685078142494197
4957.63 1.9729919552434727
4957.92 1.977326935257895
4958.22 1.9818117184097634
4958.52 1.9862968280492177
4958.82 1.9907822641537696
4959.11 1.9951184960236146
4959.41 1.9996045741106767
4959.71 2.0040909785961842
4960.01 2.0085777094576684
4960.3 2.0129151928411426
4960.6 2.0080613949614405
4960.9 2.003207225277794
4961.2 1.9983526838154997
4961.49 1.9936596070295094
4961.79 1.9888043344764428
4962.09 1.9839486902198677
4962.39 1.9790926742851043
4962.68 1.974398172271204
4962.98 1.9695414254432162
4963.28 1.964684307012139
4963.58 1.9598268170033033
4963.87 1.955130890146594
4964.17 1.950272669442019
4964.47 1.9462188747267213
4964.77 1.9433720099159366
4965.06 1.9406198302838906
4965.36 1.9377725303533329
4965.66 1.9349250091977084
4965.96 1.9320772668320516
4966.25 1.9293242389536167
4966.55 1.9264760615853922
4966.85 1.923627663051708
4967.15 1.920779043367594
4967.44 1.9180251674712887
4967.74 1.9151761129017957
4968.04 1.912326837226429
4968.34 1.909477340460211
4968.63 1.909689444751218
4968.93 1.9108854491891798
4969.23 1.9120815342451256
4969.53 1.9132776999134211
4969.82 1.9144340700139837
4970.0 1.9151518548558681
4970.12 1.9156303942034387
4970.42 1.916826798988506
4970.72 1.9180232843635447
4971.02 1.9192198503229168
4971.31 1.9203766073448916
4971.61 1.9215733317703279
4971.91 1.9227701367633705
4972.21 1.923967022318377
4972.5 1.9244349037730992
4972.8 1.9204628459044084
4973.1 1.9164904835717878
4973.4 1.9125178167959833
4973.69 1.9086772828753493
4973.99 1.9047040174217318
4974.29 1.900730447586426
4974.58 1.896889040766747
4974.88 1.8929148723745954
4975.18 1.8889403996622531
4975.48 1.8849656226504616
4975.78 1.8809905413599242
4976.07 1.877147673564716
4976.37 1.873171993919798
4976.48 1.8717141684922491
4976.67 1.8714017411921617
4976.78 1.8714602951522052
4976.97 1.8715614349256875
4977.08 1.8716199901770143
4977.26 1.8717158088822137
4977.38 1.8717796887232634
4977.56 1.8718755095411541
4977.68 1.8719393907905924
4977.86 1.8720352137209597
4977.98 1.8720990963786446
4978.16 1.8721949214212739
4978.28 1.8722588054870617
4978.45 1.8723493088776795
4978.58 1.872418518115486
4978.75 1.872509023500616
4978.88 1.8725782342635595
4979.05 1.8726687416429983
4979.18 1.8727379539309241
4979.35 1.8728284633044692
4979.48 1.8728976771172214
4979.64 1.8729828642553101
4979.78 1.8730574038220953
4979.94 1.873142592836611
4980.08 1.8732171340451873
4980.24 1.8733023249359397
4980.39 1.8733821923047527
4980.54 1.8734620605529377
4980.69 1.8728878407722744
4980.83 1.872257959086273
4980.99 1.8715380653252423
4981.13 1.8709081329302737
4981.29 1.8701881812180934
4981.43 1.8695581981175777
4981.59 1.8688381884581555
4981.73 1.8682081546555183
4981.89 1.8674880870527588
4982.02 1.8669030093718162
4982.19 1.8661378770092365
4982.32 1.8655527522540458
4982.49 1.8647875583349078
4982.62 1.8642023865086452
4982.79 1.8634371310371047
4982.92 1.8628519121429463
4983.09 1.8620865951231562
4983.21 1.8615463503466982
4983.39 1.8607359506003893
4983.51 1.8601956623824552
4983.69 1.8593851974761346
4983.81 1.8588448658196517
4983.99 1.8580343357577116
4984.11 1.8574939606656187
4984.29 1.8566833654524515
4984.4 1.85618798246827
4984.59 1.8553322865676798
4984.7 1.8543173148850027
4984.89 1.8523646867933017
4985.0 1.851234174423904
4985.19 1.849281396151365
4985.3 1.8481507968381097
4985.49 1.8461978683949418
4985.59 1.845169973120148
4985.79 1.8431141035401797
4985.89 1.8420861292361908
4986.09 1.8400301016032123
4986.19 1.8390020482754177
4986.39 1.8369458626001758
4986.49 1.8359177302539431
4986.69 1.8338613865472138
4986.78 1.8329359975089954
4986.99 1.8307766734604392
4987.08 1.8298512133152265
4987.29 1.8276917233559962
4987.38 1.8267661921086285
4987.59 1.8246065362500163
4987.68 1.8236809339053333
4987.9 1.8214182606076974
4987.97 1.8206982923787858
4988.2 1.8183325916483397
4988.5 1.815246685736375
4988.8 1.813456753750566
4989.1 1.8131481197340051
4989.4 1.812839454774242
4989.7 1.8125307588732833
4990.0 1.81222203203314
4990.3 1.8119132742558202
4990.6 1.8116044855433333
4990.9 1.8112956658976895
4991.2 1.8109868153208952
4991.5 1.8106779338149612
4991.8 1.8103690213818953
4992.1 1.8100600780237068
4992.4 1.809751103742405
4992.7 1.8094420985399968
4993.0 1.8083869541736644
4993.3 1.8073059948032975
4993.6 1.8062249473524714
4993.9 1.8051438118271175
4994.2 1.8040625882331562
4994.5 1.8029812765765183
4994.8 1.8018998768631311
4995.1 1.8008183890989216
4995.41 1.7997007592465883
4995.71 1.7986190924639827
4996.01 1.797537337648531
4996.31 1.7964554948061586
4996.61 1.7953735639427961
4996.91 1.7959968239992208
4997.21 1.7985690845288107
4997.51 1.8011415274095164
4997.81 1.8037141526287244
4998.11 1.8062869601738119
4998.41 1.808859950032182
4998.71 1.8114331221912139
4999.01 1.8140064766382964
4999.31 1.8165800133608165
4999.61 1.8191537323461573
4999.91 1.8217276335817216
5000.21 1.8243017170548947
5000.51 1.8268759827530652
5000.81 1.829450430663626
5001.11 1.8249803012990062
5001.41 1.8202669017705604
5001.71 1.8155531458662744
5002.01 1.810839033610478
5002.31 1.8061245650275026
5002.61 1.8014097401416904
5002.92 1.796537380136236
5003.22 1.791821830842971
5003.52 1.787105925320647
5003.82 1.782389663593603
5004.12 1.7776730456861345
5004.42 1.772956071622578
5004.72 1.7682387414272562
5005.02 1.7674227461984013
5005.32 1.7705085180188889
5005.62 1.7735945098257653
5005.92 1.7766807216038245
5006.22 1.7797671533378687
5006.52 1.7828538050127016
5006.82 1.7859406766131174
5007.12 1.7890277681239397
5007.42 1.7921150795299656
5007.72 1.7952026108160006
5008.02 1.798290361966852
5008.32 1.8013783329673168
5008.62 1.8044665238022233
5008.92 1.8075549344563702
5009.22 1.8091476464020435
5009.52 1.8107404678293286
5009.82 1.8123333987306005
5010.0 1.8132892098157123
5010.12 1.8139264390982466
5010.42 1.8155195889246434
5010.73 1.8171659587296536
5011.03 1.8187593310986776
5011.33 1.8203528129033395
5011.63 1.821946404136021
5011.93 1.8235401047891024
5012.23 1.8251339148549626
5012.53 1.8267278343259925
5012.83 1.8283218631945708
5013.13 1.8310338926444338
5013.43 1.8347243046375088
5013.73 1.8384149803899665
5014.03 1.8421059198836192
5014.33 1.8457971231002466
5014.63 1.8494885900216407
5014.93 1.853180320629593
5015.23 1.8568723149058866
5015.53 1.8605645728323372
5015.83 1.864257094390729
5016.13 1.8679498795628575
5016.43 1.87164292833052
5016.73 1.875336240675501
5017.03 1.878809928140307
5017.33 1.875906863623289
5017.63 1.873003577266831
5017.93 1.8701000690860479
5018.23 1.867196339096059
5018.54 1.8641955850995429
5018.84 1.8612914041440785
5019.14 1.858387001425236
5019.44 1.8554823769581332
5019.74 1.8525775307578627
5020.04 1.8496724628395402
5020.34 1.8467671732182738
5020.64 1.8438616619091708
5020.94 1.8409559289273454
5021.24 1.8384199146428282
5021.54 1.8361666118659512
5021.84 1.8339131354392042
5022.14 1.8316594853743968
5022.44 1.8294056616833458
5022.74 1.8271516643778472
5023.04 1.8248974934697164
5023.34 1.8226431489707624
5023.64 1.8203886308927917
5023.94 1.8181339392476186
5024.24 1.8158790740470374
5024.54 1.8136240353028599
5024.84 1.8113688230268936
5025.14 1.809302626702506
5025.44 1.8098850205888088
5025.74 1.8104674493133412
5026.04 1.811049912873601
5026.35 1.8116518284800829
5026.65 1.8122343628652793
5026.95 1.8128169320786234
5027.25 1.8133995361176147
5027.55 1.8139821749797547
5027.85 1.8145648486625432
5028.15 1.8151475571634799
5028.45 1.8157303004800698
5028.75 1.8163130786098132
5029.05 1.816895891550212
5029.35 1.8174794615879333
5029.65 1.818063618843306
5029.95 1.8186478109953055
5030.0 1.8187451797465244
5030.25 1.8192320380414269
5030.55 1.8198162999791652
5030.85 1.8204005968060164
5031.15 1.8209849285194752
5031.45 1.8215692951170417
5031.75 1.8221536965962104
5032.05 1.8227381329544785
5032.35 1.823322604189341
5032.65 1.8239071102982947
5032.95 1.82449165127884
5033.25 1.8250762271284713
5033.55 1.8256608378446861
5033.85 1.826245483424983
5034.16 1.8268496538152843
5034.46 1.827434370278162
5034.76 1.828019121597531
5035.06 1.8286039077708889
5035.36 1.8291887287957318
5035.66 1.8297735846695629
5035.96 1.8303584753898767
5036.26 1.8309434009541736
5050.0 1.8157589886683057
5070.0 1.8449778296590296
5090.0 1.8734007746299643
5110.0 1.8581947103067995
5130.0 1.839411142986987
5150.0 1.8040008819907491
5170.0 1.5228160965973039
5190.0 1.694494153848317
5210.0 1.89088816535038
5230.0 1.9586480588598465
5250.0 2.0164685044083495
5270.0 1.922166615550999
5290.0 2.158158687613517
5310.0 2.2169203746963455
5330.0 2.109980351969712
5350.0 2.2588223980604285
5370.0 2.2095154533218895
5390.0 2.164229411037742
5410.0 2.1477367052162415
5430.0 2.1845015856423293
5450.0 2.0719129069964928
5470.0 2.1557799995556555
5490.0 2.170716670343759
5510.0 2.1435015499363153
5530.0 2.2053055381441657
5550.0 2.1922349152333576
5570.0 2.186646148224366
5590.0 2.1620470611328106
5610.0 2.247206574737382
5630.0 2.260045179891687
5650.0 2.290843746871552
5670.0 2.281790088370912
5690.0 2.332189562218823
5710.0 2.208671699075205
5730.0 2.39521548943702
5750.0 2.339199100973562
5770.0 2.4125467258830318
5790.0 2.409184424974581
5810.0 2.445917638453306
5830.0 2.540770830319319
5850.0 2.470660078486992
5870.0 2.233347749516847
5890.0 1.9442661404871706
5910.0 2.205985676274057
5930.0 2.3717232285233822
5950.0 2.3720199685051186
5970.0 2.3619584463944974
5990.0 2.355656422963194
6010.0 2.356786118126746
6030.0 2.4077974164925586
6050.0 2.626972345718005
6070.0 2.525523291638809
6090.0 2.4676653584469355
6110.0 2.491485326482753
6130.0 2.533150546386348
6150.0 2.4161367351877017
6170.0 2.3431159839185614
6190.0 2.37255058680184
6210.0 2.301416620907151
6230.0 2.254611579420889
6250.0 2.178245050211212
6270.0 2.229834483716147
6290.0 2.324808455839563
6310.0 2.348663865729424
6330.0 2.486243862508647
6350.0 2.3486927908618664
6370.0 2.4825251306959935
6390.0 2.471597670981198
6410.0 2.4809607132380607
6430.0 2.4226355017275285
6450.0 2.5175352206334036
6470.0 2.5509539444106193
6490.0 2.4038618963924634
6510.0 2.4900314801653174
6523.64 2.5668430627299625
6524.04 2.569073853301863
6524.43 2.5646925533150444
6524.82 2.558618888749997
6525.22 2.552389038848577
6525.61 2.5463144961622786
6526.0 2.5402395200565735
6526.4 2.534008325158752
6526.79 2.527932471270046
6527.19 2.521700376198061
6527.58 2.5156236447527185
6527.97 2.50954648016665
6528.37 2.5089159842650464
6528.76 2.5137642525869444
6529.15 2.518612842322799
6529.55 2.523586088711155
6529.94 2.528435329390689
6530.0 2.529181394936199
6530.34 2.5334092433273283
6530.73 2.53825913478235
6531.12 2.543109347444302
6531.52 2.548084258157185
6531.91 2.552935121343495
6532.3 2.557982886374865
6532.7 2.563941739007834
6533.09 2.5697520123789617
6533.49 2.575711669173064
6533.88 2.5815227265000504
6534.27 2.5873341707685773
6534.67 2.5932950283280176
6535.06 2.5991072562500404
6535.46 2.6050689174528805
6535.85 2.610881928826052
6536.24 2.61669532689165
6536.64 2.6090368218843776
6537.03 2.6004923832396294
6537.42 2.591947342312323
6537.82 2.58318257220655
6538.21 2.5746363115058277
6538.6 2.566089448754373
6539.0 2.5573228103517702
6539.39 2.548774728296341
6539.79 2.5400068394866797
6540.18 2.531457538441435
6540.57 2.5205011270431013
6540.97 2.5078807364874276
6541.36 2.4955749849191107
6541.76 2.4829528082706425
6542.15 2.4706453154862147
6542.54 2.4583369632794696
6542.94 2.4457121196532285
6543.33 2.4334020269004064
6543.72 2.4210910750559917
6544.12 2.408463565478175
6544.51 2.405804746891343
6544.91 2.422881064980269
6545.3 2.439531620838501
6545.69 2.4561833077701927
6546.09 2.4732631358308543
6546.48 2.4899171134703484
6546.87 2.5065722217479305
6547.27 2.5236555584289926
6547.66 2.540312956532487
6548.06 2.55739864145032
6548.45 2.5726943632227854
6548.84 2.5627568924087103
6549.24 2.5525638921885596
6549.63 2.5426250126636027
6550.0 2.5331951765317022
6550.02 2.532685437832814
6550.42 2.5224902799245936
6550.81 2.512549296924573
6551.21 2.5023526949261212
6551.6 2.4924103041193515
6551.99 2.4824672184530083
6552.39 2.472268460151234
6552.78 2.4650845876538434
6553.17 2.458728424291417
6553.57 2.452208816428495
6553.96 2.4458517445164
6554.36 2.4393312049275404
6554.75 2.432973224699514
6555.14 2.4266147961485145
6555.54 2.4200928653141185
6555.93 2.4137335287961768
6556.33 2.4072106668334157
6556.72 2.402195591452443
6557.11 2.398596175823428
6557.51 2.3949041984648938
6557.9 2.3913042582783572
6558.29 2.387704059182748
6558.69 2.384011278372021
6559.08 2.3804105549202554
6559.48 2.3767172363774547
6559.87 2.37311598870429
6560.26 2.369514482287953
6560.66 2.3650050917408327
6561.05 2.357428460852189
6561.44 2.349851299588336
6561.84 2.3420793012601226
6562.23 2.334501065852769
6562.63 2.3267279659805573
6563.02 2.319148656705865
6563.41 2.311568817395958
6563.81 2.303794072706967
6564.2 2.2962131599420954
6564.59 2.288631717345492
6564.99 2.287551285733163
6565.38 2.28722320008591
6565.78 2.286886666307792
6566.17 2.2865585110921236
6566.56 2.2862303215390827
6566.96 2.2858936812044894
6567.35 2.2855654221094786
6567.75 2.2852287104588647
6568.14 2.284900381839583
6568.53 2.2845720189047167
6568.93 2.290343377398416
6569.32 2.2995442337649616
6569.71 2.308745705656638
6570.0 2.315588224753768
6570.11 2.3181837520445936
6570.5 2.327386470529616
6570.9 2.33682579531038
6571.29 2.3460297600680584
6571.68 2.3552343399560582
6572.08 2.364675573622518
6572.47 2.373881399304362
6572.86 2.381830049684082
6573.26 2.387080367107406
6573.65 2.392199767198178
6574.05 2.3974507832492797
6574.44 2.402570864414496
6574.83 2.4076912817417364
6575.23 2.4129433409780403
6575.62 2.4180644391179995
6576.01 2.4231858732907963
6576.41 2.4284389753114546
6576.8 2.4334860556970215
6577.2 2.4357383747507493
6577.59 2.437934524348399
6577.98 2.4401308106953405
6578.38 2.442383554112439
6578.77 2.4445801174110673
6579.16 2.446776817406367
6579.56 2.4490299850235395
6579.95 2.4512269618639597
6580.35 2.453480413388273
6580.74 2.455677667002499
6581.13 2.4535768014077677
6581.53 2.449901691770505
6581.92 2.4463182004226303
6582.31 2.442734452940127
6582.71 2.4390585484603546
6583.1 2.43547428224041
6583.5 2.4317978457904568
6583.89 2.4282130609660895
6584.28 2.4246280201708568
6584.68 2.420950789386552
6585.07 2.4212771753629045
6585.46 2.426167661888778
6585.86 2.431183877252069
6586.25 2.4360750106432314
6586.65 2.44109188937283
6587.04 2.4459836694630153
6587.43 2.450875768748395
6587.83 2.4558936380114114
6588.22 2.4607863837475645
6588.62 2.465804915951812
6589.01 2.4720164070547757
6589.4 2.4842541065398893
6589.8 2.4968064415978772
6590.0 2.5030829312720013
6590.19 2.5090457953700107
6590.58 2.5212859656588984
6590.98 2.533840834549183
6591.37 2.546082658490689
6591.77 2.558639223217233
6592.16 2.570882700386773
6592.55 2.583126993550419
6592.95 2.5956860904873658
6593.34 2.585353286076063
6593.73 2.572439252825483
6594.13 2.5591931686010256
6594.52 2.5462773377287307
6594.92 2.533029410026164
6595.31 2.520111781993146
6595.7 2.507193266924137
6596.1 2.4939425865522153
6596.49 2.481022275010731
6596.88 2.4681010767728817
6597.28 2.462639758975641
6597.67 2.462379642063452
6598.07 2.4621128240692096
6598.46 2.4618526458964873
6598.85 2.461592437486943
6599.25 2.461325525661143
6599.64 2.4610652560142383
6600.04 2.4607982813888425
6600.43 2.460537950520084
6600.82 2.4602775894335958
6601.22 2.461558868976347
6601.61 2.4663307997155073
6602.0 2.4711030400778804
6610.0 2.5944403235661913
6630.0 2.5453115916120135
6650.0 2.4807623698887284
6670.0 2.5622711488033416
6690.0 2.4719750253961013
6710.0 2.4232318330424674
6730.0 2.463833673162636
6750.0 2.4383740026041085
6770.0 2.413791473694866
6790.0 2.5513330978069044
6810.0 2.5964825174286226
6830.0 2.48198619555563
6850.0 2.497760561897939
6870.0 2.444001790779685
6890.0 2.4292651389005724
6910.0 2.474072277848579
6930.0 2.5189320987595796
6950.0 2.5380771573303065
6970.0 2.566250977385055
6990.0 2.426467394140947
7010.0 2.5659416259605647
7030.0 2.5308495715751773
7050.0 2.660284084387836
7070.0 2.4635057823257895
7090.0 2.4571361541317707
7110.0 2.3931845562461413
7130.0 2.4049014278411462
7150.0 2.3948183486511048
7170.0 2.412966854133601
7190.0 2.325869820492894
7210.0 2.262031985417191
7230.0 2.4067829157602336
7250.0 2.4567279732417346
7270.0 2.521358727667686
7290.0 2.397368627930852
7310.0 2.447710054912148
7330.0 2.507036226309089
7350.0 2.6717968219136288
7370.0 2.6162891993667126
7390.0 2.640115288866228
7410.0 2.600408330883874
7430.0 2.7068773564700757
7450.0 2.6523675054970317
7470.0 2.6301285902446336
7490.0 2.6677598644956957
7510.0 2.620498633827257
7530.0 2.709250667406236
7550.0 2.717180656887243
7570.0 2.71237065044441
7590.0 2.7167842214715874
7610.0 2.635771214288561
7630.0 2.6512686390569438
7650.0 2.628697660250877
7670.0 2.4648629052515445
7690.0 2.490639492848984
7710.0 2.5062948458816363
7730.0 2.5468076242406488
7750.0 2.533720058600211
7770.0 2.5002873940058823
7790.0 2.5287902741249257
7810.0 2.5333532519086863
7830.0 2.5223976963068013
7850.0 2.562307760077192
7870.0 2.5950695494150375
7890.0 2.5686341390835787
7910.0 2.5432013746027815
7930.0 2.4769096940756836
7950.0 2.4364036545130325
7970.0 2.5110747133942013
7990.0 2.5516803128682244
8010.0 2.5389148321418755
8030.0 2.5805821042619033
8050.0 2.57130358870691
8070.0 2.567422943348494
8090.0 2.575636428815796
8110.0 2.578930576044088
8130.0 2.644910137425915
8150.0 2.5520159944678227
8170.0 2.4025373298850132
8190.0 2.490959785772968
8210.0 2.4412249052674855
8230.0 2.632947430455414
8250.0 2.5959346761290774
8270.0 2.5171489769657636
8290.0 2.482566852174146
8310.0 2.5208947343806622
8330.0 2.4950443924705734
8350.0 2.518642290525871
8370.0 2.589078715981002
8390.0 2.4793704165741755
8410.0 2.5129674227172685
8430.0 2.560911901623935
8450.0 2.489771829796387
8470.0 2.369623822181381
8490.0 2.4481088387919603
8510.0 2.4880441415791865
8530.0 2.4301344096850355
8550.0 2.0893232637909835
8570.0 2.3812279896033717
8590.0 2.4767851674766286
8610.0 2.464305327462726
8630.0 2.481815012790525
8650.0 2.478292706169187
8670.0 1.9548059994900804
8690.0 2.315044812626203
8710.0 2.442019002905193
8730.0 2.512494062872943
8750.0 2.515045386408636
8770.0 2.4629001146945027
8790.0 2.509896553788445
8810.0 2.298924809643265
8830.0 2.3538133585055756
8850.0 2.4687899476762443
8870.0 2.357146975541367
8890.0 2.3684398340956836
8910.0 2.419887216924857
8930.0 2.389009283374962
8950.0 2.3367415760374026
8970.0 2.3225573998164615
8990.0 2.1642234860317076
9010.0 2.133073750440423
9030.0 2.3435747418653383
9050.0 2.501075325754063
9070.0 2.4691117701007474
9090.0 2.377092820600851
9110.0 2.422265824999641
9130.0 2.4191346772109137
9150.0 2.211802757236931
9170.0 2.180516552516438
9190.0 2.3420126333053255
9210.0 2.3870741539650617
9230.0 2.3984439076071173
9250.0 2.3331245578539934
9270.0 2.353342821764052
9290.0 2.34014934611395
9310.0 2.419255237935867
9330.0 2.4558327842171868
9350.0 2.453610982799704
9370.0 2.429155493371277
9390.0 2.40936909405877
9410.0 2.4290013577055394
9430.0 2.453942070108146
9450.0 2.4430779434162266
9470.0 2.4833408931938226
9490.0 2.4810499372215173
9510.0 2.4354366792815902
9530.0 2.4501757693731534
9550.0 2.4215779578948697
9570.0 2.4343776451471597
9590.0 2.4643241463949224
9610.0 2.460605359468226
9630.0 2.4332991675545146
9650.0 2.4179910319801654
9670.0 2.4250869511750537
9690.0 2.442951735094553
9710.0 2.4088863165286356
9730.0 2.3850813256073375
9750.0 2.3833448290667554
9770.0 2.3879511374356004
9790.0 2.3714564019741826
9810.0 2.373679323434509
9830.0 2.3958288573853896
9850.0 2.3998967498165653
9870.0 2.387291745548211
9890.0 2.3831822487563654
9910.0 2.355395645829842
9930.0 2.3680916113976798
9950.0 2.377756196413812
9970.0 2.3751803766211763
9990.0 2.370295214655016
10025.0 2.3714416527265074
10075.0 2.3464335949490214
10125.0 2.366662923069021
10175.0 2.34370242407256
10225.0 2.3452220387275604
10275.0 2.3466488011240343
10325.0 2.3309993731785514
10375.0 2.313057508801319
10425.0 2.2950063732284445
10475.0 2.27684724292864
10525.0 2.2568614828347857
10575.0 2.2349954867744297
10625.0 2.2130134967132387
10675.0 2.1909168488856863
10725.0 2.1729320098857015
10775.0 2.1578020299780283
10825.0 2.142584492140851
10875.0 2.127280389773539
10925.0 2.108938925714475
10975.0 2.088629209175365
11025.0 2.0682207796066088
11075.0 2.047714742038633
11125.0 2.0341253049559005
11175.0 2.0259535811485896
11225.0 2.017725065895452
11275.0 2.0094403847482325
11325.0 2.0032984386784896
11375.0 1.999965096546107
11425.0 1.996592086289469
11475.0 1.9931798380578285
11525.0 1.9840352428867953
11575.0 1.9730553242190312
11625.0 1.96201648296012
11675.0 1.9509193509842293
11725.0 1.9374756695476885
11775.0 1.9215888321461947
11825.0 1.9056329001239747
11875.0 1.88960860508334
11925.0 1.8796317240787639
11975.0 1.8723782680735208
12025.0 1.8650818564773235
12075.0 1.8577429373537309
12125.0 1.8506799766610358
12175.0 1.8444503934202046
12225.0 1.8381826330540818
12275.0 1.8318770884477344
12325.0 1.824267322595332
12375.0 1.8140561112616835
12425.0 1.8037988695627427
12475.0 1.7934960655260892
12525.0 1.783646936931996
12575.0 1.7747627564438753
12625.0 1.7658379622985865
12675.0 1.7568729620473458
12725.0 1.7475169102516006
12775.0 1.7371522629803204
12825.0 1.726745561206492
12875.0 1.7162972217113353
12925.0 1.7087571770103935
12975.0 1.7022773165640976
13025.0 1.695766056108917
13075.0 1.6892237026753543
13125.0 1.6808914668263166
13175.0 1.6710320085393968
13225.0 1.6611353169112426
13275.0 1.6512017517639406
13325.0 1.6419795578990597
13375.0 1.6346047445219463
13425.0 1.6271996358749479
13475.0 1.6197645210006917
13525.0 1.6136978868454135
13575.0 1.6086132379818188
13625.0 1.6035043347723659
13675.0 1.5983714056802036
13725.0 1.5915844474526508
13775.0 1.578051149149996
13825.0 1.5644779482986115
13875.0 1.5508652168165655
13925.0 1.5368185292261891
13975.0 1.5220858702757971
14025.0 1.5073127654936873
14075.0 1.4924995874269549
14125.0 1.482859956897666
14175.0 1.4781963289279965
14225.0 1.4735128292202149
14275.0 1.46880963836569
14325.0 1.4681605301952978
14375.0 1.470363540706327
14425.0 1.47256000335737
14475.0 1.4747499766002354
14525.0 1.4688243507304612
14570.0 1.4588036285466814
14620.0 1.4476411289937958
14675.0 1.4353282016389575
14725.0 1.4331742820258881
14775.0 1.4376569232164789
14825.0 1.4421378278703698
14875.0 1.4466170108183447
14925.0 1.4499047920416894
14975.0 1.4519406125643188
15025.0 1.4539706687970737
15075.0 1.4559950104868984
15125.0 1.4597243402541695
15175.0 1.466736063333971
15225.0 1.4737503744719282
15275.0 1.4807672509957714
15325.0 1.4794960873755731
15375.0 1.4766805523205262
15425.0 1.473851906430162
15475.0 1.4710102609158224
15525.0 1.4673019058753671
15575.0 1.4629900464768655
15625.0 1.4586632778154873
15675.0 1.454321725042521
15725.0 1.4479465018257698
15775.0 1.43637340825085
15825.0 1.424775018126655
15875.0 1.413151541745568
15925.0 1.4101303027304979
15975.0 1.4119115199340284
16050.0 1.4145745911264416
16150.0 1.4150797611204833
16250.0 1.4101646022728869
16350.0 1.4027459702671328
16450.0 1.39275529761011
16550.0 1.3849314615308106
16650.0 1.3785021409454248
16750.0 1.370581391994042
16850.0 1.3594276695065088
16950.0 1.3460332135639184
17050.0 1.3289581689916028
17150.0 1.3083812927993788
17250.0 1.2829489331412298
17350.0 1.2605156240405544
17450.0 1.2419766257605338
17550.0 1.2214148323006726
17650.0 1.198222864200344
17750.0 1.1759844848171008
17850.0 1.155179234124635
17950.0 1.131184267855506
18050.0 1.1014500248296863
18150.0 1.082584409478859
18250.0 1.0684026433162914
18350.0 1.05317736638961
18450.0 1.0372509060581405
18550.0 1.0196101108503657
18650.0 1.000158423767092
18750.0 0.9819386828216873
18850.0 0.9661221719191128
18950.0 0.9550795184405683
19050.0 0.947052932993345
19150.0 0.9346472224265321
19250.0 0.9163194076167336
19350.0 0.9003283993015402
19450.0 0.8855400133924332
19550.0 0.8703848392253758
19650.0 0.8547457415608631
19750.0 0.8414586730466583
19850.0 0.829608645236544
19950.0 0.8192641821599532
20050.0 0.8118847339959409
20150.0 0.8007261545893157
20250.0 0.7857298708743954
20350.0 0.7773472247736961
20450.0 0.7727357862548634
20550.0 0.7664603380709818
20650.0 0.7560839958923247
20750.0 0.7458383255575014
20850.0 0.7358131458515127
20950.0 0.7275547648055785
21050.0 0.7212759347568388
21150.0 0.7137420572289958
21250.0 0.7051269719760728
21350.0 0.6971424018463149
21450.0 0.6895978533930612
21550.0 0.6798140767791827
21650.0 0.6686254471517531
21750.0 0.6605244163109792
21850.0 0.6542471229883821
21950.0 0.6462835779596401
22050.0 0.6372839801171
22150.0 0.6284827354043666
22250.0 0.6198104879661935
22350.0 0.6120529923478154
22450.0 0.6050358152233677
22550.0 0.5978124467905293
22650.0 0.5903742708189361
22750.0 0.5742424821727384
22850.0 0.5454503300838934
22950.0 0.5244006278694768
23050.0 0.5209840847150657
23150.0 0.49807525391259116
23250.0 0.4674540984788462
23350.0 0.4479546747660501
23450.0 0.4364515782518181
23550.0 0.4309509000115074
23650.0 0.433535108720933
23750.0 0.4300971857121202
23850.0 0.4087434928158054
23950.0 0.3970160292194158
24050.0 0.3915246590253991
24150.0 0.38704293069105333
24250.0 0.3841033625415749
24350.0 0.3749392330628873
24450.0 0.36340577909080346
24550.0 0.3558886614400605
24650.0 0.35274593509857644
24750.0 0.33311763595796756
24850.0 0.30883132186771267
24950.0 0.29535105062640654
25050.0 0.29278390353794914
25150.0 0.29300633060781445
25250.0 0.2940541799071933
25350.0 0.29401120931681224
25450.0 0.2926421411191708
25550.0 0.29375014548151185
25650.0 0.29593269597428506
25750.0 0.29639624744421983
25850.0 0.293519531472308
25950.0 0.2919201514290128
26050.0 0.29133530288700715
26150.0 0.28901421706711045
26250.0 0.28614908436145503
26350.0 0.2835910900533554
26450.0 0.28160747292610255
26550.0 0.2792766660858703
26650.0 0.27663216228841986
26750.0 0.27450529684510383
26850.0 0.27261016554241463
26950.0 0.2705764279538228
27050.0 0.2680602579583114
27150.0 0.26545188516201484
27250.0 0.2626782351098823
27350.0 0.2602349929219148
27450.0 0.25815879726809987
27550.0 0.255399600362249
27650.0 0.252148108482882
27750.0 0.24996084616455191
27850.0 0.24828165211252007
27950.0 0.24647268882577666
28050.0 0.24462032438357387
28150.0 0.24271091417773352
28250.0 0.2405479292756079
28350.0 0.23827065826205868
28450.0 0.23561374159183235
28550.0 0.2330441718784959
28650.0 0.23072308420726836
28750.0 0.22849471583973355
28850.0 0.22650056092736665
28950.0 0.22444235908035262
29050.0 0.22223590250156677
29150.0 0.2200460809908401
29250.0 0.21790048567493184
29350.0 0.2157690792203568
29450.0 0.21367969430906977
29550.0 0.21165807260124053
29650.0 0.20985551723365167
29750.0 0.2078145941245259
29850.0 0.20479217100010957
29950.0 0.20284287992311578
30050.0 0.20112466912826824
30150.0 0.19943723989121326
30250.0 0.19775866855425525
30350.0 0.19625232317021968
30450.0 0.1948310987708918
30550.0 0.19342646742362368
30650.0 0.19203408833248456
30750.0 0.19065668972838462
30850.0 0.18929765445793895
30950.0 0.1879458495707585
31050.0 0.18661074078908005
31150.0 0.18520804194755172
31250.0 0.1834384381111738
31350.0 0.18184001925340665
31450.0 0.18030000900422133
31550.0 0.17878100937135732
31650.0 0.177277355959551
31750.0 0.1759324905022265
31850.0 0.17483073016681047
31950.0 0.17352239862053173
32100.0 0.1705019995011806
32300.0 0.1680462095172919
32500.0 0.16564038213016585
32700.0 0.1624165441547927
32900.0 0.16011287257079962
33100.0 0.15787378680557246
33300.0 0.15373836785378747
33500.0 0.1513061869162021
33700.0 0.1476697988390052
33900.0 0.14535390431620748
34100.0 0.1428152047282856
34300.0 0.13969155156101754
34500.0 0.13755140970058924
34700.0 0.13430680468722694
34900.0 0.13226148427037432
35100.0 0.12945590668232707
35300.0 0.1272726019643081
35500.0 0.12454092555307605
35700.0 0.12167615653248162
35900.0 0.11987571955750168
36100.0 0.11736277280472662
36300.0 0.1154331278182571
36500.0 0.11273628938845395
36700.0 0.11038255782113614
36900.0 0.10839534826263955
37100.0 0.10593360753239715
37300.0 0.1046094539856143
37500.0 0.10216641629596576
37700.0 0.10018427546959636
37900.0 0.09800866499452404
38100.0 0.09664060190481244
38300.0 0.09493401008617981
38500.0 0.09301907354982374
38700.0 0.09142891850369737
38900.0 0.08962852618074203
39100.0 0.08800631184276407
39300.0 0.08601592233169283
39500.0 0.08421372635776214
39700.0 0.0830869523758366
39900.0 0.08120601371117796
40100.0 0.07973142381447597
40300.0 0.07833684349271612
40500.0 0.07663434842922892
40700.0 0.07525196742919497
40900.0 0.0743966351628957
41100.0 0.07323152448199369
41300.0 0.07185319311469354
41500.0 0.0706267861475342
41700.0 0.06929354735616387
41900.0 0.06797916283200875
42100.0 0.0667089362071646
42300.0 0.06574716451203055
42500.0 0.06454587827131958
42700.0 0.06343552083031884
42900.0 0.06066450289339694
43100.0 0.05824826663157521
43300.0 0.05777924829521534
43500.0 0.05546360521085843
43700.0 0.05382964987539945
43900.0 0.050327462462701415
44100.0 0.04955443551926997
44300.0 0.04878138467926199
44500.0 0.048009134254741695
44700.0 0.04723932767909838
44900.0 0.046532149119558046
45100.0 0.04582745742198032
45300.0 0.045121340505219244
45500.0 0.04441657689555436
45700.0 0.04374776505627592
45900.0 0.043101238880406297
46100.0 0.04245704334190233
46300.0 0.04181300105302283
46500.0 0.04117575803020607
46700.0 0.04058074894576994
46900.0 0.03999319720693003
47100.0 0.03940502298270352
47300.0 0.038816828996704515
47500.0 0.0382464364508806
47700.0 0.037709980164120145
47900.0 0.03717283411682047
48100.0 0.03663549758353661
48300.0 0.03609894312235261
48500.0 0.03559265902456261
48700.0 0.03509987416990421
48900.0 0.034609436485537874
49100.0 0.03411876571909596
49300.0 0.033627987235327256
49500.0 0.03317003599740188
49700.0 0.032722561704048685
49900.0 0.03227399786139724
50100.0 0.03182593996086647
50300.0 0.031383372485164804
50500.0 0.03096233811275298
50700.0 0.03055305457869884
50900.0 0.03014350020666964
51100.0 0.029734159488409493
51300.0 0.0293246994779013
51500.0 0.028943843970946202
51700.0 0.02856959276062825
51900.0 0.028195441362764563
52100.0 0.027821562553290453
52300.0 0.027448680121632516
52500.0 0.027094976996532915
52700.0 0.026753183904826054
52900.0 0.026411416572506032
53100.0 0.026069712238173694
53300.0 0.025727851736357648
53500.0 0.025398050215187578
53700.0 0.025085880975555346
53900.0 0.02477325736313563
54100.0 0.02446131635637712
54300.0 0.024148158189878078
54500.0 0.023838965012330165
54700.0 0.02355257935951312
54900.0 0.023266806239957527
55100.0 0.022981730835131678
55300.0 0.022695416201117504
55500.0 0.022410356063886725
55700.0 0.022139583606165338
55900.0 0.02187881528191842
56100.0 0.021617731528764957
56300.0 0.021356353824434782
56500.0 0.021094939913271195
56700.0 0.020838048787920973
56900.0 0.020596604564217674
57100.0 0.0203581682248113
57300.0 0.020119630605596486
57500.0 0.019880569150836656
57700.0 0.019641290951091697
57900.0 0.01941096485302161
58100.0 0.01919295209678522
58300.0 0.018973958947287206
58500.0 0.018755554983461663
58700.0 0.018537568724880604
58900.0 0.01831841917011662
59100.0 0.018112085188054492
59300.0 0.017912355239831344
59500.0 0.017712431354084165
59700.0 0.01751208172161244
59900.0 0.017312427255577804
60100.0 0.01711285252059211
60300.0 0.016925639333975825
60500.0 0.016742766183977482
60700.0 0.016559518212079405
60900.0 0.016376546224815904
61100.0 0.016194138492692568
61300.0 0.016012099757164014
61500.0 0.015839231023620965
61700.0 0.01567260919864702
61900.0 0.015504903331060162
62100.0 0.015337668494971908
62300.0 0.015170259254686364
62500.0 0.015002976035170461
62700.0 0.014844018558109708
62900.0 0.014691052751030794
63100.0 0.014537608468098498
63300.0 0.014384667606176257
63500.0 0.014231682041796485
63700.0 0.014078452070095252
63900.0 0.013929410370844244
64200.0 0.013718917519262252
64600.0 0.013438861324499094
65000.0 0.013158414893507523
65400.0 0.012895328959335485
65800.0 0.012638381096091148
66200.0 0.012381810336540901
66600.0 0.01213561886130706
67000.0 0.011900429133273596
67400.0 0.01166551553025917
67800.0 0.011433052146701338
68200.0 0.011218037271608205
68600.0 0.011003226444677244
69000.0 0.010787796789252133
69400.0 0.010586064053150202
69800.0 0.010389422951537063
70200.0 0.010192156894403798
70600.0 0.01000033385743435
71000.0 0.009820018895308721
71400.0 0.009639322544109681
71800.0 0.009458729208091628
72200.0 0.00928993352769547
72600.0 0.009124519556349723
73000.0 0.008959109920339029
73400.0 0.008796427233243725
73800.0 0.008644651850560247
74200.0 0.008493176258291353
74600.0 0.008341578377498009
75000.0 0.008196548162585412
75400.0 0.008057664749992735
75800.0 0.007918754290601751
76200.0 0.007779839452686682
76600.0 0.007649965115046036
77000.0 0.007522673372039028
77400.0 0.007395379827632847
77800.0 0.0072685468413666654
78200.0 0.00715093036833248
78600.0 0.007034237295932535
79000.0 0.006917480519252629
79400.0 0.0068022639615521645
79800.0 0.006694452261225606
80200.0 0.006587472794202795
80600.0 0.006480460683327035
81000.0 0.006374558264214481
81400.0 0.00627624393884656
81800.0 0.006178095705286593
82200.0 0.006079944508204762
82600.0 0.0059828295781564015
83000.0 0.005892259205258362
83400.0 0.0058022561688914984
83800.0 0.005712212830636416
84200.0 0.005622544526548935
84600.0 0.005539124463404743
85000.0 0.005456541127025652
85400.0 0.005374006072088483
85800.0 0.005291557109143768
86200.0 0.005213749184403603
86600.0 0.005137958230536661
87000.0 0.00506228568351792
87400.0 0.004986496129741061
87800.0 0.0049134049497459404
88200.0 0.004843850262352984
88600.0 0.004774361599678707
89000.0 0.004704819751275546
89400.0 0.00463568587728721
89800.0 0.004571775645683023
90200.0 0.004507959657116535
90600.0 0.0044441839467081285
91000.0 0.004380421344781367
91400.0 0.004319617667313539
91800.0 0.004261037898273315
92200.0 0.0042024823646171616
92600.0 0.004143941012477437
93000.0 0.004085876927333822
93400.0 0.004031700009730277
93800.0 0.003977891548293757
94200.0 0.003924162057044821
94600.0 0.0038704218921352894
95000.0 0.0038182818955666033
95400.0 0.0037688840140456194
95800.0 0.003719573371468181
96200.0 0.0036701677550065293
96600.0 0.0036208913460223533
97000.0 0.003574012919438348
97400.0 0.0035286898977410362
97800.0 0.003483314569774401
98200.0 0.0034380574141414278
98600.0 0.0033926778974090435
99000.0 0.003350284978779564
99400.0 0.0033086683286934026
99800.0 0.003267074548742792
100200.0 0.0032254037672000513
100400.00000000009 0.003204579813581776
100748.43066198383 0.0031690908423871816
101098.07052641988 0.0031356598335613626
101448.92378975474 0.0031021129184809
101800.9946629978 0.0030684450004388017
102154.28737177301 0.0030346762368773194
102508.80615636887 0.003000808322432521
102864.55527178946 0.0029682675174161357
103221.53898780573 0.0029368956606183583
103579.76158900595 0.002905424130983443
103939.22737484834 0.0028739112263177387
104299.94065971187 0.00284219524381157
104661.9057729482 0.0028105966754150276
105025.12705893395 0.0027806053026736143
105389.60887712192 0.0027512107792333233
105755.35560209466 0.0027216976596613216
106122.37162361621 0.0026920973347559674
106490.66134668495 0.002662396679190479
106860.22919158668 0.002633095207120939
107231.07959394684 0.0026053545696436095
107603.217004785 0.002577721320145586
107976.64589056744 0.0025500009618717474
108351.370733261 0.002522231539641384
108727.39603038708 0.00249436058891537
109104.72629507471 0.0024672612916360353
109483.36605611602 0.0024414632353721164
109863.31985801981 0.00241552080406507
110244.59226106624 0.0023895705998369355
110627.1878413618 0.0023634635266844405
111011.11119089334 0.0023373846191686166
111396.36691758451 0.002312465228711189
111782.95964535022 0.002288208518196791
112170.89401415233 0.002263945739974288
112560.17468005554 0.0022395095202411472
112950.80631528242 0.002215040937973003
113342.79360827077 0.002190696356516859
113736.1412637291 0.0021677415336733975
114130.85400269323 0.00214497507910395
114526.93656258319 0.0021221824040572076
114924.39369725919 0.0020992765358732023
115323.23017708007 0.002076281862980795
115723.45078895958 0.002053657937002538
116125.06033642414 0.002032412489708362
116528.06363967061 0.002011051370921474
116932.46553562334 0.001989601261802446
117338.27087799355 0.0019681470404593272
117745.48453733666 0.0019465481987704554
118154.11140111096 0.0019258342261911684
118564.15637373661 0.001905859437256823
118975.62437665339 0.0018857641948303494
119388.52034838134 0.0018656435204437802
119802.84924457902 0.001845498624403092
120218.61603810318 0.001825237318320763
120635.82571906883 0.0018061988289116606
121054.48329490799 0.001787412080296968
121474.59379043133 0.0017686258459964762
121896.16224788758 0.0017497039363477004
122319.19372702412 0.0017307356662000274
122743.69330514787 0.0017119634556485958
123169.6660771864 0.0016943079368758605
123597.11715574806 0.0016766542989193707
124026.0516711849 0.0016589463439117037
124456.47477165324 0.0016412210363840893
124888.39162317566 0.0016234638319471645
125321.80740970328 0.001606132575517729
125756.72733317701 0.001589592827068104
126193.15661359143 0.0015729926436489712
126631.1004890565 0.0015563906781700294
127070.56421586059 0.0015397080679889132
127511.55306853396 0.0015230303730412221
127954.0723399109 0.001507128388678515
128398.12734119488 0.001491559517699398
128843.72340202122 0.0014760005144685943
129290.86587052139 0.001460383970614543
129739.56011338736 0.001444764728715564
130189.81151593504 0.0014291993180328539
130641.62548217046 0.0014144712699989776
131095.00743485359 0.0013998510445578044
131549.96281556363 0.0013852161957392515
132006.49708476473 0.0013705894819672402
132464.61572187033 0.0013558712729482977
132924.3242253105 0.001341361720477037
133385.628112597 0.0013276559775940698
133848.53292038973 0.0013140110432372338
134313.04420456337 0.0013002785837118913
134779.167540273 0.0012864913865786804
135246.90852202274 0.0012726142780654741
135716.27276373174 0.0012592895358487593
136187.2658988018 0.0012464864559099673
136659.8935801853 0.0012335906818937454
137134.16148045196 0.0012206966582393535
137610.07529185852 0.001207712504465843
138087.64072641605 0.0011947178745956887
138566.86351595866 0.0011824988212250735
139047.7494122127 0.0011703963506171887
139530.30418686455 0.0011582980350420594
140014.53363163173 0.0011461955058682768
140500.44355833106 0.00113396329634224
140988.03979894897 0.0011218118459967003
141477.32820571162 0.0011105004861632183
141968.3146511539 0.0010991942197379767
142461.00502819192 0.0010878038488081104
142955.40525019236 0.0010764048958428424
143451.52125104374 0.0010649167614026438
143949.35898522806 0.001053708412194676
144448.924427891 0.001043111670440309
144950.2235749154 0.001032418027770851
145453.2624429921 0.0010217266325475364
145958.04706969234 0.001011029095236045
146464.58351354074 0.0010001987334201474
146972.87785408652 0.0009899444916150614
147482.9361919785 0.0009799563054542736
147994.76464903704 0.0009699609443607182
148508.36936832778 0.0009598320109574266
149023.7565142358 0.0009497964954633646
149540.9322725382 0.0009397197140857374
150059.90285048028 0.00093018262047852
150580.6744768489 0.0009207797154642038
151103.25340204738 0.0009113385025464217
151627.64589817091 0.0009018685386262363
152153.85825908065 0.0008923675722396627
152681.89680048096 0.0008830422014259186
153211.76785999417 0.0008741710893766427
153743.47779723676 0.0008653189110733005
154277.0329938962 0.000856432364209696
154812.43985380605 0.0008475212426375195
155349.70480302497 0.0008385850162941036
155888.8342899124 0.0008299580302272557
156429.8347852063 0.0008216581434965021
156972.71278210124 0.0008133294307383597
157517.47479632485 0.0008049676160342477
158064.1273662182 0.0007965864324165284
158612.67705281274 0.0007881969586945801
159163.1304399096 0.0007802408528388052
159715.49413415877 0.0007724319513671868
160269.77476513712 0.0007645894428259743
160825.97898542997 0.0007567264576264261
161384.11347070962 0.0007488275741785423
161944.18491981577 0.000740969293869144
162506.2000548363 0.0007336235712031759
163070.1656211866 0.0007262712909392153
163636.0883876925 0.0007188926514174899
164203.97514667013 0.000711483286499776
164773.83271400793 0.0007040558613252032
165345.66792924836 0.0006968036313518504
165919.48765567035 0.0006899047871251186
166495.29878037024 0.0006829810531585029
167073.10821434658 0.0006760306485212608
167652.9228925817 0.0006690650779069685
168234.74977412526 0.0006620674111056979
168818.59584217807 0.0006553877971111861
169404.46810417465 0.0006488948793830577
169992.37359186928 0.0006423786196355157
170582.3193614191 0.0006358307608199637
171174.31249346913 0.0006292701258470164
171768.3600932375 0.0006227198433505952
172364.46929059955 0.0006165429250194853
172962.64724017525 0.000610429369149407
173562.90112141386 0.0006042872783495563
174165.23813868032 0.0005981245153010571
174769.6655213422 0.0005919451780229079
175376.19052385495 0.0005858762640270588
175984.8204258511 0.0005800930626642143
176595.5625322263 0.000574330969680319
177208.42417322725 0.0005685476539958033
177823.4127045401 0.0005627432476942623
178440.53550737724 0.0005569275355324374
179059.79998856818 0.0005513050137732155
179681.21358064678 0.0005458928407139505
180304.7837419411 0.0005404615244374784
180930.51795666298 0.0005350160933457459
181558.42373499667 0.0005295501841299433
182188.508613191 0.0005240915134747666
182820.7801536484 0.0005188842723881554
183455.24594501613 0.0005137896995996656
184091.9136022776 0.00050867551296296
184730.79076684228 0.0005035389116262597
185371.88510663982 0.000498388827276745
186015.20431621035 0.0004932882832673162
186660.7561167974 0.0004884549977291369
187308.54825644082 0.00048365375640206556
187958.58851006837 0.00047883529434471266
188610.8846795912 0.00047399481763862086
189265.44459399607 0.00046914021448598355
189922.27610943964 0.00046439948454839045
190581.38710934314 0.00045988257716567105
191242.78550448545 0.0004553593619201869
191906.4792331004 0.0004508141750037029
192572.47626097052 0.00044625758700124365
193240.7845815229 0.0004416824509396752
193911.41221592567 0.00043731671639209754
194584.36721318262 0.00043305853851853646
195259.65765023217 0.00042879255275435655
195937.29163204285 0.0004245069608069169
196617.27729171072 0.00042021212499654355
197299.62279055765 0.00041590604956584997
197984.33631822755 0.00041187612261600116
198671.42609278703 0.0004078633416419798
199360.90036082253 0.00040384518594269875
200052.7673975396 0.0003998064973458621
200747.03550686277 0.0003957553984498216
201443.7130215334 0.00039175713767342204
202142.80830321225 0.00038798041384872743
202844.3297425782 0.0003842000635936192
203548.28575942936 0.000380411422966892
204254.6848027845 0.0003766027530098638
204963.53535098286 0.0003727777993026224
205674.84591178835 0.00036908726261406996
206388.62502249 0.00036553662223924566
207104.88125000495 0.00036196696538440157
207823.62319098154 0.0003583897800934985
208544.8594719008 0.0003548017474220254
209268.59874918268 0.0003512098446534626
209994.84970928813 0.0003477951044134423
210723.62106882382 0.0003444428466525669
211454.9215746472 0.00034107983137236173
212188.76000396966 0.00033770358933871353
212925.1451644646 0.00033431658145007545
213664.08589437135 0.00033097070141402163
214405.5910626017 0.0003277838902141077
215149.66956884676 0.0003246186031424583
215896.33034368197 0.00032145188942635705
216645.5823486771 0.0003182674358629554
217397.43457650184 0.0003150735807676911
218151.8960510343 0.00031194911311475514
218908.9758274697 0.00030897512138435
219668.68299242735 0.0003059927182984881
220431.02666406232 0.00030299946021035526
221196.01599217302 0.0002999984384764587
221963.66015831166 0.00029698998470419725
222733.96837589474 0.00029409557642733216
223506.94989031187 0.0002912945464390121
224282.61397903945 0.00028848162359942063
225060.96995175022 0.0002856570136597875
225842.02715042542 0.0002828235864345674
226625.79494946744 0.00027999102769148674
227412.28275581042 0.00027731321897526853
228201.50000903595 0.00027466805942296584
228993.45618148448 0.00027201732670276385
229788.16077836952 0.0002693472882833361
230585.62333789226 0.00026667422168663487
231385.85343135396 0.00026402707577944637
232188.8606632739 0.00026153686535249825
232994.65467150253 0.00025903551430463964
233803.24512733784 0.00025653123320769464
234614.64173564175 0.000254016559010459
235428.8542349548 0.000251492076307563
236245.89239761574 0.00024904426902616584
237065.76602987712 0.0002466947048621298
237888.48497202326 0.00024433403103150546
238714.05909848903 0.00024197098207971474
239542.4983179762 0.00023959432871231394
240373.81257357553 0.00023720895754621133
241208.01184288395 0.00023495336464084005
242045.10613812497 0.00023273093059361432
242885.10550626923 0.0002305058864083831
243728.0200291531 0.00022826883944586328
244573.85982360275 0.00022602962923866116
245422.63504155353 0.00022380559086344136
246274.3558701723 0.0002216923762512741
247129.0325319802 0.0002195965585341156
247986.67528497343 0.00021749532065341238
248847.29442274923 0.00021538484909051675
249710.90027462755 0.0002132633980384401
250577.5032057754 0.00021122211603904746
251447.1136173319 0.0002092626895690481
252319.741946531 0.00020729646305659913
253195.39866682977 0.0002053234129026627
254074.09428803218 0.00020334351542630332
254955.83935641564 0.00020135674686440265
255840.64445485763 0.0001993630833713742
256728.52020296326 0.00019750814404113332
257619.47725719062 0.00019567356055328266
258513.52631098175 0.00019383261028117768
259410.67809488898 0.00019198527112937165
260310.94337670426 0.00019013152092573716
261214.33296158884 0.00018827133742119914
262120.8576922009 0.00018643601799168554
263030.5284488288 0.00018472116647978912
263943.3561495196 0.00018300036370447146
264859.35175021074 0.00018127358901231966
265778.5262448618 0.00017954082167824376
266700.8906655845 0.00017780204090523183
267626.45608277834 0.00017605722582409453
268555.23360526125 0.0001743883687110736
269487.23438040353 0.00017278037340934184
270422.46959426196 0.00017116679768064264
271360.9504717122 0.00016954762215852498
272302.6882765867 0.00016792282740932517
273247.69431180746 0.00016629239393193762
274195.97991952254 0.00016465630215757953
275147.55648124265 0.00016313912870067148
276102.4354179754 0.00016162970881253435
277060.6281903659 0.00016011505059600247
278022.1462988321 0.00015859513587185032
278987.001283703 0.00015706994639776305
279955.20472535834 0.0001555394638681161
280926.7682443648 0.00015403766625609933
281901.7035016192 0.0001526279169076876
282880.0221984859 0.000151213275130006
283861.73607693805 0.00014979372394424608
284846.856919699 0.00014836924631267482
285835.39655038144 0.0001469398251384336
286827.3668336328 0.00014550544326532786
287822.7796752752 0.00014414499818556133
288821.64702244906 0.0001428297846719601
289823.9808637571 0.0001415100068086052
290829.79322940577 0.00014018564875526492
291839.0961913531 0.00013885669461673327
292851.90186345164 0.0001375231284426414
293868.22240159387 0.00013618493422726632
294888.0700038592 0.0001349551895577149
295911.45691065746 0.00013372509554902685
296938.39540488017 0.0001324907325914368
297968.8978120446 0.0001312520858698783
299002.9765004432 0.00013000914051786996
300040.643881292 0.00012876188161733686
301081.9124088775 0.00012754345086522952
302126.7945807098 0.00012639136427958737
303175.3029376698 0.00012523527946394826
304227.45006416074 0.00012407518254275516
305283.2485882598 0.00012291105959229626
306342.71118186694 0.00012174289664054062
307405.8505608609 0.00012057067966696644
308472.6794852493 0.0001194612727631604
309543.21075932245 0.00011838044697570622
310617.4572318076 0.00011729587026350427
311695.4317960206 0.00011620752960925311
312777.1473900245 0.00011511541195047385
313862.6169967824 0.00011401950417935577
314951.8536443137 0.00011292229646485101
316044.87040585116 0.0001119107608241049
317141.68039999536 0.0001108957147248641
318242.2967908759 0.0001098771459843454
319346.7327883069 0.0001088550423774867
320455.0016479461 0.0001078293916367998
321567.116671454 0.00010680018145222305
322683.09120665427 0.00010579965888070811
323802.93864769104 0.00010484822197871785
324926.672435194 0.00010389348318639292
326054.30605643673 0.00010293543104477091
327185.8530454994 0.0001019740540551218
328321.326983432 0.00010100934067880953
329460.74149841425 0.0001000412793371559
330604.11026592366 9.913319219850731e-05
331751.4470088968 9.824488351946399e-05
332902.76549789455 9.735349203184409e-05
334058.07955126825 9.645900703699144e-05
335217.40303532267 9.556141779912248e-05
336380.74986448674 9.46607135451943e-05
337548.13400147745 9.523445832606115e-05
338719.56945746863 0.00011115276867261949
339895.07029225933 0.0001271263223201006
341074.65061444003 0.0001431553109862136
342258.32458156615 0.00015923992705403828
343446.10640032514 0.00017538036357429612
344638.0103267076 0.00019157681426767555
345834.0506661794 0.0
347034.2417738501 0.0
348238.5980546498 0.0
349447.1339634991 0.0
350659.8640054834 0.0
351876.8027360276 0.0
353097.96476106776 0.0
354323.3647372312 0.0
355553.01737200917 0.0
356786.93742393394 0.0
358025.13970275706 0.0
359267.6390696242 0.0
360514.4504372573 0.0
361765.5887701314 0.0
363021.06908465445 0.0
364280.90644934855 0.0
365545.1159850277 0.0
366813.7128649837 0.0
368086.7123151656 0.0
369364.1296143627 0.0
370645.98009438923 0.0
371932.2791402647 0.0
373223.04219040385 0.0
374518.28473679814 0.0
375818.0223252031 0.0
377122.2705553253 0.0
378431.04508100665 0.0
379744.36161041673 0.0
381062.23590623855 0.0
382384.6837858583 0.0
383711.7211215558 0.0
385043.36384069227 0.0
386379.62792590604 0.0
387720.529415301 0.0
389066.08440264023 0.0
390416.3090375398 0.0
391771.21952565934 0.0
393130.8321289014 0.0
394495.16316560353 0.0
395864.22901073477 0.0
397238.0460960931 0.0
398616.63091049937 0.0
400000.0000000001 0.0
