91.0 0.0
94.0 0.0
96.0 0.0
98.0 0.0
100.0 0.0
102.0 1.1765387166494409e-12
104.0 1.6288318269332357e-12
106.0 2.2777642911002517e-12
108.0 3.188432013266406e-12
110.0 4.937258227216598e-12
114.0 8.506711851231527e-12
118.0 1.409625889887608e-11
121.0 3.2312924209070136e-11
125.0 5.237806989612083e-11
127.0 6.540843817339036e-11
128.0 7.408245596465557e-11
131.0 1.016526014203992e-10
132.0 1.1432422377402375e-10
134.0 1.4212414680900988e-10
137.0 1.945519715173229e-10
140.0 2.610207626597473e-10
143.0 4.1377580571306905e-10
147.0 6.557501195314686e-10
151.0 9.000034020787177e-10
155.0 1.2511142636457206e-09
159.0 1.6936790904514373e-09
162.0 2.1157112329872315e-09
166.0 2.7682383605305624e-09
170.0 3.635015644375987e-09
173.0 4.3669221271555135e-09
177.0 5.586698380923327e-09
180.0 6.724677205211665e-09
182.0 7.521135091111253e-09
186.0 9.521130503722217e-09
191.0 1.2297683006298129e-08
194.0 1.4318025550695391e-08
198.0 1.7439789349560612e-08
202.0 2.144718477150676e-08
205.0 2.4353860242566988e-08
210.0 3.033161114334919e-08
216.0 3.9931755773823944e-08
220.0 4.692592020577753e-08
223.0 5.269811520120372e-08
227.0 6.122797940926221e-08
230.0 1.9050701638053673e-07
234.0 2.9135011738767494e-07
240.0 3.8681184279270004e-07
246.0 4.3621413336348965e-07
252.0 5.119571358934532e-07
257.0 5.01179934684617e-07
260.0 5.945816283110907e-07
264.0 6.622975214376931e-07
269.0 7.304101239713666e-07
274.0 8.011949882484747e-07
279.0 8.678078479501003e-07
284.0 9.577049916219618e-07
290.0 1.0339539956708489e-06
296.0 1.136854731752388e-06
301.0 1.166609072195888e-06
308.0 1.3154610652955046e-06
318.0 1.5822856235110081e-06
328.0 1.8005223225829802e-06
338.0 2.0454614890386523e-06
348.0 2.3108337845004657e-06
357.0 2.633995618697944e-06
366.0 3.0689015957990264e-06
375.0 3.418934926186775e-06
385.0 3.908664426007169e-06
395.0 4.643336866499309e-06
405.0 5.540096544358125e-06
414.0 6.430683821046739e-06
422.0 7.31092087028414e-06
430.0 8.436871023990266e-06
441.0 1.0479807423237248e-05
451.0 1.2596236452518094e-05
460.0 1.4659084056762908e-05
470.0 1.8148688715182767e-05
480.0 2.2356895222042232e-05
490.0 2.7074169942657062e-05
500.0 3.360171119838268e-05
506.0 0.00014734515081767365
512.0 0.0005112096779766654
520.0 0.0005326330441212679
530.0 0.0005707985436889876
540.0 0.0005719971389601309
550.0 0.0007395039965977876
560.0 0.0009005312550658724
570.0 0.0010203296473079286
580.0 0.0010346502957400564
590.0 0.0012208235014009746
600.0 0.0012870299916954687
610.0 0.0015120544466041383
620.0 0.0017648079514797196
630.0 0.0019200527538100905
640.0 0.0020529577093433395
650.0 0.0022852383471007732
658.0 0.002445213700553206
665.0 0.0026346202820734478
675.0 0.0028416724327360535
685.0 0.0029121169521511624
695.0 0.003493165185352099
705.0 0.0035139687828857863
716.0 0.004182835640303448
726.0 0.00447260773538287
735.0 0.004801365237327054
745.0 0.005267032309774339
755.0 0.005647713960840691
765.0 0.006051618757044876
775.0 0.006627555017155184
785.0 0.00721227833979035
795.0 0.007717583040649923
805.0 0.008158714167731482
815.0 0.00868119776036429
825.0 0.009424102324730836
835.0 0.009032983432147602
845.0 0.010479238438044205
855.0 0.011179960828488333
865.0 0.012046430431085059
875.0 0.012914574237251467
885.0 0.013867228372661496
895.0 0.014748238451763991
905.0 0.015410132876334868
915.0 0.029899858060114044
925.0 0.12874705596942218
935.0 0.25491384580201654
945.0 0.5167510096552212
955.0 0.6508767326403411
965.0 0.755560324698857
975.0 0.2767311607641432
985.0 0.8589941760176749
995.0 0.8466289700225296
1005.0 0.9854447663156041
1015.0 0.8995423703898612
1025.0 0.48809060230662044
1035.0 0.8400799043379641
1045.0 1.1892781940189534
1055.0 1.1786843144364993
1065.0 1.0890259438611511
1075.0 1.184189637136935
1085.0 1.109651611470591
1095.0 1.2535668196137417
1105.0 1.2244840898971892
1115.0 1.2337800852169065
1125.0 1.1633870492678786
1135.0 1.2976579548694556
1145.0 1.2507407696235955
1155.0 1.29577021947231
1165.0 1.3124820501510042
1175.0 1.0754617616505555
1185.0 1.3132780593971436
1195.0 1.2122524524270484
1205.0 1.058675988431418
1208.72 0.9099836345026303
1208.8 0.9066984886337459
1208.87 0.903823524452932
1208.94 0.9009481296251884
1209.02 0.8976614369428113
1209.09 0.8947851197144077
1209.16 0.8919083722255321
1209.23 0.8890311945990782
1209.31 0.8857424650558963
1209.38 0.882864366119593
1209.45 0.8799858374316102
1209.53 0.8766955642904652
1209.6 0.8738161151191138
1209.67 0.8709362365815378
1209.75 0.8676444212269899
1209.82 0.8647636230316151
1209.89 0.8618823958550659
1209.96 0.8590007398197874
1210.04 0.855706893660453
1210.11 0.852824319054217
1210.18 0.8499413159737226
1210.26 0.8466459308047856
1210.33 0.843762009976797
1210.4 0.8408776610586174
1210.47 0.837992884172379
1210.55 0.8346954724164533
1210.62 0.8318097788667861
1210.69 0.8289236577325507
1210.77 0.8256247101626388
1210.84 0.8227376731863333
1210.91 0.8198502090085444
1210.99 0.8165497270006244
1211.06 0.8136613478012092
1211.13 0.8107725417829719
1211.2 0.8078833090675996
1211.28 0.8045808064911769
1211.35 0.8016906598342768
1211.42 0.798800086862327
1211.5 0.7954960530318234
1211.57 0.7926045669366981
1211.64 0.789712654908205
1211.72 0.7864070911945609
1211.79 0.783514266860331
1211.86 0.7806210169740025
1211.93 0.777727341656788
1212.01 0.7744197633710898
1212.08 0.7715251768242881
1212.15 0.7686301652273041
1212.23 0.7653210602307214
1212.3 0.7624251382194923
1212.37 0.7595287915383723
1212.44 0.7566320203082616
1212.52 0.7533209049158716
1212.59 0.7504232243449052
1212.66 0.7475251196046758
1212.74 0.7442124806655199
1212.81 0.7413134673976829
1212.88 0.7384140303398882
1212.96 0.7350998692163705
1213.03 0.7321995244433156
1213.1 0.7292987562591974
1213.17 0.7263975647844728
1213.25 0.723081399224258
1213.32 0.7201793011037159
1213.39 0.7172767800708978
1213.47 0.71395909547881
1213.54 0.7110556686104331
1213.61 0.7081518192076994
1213.69 0.7048326169411205
1213.76 0.7019278625121758
1213.83 0.6990226859263651
1213.9 0.696117087303701
1213.98 0.692795886537624
1214.05 0.6898893839542649
1214.12 0.6869824597109988
1214.2 0.6836597444113125
1214.27 0.6807519170146147
1214.34 0.6778436683345277
1214.41 0.6749349984907552
1214.49 0.6716102888264867
1214.56 0.6687007168920518
1214.63 0.6657907241698969
1214.71 0.662464503104814
1214.78 0.6595536090971866
1214.85 0.656642294677396
1214.93 0.6533145635603902
1215.0 0.6504023486594122
1215.07 0.6474897137213977
1215.14 0.644576658865609
1215.22 0.6412469392840735
1215.29 0.6383329850059425
1215.36 0.6354186111846234
1215.44 0.6320873846723833
1215.51 0.6291721122309286
1215.58 0.6262564206204433
1215.66 0.6229236885214264
1215.73 0.6200070990921271
1215.8 0.6170900908675387
1215.87 0.6141726639664916
1215.95 0.6108379492811841
1216.02 0.6079196256162421
1216.09 0.6050008836480315
1216.17 0.6016646664856211
1216.24 0.5987450285527633
1216.31 0.5979904149401042
1216.38 0.6026496636161983
1216.46 0.607975292208639
1216.53 0.6126358933681111
1216.6 0.6172971254048616
1216.68 0.6226250200055906
1216.75 0.627287603319098
1216.82 0.6319508169471076
1216.9 0.6372809755347101
1216.97 0.6419455392342152
1217.04 0.6466107326860863
1217.11 0.651276555711598
1217.19 0.6566096955609376
1217.26 0.6612768670712836
1217.33 0.6659446675939765
1217.41 0.6712800667530603
1217.48 0.6759492145585035
1217.55 0.680618990815641
1217.63 0.6859566472706929
1217.7 0.6906277696098656
1217.77 0.6952995198407177
1217.84 0.6999718977851972
1217.92 0.7053125266938001
1217.99 0.7099862491396445
1218.06 0.7146605987399439
1218.14 0.7200034802850425
1218.21 0.7246791731891639
1218.28 0.7293554926892037
1218.35 0.7340324386075813
1218.43 0.7393782864723168
1218.5 0.7440565741180237
1218.57 0.7487354876243727
1218.65 0.7540835834784453
1218.72 0.7587638375177451
1218.79 0.7634447168606309
1218.87 0.7687950587031628
1218.94 0.7734772773860012
1219.01 0.7781601208159893
1219.08 0.7828435888162298
1219.16 0.7881968882267129
1219.23 0.7928816939963671
1219.3 0.7975671237806918
1219.38 0.8029226645500813
1219.45 0.8076094309139649
1219.52 0.8122968207375726
1219.6 0.8176546008725732
1219.67 0.8223433260872626
1219.74 0.8270326742073475
1219.81 0.831722645056605
1219.89 0.8370833740410085
1219.96 0.8417746787167616
1220.03 0.8464666055682109
1220.11 0.8518295693062091
1220.18 0.8565228287988279
1220.25 0.8612167099142869
1220.32 0.8659112124768285
1220.4 0.8712771189928245
1220.47 0.8759729526361023
1220.54 0.880669407174457
1220.62 0.8860375438442692
1220.69 0.8907353282811832
1220.76 0.8954337330617836
1220.84 0.900804097904985
1220.91 0.9055038314033074
1220.98 0.9102041846945766
1221.05 0.9149051576037048
1221.13 0.9202784565625037
1221.2 0.9249807566348517
1221.27 0.9296836757751502
1221.35 0.9350591983250301
1221.42 0.9397634434508676
1221.49 0.9444683070953643
1221.57 0.9498460512634314
1221.64 0.9545522397171229
1221.71 0.9592590461408296
1221.78 0.9639664703601291
1221.86 0.969347140014335
1221.93 0.9740558874942612
1222.0 0.9787652522219523
1222.08 0.9841481389294988
1222.15 0.9888588257446053
1222.22 0.993570129260294
1222.29 0.9982820493026097
1222.37 1.0036678554870169
1222.44 1.008381096072305
1222.51 1.0130949526378494
1222.59 1.0184829713229162
1222.66 1.0231981472613532
1222.73 1.0279139386343223
1222.81 1.0333041678598973
1222.88 1.0380212774370225
1222.95 1.0427390019035865
1223.02 1.0474573410862966
1223.1 1.052850481215094
1223.17 1.057570137063414
1223.24 1.062290407083597
1225.0 1.1678842637240106
1235.0 1.3713859731419469
1245.0 1.4430816522989869
1255.0 1.4442261276447226
1265.0 1.4267026520065693
1275.0 1.5156702220177838
1285.0 1.5307066965540455
1295.0 1.4146414558369542
1305.0 1.4446036983055763
1315.0 1.554414372694785
1325.0 1.5230409425504292
1335.0 1.4880575537355762
1345.0 1.549028814985585
1355.0 1.564032753513775
1365.0 1.5203652933348828
1375.0 1.530241428370141
1385.0 1.5285776313090154
1395.0 1.405336226392023
1405.0 1.4248326105891052
1415.0 1.5205069424355482
1425.0 1.5210937307107932
1435.0 1.5477285561832776
1442.0 1.5720321166117353
1447.0 1.5636877873384736
1455.0 1.5584112235301937
1465.0 1.5254168662775849
1475.0 1.529851244247796
1485.0 1.53389849132721
1495.0 1.5344766482989223
1505.0 1.4794499692329872
1512.0 1.4343608238091752
1517.0 1.4569726686269564
1525.0 1.4591317122038592
1535.0 1.3688155975368321
1545.0 1.3775519085459333
1555.0 1.3551121785888172
1565.0 1.4156248172650079
1575.0 1.4608150075971846
1585.0 1.4727602834014137
1595.0 1.4846860242403845
1605.0 1.4589584316750408
1615.0 1.455539441375195
1625.0 1.45494516532714
1635.0 1.487703621565289
1645.0 1.4784052891391435
1655.0 1.4777160147308
1665.0 1.5044227815637758
1672.0 1.4805721164428027
1677.0 1.5291195769132286
1685.0 1.5284682173021156
1695.0 1.4965752411448452
1705.0 1.4782525677038116
1715.0 1.4425209701719337
1725.0 1.438895177311985
1735.0 1.4742973092209102
1745.0 1.4593575187898455
1755.0 1.4789631415407578
1765.0 1.447592855350083
1775.0 1.445043764083309
1785.0 1.4577032400429268
1795.0 1.4805394203341296
1805.0 1.4796062858313843
1815.0 1.4356124864216528
1825.0 1.4518030043241572
1835.0 1.4403332276637846
1845.0 1.3721988128525493
1855.0 1.3671936586175404
1865.0 1.386013548916753
1875.0 1.4273833482748521
1885.0 1.3444936386711837
1895.0 1.3108713301717652
1905.0 1.3676941613551803
1915.0 1.3277104628230998
1925.0 1.3110647366683752
1935.0 1.3445707946862557
1945.0 1.376730025278556
1955.0 1.3098260271269113
1967.0 1.3660946269852094
1976.0 1.4020283211010538
1984.0 1.3661043430805282
1995.0 1.3323301040397828
2005.0 1.3594018515159016
2015.0 1.3630073037219967
2025.0 1.3816911979640591
2035.0 1.3450388460901752
2045.0 1.3447185821819614
2055.0 1.3007183957746429
2065.0 1.3177305387801883
2074.0 1.371589722528867
2078.0 1.3453881057096582
2085.0 1.3428763277678282
2095.0 1.3097150259109247
2105.0 1.3356395304968254
2115.0 1.3402975913564894
2125.0 1.3482696325547185
2135.0 1.3296320852593886
2145.0 1.3189888167189798
2155.0 1.334557181080546
2165.0 1.3261834170176738
2175.0 1.3196609793303118
2185.0 1.3152026175366167
2195.0 1.322665466625623
2205.0 1.3109179577697192
2215.0 1.2988381108846268
2225.0 1.287939636664724
2235.0 1.295082958966003
2245.0 1.2887467293284336
2255.0 1.275818535582189
2265.0 1.2816023850700655
2275.0 1.281832781337929
2285.0 1.2847857460730507
2295.0 1.2546350675642453
2305.0 1.2616906446631728
2315.0 1.253096988248034
2325.0 1.1504592619966412
2335.0 1.2233004803729635
2345.0 1.2138939337651904
2355.0 1.226554082929195
2365.0 1.2089987942162361
2375.0 1.2089106044208582
2385.0 1.1908776175159805
2395.0 1.1976370705240615
2405.0 1.1876989651327847
2415.0 1.1849339930030867
2425.0 1.191343989975125
2435.0 1.1759158894259425
2445.0 1.1797941704506616
2455.0 1.179419862724545
2465.0 1.1695723076928526
2475.0 1.1619146283279533
2485.0 1.1539538961775515
2495.0 1.111892467848962
2505.0 1.1524061966602668
2513.0 1.1255904263795746
2518.0 1.1439619305764412
2525.0 1.1290355990663345
2535.0 1.1243027491349786
2545.0 1.115378306911286
2555.0 1.1261124199932395
2565.0 1.1196246728876686
2575.0 1.125905342057247
2585.0 1.1216769243314215
2595.0 1.1168237289151344
2605.0 1.1080009251714127
2615.0 1.1001906283654292
2625.0 1.0999187266106059
2635.0 1.099643423906021
2645.0 1.1128962996389573
2655.0 1.1103308422125693
2665.0 1.095571546767724
2675.0 1.0960468052020775
2685.0 1.0957812412026913
2695.0 1.082206711538601
2705.0 1.080827515564968
2715.0 1.0726254464265368
2725.0 1.061585961624593
2735.0 1.0691316564208506
2745.0 1.0491688485157087
2755.0 1.0434709638264819
2765.0 1.043222382263159
2775.0 1.0527414061276372
2785.0 1.0449324342838102
2795.0 1.005224529990673
2805.0 1.0176166851603476
2815.0 1.0367833449683916
2825.0 1.0310153483314561
2835.0 1.0200069972497898
2845.0 1.0173329883605813
2855.0 1.0117442801728096
2865.0 1.0179480505017349
2875.0 1.0141677812025602
2885.0 1.0092233537658686
2895.0 1.0054987407422609
2910.0 1.0063713040736135
2930.0 0.9941117855591535
2950.0 0.9812906577143127
2970.0 0.9788891266355131
2990.0 0.9714099764948472
3010.0 0.9633879908818278
3030.0 0.9540288373510256
3050.0 0.9462417937853718
3070.0 0.9385040116583531
3090.0 0.9289231023524255
3110.0 0.9233763769300701
3130.0 0.9127068109367149
3150.0 0.9033950983482297
3170.0 0.8961832061801044
3190.0 0.879930059086788
3210.0 0.8783382293481914
3230.0 0.8684532725920882
3250.0 0.8670990940662013
3270.0 0.8640747789353089
3290.0 0.8548382487981018
3310.0 0.848362460524626
3330.0 0.8675444894519442
3350.0 0.8713519493620396
3370.0 0.8265760084214191
3390.0 0.8438913522571533
3410.0 0.8185508600407824
3430.0 0.8361120342970311
3450.0 0.8375129502315951
3470.0 0.8071994000398702
3490.0 0.81831463227671
3510.0 0.7984134613318888
3530.0 0.809982888914327
3550.0 0.8295164221813492
3570.0 0.8154109017084896
3590.0 0.7701557487037907
3610.0 0.7984204788097483
3630.0 0.832545127554985
3640.0 0.8086306988386498
3650.0 0.8098208377523765
3670.0 0.8050274879924741
3690.0 0.8589890535690733
3704.66 0.788729634023603
3704.88 0.7773326425997442
3705.11 0.7654167995601209
3705.33 0.7540182652094931
3705.55 0.7426189765983988
3705.78 0.7307007320807949
3706.0 0.7192999007856157
3706.22 0.7078983153486409
3706.45 0.6959776697308154
3706.67 0.7062974287770017
3706.89 0.71661786582115
3707.12 0.7274081385274533
3707.34 0.7377299622762947
3707.56 0.7480524639161424
3707.79 0.7588448949490465
3708.01 0.7691687830748133
3708.24 0.7799626635388697
3708.46 0.7902879380035924
3708.68 0.8006138901805263
3708.91 0.8114099284019372
3709.13 0.8217372666990652
3709.35 0.8226488654549742
3709.58 0.8199101711665321
3709.8 0.8172903713031775
3710.0 0.81490858298937
3710.02 0.8146703961924604
3710.25 0.8119311439366751
3710.47 0.8093108103935176
3710.7 0.8065711834326292
3710.92 0.8039504914947535
3711.14 0.801329624355421
3711.37 0.7985894395733493
3711.59 0.7959682140954715
3711.81 0.7933468134435998
3712.04 0.7992248479007097
3712.26 0.8155653058821221
3712.48 0.8319068365799618
3712.71 0.8489923110317668
3712.93 0.865336035749185
3713.16 0.8824238038271266
3713.38 0.8987697223315212
3713.6 0.9151167132692731
3713.83 0.9322078958510491
3714.05 0.9485570802294003
3714.27 0.9649073368717683
3714.5 0.9820019334182147
3714.72 0.9976046925881542
3714.94 1.0098347560797785
3715.17 1.0226215878841354
3715.39 1.0348532895403073
3715.62 1.047641833880372
3715.84 1.0598751735272613
3716.06 1.0721093139062903
3716.29 1.084900407684919
3716.51 1.0971361857957693
3716.73 1.1093727645121856
3716.96 1.1221664073263853
3717.18 1.134404623515697
3717.4 1.1466436401840503
3717.63 1.2320443586875836
3717.85 1.3203517818355452
3718.08 1.4126793774792898
3718.3 1.5009986587290152
3718.52 1.589323736814924
3718.75 1.681669788914948
3718.97 1.7700067232298535
3719.19 1.8583494534658116
3719.42 1.9507139591072828
3719.64 2.0390685436994302
3719.86 2.1274289232971153
3720.09 2.219811879565137
3720.31 2.3551444319945674
3720.53 2.5173212109039778
3720.76 2.6868810358723207
3720.98 2.8490795737207075
3721.21 3.0186621454641087
3721.43 3.1808824399428506
3721.65 3.3431133701564106
3721.88 3.512729804847818
3722.1 3.6749824882535527
3722.32 3.837245805713366
3722.55 4.006896098001496
3722.77 4.169181165215566
3722.99 4.344844953453479
3723.22 4.552964128992249
3723.44 4.752047983655059
3723.67 4.960195048937715
3723.89 5.15930557933013
3724.11 5.358429150160026
3724.34 5.566617734685487
3724.56 5.765767977027478
3724.78 5.964931257745033
3725.01 6.173161354948402
3725.23 6.372351302960458
3725.45 6.571554287285708
3725.68 6.76219325173802
3725.9 6.76745693784803
3726.13 6.772960227521688
3726.35 6.778224573813004
3726.57 6.78348924283346
3726.8 6.78899356003933
3727.02 6.794258889133994
3727.24 6.799524540905431
3727.47 6.805029885476807
3727.69 6.810296197215377
3727.91 6.815562831578344
3728.14 6.821069203348524
3728.36 6.8263364975715275
3728.59 6.6843257022057445
3728.81 6.518773083850027
3729.03 6.353209603772441
3729.26 6.1801088980618895
3729.48 6.014523202582818
3729.7 5.848926647099039
3729.93 5.6757913643900455
3730.0 5.623095661706248
3730.15 5.510172597015808
3730.37 5.344542971354062
3730.6 5.17137311711289
3730.82 5.005721283072463
3731.05 4.83252821221416
3731.27 4.657659344091832
3731.49 4.476413160518716
3731.72 4.2869158193975885
3731.94 4.105645351031389
3732.16 3.924363011039276
3732.39 3.734827872033622
3732.61 3.5535212510899443
3732.83 3.3722027603984452
3733.06 3.182629829487894
3733.28 3.001287061686423
3733.51 2.811688751510037
3733.73 2.630321709179556
3733.95 2.4702956204325384
3734.18 2.3625155325368272
3734.4 2.259414634845652
3734.62 2.1563069902832805
3734.85 2.048505421129635
3735.07 1.9453839772403636
3735.29 1.8422557875477363
3735.52 1.7344327405360351
3735.74 1.6312907537009607
3735.96 1.5281420221299642
3736.19 1.4202975006601513
3736.41 1.3171349741311993
3736.64 1.2131852206744196
3736.86 1.196014000604792
3737.08 1.1788416550284073
3737.31 1.1608875449442948
3737.53 1.1437128973769903
3737.75 1.1265371244809839
3737.98 1.1085794314803739
3738.2 1.0914013569576888
3738.42 1.074222157284289
3738.65 1.0562608819340984
3738.87 1.0390793809982697
3739.1 1.0211156999106472
3739.32 1.0039318979569434
3739.54 0.9884437481942394
3739.77 0.9729157437978463
3739.99 0.9580618754441297
3740.21 0.9432070346602781
3740.44 0.9276759341589434
3740.66 0.9128191044709812
3740.88 0.8979613025068222
3741.11 0.8824271063906701
3741.33 0.8675673158372782
3741.56 0.852031040851992
3741.78 0.8371692619207943
3742.0 0.822306510970798
3742.23 0.8138224855174289
3742.45 0.8130691252581725
3742.67 0.8123157132259083
3742.9 0.8115279998385805
3743.12 0.8107744819152229
3743.34 0.8100209122269101
3743.57 0.8092330340259587
3743.79 0.8084793584630232
3744.02 0.807691369580747
3744.24 0.8069375881542489
3744.46 0.8061837549762563
3744.69 0.8053956013232141
3744.91 0.8055690340282193
3745.13 0.8088956420131928
3745.36 0.8123736883798057
3745.58 0.8157007343019371
3745.8 0.8190279943096295
3746.03 0.8225067222998738
3746.25 0.82583442017493
3746.48 0.8293136059111035
3746.7 0.8326417416066533
3746.92 0.8359700913307234
3747.15 0.83944995850892
3747.37 0.8427787459836807
3747.59 0.8461077474528395
3747.82 0.8399124358722175
3748.04 0.8331046148239674
3748.26 0.8262963479093813
3748.49 0.8191781376151416
3748.71 0.8123689587734725
3748.93 0.8055593341361025
3749.16 0.7984397044798726
3750.0 0.7724334401496805
3770.0 0.8403436928863218
3790.0 0.8380662429760117
3810.0 0.9465407759227332
3830.0 0.8470387185543401
3850.0 0.9522885579137402
3870.0 2.2989931668950025
3890.0 1.3960819048795552
3910.0 1.0264972317979864
3930.0 0.9274700764914616
3950.0 0.9120587087312197
3970.0 1.5590010431394066
3990.0 1.0
4010.0 1.0124996480837272
4030.0 0.9974930018298122
4050.0 0.9520529622970141
4070.0 1.062967820766535
4078.2 0.9635397053021161
4078.45 0.9633531777660828
4078.7 0.9631666342547094
4078.94 0.9629875374550517
4079.19 0.9628009626347017
4079.43 0.9626218357801373
4079.68 0.962718980300762
4079.93 0.9637147016065427
4080.17 0.9646706534501025
4080.42 0.9656664984812235
4080.66 0.9666225690937726
4080.91 0.9676185378349509
4081.16 0.9686145696876185
4081.4 0.9695708196377772
4081.65 0.9705669751774252
4081.9 0.9715631938167882
4082.14 0.9725196230710963
4082.39 0.9735132341109266
4082.63 0.9744370057746717
4082.88 0.975399327510219
4083.13 0.9763617100438317
4083.37 0.9772856544713593
4083.62 0.9782481561580554
4083.86 0.9791722149654721
4084.11 0.9801348357905181
4084.36 0.9810975173947604
4084.6 0.9820217489123402
4084.85 0.9829845496326829
4085.1 0.9839474111208709
4085.34 0.9856343225583483
4085.59 0.9874261685029597
4085.83 0.9891464498466005
4086.08 0.9909385233608817
4086.33 0.9927307129713782
4086.57 0.9944513242140288
4086.82 0.9962437413520222
4087.06 0.9979645710076621
4087.31 0.9997572156452271
4087.56 1.001549976343245
4087.8 1.0032711357962711
4088.05 0.9989721707067974
4088.3 0.993149875966289
4088.54 0.9875601040921315
4088.79 0.9817370407849417
4089.03 0.976146531131524
4089.28 0.9703226993509111
4089.53 0.9644984755279483
4089.77 0.9589068518469992
4090.0 0.953547873488725
4090.02 0.9530818596914455
4090.26 0.9474894984559584
4090.51 0.9416637380610627
4090.76 0.9431182057245178
4091.0 0.9484462433653987
4091.25 0.95399664190963
4091.5 0.9595474070996802
4091.74 0.9648764866013205
4091.99 0.970427970350959
4092.23 0.9757577396277222
4092.48 0.9813099418492583
4092.73 0.9868625106043077
4092.97 0.9921933214226921
4093.22 0.9977466085172163
4093.47 1.009495003091106
4093.71 1.0262638640866042
4093.96 1.0437325645505333
4094.2 1.0605036083797397
4094.45 1.0779745824902895
4094.7 1.0954467165178932
4094.94 1.1122210563674324
4095.19 1.1296954636232726
4095.43 1.1464719856389134
4095.68 1.1639486658459655
4095.93 1.1814265056152815
4096.17 1.2053591517009414
4096.42 1.2427091330997584
4096.67 1.2800615965643871
4096.91 1.3159222964747046
4097.16 1.3532796243407972
4097.4 1.389144993792044
4097.65 1.4265071854669487
4097.9 1.4638718584486465
4098.14 1.4997442787814148
4098.39 1.5371138146769452
4098.63 1.5729909031224103
4098.88 1.6070307331908715
4099.13 1.6277341057539312
4099.37 1.6476106335759757
4099.62 1.6683166938930454
4099.87 1.6890241253869047
4100.11 1.708904549544916
4100.36 1.7296146682977889
4100.6 1.7494976720672069
4100.85 1.770210477751342
4101.1 1.790924654192511
4101.34 1.810811553105042
4101.59 1.8273643385425584
4101.83 1.7972831599147139
4102.08 1.7659465514920603
4102.33 1.7346078540627754
4102.57 1.7045207393136845
4102.82 1.6731779478077562
4103.07 1.6418330676792272
4103.31 1.6117400179000365
4103.56 1.5803910444475404
4103.8 1.5502940653166752
4104.05 1.5189409990385816
4104.3 1.487585844776155
4104.54 1.4606455601971637
4104.79 1.4328804333997827
4105.03 1.406224172182948
4105.28 1.378455421556282
4105.53 1.350684822207135
4105.77 1.324023307660394
4106.02 1.2962490851483937
4106.27 1.2684730142539176
4106.51 1.2418062473436329
4106.76 1.2140265539526938
4107.0 1.1873563096576003
4107.25 1.1728610194799838
4107.5 1.1625611209421716
4107.74 1.1526725714540942
4107.99 1.1423713252663392
4108.23 1.132481482113038
4108.48 1.1221788884393422
4108.73 1.1118756073359992
4108.97 1.1019838107825755
4109.22 1.0916791824409544
4109.47 1.0813738667960413
4109.71 1.0714801172016195
4109.96 1.0626632309781139
4110.0 1.0613865551659392
4110.2 1.0550029714990576
4110.45 1.0470230123895667
4110.7 1.0390425205044167
4110.94 1.0313807470900458
4111.19 1.0233992110605614
4111.44 1.0154171423533325
4111.68 1.007753855281853
4111.93 0.999770742622197
4112.17 0.9921064534174098
4112.42 0.9841222969323938
4112.67 0.9781675993499199
4112.91 0.9745619734411141
4113.16 0.9708058658742669
4113.4 0.9671997652690517
4113.65 0.9634431632568153
4113.9 0.9596863089996678
4114.14 0.9560794916152986
4114.39 0.9523221430034858
4114.64 0.9485645421930475
4114.88 0.9449570081610783
4115.13 0.941198913086693
4115.37 0.9376367693285447
4115.62 0.9340215136194608
4115.87 0.9304060152757253
4116.11 0.926934908609027
4116.36 0.9233189347450153
4116.6 0.9198473716065793
4116.85 0.9162309222800833
4117.1 0.9126142303929506
4117.34 0.9091419779942239
4117.59 0.9055248107318808
4117.84 0.9019074009534275
4118.08 0.900727180164777
4118.33 0.9114393494540924
4118.57 0.9217236954771557
4118.82 0.9324372470267266
4119.07 0.9431515037460477
4119.31 0.9534378535795132
4119.56 0.964153492304004
4119.81 0.9748698360681035
4120.05 0.9851581893420828
4120.3 0.9958759148562827
4120.54 1.0061655945292913
4120.79 1.016398881921622
4121.04 1.014972783876308
4121.28 1.0136036376912558
4121.53 1.0121773478568727
4121.77 1.0108080175654288
4122.02 1.0093815359651435
4122.27 1.0079549565340375
4122.51 1.0065853482465386
4122.76 1.0051585770845162
4123.01 1.003731708109523
4123.25 1.0023618218766843
4123.5 1.0009347612057589
4123.74 0.9953009807293315
4123.99 0.9890283024017515
4124.24 0.982755206388343
4124.48 0.9767326412807459
4124.73 0.9704587266784173
4124.97 0.9644353757733015
4125.22 0.9581606426817755
4125.47 0.9518854920321373
4125.71 0.9458609545939131
4125.96 0.9395849856056714
4126.21 0.933308599136148
4126.45 0.9291004246057704
4126.7 0.925347737100521
4126.94 0.9217449210813966
4127.19 0.9179917418951901
4130.0 0.9166735385689043
4150.0 0.9843949955483238
4170.0 0.9796596761681344
4190.0 1.0070186404433832
4210.0 0.9419390858403307
4230.0 0.9685238230875228
4250.0 0.9920240041101951
4270.0 0.9137671270153354
4290.0 0.9126849336907586
4310.0 0.8666800440395346
4315.65 0.8903960348572613
4315.91 0.8883915777882186
4316.17 0.8863869875393423
4316.43 0.884382264119352
4316.69 0.8823774075369738
4316.95 0.8803724178009125
4317.21 0.8783672949198937
4317.47 0.8763620389026354
4317.73 0.8743566497578632
4317.99 0.8723511274942793
4318.25 0.8703454721206098
4318.52 0.8741513530191716
4318.78 0.8806519629766668
4319.04 0.887152991221253
4319.3 0.8936544377253053
4319.56 0.9001563024612215
4319.82 0.9066585854013792
4320.08 0.9131612865182241
4320.34 0.919664405784135
4320.6 0.9261679431715139
4320.86 0.9326718986527418
4321.12 0.9384359526069127
4321.38 0.938524409271197
4321.64 0.9386128683613458
4321.9 0.9387013298771449
4322.16 0.9387897938183822
4322.42 0.9388782601848433
4322.68 0.9389667289763146
4322.94 0.9390552001925825
4323.2 0.939143673833434
4323.46 0.9392321498986557
4323.73 0.939324031455264
4323.99 0.9358941906581547
4324.25 0.9302651022904265
4324.51 0.9246356463415968
4324.77 0.9190058228358332
4325.03 0.9133756317973233
4325.29 0.9077450732501937
4325.55 0.9021141472186298
4325.81 0.8964828537267969
4326.07 0.8908511927988783
4326.33 0.8852191644589976
4326.59 0.8801728604511407
4326.85 0.8821595550405099
4327.11 0.8841463750113241
4327.37 0.8861333203552827
4327.63 0.8881203910640658
4327.89 0.8901075871293604
4328.15 0.8920949085428471
4328.41 0.8940823552962271
4328.67 0.8960699273811815
4328.94 0.8981340771923537
4329.2 0.900121904735162
4329.46 0.906648922816846
4329.72 0.9170671125393186
4329.98 0.9274859722218539
4330.0 0.9282874507152425
4330.24 0.9379055018203095
4330.5 0.9483257012904356
4330.76 0.9587465705880205
4331.02 0.9691681096688537
4331.28 0.9795903184886898
4331.54 0.9900131970033954
4331.8 1.000436745168727
4332.06 1.0108609629404817
4332.32 1.049790208905019
4332.58 1.088721964707473
4332.84 1.1276562301821738
4333.1 1.1665930051635924
4333.36 1.20553228948607
4333.62 1.2444740829843617
4333.88 1.2834183854928205
4334.15 1.3238632012290694
4334.41 1.362812617745706
4334.67 1.4017645427696455
4334.93 1.454761794501976
4335.19 1.524146276924749
4335.45 1.5935352301428878
4335.71 1.6629286538612438
4335.97 1.7323265477849206
4336.23 1.8017289116187902
4336.49 1.871135745068464
4336.75 1.9405470478388336
4337.01 2.0099628196350436
4337.27 2.0793830601622525
4337.53 2.1488077691253804
4337.79 2.1921825387591576
4338.05 2.2333888261908346
4338.31 2.274597761888118
4338.57 2.315809345676068
4338.83 2.357023577380185
4339.09 2.398240456825539
4339.35 2.439459983837354
4339.62 2.4822676793541736
4339.88 2.523492602787148
4340.14 2.564720173255566
4340.4 2.5762642846797803
4340.66 2.547326773507935
4340.92 2.5183873896199676
4341.18 2.489446133139275
4341.44 2.4605030041893516
4341.7 2.4315580028933814
4341.96 2.4026111293748498
4342.22 2.373662383757137
4342.48 2.3447117661637185
4342.74 2.3157592767177624
4343.0 2.286804915542737
4343.26 2.2222012425083313
4343.52 2.1511118425317903
4343.78 2.0800178601226103
4344.04 2.008919295582529
4344.3 1.9378161492140151
4344.57 1.8639734172172613
4344.83 1.7928609319036195
4345.09 1.721743865679771
4345.35 1.650622218847894
4345.61 1.5794959917104072
4345.87 1.5167806291614634
4346.13 1.4699575789738366
4346.39 1.423131512689179
4346.65 1.3763024305066125
4346.91 1.32947033262476
4347.17 1.28263521924273
4347.43 1.2357970905594582
4347.69 1.1889559467740378
4347.95 1.1421117880850649
4348.21 1.0952646146916178
4348.47 1.0484144267926057
4348.73 1.0313630550091186
4348.99 1.0214064858458005
4349.25 1.0114492734044138
4349.51 1.001491417727361
4349.78 0.9911498868254895
4350.0 0.9827229414297285
4350.04 0.9811907200685822
4350.3 0.971230910204839
4350.56 0.9612704572766566
4350.82 0.951309361326465
4351.08 0.9413476223965891
4351.34 0.9352680368120456
4351.6 0.9397274144283877
4351.86 0.9441870750837842
4352.12 0.9486470187595283
4352.38 0.9531072454368683
4352.64 0.9575677550970678
4352.9 0.9620285477213756
4353.16 0.9664896232910888
4353.42 0.9709509817874572
4353.68 0.9754126231917477
4353.94 0.9798745474852117
4354.2 0.9792938885615473
4354.46 0.9768552313639095
4354.72 0.9744164143401621
4354.99 0.9718836275078564
4355.25 0.9694444847172465
4355.51 0.9670051821324271
4355.77 0.9645657197638963
4356.03 0.9621260976221605
4356.29 0.9596863157176994
4356.55 0.9572463740610188
4356.81 0.9582295279278942
4357.07 0.9735908744261023
4357.33 0.9889532022105505
4357.59 1.004316511216327
4357.85 1.0196808013785752
4358.11 1.035046072632388
4358.37 1.0504123249130215
4358.63 1.065779558155573
4358.89 1.0811477722951957
4359.15 1.0965169672669914
4359.41 1.111887143006226
4359.67 1.12414701633487
4359.93 1.1347604683993793
4360.2 1.1457828454719967
4360.46 1.156397675130881
4360.72 1.1670131805228678
4360.98 1.17762936160322
4361.24 1.188246218327315
4361.5 1.1988637506504198
4361.76 1.2094819585278391
4362.02 1.2201008419148809
4362.28 1.2287410337134579
4362.54 1.2264949070998357
4362.8 1.224248632499914
4363.06 1.2220022099234022
4363.32 1.2197556393800173
4363.58 1.2175089208794514
4363.84 1.2152620544314217
4364.1 1.2130150400456359
4364.36 1.210767877731809
4364.62 1.2085205674996324
4364.88 1.206273109358822
4365.15 1.1966817264811294
4365.41 1.182640200587087
4365.67 1.1685977727429462
4365.93 1.15455444300824
4366.19 1.140510211442548
4366.45 1.1264650781053003
4366.71 1.1124190430560734
4366.97 1.0983721063543908
4367.23 1.0843242680598244
4367.49 1.0702755282317957
4370.0 1.0334981467503013
4390.0 0.9086015369214474
4410.0 0.9405493562959619
4430.0 0.9353248135554886
4450.0 0.9388003744756116
4470.0 1.047984629948479
4490.0 0.9696006909993908
4510.0 0.9364680546296749
4530.0 0.9006056763237612
4550.0 0.8857080525762504
4570.0 0.9357087354776201
4590.0 0.910488920583539
4610.0 0.9516513367394209
4630.0 0.9261040751496749
4650.0 0.8882959314287227
4670.0 0.905964336755618
4690.0 0.8782652910491389
4710.0 0.9268436288496961
4730.0 0.9369178795526268
4750.0 0.9078942197209359
4770.0 0.8809890856138843
4790.0 0.896815597316889
4810.0 0.9253390229484072
4830.0 0.8850923341374127
4834.84 0.8387021427895497
4835.13 0.8441550138238084
4835.42 0.8496082218687339
4835.71 0.8550617668989838
4836.0 0.8605156488892175
4836.29 0.8659698678140962
4836.59 0.8716125177892774
4836.88 0.8770674221236717
4837.17 0.878624015187683
4837.46 0.8791636318420883
4837.75 0.8797032790404752
4838.05 0.8802615669024618
4838.34 0.8808012762348458
4838.63 0.881341016104127
4838.92 0.8818807865079713
4839.21 0.8824205874440446
4839.5 0.8829604189100131
4839.8 0.8838541532307772
4840.09 0.885277941091083
4840.38 0.8867018145013323
4840.67 0.8881257734550598
4840.96 0.8895498179458008
4841.26 0.8910230574242978
4841.55 0.8924472759186645
4841.84 0.8938715799304303
4842.13 0.895295969453132
4842.42 0.8967204444803066
4842.72 0.8956550069807717
4843.01 0.8945403756581365
4843.3 0.8934256718712966
4843.59 0.8923108956256524
4843.88 0.8911960469266021
4844.17 0.8900811257795449
4844.47 0.8889276828430475
4844.76 0.8878126143184325
4845.05 0.886697473362191
4845.34 0.886928367383893
4845.63 0.8881094956621265
4845.93 0.8893314265063712
4846.22 0.8905126978548653
4846.51 0.8916940395179553
4846.8 0.892875451490319
4847.09 0.8940569337666349
4847.38 0.8952384863415825
4847.68 0.8964608560796691
4847.97 0.8985487380836418
4848.26 0.904986576598073
4848.55 0.9114248118647192
4848.84 0.9178634438537445
4849.14 0.9245245150821081
4849.43 0.9309639541038806
4849.72 0.9374037897575043
4850.0 0.9436219384369635
4850.01 0.94384402201315
4850.3 0.9502846508409898
4850.59 0.9567256762111984
4850.89 0.9826936487372006
4851.18 1.013477197945903
4851.47 1.044262654277995
4851.76 1.075050017590206
4852.05 1.1058392877392744
4852.35 1.1376922633065638
4852.64 1.1684854124401538
4852.93 1.1992804679759264
4853.22 1.2300774297706545
4853.51 1.292690480299599
4853.81 1.4200000142067364
4854.1 1.5430736563218814
4854.39 1.6661549256816315
4854.68 1.7892438217130855
4854.97 1.9123403438433761
4855.26 2.0354444914996717
4855.56 2.1628016336385754
4855.85 2.2859212935279776
4856.14 2.409048577205348
4856.43 2.6131577365269045
4856.72 2.8201715638842395
4857.02 3.034337288849688
4857.31 3.241377195434465
4857.6 3.4484299191616294
4857.89 3.655495459068374
4858.18 3.86257381419195
4858.47 4.069664983569663
4858.77 4.283910711407875
4859.06 4.426230248314987
4859.35 4.522817614698681
4859.64 4.619410946633712
4859.93 4.716010243671808
4860.23 4.8159468276645505
4860.52 4.9125582592186445
4860.81 5.009175654515372
4861.1 5.105799013106865
4861.39 5.202428334544983
4861.68 5.269202117223736
4861.98 5.1452065430904
4862.27 5.025336591631488
4862.56 4.905459205796854
4862.85 4.78557438614431
4863.14 4.66568213323201
4863.44 4.541647843138393
4863.73 4.421740469110051
4864.02 4.301825663515081
4864.31 4.1819034269122515
4864.6 4.001424844108964
4864.9 3.794780572305205
4865.19 3.59501186570618
4865.48 3.3952307960308077
4865.77 3.1954373642069696
4866.06 2.99563157116437
4866.35 2.7958134178307756
4866.65 2.5890919773713996
4866.94 2.389248680104421
4867.23 2.2242907605524587
4867.52 2.1164297896597457
4867.81 2.008562147318788
4868.11 1.8969679111477047
4868.4 1.789086697406261
4868.69 1.6811988137365914
4868.98 1.5733042606396606
4869.27 1.465403038616065
4869.56 1.3574951481673863
4869.86 1.2458592792039318
4870.0 1.2240705238105904
4870.15 1.2032228588450937
4870.44 1.1629154823738672
4870.73 1.1226056135477052
4871.02 1.0822932525536604
4871.32 1.0405881877908252
4871.61 1.0002707571023137
4871.9 0.9599508348139694
4872.19 0.9196284211129254
4872.48 0.8793035161863032
4872.77 0.8595303193842305
4873.07 0.8563507114236825
4873.36 0.8532768945143321
4873.65 0.8502028850587752
4873.94 0.8471286830714383
4874.23 0.8440542885667469
4874.53 0.8408736778841911
4874.82 0.8377988917507868
4875.11 0.8347239131437968
4875.4 0.8327905253629119
4875.69 0.8379933810107142
4875.98 0.8431965544962893
4876.28 0.848579482198397
4876.57 0.8537833022456157
4876.86 0.8589874400580368
4877.15 0.8641918956117478
4877.44 0.8693966688828381
4877.74 0.8747812514087947
4878.03 0.8799866709966137
4878.32 0.8803368633907755
4878.61 0.8791420806625072
4878.9 0.8779472213195743
4879.2 0.8767110793133746
4879.49 0.8755160641168714
4879.78 0.8743209723230488
4880.07 0.8731258039376222
4880.36 0.8719305589663064
4880.65 0.8707352374148162
4880.95 0.8706306694853734
4881.24 0.8724198200582286
4881.53 0.8742090777531897
4881.82 0.8759984425621687
4882.11 0.877787914477078
4882.41 0.8796392050210515
4882.7 0.8814288948161676
4882.99 0.8832186916926763
4883.28 0.8850085956424917
4883.57 0.8867986066575294
4883.86 0.8862818369938065
4884.16 0.8855704324101609
4884.45 0.8848826952004907
4884.74 0.8841949126636407
4885.03 0.8835070848029771
4885.32 0.8828192116218654
4885.62 0.8821075709879161
4885.91 0.8814196056135234
4886.2 0.8807315949288949
4886.49 0.879138167054432
4886.78 0.8768090009783772
4887.07 0.8744796887618654
4887.37 0.8720699016597526
4887.66 0.869740292156775
4887.95 0.8674105365465405
4888.24 0.8650806348399891
4888.53 0.8627505870480602
4888.83 0.8603400390638186
4889.12 0.8589080988845444
4889.41 0.8630912701525894
4889.7 0.8672746953475746
4890.0 0.8716026437754774
4890.29 0.8757865855214271
4890.58 0.8799707811363026
4890.87 0.8841552306009877
4891.16 0.8883399338963678
4891.45 0.8925248910033297
4891.74 0.8967101019027606
4892.04 0.8959765779318106
4892.33 0.8934875692417722
4892.62 0.8909984047748133
4892.91 0.8885090845425998
4910.0 0.8960994092629719
4928.77 0.851346680380928
4929.07 0.8539867847028587
4929.36 0.8565390402971473
4929.66 0.8591794647786308
4929.96 0.8618200520342625
4930.0 0.8621721426328216
4930.26 0.8648257436075867
4930.55 0.8709065098688766
4930.85 0.8771973431185762
4931.15 0.8834885682633494
4931.45 0.8897801852727129
4931.74 0.8958624541754505
4932.04 0.9021548417627745
4932.34 0.9084476211241355
4932.64 0.9147407922290197
4932.93 0.9208245633090386
4933.23 0.9125631185052003
4933.53 0.9013899833691336
4933.83 0.8902161438609704
4934.12 0.8794140961764009
4934.42 0.8682388715628038
4934.72 0.8570629427394983
4935.02 0.8458863097612153
4935.31 0.8350815619285666
4935.61 0.8239035442718425
4935.91 0.8234725770846933
4936.21 0.8292641591678787
4936.5 0.8348630308881818
4936.8 0.8406553213024898
4937.1 0.8464479718435539
4937.4 0.8522409824833065
4937.69 0.8578412350358733
4937.99 0.863634953787943
4938.29 0.8694290325555138
4938.59 0.8746980718244838
4938.88 0.8790299349918727
4939.18 0.8835114457573051
4939.48 0.8879932341346113
4939.78 0.8924753001021832
4940.07 0.8968082277154539
4940.37 0.9012908395474141
4940.67 0.9057737289054518
4940.97 0.9102568957679382
4941.26 0.9140552525821095
4941.56 0.9153250382615188
4941.86 0.916594900164557
4942.16 0.9178648382852596
4942.45 0.9190925175787792
4942.75 0.9203626055767951
4943.05 0.9216327697747565
4943.35 0.9229030101666942
4943.64 0.9241309816332283
4943.94 0.9254013718558991
4944.24 0.9256554382572286
4944.54 0.9258744678688834
4944.83 0.9260862063686758
4945.13 0.9263052564109362
4945.43 0.9265243168403768
4945.73 0.9267433876561457
4946.02 0.9269551659833728
4946.32 0.9271742572231051
4946.62 0.9273933588466418
4946.92 0.9477997776662728
4947.21 0.9746235506414583
4947.51 1.0023739836473176
4947.81 1.0301261477150687
4948.11 1.0578800427099246
4948.4 1.0847104530875245
4948.7 1.1124677518463457
4949.0 1.1402267811327897
4949.3 1.1679875408121894
4949.59 1.2380060932510664
4949.89 1.352137315327664
4950.0 1.3939872152437747
4950.19 1.4662756620734037
4950.49 1.5804211329346884
4950.78 1.6907685261134688
4951.08 1.8049280061177988
4951.38 1.9190946085931495
4951.68 2.033268332985375
4951.97 2.143643035821236
4952.27 2.312565025872993
4952.57 2.6320214680872542
4952.87 2.951497841769455
4953.16 3.260343947504438
4953.46 3.5798595152149253
4953.76 3.89939500979249
4954.06 4.2189504296868074
4954.35 4.527872940914421
4954.65 4.847467542741797
4954.95 5.170619587075759
4955.25 5.543318620871355
4955.54 5.903616432412804
4955.84 6.27636114487721
4956.14 6.649129081102824
4956.44 7.021920239281554
4956.73 7.3823070975810134
4957.03 7.755143920333363
4957.33 8.12800395968
4957.63 8.500887213814423
4957.92 8.563232046470892
4958.22 8.578383257976343
4958.52 8.593535383236155
4958.82 8.608688422178798
4959.11 8.623337228262535
4959.41 8.638492063906371
4959.71 8.653647813021045
4960.01 8.668804475535099
4960.3 8.683456784135014
4960.6 8.481447760305317
4960.9 8.134643294692632
4961.2 7.787817202072804
4961.49 7.4525314231176365
4961.79 7.105662802292937
4962.09 6.758772559452216
4962.39 6.411860696277297
4962.68 6.076492012127143
4962.98 5.729537633868532
4963.28 5.384429054550346
4963.58 5.042100186374021
4963.87 4.7111620132165815
4964.17 4.368791214403606
4964.47 4.026399097388032
4964.77 3.6839856638282096
4965.06 3.35296575038647
4965.36 3.010510399128029
4965.66 2.668033736243441
4965.96 2.3621122253528855
4966.25 2.243161551989319
4966.55 2.1201015989379797
4966.85 1.9970339864789424
4967.15 1.873958715208395
4967.44 1.7549786734137696
4967.74 1.6318883415507899
4968.04 1.5087903526432838
4968.34 1.385684707286913
4968.63 1.266675306122384
4968.93 1.2346344803206963
4969.23 1.2090975666631307
4969.53 1.183559062009462
4969.82 1.1588703286304611
4970.0 1.1435455395619032
4970.12 1.1333286953788806
4970.42 1.107785471498314
4970.72 1.082240657112466
4971.02 1.0566942523450344
4971.31 1.031997882773419
4971.61 1.0151760712237239
4971.91 1.0015270266731096
4972.21 0.9878771311360097
4972.5 0.9746814232690859
4972.8 0.9610298543182452
4973.1 0.9473774345771964
4973.4 0.9337241641121331
4973.69 0.9205251940642424
4973.99 0.9068702507014585
4974.29 0.9003967879215989
4974.58 0.9010818506853118
4974.88 0.9017905764074567
4975.18 0.9024993429106707
4975.48 0.9032081501917375
4975.78 0.9039169982474473
4976.07 0.9046022567901743
4976.37 0.9053111850266371
4976.48 0.9055711355941002
4976.67 0.9060201540282079
4976.78 0.9062801195420721
4976.97 0.9053158782296916
4977.08 0.9038484739707046
4977.26 0.9014471941224881
4977.38 0.8998462906307788
4977.56 0.8974448600069764
4977.68 0.8958438560021125
4977.86 0.8934422746144435
4977.98 0.8918411701042289
4978.16 0.8894394379643753
4978.28 0.8878382329566142
4978.45 0.8855697903867501
4978.58 0.8838350445787893
4978.75 0.8815664596537988
4978.88 0.8798316049902621
4979.05 0.8775628777211986
4979.18 0.8758279142105384
4979.35 0.8735590446084555
4979.48 0.871823972259136
4979.64 0.870151851290339
4979.78 0.8747711411388701
4979.94 0.8800504922431828
4980.08 0.884670066821778
4980.24 0.889949743319173
4980.39 0.8948995976385034
4980.54 0.8998496044707659
4980.69 0.9047997638100512
4980.83 0.9094200501167262
4980.99 0.9147005399859676
4981.13 0.9193211109450764
4981.29 0.924601926118717
4981.43 0.9292227817080909
4981.59 0.934503922160797
4981.73 0.9391250623582399
4981.89 0.944406528064708
4982.02 0.9486978466737529
4982.19 0.9543097437829242
4982.32 0.9586013266300981
4982.49 0.9595605673082521
4982.62 0.958811532231469
4982.79 0.9578319935492522
4982.92 0.9570829106423531
4983.09 0.9561033094154835
4983.21 0.9554118048589557
4983.39 0.9543745149154906
4983.51 0.9536829662148659
4983.69 0.9526456100578239
4983.81 0.9519540172165146
4983.99 0.9509165948510164
4984.11 0.9502249578724504
4984.29 0.9491874693036172
4984.4 0.9485534289581469
4984.59 0.9474582334241692
4984.7 0.9468241526257543
4984.89 0.9457288872212142
4985.0 0.9450947659729872
4985.19 0.9444634131702808
4985.3 0.944467239864433
4985.49 0.9444738487612477
4985.59 0.9444773266967541
4985.79 0.9444842816755781
4985.89 0.9444877587189084
4986.09 0.9444947119134369
4986.19 0.944498188064647
4986.39 0.9445051394749903
4986.49 0.9445086147341353
4986.69 0.9445155643604033
4986.78 0.9445186913042045
4986.99 0.9445259865698421
4987.08 0.9445291127108836
4987.29 0.9445364061034728
4987.38 0.9445395314418038
4987.59 0.9445468229614598
4987.68 0.9445499474971307
4987.9 0.9449450180223
4987.97 0.9456254643995597
4988.2 0.947861284605368
4988.5 0.9507777281109318
4988.8 0.9536943485251809
4989.1 0.9566111458343066
4989.4 0.9595281200244927
4989.7 0.9624452710819494
4990.0 0.9653625989928621
4990.3 0.9682801037434252
4990.6 0.9711977853198352
4990.9 0.9735091605547849
4991.2 0.9758206751316572
4991.5 0.9781323290395593
4991.8 0.9804441222676047
4992.1 0.9827560548049086
4992.4 0.985068126640579
4992.7 0.9873803377637463
4993.0 0.9896926881635207
4993.3 0.9920051778290195
4993.6 1.0283610541203334
4993.9 1.0699567548803406
4994.2 1.111555018856592
4994.5 1.1531558458494502
4994.8 1.1947592356594179
4995.1 1.2363651880870097
4995.41 1.2793606975557228
4995.71 1.3209718600240183
4996.01 1.3625855845049162
4996.31 1.4944940377768652
4996.61 1.6592451484310207
4996.91 1.8240064128512916
4997.21 1.9887778302469472
4997.51 2.1535593998278117
4997.81 2.318351120803761
4998.11 2.483152992384223
4998.41 2.6479650137801785
4998.71 2.8127871842011616
4999.01 3.261552030481888
4999.31 3.8996387045776313
4999.61 4.537764684135755
4999.91 5.175929966101187
5000.21 5.814134547413266
5000.51 6.452378425013456
5000.81 7.090661595843439
5001.11 7.728984056843155
5001.41 8.367345804958555
5001.71 9.277737010844234
5002.01 10.54387465442167
5002.31 11.810090222932356
5002.61 13.076383710307741
5002.92 14.384968832259059
5003.22 15.651420735969763
5003.52 16.917950540155193
5003.82 18.184558238748423
5004.12 19.45124382569446
5004.42 20.512533840081666
5004.72 21.162929535394998
5005.02 21.81336517475325
5005.32 22.46384075504495
5005.62 23.114356273164745
5005.92 23.764911726001586
5006.22 24.4155071104466
5006.52 25.066142423391117
5006.82 25.71681766172472
5007.12 26.103017784153977
5007.42 25.431148882370902
5007.72 24.759238583597877
5008.02 24.087286891055466
5008.32 23.415293807966048
5008.62 22.74325933754569
5008.92 22.071183483016338
5009.22 21.399066247597695
5009.52 20.726907634509256
5009.82 20.036902832119086
5010.0 19.313070078499315
5010.12 18.830500072201037
5010.42 17.62402312887871
5010.73 16.377252359792678
5011.03 15.170624594683042
5011.33 13.963922663677915
5011.63 12.757146572548635
5011.93 11.550296327066164
5012.23 10.343371933004736
5012.53 9.13637339612722
5012.83 8.486331362141136
5013.13 7.876038515852078
5013.43 7.265708178633124
5013.73 6.6553403534035755
5014.03 6.044935043076981
5014.33 5.434492250572244
5014.63 4.824011978806228
5014.93 4.213494230695595
5015.23 3.6029390091586655
5015.53 3.3142206728033807
5015.83 3.123449378348341
5016.13 2.9326663710244993
5016.43 2.7418716517433053
5016.73 2.5510652214167258
5017.03 2.3602470809549296
5017.33 2.1694172312697635
5017.63 1.9785756732724291
5017.93 1.7877224078740725
5018.23 1.6836655421426998
5018.54 1.6280676203859148
5018.84 1.5742598213273096
5019.14 1.5204487189395717
5019.44 1.466634313479889
5019.74 1.4128166052049445
5020.04 1.3589955943718923
5020.34 1.3051712812377074
5020.64 1.2513436660593462
5020.94 1.2144643959132417
5021.24 1.192416007766017
5021.54 1.1703662650379458
5021.84 1.1483151678344028
5022.14 1.1262627162607555
5022.44 1.1042089104224317
5022.74 1.0821537504246521
5023.04 1.0600972363728294
5023.34 1.0380393683723037
5023.64 1.0226373821375911
5023.94 1.018733663027434
5024.24 1.0148297014688457
5024.54 1.0109254974806627
5024.84 1.0070210510817108
5025.14 1.0031163622908121
5025.44 0.9992114311268006
5025.74 0.9953062576084736
5026.04 0.9914008417546627
5026.35 0.9866322376158625
5026.65 0.9799783981743154
5026.95 0.9733241484075875
5027.25 0.9666694883475923
5027.55 0.9600144180262223
5027.85 0.9533589374753668
5028.15 0.9467030467269331
5028.45 0.9400467458127666
5028.75 0.9333900347647708
5029.05 0.927568361744378
5029.35 0.9292655926389981
5029.65 0.9309629240476865
5029.95 0.9326603559625898
5030.0 0.9329432710526259
5030.25 0.9343578883758397
5030.55 0.9360555212795739
5030.85 0.9377532546659307
5031.15 0.9394510885270437
5031.45 0.9411490228550623
5031.75 0.9428470576421214
5032.05 0.936659716712716
5032.35 0.9302000734333071
5032.65 0.9237400325036321
5032.95 0.9172795939545623
5033.25 0.9108187578170259
5033.55 0.904357524121929
5033.85 0.8978958929001764
5034.16 0.891218456380035
5034.46 0.8847560169493787
5034.76 0.8795156729035455
5035.06 0.8744630876068087
5035.36 0.8694101910036339
5035.66 0.8643569831181829
5035.96 0.8593034639746624
5036.26 0.8542496335972618
5050.0 0.8828570944128551
5070.0 0.8028838691066472
5090.0 0.8447702241262915
5110.0 0.8250270404838422
5130.0 0.7833506574547313
5150.0 0.8312360151807293
5170.0 0.7904802938324297
5190.0 0.8000007071035433
5210.0 0.7924536114212866
5230.0 0.797503250476931
5250.0 0.8016199051128253
5270.0 0.7945863435593102
5290.0 0.8432347503493725
5310.0 0.8879253571855811
5330.0 0.7987534471506582
5350.0 0.8502698235793328
5370.0 0.8187553747865935
5390.0 0.8195646386819867
5410.0 0.7928950093342212
5430.0 0.7988340439916852
5450.0 0.7837388511683624
5470.0 0.8313935805647655
5490.0 0.8512297492443287
5510.0 0.7847886966422759
5530.0 0.7737616327975385
5550.0 0.7940031756670626
5570.0 0.7778596419889552
5590.0 0.7755730581292773
5610.0 0.7745119191477575
5630.0 0.8108160464173256
5650.0 0.815237097563554
5670.0 0.7577990513860423
5690.0 0.7995609258296313
5710.0 0.7666522959286001
5730.0 0.7731149100451133
5750.0 0.8230102944487859
5770.0 0.8279218499921928
5790.0 0.7263630104917648
5810.0 0.7759123215135124
5830.0 0.801875968981574
5850.0 0.7818897135146078
5870.0 0.9605456415615363
5890.0 0.7085731386247739
5910.0 0.7522049721421934
5930.0 0.7354770933768509
5950.0 0.7621625360150999
5970.0 0.7367950342375542
5990.0 0.748844796418266
6010.0 0.7678626340358806
6030.0 0.745318485159804
6050.0 0.7249983613508456
6070.0 0.7507262577568737
6090.0 0.7617594280359995
6110.0 0.7216346357585685
6130.0 0.7655634088302065
6150.0 0.7064677810405057
6170.0 0.7339875097947228
6190.0 0.6972642505252705
6210.0 0.7448258190751958
6230.0 0.6643154799845684
6250.0 0.7095126492113524
6270.0 0.6945458037465762
6290.0 0.6589305442794315
6310.0 0.8093892363401307
6330.0 0.7090574907188314
6350.0 0.7086175301617518
6370.0 0.7497221942281377
6390.0 0.7142344507963271
6410.0 0.7029728228954552
6430.0 0.7190402263125752
6450.0 0.6891464580530762
6470.0 0.7142401056215667
6490.0 0.6792862132977179
6510.0 0.7312642130733856
6523.64 0.6639784278416887
6524.04 0.6657254506382733
6524.43 0.6674288943976914
6524.82 0.6732049656971394
6525.22 0.6793552721623296
6525.61 0.6853521678857375
6526.0 0.691349406090612
6526.4 0.6975007753516262
6526.79 0.7034987071581432
6527.19 0.7096507877073961
6527.58 0.7156323021918739
6527.97 0.7216141579375489
6528.37 0.7277497490499268
6528.76 0.7337322959259819
6529.15 0.7397151839227363
6529.55 0.7458518336082913
6529.94 0.7518354124509317
6530.0 0.7506679734928263
6530.34 0.7440522895024696
6530.73 0.7364632993678408
6531.12 0.7288738696697943
6531.52 0.7210893826586987
6531.91 0.7134990627461842
6532.3 0.7059083034510835
6532.7 0.6988478333970821
6533.09 0.705401530484601
6533.49 0.7121236591928227
6533.88 0.7186781130344567
6534.27 0.7252329403867062
6534.67 0.7319562281811329
6535.06 0.7385118119761634
6535.46 0.7443514369410392
6535.85 0.7422842280287831
6536.24 0.7402168972673411
6536.64 0.7380964314664213
6537.03 0.7360288539329894
6537.42 0.7339611546004436
6537.82 0.7318403108299036
6538.21 0.7297649078272559
6538.6 0.727624132030101
6539.0 0.72542833375878
6539.39 0.7232873029443206
6539.79 0.7210912431527718
6540.18 0.7189499573911666
6540.57 0.7168085457954427
6540.97 0.7163316954715236
6541.36 0.7253677984163401
6541.76 0.7346361311634463
6542.15 0.7436732770039723
6542.54 0.752710937585943
6542.94 0.761980867689727
6543.33 0.7710195707387417
6543.72 0.7823548024088305
6544.12 0.806933606848539
6544.51 0.8308993278160077
6544.91 0.8554809764463397
6545.3 0.8794494701181814
6545.69 0.9034193323121502
6546.09 0.9280052277701224
6546.48 0.9473015232442333
6546.87 0.9484775897101428
6547.27 0.9496838774715148
6547.66 0.9508600721314868
6548.06 0.952066491355847
6548.45 0.9532428141745837
6548.84 0.9544192002485624
6549.24 0.9622333798230459
6549.63 0.9891803194599079
6550.0 1.0147467851333787
6550.02 1.016128795646121
6550.42 1.043769854335147
6550.81 1.0707214423795992
6551.21 1.0983656922793046
6551.6 1.125320391326418
6551.99 1.180787846308922
6552.39 1.3224859195386007
6552.78 1.4606495290615238
6553.17 1.5988210245141883
6553.57 1.740543569529977
6553.96 1.8787310357656675
6554.36 2.0204699588205615
6554.75 2.2932096205050345
6555.14 2.868679997453842
6555.54 3.458940134644225
6555.93 4.0344770206682945
6556.33 4.6248053629220145
6556.72 5.2004087397459395
6557.11 5.776044934404607
6557.51 6.55463600366302
6557.9 7.6948427832026995
6558.29 8.835114558833729
6558.69 10.004691580368439
6559.08 11.14509498773111
6559.48 12.314806997625814
6559.87 13.455342000562013
6560.26 14.375709648636093
6560.66 14.916363231552081
6561.05 15.443530835102214
6561.44 15.970728410451594
6561.84 16.511475002507115
6562.23 17.038733277512655
6562.63 17.57954211707694
6563.02 17.61701879572772
6563.41 16.95032921122734
6563.81 16.266505516837693
6564.2 15.599738902547443
6564.59 14.932934268688228
6564.99 14.248992591157673
6565.38 13.582110959092603
6565.78 12.720135498539756
6566.17 11.64491091847012
6566.56 10.569625121638529
6566.96 9.466704311434937
6567.35 8.391294536837705
6567.75 7.288246587401845
6568.14 6.2127128690643385
6568.53 5.401731712290941
6568.93 4.886549304074027
6569.32 4.384217517983087
6569.71 3.881857164018558
6570.0 3.508288640175083
6570.11 3.3665861033643503
6570.5 2.864167893003711
6570.9 2.3488375005969626
6571.29 2.019572877489987
6571.68 1.872622540167985
6572.08 1.721895567846825
6572.47 1.5749283102976643
6572.86 1.4279527014365865
6573.26 1.2771998131425772
6573.65 1.1302072909861782
6574.05 1.0476813771948377
6574.44 1.0274169286054202
6574.83 1.0071513258133484
6575.23 0.9863648933697603
6575.62 0.9660969530563501
6576.01 0.9458278590130308
6576.41 0.9250378462898797
6576.8 0.9316860031350754
6577.2 0.9598405046467429
6577.59 0.9872927159220837
6577.98 1.0147464793842988
6578.38 1.0429057976760494
6578.77 1.0703627046680841
6579.16 1.0978211632114299
6579.56 1.123453981094175
6579.95 1.1466231584426156
6580.35 1.1703877757654533
6580.74 1.193559602015639
6581.13 1.2167327356838533
6581.53 1.2405014102143206
6581.92 1.2636771916999197
6582.31 1.2667328918629683
6582.71 1.2569684173447915
6583.1 1.2474475036092922
6583.5 1.2376818987478202
6583.89 1.228159883078573
6584.28 1.218637323528033
6584.68 1.208870030882301
6585.07 1.1844442926082828
6585.46 1.1525659185093398
6585.86 1.1198682723960478
6586.25 1.0879862368236624
6586.65 1.0552848358673277
6587.04 1.0233991398243638
6587.43 0.9915116370832843
6587.83 0.9647188899161758
6588.22 0.9413709572334775
6588.62 0.9174229850275919
6589.01 0.8940723720914637
6589.4 0.8707204362629013
6589.8 0.8467683588284293
6590.0 0.8347917983909678
6590.19 0.8234137438425407
6590.58 0.8087278747824078
6590.98 0.7971581153120033
6591.37 0.7858769514106659
6591.77 0.7743058619441135
6592.16 0.7630234014740758
6592.55 0.7517403010566317
6592.95 0.7401672256915802
6593.34 0.7381222757096557
6593.73 0.739263313197129
6594.13 0.7404336717500551
6594.52 0.7415748334323126
6594.92 0.7427453193470497
6595.31 0.7438866051900658
6595.7 0.7450279523150901
6596.1 0.7443469621696419
6596.49 0.7431587999774094
6596.88 0.741970567745394
6597.28 0.740751795273513
6597.67 0.7395634211950105
6598.07 0.7383445032594388
6598.46 0.7371559873732226
6598.85 0.7395554404808227
6599.25 0.7428215872535846
6599.64 0.7460062589056363
6600.04 0.7492727719067819
6600.43 0.7524578005826531
6600.82 0.7556430054747656
6601.22 0.7589100653139855
6601.61 0.7490963052108882
6602.0 0.7369184101400221
6610.0 0.6933856181425305
6630.0 0.7070907437360376
6650.0 0.729709513319508
6670.0 0.6893867694362189
6690.0 0.7068872172176136
6710.0 1.0142570979225984
6730.0 1.5843999366142103
6750.0 0.7110126490955107
6770.0 0.7029091493618875
6790.0 0.6740339517907374
6810.0 0.6930606651960977
6830.0 0.6909078171639084
6850.0 0.6867439758998426
6870.0 0.6744507032131878
6890.0 0.6784097818684486
6910.0 0.6767125996833829
6930.0 0.6732429064927004
6950.0 0.6810634125294592
6970.0 0.671201655427654
6990.0 0.6694326025004229
7010.0 0.6674733161604485
7030.0 0.6621793892202243
7050.0 0.6734957132658951
7070.0 0.6744386183877255
7090.0 0.6695832245894341
7110.0 0.6666689285563561
7130.0 0.6614241139523689
7150.0 0.665957938130549
7170.0 0.6496330392615026
7190.0 0.6239990782348321
7210.0 0.6274615776977558
7230.0 0.6449081025762238
7250.0 0.6416671119735028
7270.0 0.64092869141698
7290.0 0.633110311067334
7310.0 0.6396415678097778
7330.0 0.6510329175764719
7350.0 0.6543226538457321
7370.0 0.6453914908082861
7390.0 0.6430912056649689
7410.0 0.6431400705139632
7430.0 0.6325673181303315
7450.0 0.6395023035663727
7470.0 0.6467903393596247
7490.0 0.642316478717237
7510.0 0.6378622734466389
7530.0 0.6401189511772039
7550.0 0.641862030043696
7570.0 0.6352053461179052
7590.0 0.6349722375734741
7610.0 0.629138981077193
7630.0 0.6213213541235004
7650.0 0.6198978443678627
7670.0 0.5947698562850308
7690.0 0.6127497627492994
7710.0 0.5905431362200432
7730.0 0.6105897070225073
7750.0 0.6121333714240763
7770.0 0.588106487164684
7790.0 0.5788828983677802
7810.0 0.6036635488062725
7830.0 0.6088354241692975
7850.0 0.6121423243474668
7870.0 0.6116704450011061
7890.0 0.6076722209897636
7910.0 0.5998497357011352
7930.0 0.590436637462718
7950.0 0.5917349235754383
7970.0 0.5906886407970203
7990.0 0.5928248250768717
8010.0 0.5901456955968625
8030.0 0.5830143358887202
8050.0 0.5809376749790515
8070.0 0.5882195636864489
8090.0 0.5790846569657908
8110.0 0.5811313349302992
8130.0 0.5785484441657097
8150.0 0.5704410965181081
8170.0 0.5690128154416612
8190.0 0.5544870876237494
8210.0 0.5562485293083023
8230.0 0.5604858369882088
8250.0 0.5594126800855196
8270.0 0.5729943273908593
8290.0 0.5652112063383394
8310.0 0.5625402110629065
8330.0 0.5598923859243004
8350.0 0.5625207093075087
8370.0 0.5688778893229057
8390.0 0.5560351127421406
8410.0 0.5644737593763961
8430.0 0.5652096256424461
8450.0 0.5561363568179587
8470.0 0.5493579246238127
8490.0 0.5747661566149944
8510.0 0.5283084942914019
8530.0 0.5709362471658066
8550.0 0.43775172058143
8570.0 0.5656000463610827
8590.0 0.5668538437739665
8610.0 0.5339645088389355
8630.0 0.5601416965654513
8650.0 0.5626248951356717
8670.0 0.4354815110312908
8690.0 0.5314451841691924
8710.0 0.5495357107626606
8730.0 0.5615339857208806
8750.0 0.538899737306868
8770.0 0.5433805345397363
8790.0 0.5511802382283879
8810.0 0.5484258812185862
8830.0 0.5370583980351029
8850.0 0.5376265547142007
8870.0 0.4737962966135338
8890.0 0.5243596963587308
8910.0 0.5412803018421669
8930.0 0.5380200266565461
8950.0 0.5238834017124254
8970.0 0.5107691149881513
8990.0 0.49632196054664873
9010.0 0.4867907247519321
9030.0 0.5095242722476724
9050.0 0.5445844832404192
9070.0 0.5233425613786198
9090.0 0.5056022543229829
9110.0 0.5229406710625485
9130.0 0.5219338256916559
9150.0 0.49354529601634345
9170.0 0.4680712457427443
9190.0 0.47196087245569046
9210.0 0.4975000268160581
9230.0 0.48790655885624695
9250.0 0.48918642173779736
9270.0 0.5055007696062676
9290.0 0.49614211551302295
9310.0 0.518644213380203
9330.0 0.5201677689728846
9350.0 0.5184854807400279
9370.0 0.5149461707211008
9390.0 0.5146164446133119
9410.0 0.5121434298374444
9430.0 0.5092687364482915
9450.0 0.5085132803581499
9470.0 0.5077689688016854
9490.0 0.5059824133794093
9510.0 0.5005154941448886
9530.0 0.49122487709957385
9550.0 0.46253422736358446
9570.0 0.48760428747725687
9590.0 0.4961038657136585
9610.0 0.4960953240117209
9630.0 0.49500609091210573
9650.0 0.4926340428775791
9670.0 0.4906314765791927
9690.0 0.49028253383577647
9710.0 0.4885637740420077
9730.0 0.48687022586032047
9750.0 0.48514490932349924
9770.0 0.4844052598974606
9790.0 0.4820763945907031
9810.0 0.48221835611338826
9830.0 0.4823359503506646
9850.0 0.48031810156098553
9870.0 0.477324617938994
9890.0 0.4758486296436943
9910.0 0.47517518337699727
9930.0 0.47450150663564855
9950.0 0.472981123008812
9970.0 0.4713656288305937
9990.0 0.46975025774927587
10025.0 0.4561894591857377
10075.0 0.4486479163129022
10125.0 0.45676376694740656
10175.0 0.4527424432069345
10225.0 0.45191085230999123
10275.0 0.44953896582730446
10325.0 0.44495018562828764
10375.0 0.4413266010174695
10425.0 0.4376852501029958
10475.0 0.43402634839749055
10525.0 0.43019955647867425
10575.0 0.42624304280402475
10625.0 0.4222688699094455
10675.0 0.41827724877187117
10725.0 0.4137129927009667
10775.0 0.4088567586211073
10825.0 0.40398145763928156
10875.0 0.3990873141929399
10925.0 0.39717557903332046
10975.0 0.3965720420412255
11025.0 0.3959615280630486
11075.0 0.3953441177352168
11125.0 0.3932093423342297
11175.0 0.3902344709815949
11225.0 0.3872470781308771
11275.0 0.3842473067340565
11325.0 0.38175698905782857
11375.0 0.37973568326270934
11425.0 0.3777048364970647
11475.0 0.37566455604259735
11525.0 0.3733262110645476
11575.0 0.37036367256966923
11625.0 0.36738990309827657
11675.0 0.36440502720443807
11725.0 0.3616367573228519
11775.0 0.3590232729731385
11825.0 0.35639993113741414
11875.0 0.35376683957574573
11925.0 0.35115940649480987
11975.0 0.34866029489522415
12025.0 0.34615208191456937
12075.0 0.34363486565559537
12125.0 0.34129727489764905
12175.0 0.3392879676004235
12225.0 0.3372710522547639
12275.0 0.33524660971512393
12325.0 0.33317871857166914
12375.0 0.33105458673467686
12425.0 0.32892299022689986
12475.0 0.3267840073079237
12525.0 0.3246852211293121
12575.0 0.32264326632982443
12625.0 0.32059437414407627
12675.0 0.31853861632472874
12725.0 0.31651486110376115
12775.0 0.3145526043860014
12825.0 0.3125838966492714
12875.0 0.3106088037288609
12925.0 0.3086110380324291
12975.0 0.3065532854066611
13025.0 0.3044892095143001
13075.0 0.3024188740462261
13125.0 0.3005100129653864
13175.0 0.29868939562142244
13225.0 0.29686317658104117
13275.0 0.2950314115299125
13325.0 0.2933759382381695
13375.0 0.292004761312042
13425.0 0.29062902583473377
13475.0 0.28924877652890124
13525.0 0.28765258881582734
13575.0 0.2859538328950675
13625.0 0.2842501687748567
13675.0 0.2825416440120531
13725.0 0.28085987555913405
13775.0 0.2792471871763712
13825.0 0.2776299511267828
13875.0 0.27600821092201355
13925.0 0.2744937311076327
13975.0 0.27309364616740467
14025.0 0.2716895536213615
14075.0 0.2702814913356945
14125.0 0.2687154423800756
14175.0 0.2670497950751696
14225.0 0.2653799001343898
14275.0 0.2637057972098615
14325.0 0.26249561455386267
14375.0 0.26148643231808955
14425.0 0.2604741766665703
14475.0 0.2594588759302946
14525.0 0.25825868289392445
14570.0 0.2571120855493743
14620.0 0.25583491901915484
14675.0 0.25442621752080047
14725.0 0.25317970191893063
14775.0 0.2519469627778
14825.0 0.2507110868881413
14875.0 0.24947210248971774
14925.0 0.24826047567194304
14975.0 0.24706597640484163
15025.0 0.245868521958409
15075.0 0.24466813862723888
15125.0 0.24366749984941746
15175.0 0.24290443356707334
15225.0 0.2421391176954674
15275.0 0.24137157201253004
15325.0 0.24072079377714528
15375.0 0.24041399320612455
15425.0 0.2401056371520605
15475.0 0.2397957391249048
15525.0 0.23847595778415787
15575.0 0.23674081781470452
15625.0 0.23500234189404692
15675.0 0.23326055871004536
15725.0 0.2314624604319313
15775.0 0.22958143931546027
15825.0 0.22769702808116732
15875.0 0.22580925555930642
15925.0 0.22502257544359613
15975.0 0.2245776001816741
16050.0 0.22390732774991248
16150.0 0.22292406679948337
16250.0 0.22181872367392805
16350.0 0.21882059661250092
16450.0 0.21430547371715525
16550.0 0.2114192585621867
16650.0 0.20933542527481835
16750.0 0.20656561186392913
16850.0 0.20266182528691895
16950.0 0.19954383481229027
17050.0 0.19742719595761377
17150.0 0.1941690824159197
17250.0 0.18968850064165305
17350.0 0.18669732937479952
17450.0 0.18518013447604
17550.0 0.18306988864989143
17650.0 0.18036512245127018
17750.0 0.1778033421843533
17850.0 0.17540186546307943
17950.0 0.1725637143993255
18050.0 0.16913302707596717
18150.0 0.16616159407132017
18250.0 0.16405112785835815
18350.0 0.16181421273836527
18450.0 0.1595129594791581
18550.0 0.15671550578533763
18650.0 0.1535210239867114
18750.0 0.15104228332855008
18850.0 0.14957529343073828
18950.0 0.14803287442585716
19050.0 0.14645337323448931
19150.0 0.14468053408336443
19250.0 0.14271241193042586
19350.0 0.14037017823150755
19450.0 0.13710104793999753
19550.0 0.13483147658399752
19650.0 0.13356968583928924
19750.0 0.1320612650362956
19850.0 0.13044195026780211
19950.0 0.12887156334090757
20050.0 0.12737180190733735
20150.0 0.12545913078732068
20250.0 0.12323744183433628
20350.0 0.12181871167363076
20450.0 0.12072049218155725
20550.0 0.11932142664005645
20650.0 0.11740189822472102
20750.0 0.11564372650653448
20850.0 0.11406998991521282
20950.0 0.11252743637760575
21050.0 0.11100968863514472
21150.0 0.10952266048293048
21250.0 0.1080535113013311
21350.0 0.10670232935957771
21450.0 0.10540871703840085
21550.0 0.10356948147835378
21650.0 0.10149212508714635
21750.0 0.10044768237697987
21850.0 0.09982313696932642
21950.0 0.0986612478437724
22050.0 0.09727261904420662
22150.0 0.09599147122221333
22250.0 0.09475973568927748
22350.0 0.09362132206819505
22450.0 0.09253532285848046
22550.0 0.09146863092685736
22650.0 0.09041577789851354
22750.0 0.08863605977807373
22850.0 0.086109964602627
22950.0 0.08441521447695954
23050.0 0.08400660423218353
23150.0 0.08267754043772105
23250.0 0.0789025439467698
23350.0 0.07692063003303398
23450.0 0.07581966153281411
23550.0 0.07526789512995744
23650.0 0.07523168886788863
23750.0 0.0742785100416959
23850.0 0.07155949562380903
23950.0 0.07035649378419298
24050.0 0.0698095674774111
24150.0 0.06944316169072046
24250.0 0.06926612742379974
24350.0 0.06866721820876771
24450.0 0.06685742558648267
24550.0 0.06606392769546615
24650.0 0.06603055248053707
24750.0 0.0654608146491382
24850.0 0.0636738721921375
24950.0 0.06281572144948003
25050.0 0.06259645698367672
25150.0 0.062283489228579236
25250.0 0.061741058664197844
25350.0 0.06121716448717922
25450.0 0.060708436823337174
25550.0 0.06019737978020042
25650.0 0.05967952050496133
25750.0 0.05900280507885142
25850.0 0.05812239511167995
25950.0 0.057584638134351565
26050.0 0.057226319270297914
26150.0 0.05676274070703679
26250.0 0.05600190605096733
26350.0 0.05546841948319025
26450.0 0.055213006495149486
26550.0 0.054620230649596736
26650.0 0.0538262868853169
26750.0 0.05348167202794296
26850.0 0.05325565083724316
26950.0 0.05294219841262402
27050.0 0.052445759440495295
27150.0 0.05192514253452547
27250.0 0.05137590820618577
27350.0 0.05080101870012735
27450.0 0.05020724987686729
27550.0 0.04970570488231628
27650.0 0.049245999322393506
27750.0 0.04892227172774225
27850.0 0.04863624315402561
27950.0 0.04830368338794551
28050.0 0.04780825486501856
28150.0 0.047332569521788374
28250.0 0.04690712218366164
28350.0 0.04646674022403939
28450.0 0.04599730201617203
28550.0 0.04547419434313151
28650.0 0.04486129138462765
28750.0 0.04439645780993616
28850.0 0.04415713365421995
28950.0 0.04383847096059722
29050.0 0.043404203285321984
29150.0 0.04297440231114725
29250.0 0.04255144726350201
29350.0 0.04213268577646979
29450.0 0.04172088013486859
29550.0 0.041328943411561084
29650.0 0.04097376185863506
29750.0 0.04060739628913019
29850.0 0.040216291126719775
29950.0 0.03983823751744406
30050.0 0.03950070476907964
30150.0 0.03909060126695912
30250.0 0.038335154241799556
30350.0 0.03798556599042372
30450.0 0.037748734354963176
30550.0 0.03748750768012422
30650.0 0.037214853921448146
30750.0 0.036923102243852736
30850.0 0.03661692645120329
30950.0 0.036313983796082354
31050.0 0.03601517877851569
31150.0 0.03572973739112241
31250.0 0.03546430590025463
31350.0 0.035173047078787635
31450.0 0.034728259125425355
31550.0 0.034442155131982885
31650.0 0.03422480584842111
31750.0 0.03402786532692439
31850.0 0.033850083243954034
31950.0 0.03369536114814287
32100.0 0.033597797691442714
32300.0 0.03378930085765153
32500.0 0.03477693587727674
32700.0 0.03816304609940842
32900.0 0.050320646480984124
33100.0 0.04981365516046115
33300.0 0.03639162888443633
33500.0 0.032057342379232266
33700.0 0.030095529355406377
33900.0 0.02846181608460029
34100.0 0.02769157579953444
34300.0 0.026857940925071207
34500.0 0.026291616553357402
34700.0 0.025653047546331947
34900.0 0.02521438911788023
35100.0 0.02467210521020199
35300.0 0.024254890349482805
35500.0 0.02374108738448994
35700.0 0.023388074254573343
35900.0 0.022949664836578745
36100.0 0.02248636235941784
36300.0 0.022197836337050334
36500.0 0.02169750695042108
36700.0 0.021422856947080366
36900.0 0.020943775816810124
37100.0 0.020611718788898597
37300.0 0.020318425460822607
37500.0 0.019816639981288065
37700.0 0.019647321048509192
37900.0 0.019406264418961684
38100.0 0.01903086742071751
38300.0 0.01872951078737829
38500.0 0.018451200175223774
38700.0 0.01822946267313797
38900.0 0.017919159066814738
39100.0 0.01756520543945639
39300.0 0.017345302132239816
39500.0 0.017141092248795477
39700.0 0.01689468730164365
39900.0 0.01656765504505652
40100.0 0.016316882195413034
40300.0 0.016030405023340466
40500.0 0.01576118822050029
40700.0 0.01568354719428783
40900.0 0.015486348305224596
41100.0 0.015261250619640173
41300.0 0.015040474050017901
41500.0 0.014824036995695473
41700.0 0.01454810808674263
41900.0 0.014403996115295857
42100.0 0.014203354678719157
42300.0 0.014031219575282037
42500.0 0.013834123876631837
42700.0 0.013598781837217187
42900.0 0.013191887337385945
43100.0 0.012882651549494287
43300.0 0.012790831903467813
43500.0 0.012422505206042257
43700.0 0.012221182334982851
43900.0 0.012057646164835742
44100.0 0.011759862986326617
44300.0 0.0116656015958975
44500.0 0.011488084273296102
44700.0 0.011249464644457337
44900.0 0.012795425875187555
45100.0 0.012727900021168734
45300.0 0.012631214736166043
45500.0 0.012538193481344306
45700.0 0.012448785316859898
45900.0 0.012359435721785248
46100.0 0.012276535269495811
46300.0 0.012193634817206376
46500.0 0.01211398531668355
46700.0 0.012037402912721025
46900.0 0.01196093983346109
47100.0 0.011890293981866345
47300.0 0.011819648130271598
47500.0 0.011751919783480752
47700.0 0.011686824740112603
47900.0 0.011621884794502463
48100.0 0.011561768812386611
48300.0 0.011501652830270756
48500.0 0.011444207568055103
48700.0 0.011389068237202083
48900.0 0.011334122812995897
49100.0 0.011283578426380628
49300.0 0.01123303403976536
49500.0 0.01118479730248753
49700.0 0.011138465876780407
49900.0 0.01109233830227108
50100.0 0.011049835068071877
50300.0 0.011007331833872676
50500.0 0.01096707529765852
50700.0 0.010928592639667351
50900.0 0.010890331790363788
51100.0 0.01085529604282493
51300.0 0.010820260295286073
51500.0 0.01078718796928679
51700.0 0.010755597727652246
51900.0 0.010724238458548054
52100.0 0.010695711513072014
52300.0 0.010667184567595972
52500.0 0.010640326316398161
52700.0 0.010614671725304135
52900.0 0.010589265360335475
53100.0 0.010566482095156624
53300.0 0.010543698829977773
53500.0 0.010522502352209024
53700.0 0.01050239947116886
53900.0 0.010482558095667662
54100.0 0.010465135947984405
54300.0 0.010447713800301149
54500.0 0.01043156147503636
54700.0 0.010416244994243854
54900.0 0.010401178018923459
55100.0 0.01038815901024983
55300.0 0.010375140001576199
55500.0 0.010363532117387374
55700.0 0.010352810795736139
55900.0 0.010342295617775965
56100.0 0.010333297185310368
56300.0 0.01032429875284477
56500.0 0.010316617001650501
56700.0 0.010309724585293873
56900.0 0.01030305747834446
57100.0 0.010297888269691186
57300.0 0.010292719061037911
57500.0 0.01028864611143683
57700.0 0.010285199903258518
57900.0 0.010281998031240046
58100.0 0.01028027492715089
58300.0 0.010278551823061734
58500.0 0.010277696297277159
58700.0 0.010277313392932473
58900.0 0.010330589328549364
59100.0 0.010681261968604938
59300.0 0.011020635716956554
59500.0 0.009177348802842756
59700.0 0.009605058857092785
59900.0 0.012340856464329471
60100.0 0.014597656651468999
60300.0 0.014424774155736335
60500.0 0.01161214326775863
60700.0 0.010898899961060662
60900.0 0.010831166650429616
61100.0 0.01144129109919884
61300.0 0.011333003913130949
61500.0 0.011318953231134167
61700.0 0.011468369300816272
61900.0 0.012698008156392798
62100.0 0.013659595532638024
62300.0 0.014159126375770135
62500.0 0.011651718028768014
62700.0 0.010250228217019866
62900.0 0.010841897475053349
63100.0 0.012084654587726545
63300.0 0.013136233300837378
63500.0 0.013777287472864027
63700.0 0.01467422007382968
63900.0 0.014795076532471476
64200.0 0.013241801104316263
64600.0 0.012395262835488368
65000.0 0.011082726567418528
65400.0 0.013158196535323883
65800.0 0.012490991068062106
66200.0 0.01289869117463898
66600.0 0.011720921031350391
67000.0 0.012821338694275373
67400.0 0.011452478189546814
67800.0 0.013595938819228987
68200.0 0.010737580409584741
68600.0 0.007996653097087988
69000.0 0.011310736850959163
69400.0 0.014250392845070726
69800.0 0.014048274498705153
70200.0 0.013723943161671954
70600.0 0.011745223333492566
71000.0 0.01241580009009414
71400.0 0.012650794638742463
71800.0 0.01096814370129777
72200.0 0.009977666652157928
72600.0 0.014687371774416532
73000.0 0.01297635248765965
73400.0 0.013901072113566447
73800.0 0.012604053638183512
74200.0 0.01413779088480567
74600.0 0.016287047793590085
75000.0 0.015474143093048386
75400.0 0.018380514520861965
75800.0 0.01658938046233576
76200.0 0.01580633516247821
76600.0 0.015163498752183875
77000.0 0.014103115926004885
77400.0 0.012622883845849111
77800.0 0.014821452883036018
78200.0 0.01650535815280649
78600.0 0.017594458811893993
79000.0 0.015236163346563494
79400.0 0.013420262605031869
79800.0 0.01234477174784523
80200.0 0.012351803006794417
80600.0 0.012535618186922443
81000.0 0.012875280869286973
81400.0 0.013375436687674831
81800.0 0.013549667220477455
82200.0 0.013275214708259332
82600.0 0.01236442745815111
83000.0 0.012025726158596081
83400.0 0.012584994064613986
83800.0 0.012696127524067428
84200.0 0.01345287534543394
84600.0 0.015278157247525086
85000.0 0.014721923806852137
85400.0 0.013680176804838068
85800.0 0.01234587864019808
86200.0 0.012643085707850348
86600.0 0.013168746095541889
87000.0 0.013657513916705374
87400.0 0.013557547307655906
87800.0 0.013496190653276122
88200.0 0.013709832892417088
88600.0 0.013779627040774314
89000.0 0.014168123003812016
89400.0 0.015282728896504165
89800.0 0.015259174277480044
90200.0 0.015027490406402251
90600.0 0.014909099126621883
91000.0 0.014587964907127634
91400.0 0.014426725781354906
91800.0 0.014785644743111717
92200.0 0.014721137300536466
92600.0 0.014747213558583005
93000.0 0.015337182645633019
93400.0 0.01495863691727446
93800.0 0.014485566106938607
94200.0 0.014621684423263628
94600.0 0.015184440343083002
95000.0 0.015749080547919504
95400.0 0.01584816202003516
95800.0 0.01584014185517992
96200.0 0.01582972533276189
96600.0 0.015953796084974124
97000.0 0.015978531747006263
97400.0 0.01609646192546892
97800.0 0.01674477571934382
98200.0 0.016735895613379716
98600.0 0.01650843936777193
99000.0 0.016604673446550235
99400.0 0.0165303660530218
99800.0 0.01647433135115335
100200.0 0.016921313322321004
100400.00000000009 0.017048152923430572
100748.43066198383 0.016903387851283765
101098.07052641988 0.016851188984550076
101448.92378975474 0.016912542739995706
101800.9946629978 0.016873433340341477
102154.28737177301 0.016801614602694102
102508.80615636887 0.016972759677312224
102864.55527178946 0.01720870086173425
103221.53898780573 0.017582690653455687
103579.76158900595 0.018636461818642584
103939.22737484834 0.020095563566532623
104299.94065971187 0.03056994831899412
104661.9057729482 0.03993614262753356
105025.12705893395 0.04505827842151882
105389.60887712192 0.03892011621561285
105755.35560209466 0.025717874394716216
106122.37162361621 0.02031531452953387
106490.66134668495 0.01705991334628606
106860.22919158668 0.017751044411426307
107231.07959394684 0.017895447255787643
107603.217004785 0.017808535177820134
107976.64589056744 0.017957455719311986
108351.370733261 0.017612305154629432
108727.39603038708 0.016661220549203545
109104.72629507471 0.017387186934790782
109483.36605611602 0.01830378042940789
109863.31985801981 0.01885456227980866
110244.59226106624 0.018432810908175494
110627.1878413618 0.01764237063985131
111011.11119089334 0.018412887057513747
111396.36691758451 0.018954820200493588
111782.95964535022 0.01927571281441478
112170.89401415233 0.020514424299989866
112560.17468005554 0.0212026889411487
112950.80631528242 0.02095726819566737
113342.79360827077 0.019802212506283577
113736.1412637291 0.018822374114369135
114130.85400269323 0.018602153291176208
114526.93656258319 0.01841181270969747
114924.39369725919 0.01826812750795362
115323.23017708007 0.018234354171190417
115723.45078895958 0.018157625214147943
116125.06033642414 0.018294235801065886
116528.06363967061 0.019148205646311818
116932.46553562334 0.01886162107531894
117338.27087799355 0.018407541922699316
117745.48453733666 0.018619272228718613
118154.11140111096 0.017864722604798256
118564.15637373661 0.017415048981789315
118975.62437665339 0.018363934323667154
119388.52034838134 0.01864449692903723
119802.84924457902 0.018597829021936838
120218.61603810318 0.018226345922479372
120635.82571906883 0.018133665753106962
121054.48329490799 0.018042627973255863
121474.59379043133 0.017914858620308758
121896.16224788758 0.01748981563319442
122319.19372702412 0.017620943920787616
122743.69330514787 0.01805609528713192
123169.6660771864 0.018220919591595143
123597.11715574806 0.018144195031631418
124026.0516711849 0.017965971390926493
124456.47477165324 0.01773843013248218
124888.39162317566 0.017620855395294278
125321.80740970328 0.017547336233871124
125756.72733317701 0.017571452171728917
126193.15661359143 0.01792852579939568
126631.1004890565 0.017840513490946997
127070.56421586059 0.01821692996329462
127511.55306853396 0.019435385312054566
127954.0723399109 0.02037694172950639
128398.12734119488 0.019418810290897977
128843.72340202122 0.01788709981072531
129290.86587052139 0.017085942756681106
129739.56011338736 0.017011095754949454
130189.81151593504 0.01684694939009557
130641.62548217046 0.0166168921535324
131095.00743485359 0.01639192086912793
131549.96281556363 0.0170790374060298
132006.49708476473 0.01765131098231512
132464.61572187033 0.017951590195731282
132924.3242253105 0.017852631501442395
133385.628112597 0.017070723898949307
133848.53292038973 0.017105122376397938
134313.04420456337 0.01733727978464605
134779.167540273 0.017327036981871526
135246.90852202274 0.017625023504082578
135716.27276373174 0.01786327059279977
136187.2658988018 0.01786930203542518
136659.8935801853 0.017581830648359043
137134.16148045196 0.017006066777580937
137610.07529185852 0.017476601429477333
138087.64072641605 0.0179222237031014
138566.86351595866 0.01807387765209828
139047.7494122127 0.017892309663356684
139530.30418686455 0.01776704869084705
140014.53363163173 0.01768662401024409
140500.44355833106 0.01751088029785255
140988.03979894897 0.01722778287598615
141477.32820571162 0.017233637709272175
141968.3146511539 0.018628201162069983
142461.00502819192 0.016930221471767388
142955.40525019236 0.016311239890885794
143451.52125104374 0.01618807834529634
143949.35898522806 0.01603395201100182
144448.924427891 0.015738072721475233
144950.2235749154 0.01663333697097183
145453.2624429921 0.01752858637973564
145958.04706969234 0.01754599057276289
146464.58351354074 0.017658126818095782
146972.87785408652 0.017961808417408364
147482.9361919785 0.01802828144003901
147994.76464903704 0.017978775248202985
148508.36936832778 0.01803016502737327
149023.7565142358 0.018113202040662704
149540.9322725382 0.018249425621763227
150059.90285048028 0.01817998752849959
150580.6744768489 0.0180916459999488
151103.25340204738 0.01842221068670375
151627.64589817091 0.018819922356851662
152153.85825908065 0.019285405120242696
152681.89680048096 0.01934526617255197
153211.76785999417 0.019200870733260742
153743.47779723676 0.018683284872860948
154277.0329938962 0.02201410795070044
154812.43985380605 0.027547972995391964
155349.70480302497 0.037172287255734474
155888.8342899124 0.03834355181664246
156429.8347852063 0.03265521784795863
156972.71278210124 0.024222779020103412
157517.47479632485 0.01962279615105758
158064.1273662182 0.020058467221954326
158612.67705281274 0.02031676985468186
159163.1304399096 0.02049553537304962
159715.49413415877 0.020567343903316018
160269.77476513712 0.020738682264952398
160825.97898542997 0.020871236185404825
161384.11347070962 0.020860509982937727
161944.18491981577 0.020960579368920637
162506.2000548363 0.020993099339883046
163070.1656211866 0.02077060142396637
163636.0883876925 0.021074172014451133
164203.97514667013 0.021374716626932043
164773.83271400793 0.021301271097605233
165345.66792924836 0.021216878131128835
165919.48765567035 0.021177432350631405
166495.29878037024 0.021234389247017073
167073.10821434658 0.021258533519959225
167652.9228925817 0.021248954889084876
168234.74977412526 0.02119699308440507
168818.59584217807 0.02148328087907296
169404.46810417465 0.021653825892569506
169992.37359186928 0.02174324904578785
170582.3193614191 0.022547862609717733
171174.31249346913 0.0226198365469711
171768.3600932375 0.02227953146984084
172364.46929059955 0.02198163672050926
172962.64724017525 0.021989854469674334
173562.90112141386 0.02190457376996176
174165.23813868032 0.021537896935224676
174769.6655213422 0.021837502548809614
175376.19052385495 0.02197483184004634
175984.8204258511 0.022075552335685807
176595.5625322263 0.02255883791297168
177208.42417322725 0.022684284611809852
177823.4127045401 0.022665146736081707
178440.53550737724 0.02261228794241974
179059.79998856818 0.023247583585464672
179681.21358064678 0.02295930799740504
180304.7837419411 0.022448062366977054
180930.51795666298 0.022283580762064815
181558.42373499667 0.02256492288903444
182188.508613191 0.022467110740894962
182820.7801536484 0.02260023773268466
183455.24594501613 0.023740775866783803
184091.9136022776 0.02317666818666648
184730.79076684228 0.02318450872702355
185371.88510663982 0.02349372392378729
186015.20431621035 0.023803692201514567
186660.7561167974 0.02947464376384471
187308.54825644082 0.03082162537484903
187958.58851006837 0.02868720536322118
188610.8846795912 0.02457721610605999
189265.44459399607 0.024713014642608038
189922.27610943964 0.024146088991814522
190581.38710934314 0.02354763622430409
191242.78550448545 0.022879911898406862
191906.4792331004 0.02167072838322974
192572.47626097052 0.022455957698149263
193240.7845815229 0.02289163515085376
193911.41221592567 0.022636795344464316
194584.36721318262 0.021900495051126095
195259.65765023217 0.021896678170864495
195937.29163204285 0.022330285495461025
196617.27729171072 0.02259974265606759
197299.62279055765 0.022107735357358497
197984.33631822755 0.020995574072641982
198671.42609278703 0.02059711009817525
199360.90036082253 0.021080294601850173
200052.7673975396 0.021700340715642537
200747.03550686277 0.02194141713596354
201443.7130215334 0.02189510879603537
202142.80830321225 0.02199149435174772
202844.3297425782 0.0221525039411697
203548.28575942936 0.02109658423555595
204254.6848027845 0.02104421849316758
204963.53535098286 0.021439096235964995
205674.84591178835 0.021689523124805755
206388.62502249 0.02164574882395321
207104.88125000495 0.021601822607676128
207823.62319098154 0.021350393251268328
208544.8594719008 0.021090900786953932
209268.59874918268 0.021009180653421316
209994.84970928813 0.02103627536751092
210723.62106882382 0.021075020947167972
211454.9215746472 0.02114157123930757
212188.76000396966 0.021208352489239416
212925.1451644646 0.020955691106141504
213664.08589437135 0.020697973821770802
214405.5910626017 0.020567368800674824
215149.66956884676 0.020491875869379773
215896.33034368197 0.020528274716864026
216645.5823486771 0.020716108145185066
217397.43457650184 0.020857036186925193
218151.8960510343 0.02076982308613668
218908.9758274697 0.020682307318829782
219668.68299242735 0.020555492903759732
220431.02666406232 0.020425577336982095
221196.01599217302 0.02041836209729227
221963.66015831166 0.020459801367893556
222733.96837589474 0.02048208543701335
223506.94989031187 0.02048623640325119
224282.61397903945 0.02044888701110159
225060.96995175022 0.020326800721179726
225842.02715042542 0.020244079787691032
226625.79494946744 0.02036967893380134
227412.28275581042 0.020493295695289238
228201.50000903595 0.02029969161018908
228993.45618148448 0.020105415636647358
229788.16077836952 0.020234926230889714
230585.62333789226 0.020413208493624456
231385.85343135396 0.020324030814013877
232188.8606632739 0.020144736990277277
232994.65467150253 0.02000677602843782
233803.24512733784 0.019891602617749048
234614.64173564175 0.019789480277538258
235428.8542349548 0.01969789151550812
236245.89239761574 0.019664386273148426
237065.76602987712 0.01969474192524188
237888.48497202326 0.01969909135997502
238714.05909848903 0.019666892836935103
239542.4983179762 0.01968335964117015
240373.81257357553 0.019782744861920692
241208.01184288395 0.019832017823773977
242045.10613812497 0.019783046375445413
242885.10550626923 0.019726331735082085
243728.0200291531 0.01965343237022442
244573.85982360275 0.01960748542466105
245422.63504155353 0.01961971986812975
246274.3558701723 0.01960323309933931
247129.0325319802 0.019527871601818132
247986.67528497343 0.019437781959673366
248847.29442274923 0.019320784231886504
249710.90027462755 0.01924056099821536
250577.5032057754 0.019218272392705883
251447.1136173319 0.019187338875578205
252319.741946531 0.019145414293698936
253195.39866682977 0.019221820593016085
254074.09428803218 0.01941503495751207
254955.83935641564 0.01937743054687042
255840.64445485763 0.019172629435512043
256728.52020296326 0.019035470254085012
257619.47725719062 0.018931471490989536
258513.52631098175 0.019142903583687584
259410.67809488898 0.019448194416493127
260310.94337670426 0.019179868577393844
261214.33296158884 0.018841377392897634
262120.8576922009 0.01880525158646361
263030.5284488288 0.01876813845919206
263943.3561495196 0.01872608538331434
264859.35175021074 0.01869095028258878
265778.5262448618 0.01867198675857856
266700.8906655845 0.01866970452220632
267626.45608277834 0.018686708058683405
268555.23360526125 0.018602210544165537
269487.23438040353 0.018459974962172984
270422.46959426196 0.018398776631367603
271360.9504717122 0.01835737628469609
272302.6882765867 0.01843642549312127
273247.69431180746 0.018492070010102744
274195.97991952254 0.01846821786807742
275147.55648124265 0.018351578727300855
276102.4354179754 0.01812028801282468
277060.6281903659 0.018146112880100065
278022.1462988321 0.01829449066797605
278987.001283703 0.018205471130367606
279955.20472535834 0.018122541584950358
280926.7682443648 0.01817251786641492
281901.7035016192 0.01819785220245897
282880.0221984859 0.0181906635191397
283861.73607693805 0.01814803370429982
284846.856919699 0.01809039938013115
285835.39655038144 0.01807395154767655
286827.3668336328 0.018047033167005993
287822.7796752752 0.01799189466522931
288821.64702244906 0.017975935012977902
289823.9808637571 0.01798811655312095
290829.79322940577 0.01782177755402574
291839.0961913531 0.017672332927724226
292851.90186345164 0.017659452381236274
293868.22240159387 0.017559145088546117
294888.0700038592 0.017387064864839732
295911.45691065746 0.01761562507712347
296938.39540488017 0.01774141445948191
297968.8978120446 0.01739541207443632
299002.9765004432 0.017196874521551116
300040.643881292 0.017095107048389246
301081.9124088775 0.017070989996384765
302126.7945807098 0.016990853050033262
303175.3029376698 0.016804157572682922
304227.45006416074 0.01692016632675712
305283.2485882598 0.017148483468383855
306342.71118186694 0.017414967558251518
307405.8505608609 0.017618848409301283
308472.6794852493 0.017770211452509666
309543.21075932245 0.017521261282111966
310617.4572318076 0.017253229433376812
311695.4317960206 0.016982377695798356
312777.1473900245 0.016858298824863
313862.6169967824 0.016830522749328922
314951.8536443137 0.01698721072794032
316044.87040585116 0.01698765099209541
317141.68039999536 0.016916695731522668
318242.2967908759 0.016818086723461988
319346.7327883069 0.016750616474147065
320455.0016479461 0.01670639609363755
321567.116671454 0.016704195819419437
322683.09120665427 0.016713902251975502
323802.93864769104 0.016734322847251976
324926.672435194 0.01678228092175451
326054.30605643673 0.01689735005698452
327185.8530454994 0.01707460336432618
328321.326983432 0.017389087612092013
329460.74149841425 0.017384574058993508
330604.11026592366 0.017258164858719366
331751.4470088968 0.018029937200576735
332902.76549789455 0.019399566996472523
334058.07955126825 0.02086140740144413
335217.40303532267 0.021053744954341272
336380.74986448674 0.01934685152217147
337548.13400147745 0.017498860128061983
338719.56945746863 0.017449197647818153
339895.07029225933 0.017255168687996994
341074.65061444003 0.016855339292558166
342258.32458156615 0.01617490064036201
343446.10640032514 0.016780268845991084
344638.0103267076 0.017254752829747422
345834.0506661794 0.017507351411254864
347034.2417738501 0.017365231496474995
348238.5980546498 0.017565424344174393
349447.1339634991 0.0
350659.8640054834 0.0
351876.8027360276 0.0
353097.96476106776 0.0
354323.3647372312 0.0
355553.01737200917 0.0
356786.93742393394 0.0
358025.13970275706 0.0
359267.6390696242 0.0
360514.4504372573 0.0
361765.5887701314 0.0
363021.06908465445 0.0
364280.90644934855 0.0
365545.1159850277 0.0
366813.7128649837 0.0
368086.7123151656 0.0
369364.1296143627 0.0
370645.98009438923 0.0
371932.2791402647 0.0
373223.04219040385 0.0
374518.28473679814 0.0
375818.0223252031 0.0
377122.2705553253 0.0
378431.04508100665 0.0
379744.36161041673 0.0
381062.23590623855 0.0
382384.6837858583 0.0
383711.7211215558 0.0
385043.36384069227 0.0
386379.62792590604 0.0
387720.529415301 0.0
389066.08440264023 0.0
390416.3090375398 0.0
391771.21952565934 0.0
393130.8321289014 0.0
394495.16316560353 0.0
395864.22901073477 0.0
397238.0460960931 0.0
398616.63091049937 0.0
400000.0000000001 0.0
