# wave sed
100.0 0.0
101.16723813892234 0.0
102.34810072657412 0.0
103.54274679271734 0.0
104.75133722336962 0.0
105.97403478247193 0.0
107.21100413380778 0.0
108.46241186317907 0.0
109.72842650084112 0.0
111.00921854419819 0.0
112.30496048076571 0.0
113.61582681139876 0.0
114.94199407379335 0.0
116.28364086626053 0.0
117.64094787177888 0.0
119.01409788232803 0.0
120.4032758235048 0.0
121.8086687794286 0.0
123.23046601793568 0.0
124.66885901606862 0.0
126.1240414858635 0.0
127.59620940043659 0.0
129.0855610203777 0.0
130.59229692044943 0.0
132.11662001659946 0.0
133.65873559328833 0.0
135.2188513311344 0.0
136.7971773348841 0.0
138.39392616170596 0.0
140.0093128498174 0.0
141.64355494744356 0.0
143.2968725421154 0.0
144.9694882903099 0.0
146.6616274474348 0.0
148.37351789816543 0.0
150.1053901871336 0.0
151.85747754997584 0.0
153.6300159447446 0.0
155.42324408368395 0.0
157.23740346537906 0.0
159.07273840727817 0.0
160.92949607859592 0.0
162.8079265336008 0.0
164.7082827452895 0.0
166.63082063945654 0.0
168.5757991291594 0.0
170.54348014958805 0.0
172.53412869333948 0.0
174.5480128461053 0.0
176.58540382277613 0.0
178.6465760039654 0.0
180.73180697296257 0.0
182.84137755311448 0.0
184.97557184564522 0.0
187.13467726791728 0.0
189.31898459213747 0.0
191.52878798451738 0.0
193.76438504488837 0.0
196.02607684678046 0.0
198.31416797796928 0.0
200.62896658149444 0.0
202.97078439715938 0.0
205.33993680351264 0.0
207.73674286032227 0.0
210.161525351543 0.0
212.6146108287869 0.0
215.09632965530182 0.0
217.6070160504604 0.0
220.14700813477222 0.0
222.71664797541774 0.0
225.316281632316 0.0
227.94625920473004 0.0
230.6069348784142 0.0
233.29866697331482 0.0
236.02181799182478 0.0
238.77675466760297 0.0
241.56384801496426 0.0
244.38347337884306 0.0
247.23601048534402 0.0
250.12184349287875 0.0
253.04136104390327 0.0
255.99495631725586 0.0
258.9830270811082 0.0
262.00597574653443 0.0
265.0642094217033 0.0
268.1581399667064 0.0
271.2881840490223 0.0
274.4547631996323 0.0
277.6583038697874 0.0
280.8992374884402 0.0
284.17800052034727 0.0
287.49503452484765 0.0
290.8507862153293 0.0
294.2457075193901 0.0
297.68025563969803 0.0
301.1548931155661 0.0
304.67008788524146 0.0
308.2263133489262 0.0
311.82404843252914 0.0
315.46377765216494 0.0
319.14599117940617 0.0
322.8711849072939 0.0
326.639860517122 0.0
330.45252554600023 0.0
334.3096934552052 0.0
338.2118836993287 0.0
342.1596217962346 0.0
346.1534393978327 0.0
350.1938743616756 0.0
354.2814708233945 0.0
358.41677926998017 0.0
362.6003566139161 0.0
366.8327662681821 0.0
371.1145782221278 0.0
375.44636911823727 0.0
379.82872232978445 0.0
384.26222803939874 0.0
388.7474833185473 0.0
393.2850922079417 0.0
397.87566579888875 0.0
402.5198223155841 0.0
407.21818719837404 0.0
411.9713931879816 0.0
416.780080410721 0.0
421.6448964647061 0.0
426.5664965070618 0.0
431.5455433421566 0.0
436.5827075108659 0.0
441.678667380872 0.0
446.83410923802546 0.0
452.0497273787651 0.0
457.3262242036245 0.0
462.6643103118227 0.0
468.0647045969638 0.0
473.52813434385376 0.0
479.0553353264421 0.0
484.64705190691467 0.0
490.3040371359344 0.0
496.02705285406097 0.0
501.816869794346 0.0
507.6742676861314 0.0
513.6000353600585 0.0
519.5949708542997 0.0
525.6598815220331 0.0
531.7955841401722 0.0
538.0029050193606 0.0
544.2826801152567 0.0
550.63575514111 0.0
557.06298568166 0.0
563.5652373083559 0.0
570.1433856959266 0.0
576.7983167403125 0.0
583.5309266779669 0.0
590.3421222065591 0.0
597.232820607077 0.0
604.2039498673644 0.0
611.2564488070915 0.0
618.3912672041895 0.0
625.6093659227619 0.0
632.9117170424826 0.0
640.29930398951 0.0
647.7731216689299 0.0
655.3341765987367 0.0
662.9834870453899 0.0
670.7220831609402 0.0
678.5510071217691 0.0
686.471313268936 0.0
694.4840682501713 0.0
702.5903511635267 0.0
710.7912537026951 0.0
719.0878803040372 0.0
727.4813482953134 0.0
735.9727880461627 0.0
744.5633431203275 0.0
753.2541704296625 0.0
762.0464403899406 0.0
770.941337078472 0.0
779.940058393569 0.0
789.0438162158719 0.0
798.2538365715509 0.0
807.5713597974249 0.0
816.9976407079934 0.0
826.5339487644327 0.0
836.181568245552 0.0
845.9417984207521 0.0
855.8159537250046 0.0
865.805363935864 0.0
875.9113743525587 0.0
886.1353459771597 0.0
896.4786556978764 0.0
906.9426964744804 0.0
917.5288775259002 0.16079885155713863
928.2386245200086 0.16372732791634984
939.0733797656142 0.16674316242957882
950.0346024067044 0.16984957897678934
961.1237686189546 0.1730499414627077
972.3423718085218 0.17634776072847516
983.6919228131729 0.1797467018420348
995.1739501057457 0.1832505917898912
1006.79 0.18686342759435556
1018.44 0.13342932814987457
1030.23 0.16147056040874502
1042.16 0.2410214749053533
1054.24 0.22549743039407572
1066.44 0.21643555365616665
1078.79 0.20827623415329627
1091.28 0.24325860181505585
1103.92 0.23368022753771536
1116.69 0.21892018097029398
1129.63 0.2472239016418213
1142.71 0.24322612569591257
1155.95 0.2512267320722196
1169.32 0.1902071405943105
1182.87 0.24634413983275855
1196.57 0.19677932849796714
1210.42 0.11074468077313139
1224.43 0.24005581258795308
1238.62 0.2785138063868142
1252.96 0.2817909346997064
1267.47 0.31159884918252767
1282.15 0.3183280022716139
1296.99 0.2875931621630061
1312.01 0.33677892523426883
1327.2 0.3144726988702306
1342.56 0.32697337002508703
1358.12 0.3222305347562582
1373.84 0.31299963420587984
1389.75 0.24698685107365406
1405.84 0.28679291920536937
1422.12 0.2932540114304859
1438.58 0.31025092113717806
1455.25 0.30902859622525347
1472.09 0.3133995322575226
1489.14 0.3162566450104462
1506.39 0.29704774717962995
1523.82 0.27193535062615776
1541.48 0.23173016322166895
1559.32 0.2669136748692425
1577.38 0.2822613243945612
1595.64 0.26780800211436045
1614.12 0.2611602469016967
1632.81 0.2635721861533712
1651.72 0.26352196968520764
1670.85 0.2726848292782991
1690.19 0.2700448947312208
1709.76 0.25418735960017264
1729.56 0.26596024212957653
1749.59 0.2657256863263734
1769.85 0.2594222182002443
1790.35 0.24977128429078943
1811.07 0.25353708001435726
1832.04 0.24350651694291264
1853.26 0.23118424663556528
1874.72 0.22614218246083892
1896.43 0.21467643714391607
1918.39 0.19732177467592105
1940.6 0.20679946675416613
1963.08 0.19315926957138174
1985.8 0.18504198196251112
2008.8 0.18604695267779076
2032.06 0.17822668348152604
2055.59 0.15897279319131186
2079.39 0.17047763577609307
2103.47 0.16144117717493
2127.83 0.15935549880502
2152.46 0.1569364825162825
2177.39 0.1493099626198909
2202.61 0.1477258635814276
2228.11 0.14751330260480763
2253.91 0.15073516311984145
2280.01 0.1529698474175111
2306.41 0.15812735736544586
2333.12 0.15791437823449758
2360.13 0.16212072279722547
2387.46 0.16042470855718832
2415.1 0.16623048151448405
2443.08 0.1758605134091605
2471.36 0.17564293306700504
2499.98 0.1807605947392787
2528.93 0.1817972727825767
2558.21 0.188833742358544
2587.83 0.18948739221831112
2617.8 0.19279650848281515
2648.11 0.19798076199728434
2678.78 0.19731367706798833
2709.79 0.1912901388466923
2741.18 0.19286218654884185
2772.91 0.1948940912887436
2805.02 0.19786485508649107
2837.5 0.19676099280913212
2870.36 0.20022526188013498
2903.59 0.20706329770983506
2937.22 0.2040309680610089
2971.23 0.20715140945273547
3005.64 0.20085803025442756
3040.44 0.20299761599813454
3075.64 0.2051610973063079
3111.26 0.20830683026905172
3147.28 0.2090795676261838
3183.73 0.21277569954325387
3220.6 0.21603939135275133
3257.89 0.21985805359033228
3295.61 0.21714504714440286
3333.77 0.2194607826828626
3372.37 0.2192604608282521
3411.43 0.22159648925095812
3450.93 0.21885629640715082
3490.89 0.2196603376174477
3531.31 0.22353151854169542
3572.2 0.21082405067137408
3613.57 0.22156217686544905
3655.41 0.2094413678241842
3697.74 0.2145963767466243
3740.56 0.2229325648625585
3783.87 0.2402784018868173
3827.69 0.26257140740870727
3872.01 0.25279503496112515
3916.84 0.29667190899971646
3962.2 0.28039953472588863
4008.08 0.3469441525264249
4054.49 0.34098582252509524
4101.44 0.32373759397486446
4148.93 0.3456534277149373
4196.98 0.3483919424441741
4245.58 0.3463274937753267
4294.74 0.3280093312087507
4344.46 0.348550588554512
4394.77 0.3545150553691915
4445.66 0.3556200469856746
4497.14 0.3769791105479467
4549.21 0.3746554725960222
4601.89 0.3819652522579248
4655.18 0.3738513800783124
4709.08 0.38032303768714876
4763.61 0.38122880802626
4818.77 0.37705314004708185
4874.57 0.37583294818426566
4931.02 0.40528971751434056
4988.11 0.5914453497770301
5045.87 0.38436536850361497
5104.3 0.38119368619358807
5163.41 0.36218454785153414
5223.2 0.38751317027770277
5283.68 0.39203146389938537
5344.86 0.3953958491985396
5406.75 0.39538374770810386
5469.36 0.3939877223904435
5532.69 0.4029161902402286
5596.75 0.39566632198687657
5661.56 0.39857971941682807
5727.12 0.4007519119331066
5793.44 0.40384040267573373
5860.52 0.39284185952898304
5928.38 0.39609449664138313
5997.03 0.39541552999498863
6066.48 0.4015895843108088
6136.72 0.3903751579962862
6207.78 0.3891852687096172
6279.66 0.393370841488588
6352.37 0.403830911483117
6425.93 0.4025511419060994
6500.34 0.4057761584759903
6575.61 0.42246999431326504
6651.75 0.3986117380712417
6728.78 0.400636844866394
6806.69 0.40822273457152564
6885.51 0.4087805571477958
6965.24 0.41212674709242086
7045.89 0.40814964700347744
7127.48 0.40481475801710204
7210.01 0.40489521002804496
7293.5 0.41369394763705153
7377.96 0.4223439841890282
7463.39 0.4287490115866886
7549.82 0.4345030588609197
7637.24 0.4231879173171438
7725.67 0.4249394148331066
7815.13 0.42753734664566645
7905.27 0.42043534990964093
7996.8 0.42722120843006434
8089.4 0.4304889319207168
8183.06 0.43583966524939804
8277.82 0.4238845058684988
8373.68 0.4300557663306546
8470.64 0.394056682000842
8568.72 0.41922706695429696
8667.95 0.4452443414422279
8768.31 0.4463798082497128
8869.85 0.45255377469579877
8972.56 0.4216916550437476
9076.45 0.4477949677062133
9181.56 0.4207499865637565
9287.87 0.408346831830192
9395.42 0.40457153133465557
9504.22 1.1450422405894993
9614.27 0.4282647815635425
9725.56 0.42586028972043455
9838.17 0.4371010573148837
9952.05 0.4327714565252969
10067.3 0.4374211938511988
10183.9 0.4325158950663025
10301.9 0.43159312649614145
10421.2 0.42964519828972225
10541.9 0.42472660608463964
10663.9 0.4270449315888721
10787.4 0.42756819361281617
10912.3 0.43341465124419076
11038.7 0.4118792603880059
11166.5 0.41115177466154845
11295.8 0.409639709527457
11426.6 0.4056661841737649
11558.9 0.39884626877535584
11692.7 0.39866577934791303
11828.2 0.39471700372881874
11965.1 0.39032498474005173
12103.7 0.3877408135511277
12243.8 0.38293259486633635
12385.6 0.37383224417798805
12529.6 0.36742689342231843
12674.7 0.36784694300051685
12821.5 0.36360794731518226
12969.9 0.36355574055832246
13120.1 0.3605640782913787
13272.0 0.35757243142359874
13425.6 0.3529543331981802
13581.2 0.34044637484394524
13738.4 0.34462806836019494
13897.5 0.34445100793906763
14058.4 0.3298954201911295
14221.2 0.3229233363088128
14385.8 0.3279409790181624
14552.5 0.3122280771566498
14720.9 0.3218251256434039
14891.4 0.3347675990396956
15063.9 0.32949052733021983
15238.2 0.3280337167596352
15414.8 0.33340493727577003
15593.2 0.31988712307127765
15773.8 0.326589013813767
15956.4 0.32959903197010654
16141.2 0.29781326900952676
16328.1 0.3190664424766884
16517.2 0.3286974282201751
16708.5 0.31130667841557635
16901.9 0.31409354634905085
17097.6 0.30437511629688124
17295.6 0.2859152076187487
17495.9 0.2812196880852257
17698.5 0.26596958266677606
17903.5 0.2627847236076715
18110.7 0.2608224576781718
18320.4 0.24158533837485704
18532.6 0.23215451233414147
18747.2 0.23092225479941805
18964.3 0.22810329638203256
19183.9 0.2161635804352977
19406.0 0.2091271284912601
19630.8 0.20846030068257493
19858.0 0.19706689064654903
20088.0 0.19596902814401782
20320.6 0.18912310254095874
20555.9 0.18504775272457277
20793.9 0.1802210708791684
21034.7 0.17713634429827738
21278.3 0.16857493958752764
21524.6 0.1615341824991635
21773.9 0.15657228014581256
22026.1 0.15457903066011797
22281.1 0.14844738293274198
22539.1 0.14092078311895373
22800.1 0.13975375705504517
23064.1 0.12489115935007171
23331.2 0.11778440937981169
23601.3 0.10935203537129648
23874.6 0.10255367226373845
24151.0 0.09891424175877564
24430.8 0.0933379162729333
24713.7 0.08910408627387141
24999.8 0.08641367611225455
25289.3 0.08456935466832466
25582.1 0.0825409433990894
25878.3 0.081807093478086
26178.0 0.08145171335450674
26481.1 0.08108442479107067
26787.8 0.0807049559198168
27097.9 0.08031361664845026
27411.8 0.07990968311191742
27729.1 0.0794938251823309
28050.2 0.07906540359270389
28375.0 0.07862451577521583
28703.6 0.07817099805774445
29035.9 0.07770505811064961
29372.2 0.07722615400879468
29712.3 0.07673443749759074
30056.4 0.07622979557935067
30404.4 0.07571224793908062
30756.4 0.07518162542532475
31112.6 0.0746376026162018
31472.8 0.0739272
31837.3 0.07319
32206.0 0.0724443
32578.9 0.0716902
32956.1 0.0709273
33337.7 0.0701555
33723.7 0.0693749
34114.3 0.0685849
34509.3 0.0677861
34908.9 0.0669779
35313.1 0.0661605
35722.0 0.0653335
36135.7 0.0644968
36554.1 0.0636506
36977.4 0.0627945
37405.6 0.0619285
37838.7 0.0610526
38276.9 0.0601664
38720.1 0.0592701
39168.4 0.0583634
39622.0 0.0574461
40080.8 0.0565182
40544.9 0.0555796
41014.4 0.05463
41489.3 0.0536696
41969.8 0.0526978
42455.8 0.0517149
42947.4 0.0507207
43444.6 0.0497151
43947.7 0.0486977
44456.6 0.0476684
44971.4 0.0466273
45492.1 0.0455742
46018.9 0.0445088
46551.8 0.0434311
47090.8 0.042341
47636.1 0.0412382
48187.7 0.0401225
48745.7 0.038994
49310.2 0.0378523
49881.1 0.0366977
50458.7 0.0355296
51043.0 0.0343479
51634.1 0.0373486
52232.0 0.0493579
52836.8 0.0592688
53448.6 0.0558922
54067.5 0.0514955
54693.6 0.0583741
55326.9 0.0669073
55967.5 0.0720462
56615.6 0.0744166
57271.2 0.0676276
57934.4 0.0597047
58605.2 0.0628138
59283.8 0.0602213
59970.3 0.0741966
60664.8 0.0966484
61367.2 0.130511
62077.8 0.277644
62796.6 0.202817
63523.7 0.138962
64259.3 0.112723
65003.4 0.106126
65756.1 0.0960532
66517.5 0.113922
67287.8 0.10977
68066.9 0.0993599
68855.1 0.103251
69652.4 0.119447
70458.9 0.124924
71274.8 0.119232
72100.1 0.119266
72935.0 0.141405
73779.6 0.186518
74633.9 0.237369
75498.2 0.2863
76372.4 0.318033
77256.7 0.298796
78151.3 0.284819
79056.3 0.245436
79971.7 0.206592
80897.8 0.16042
81834.5 0.137589
82782.1 0.124554
83740.7 0.11834
84710.3 0.120258
85691.2 0.128204
86683.4 0.111527
87687.2 0.0828997
88702.6 0.0602487
89729.7 0.0507744
90768.7 0.0403003
91819.7 0.0366469
92883.0 0.0342033
93958.6 0.0328861
95046.5 0.0336043
96147.1 0.0365151
97260.5 0.0349349
98386.6 0.0298657
99411.1 0.0289339
100563.0 0.0298799
101727.0 0.0281098
102905.0 0.0276098
104097.0 0.0323148
105302.0 0.0371973
106521.0 0.0368947
107755.0 0.037759
109002.0 0.0395477
110265.0 0.0544358
111541.0 0.0991742
112833.0 0.135096
114140.0 0.0893476
115462.0 0.0696737
116798.0 0.0671211
118151.0 0.0661268
119519.0 0.0783339
120903.0 0.0877735
122303.0 0.0992471
123719.0 0.114697
125151.0 0.130338
126601.0 0.151847
128067.0 0.205245
129549.0 0.139965
131049.0 0.133915
132567.0 0.131273
134102.0 0.128663
135655.0 0.131721
137226.0 0.126775
138815.0 0.123762
140423.0 0.129107
142049.0 0.135007
143693.0 0.131672
145357.0 0.131804
147040.0 0.134267
148743.0 0.135105
150466.0 0.131682
152207.0 0.128837
153970.0 0.122896
155753.0 0.133835
157557.0 0.116253
159381.0 0.110215
161227.0 0.106937
163093.0 0.10844
164982.0 0.118105
166892.0 0.115861
168825.0 0.114996
170779.0 0.128245
172757.0 0.120922
174758.0 0.118259
176781.0 0.113754
178829.0 0.118708
180899.0 0.114054
182993.0 0.115556
185113.0 0.120574
187256.0 0.14331
189424.0 0.133749
191618.0 0.135242
193837.0 0.14695
196081.0 0.157387
198351.0 0.165217
200648.0 0.180616
202972.0 0.188885
205322.0 0.197922
207700.0 0.21095
210104.0 0.212517
212537.0 0.224714
214999.0 0.237374
217488.0 0.24295
220007.0 0.25521
222555.0 0.267333
225132.0 0.270741
227738.0 0.27894
230376.0 0.29151
233043.0 0.297604
235742.0 0.311695
238471.0 0.330581
241232.0 0.341444
244026.0 0.360462
246852.0 0.381727
249710.0 0.397898
252601.0 0.417024
255527.0 0.433953
258486.0 0.45056
261479.0 0.45621
264506.0 0.461924
267569.0 0.467705
270667.0 0.473553
273801.0 0.479469
276972.0 0.485455
280179.0 0.491509
283424.0 0.497635
286706.0 0.50383
290025.0 0.510095
293384.0 0.516436
296782.0 0.52285
300217.0 0.529334
303694.0 0.535898
307211.0 0.542537
310768.0 0.549251
314367.0 0.556045
318006.0 0.562914
321689.0 0.569867
325414.0 0.576898
329182.0 0.584011
332994.0 0.591207
336850.0 0.598486
340750.0 0.605848
344696.0 0.613296
348687.0 0.62083
352725.0 0.625132
356809.0 0.628018
360941.0 0.632371
365121.0 0.635289
369348.0 0.639694
373625.0 0.639694
377951.0 0.638222
382328.0 0.639694
386755.0 0.639694
391234.0 0.641169
395764.0 0.642647
400346.0 0.642646
404983.0 0.644128
409672.0 0.644128
414416.0 0.644128
419214.0 0.644128
424069.0 0.642647
428979.0 0.642646
433947.0 0.641168
438971.0 0.641168
444055.0 0.639694
449196.0 0.639694
454398.0 0.638221
459659.0 0.638222
464982.0 0.638222
470366.0 0.636754
475813.0 0.636754
481322.0 0.635289
486896.0 0.632372
492534.0 0.630917
498238.0 0.629466
504007.0 0.626574
509843.0 0.625132
515746.0 0.62226
521718.0 0.620829
527760.0 0.619401
533871.0 0.617977
540053.0 0.617977
546307.0 0.613722
552632.0 0.608096
559032.0 0.602521
565504.0 0.596997
572053.0 0.591523
578677.0 0.586101
585378.0 0.580728
592156.0 0.572759
599013.0 0.561012
605949.0 0.549506
612966.0 0.539475
620063.0 0.529629
627244.0 0.519962
634506.0 0.511649
641854.0 0.50231
649286.0 0.493142
656805.0 0.484141
664410.0 0.476401
672104.0 0.467706
679886.0 0.459169
687758.0 0.450788
695723.0 0.440527
703779.0 0.430499
711928.0 0.4207
720172.0 0.411124
728511.0 0.401765
736946.0 0.391716
745480.0 0.382799
754113.0 0.373225
762845.0 0.362218
771679.0 0.351538
780614.0 0.341957
789653.0 0.331872
798797.0 0.322828
808047.0 0.313308
817403.0 0.304769
826868.0 0.297147
836442.0 0.291052
846129.0 0.285083
855926.0 0.279236
865837.0 0.273509
875863.0 0.268517
886006.0 0.263009
896264.0 0.257615
906643.0 0.252331
917141.0 0.247726
927762.0 0.242646
938504.0 0.237669
949372.0 0.232794
960365.0 0.228544
971485.0 0.222829
982734.0 0.214769
994111.0 0.206524
1005630.0 0.199054
1017270.0 0.191413
1029050.0 0.184065
1040970.0 0.176592
1053020.0 0.168644
1065210.0 0.16217
1077550.0 0.156664
1090020.0 0.151347
1102650.0 0.146207
1115410.0 0.141244
1128330.0 0.136449
1141400.0 0.132121
1154620.0 0.12793
1167980.0 0.123871
1181510.0 0.120218
1195190.0 0.116405
1209030.0 0.112713
1223030.0 0.109137
1237190.0 0.102794
1251510.0 0.0943999
1266010.0 0.0860938
1280670.0 0.0824084
1295490.0 0.0799782
1310490.0 0.0776197
1325670.0 0.0751574
1341020.0 0.0729411
1356550.0 0.0703027
1372260.0 0.0677597
1388150.0 0.0651586
1404230.0 0.0628018
1420490.0 0.0605302
1436930.0 0.0583408
1453570.0 0.0561012
1470400.0 0.0529629
1487430.0 0.050463
1504660.0 0.0481917
1522070.0 0.0460228
1539700.0 0.0439513
1557530.0 0.0420701
1575570.0 0.0397165
1593810.0 0.0381918
1612270.0 0.0368954
1630930.0 0.0356427
1649820.0 0.0344328
1668920.0 0.0331872
1688250.0 0.0319868
1707790.0 0.0307589
1727570.0 0.0296464
1747580.0 0.0285083
1767810.0 0.0274139
1788290.0 0.0259998
1808990.0 0.0250018
1829930.0 0.0241529
1851130.0 0.023333
1872560.0 0.0225409
1894240.0 0.0217756
1916180.0 0.0207955
1938370.0 0.0197684
1960810.0 0.0187487
1983510.0 0.0176999
2006480.0 0.0158479
2029720.0 0.0142223
2053220.0 0.0136449
2077000.0 0.0132731
2101040.0 0.012705
2125370.0 0.0120773
2149990.0 0.0114807
2174890.0 0.0109389
2200070.0 0.0103985
2225550.0 0.00959338
2251320.0 0.00903591
2277390.0 0.00858958
2303760.0 0.00818412
2330430.0 0.00777986
2357420.0 0.00741263
2384710.0 0.00711168
2412320.0 0.00687024
2440260.0 0.00650088
2468520.0 0.00612311
2497100.0 0.0057408
2526010.0 0.0054072
2555270.0 0.00518767
2584860.0 0.00500002
2614790.0 0.00477499
2645060.0 0.00453912
2675690.0 0.00432486
2706670.0 0.00411124
2738010.0 0.00391717
2769720.0 0.00371511
2801790.0 0.00351538
2834240.0 0.00333404
2867060.0 0.00317667
2900250.0 0.00304068
2933840.0 0.00290383
2967820.0 0.00277314
3000000.0 0.00277314
8000000.0 1.60171e-05
12000000.0 2.4616e-06
12720000.0 1.87456e-06
14470000.0 1.19345e-06
16460000.0 8.06525e-07
18730000.0 5.73908e-07
21310000.0 4.25011e-07
24250000.0 3.23944e-07
27590000.0 2.51897e-07
31390000.0 1.98463e-07
35720000.0 1.57769e-07
40640000.0 1.26215e-07
46240000.0 1.01466e-07
52610000.0 8.17866e-08
59860000.0 6.61631e-08
60460000.0 6.4969e-08
