# wave sed
100.0 0.0
101.16633347895616 0.0
102.34627029575375 0.0
103.5399691106761 0.0
104.74759043451478 0.0
105.96929665015251 0.0
107.2052520343976 0.0
108.45562278007411 0.0
109.72057701836863 0.0
111.00028484143775 0.0
112.29491832528012 0.0
113.60465155287446 0.0
114.92966063758712 0.0
116.270123746854 0.0
117.62622112613742 0.0
118.99813512316257 0.0
120.38605021243751 0.0
121.79015302005826 0.0
123.21063234880313 0.0
124.64767920352081 0.0
126.10148681681348 0.0
127.57225067501946 0.0
129.06016854450007 0.0
130.56544049823196 0.0
132.08826894270942 0.0
133.6288586451619 0.0
135.18741676108755 0.0
136.76415286210812 0.0
138.35927896414964 0.0
139.97300955595102 0.0
141.60556162790456 0.0
143.25715470123473 0.0
144.92801085751537 0.0
146.61835476853182 0.0
148.3284137264919 0.0
150.05841767458872 0.0
151.80859923791934 0.0
153.57919375476556 0.0
155.3704393082385 0.0
157.18257675829173 0.0
159.01584977410965 0.0
160.8705048668719 0.0
162.74679142290003 0.0
164.64496173719226 0.0
166.56527104734786 0.0
168.50797756788714 0.0
170.47334252497333 0.0
172.4616301915379 0.0
174.47310792281536 0.0
176.50804619229444 0.0
178.56671862808676 0.0
180.64940204971958 0.0
182.75637650535958 0.0
184.88792530946895 0.0
187.04433508090074 0.0
189.22589578144022 0.0
191.43290075479405 0.0
193.66564676603411 0.0
195.92443404150336 0.0
198.209566309185 0.0
200.5213508395428 0.0
202.86009848683955 0.0
205.2261237309352 0.0
207.61974471957308 0.0
210.04128331116075 0.0
212.4910651180482 0.0
214.96941955031053 0.0
217.47667986004353 0.0
220.01318318617373 0.0
222.57927059979122 0.0
225.17528715001302 0.0
227.80158191037953 0.0
230.458508025792 0.0
233.1464227599997 0.0
235.86568754363847 0.0
238.61666802283003 0.0
241.39973410834997 0.0
244.21526002536706 0.0
247.06362436376276 0.0
249.9452101290398 0.0
252.8604047938221 0.0
255.80960034995678 0.0
258.7931933612223 0.0
261.81158501665396 0.0
264.86518118448924 0.0
267.9543924667418 0.0
271.079634254415 0.0
274.24132678335644 0.0
277.4398951907643 0.0
280.675769572355 0.0
283.9493850401955 0.0
287.2611817812095 0.0
290.6116051163688 0.0
294.0011055605732 0.0
297.4301388832274 0.0
300.89916616952826 0.0
304.40865388246374 0.0
307.95907392553465 0.0
311.55090370621156 0.0
315.18462620012787 0.0
318.8607300160228 0.0
322.57970946144366 0.0
326.3420646092123 0.0
330.1483013646663 0.0
333.9989315336875 0.0
337.89447289152105 0.0
341.8354492523973 0.0
345.82239053996824 0.0
349.85583285856274 0.0
353.93631856527304 0.0
358.0643963428848 0.0
362.2406212736544 0.0
366.46555491394787 0.0
370.7397653697517 0.0
375.063827373063 0.0
379.4383223591694 0.0
383.863838544834 0.0
388.340971007389 0.0
392.87032176475157 0.0
397.4524998563767 0.0
402.0881214251502 0.0
406.77780980023755 0.0
411.52219558090235 0.0
416.3219167212983 0.0
421.17761861625075 0.0
426.0899541880424 0.0
431.05958397420693 0.0
436.08717621634725 0.0
441.173406949993 0.0
446.31896009550275 0.0
451.52452755002554 0.0
456.79080928054015 0.0
462.1185134179743 0.0
467.50835635242265 0.0
472.96106282947864 0.0
478.4773660476862 0.0
484.05800775712794 0.0
489.7037383591675 0.0
495.4153170073509 0.0
501.19351170948437 0.0
507.03909943090815 0.0
512.9528661989692 0.0
518.9356072087129 0.0
524.9881269298126 0.0
531.1112392147404 0.0
537.3057674082008 0.0
543.572544457845 0.0
549.9124130262712 0.0
556.3262256043323 0.0
562.8148446257688 0.0
569.3791425831748 0.0
576.0200021453159 0.0
582.7383162758207 0.0
589.5349883532516 0.0
596.4109322925759 0.0
603.3670726680588 0.0
610.4043448375846 0.0
617.5236950684284 0.0
624.7260806644986 0.0
632.0124700950599 0.0
639.3838431249565 0.0
646.8411909463593 0.0
654.3855163120461 0.0
662.0178336702336 0.0
669.7391693009898 0.0
677.5505614542308 0.0
685.453060489327 0.0
693.4477290163436 0.0
701.5356420389231 0.0
709.7178870988331 0.0
717.995564422207 0.0
726.3697870674843 0.0
734.8416810750748 0.0
743.4123856187776 0.0
752.0830531589569 0.0
760.8548495975054 0.0
769.7289544346227 0.0
778.7065609274136 0.0
787.7888762503383 0.0
796.9771216575384 0.0
806.2725326470522 0.0
815.6763591269425 0.0
825.1898655833708 0.0
834.8143312506238 0.0
844.5510502831238 0.0
854.4013319294517 0.0
864.3665007083931 0.0
874.4478965870369 0.0
884.6468751609594 0.0
894.9648078365021 0.0
905.4030820151748 0.0
915.9631012802188 0.0004264660860338172
926.6462855853359 0.00044278242136322466
937.4540714456215 0.00045991644030448736
948.3879121307293 0.00047791670284155134
959.4492778602843 0.0004968350613709415
970.6396560015719 0.0005167269098008154
981.9605512695431 0.0005376514533586845
993.4134859291432 0.0005596720009783378
1005.0 0.0005828562823185783
1015.0 0.0005783929728982414
1025.0 0.0003562438173338542
1035.0 0.00046487503109101546
1045.0 0.000768589413184447
1055.0 0.0008093708809173608
1065.0 0.0006957005610941872
1075.0 0.000815193068925605
1085.0 0.0006800644779038919
1095.0 0.0008808736516074844
1105.0 0.0009322372706018528
1115.0 0.0009333595315941024
1125.0 0.0009238052099617473
1135.0 0.001131340044237369
1145.0 0.0010653405606323497
1155.0 0.0011811902031013397
1165.0 0.0012717234974709505
1175.0 0.0010440651771390118
1185.0 0.0012664845753378757
1195.0 0.0007773760057635959
1205.0 0.0006937709843635907
1215.0 0.0005097288249579191
1225.0 0.000889416431125133
1235.0 0.0015282082942465359
1245.0 0.0018219105458924382
1255.0 0.0017693733002446415
1265.0 0.001407976187236622
1275.0 0.0021384125810376747
1285.0 0.0023670201120312047
1295.0 0.0019109450009132222
1305.0 0.0017928767719344696
1315.0 0.0023969858054035532
1325.0 0.002399439656496955
1335.0 0.0020483359904677964
1345.0 0.0026765264214496072
1355.0 0.002621671077689116
1365.0 0.0023383283591857417
1375.0 0.002603130170547532
1385.0 0.0026882276979757606
1395.0 0.002581511018241857
1405.0 0.0026426735614685968
1415.0 0.0025887419604312123
1425.0 0.0027590105547117476
1435.0 0.0026862767047317335
1442.0 0.0029144310342443915
1447.0 0.003049483736500332
1455.0 0.00296372769498021
1465.0 0.0027531516967625653
1475.0 0.0027276460806622553
1485.0 0.002876107448357224
1495.0 0.0030109205727491153
1505.0 0.0029181587009342565
1512.0 0.002599684031306331
1517.0 0.0028539231395050555
1525.0 0.002653003661959041
1535.0 0.0023364873257759014
1545.0 0.002777226457701352
1555.0 0.002587811745079819
1565.0 0.002560737379757062
1575.0 0.002733424584844332
1585.0 0.0029532792307466263
1595.0 0.0030722726659257963
1605.0 0.0029713793150582197
1615.0 0.0030181046932443683
1625.0 0.0028182250839144194
1635.0 0.0030149814941720266
1645.0 0.003103737661910451
1655.0 0.0027932916257430154
1665.0 0.003138302992748504
1672.0 0.002630394483928974
1677.0 0.00314339594360334
1685.0 0.0034143875033369555
1695.0 0.003205861098379701
1705.0 0.003051766136721244
1715.0 0.0029032795133386515
1725.0 0.0029022963848019823
1735.0 0.003137439383577348
1745.0 0.0030977351596076165
1755.0 0.0034090217277502853
1765.0 0.0030088358240370513
1775.0 0.0032190428397426583
1785.0 0.0032719877416834474
1795.0 0.0035874011799038753
1805.0 0.0035406292921126756
1815.0 0.0033400358368819495
1825.0 0.003366926374255971
1835.0 0.003238516534846167
1845.0 0.00297513362260714
1855.0 0.0030115706920244584
1865.0 0.0031434758934780604
1875.0 0.003438561067816486
1885.0 0.003227787610861555
1895.0 0.0031767916136300855
1905.0 0.0032842496624733543
1915.0 0.00324949844580939
1925.0 0.0032373517608543386
1935.0 0.0032514039350205045
1945.0 0.0034670865987572277
1955.0 0.0033214989654873485
1967.0 0.003672865161756094
1976.0 0.003754340555571283
1984.0 0.00358720294966873
1995.0 0.0034860505599344895
2005.0 0.0035604556842269704
2015.0 0.0034212895614370003
2025.0 0.003582743629459907
2035.0 0.0034991399401134745
2045.0 0.003702583961973747
2055.0 0.003528407290822743
2065.0 0.003541148356168059
2074.0 0.003843318018433928
2078.0 0.0039032425728898375
2085.0 0.004075067393912395
2095.0 0.0038622697888481463
2105.0 0.003821448516074428
2115.0 0.003936044734151813
2125.0 0.003957460982262394
2135.0 0.0035971884480643845
2145.0 0.003932452631910342
2155.0 0.004060890810895007
2165.0 0.0038399280871989124
2175.0 0.0038229902004626027
2185.0 0.0039451370518911
2195.0 0.004157780615142951
2205.0 0.004018597991174029
2215.0 0.0036773612666111087
2225.0 0.0036759996695093925
2235.0 0.004216346153512877
2245.0 0.003959985374288252
2255.0 0.0036387465946838746
2265.0 0.003688137255883211
2275.0 0.0038928615375979515
2285.0 0.004269148907126342
2295.0 0.003958175635768026
2305.0 0.004083994488269865
2315.0 0.00380965574820865
2325.0 0.002947707363891115
2335.0 0.0033972497430757413
2345.0 0.0030927300896722815
2355.0 0.0037981025399358094
2365.0 0.003155935745618422
2375.0 0.003452614755777353
2385.0 0.002941120176751108
2395.0 0.0033185050150139448
2405.0 0.0032024803487231963
2415.0 0.003385285413097661
2425.0 0.004066265996735414
2435.0 0.003962523671644052
2445.0 0.004422012002023533
2455.0 0.0044469163702193495
2465.0 0.0042665941215436496
2475.0 0.003994400703556933
2485.0 0.003728142436973339
2495.0 0.003785013540491365
2505.0 0.004590850115957208
2513.0 0.003529814785348038
2518.0 0.0034744279697444132
2525.0 0.0033571946051502563
2535.0 0.0037941156254845893
2545.0 0.0038103955664882594
2555.0 0.004940705521474068
2565.0 0.0043864714018997655
2575.0 0.005072590513376631
2585.0 0.004841400157062457
2595.0 0.0046562835921473795
2605.0 0.004340497422140223
2615.0 0.0041854845312795895
2625.0 0.004843821695945827
2635.0 0.0062560725801797615
2645.0 0.00764703058470081
2655.0 0.009582757085536887
2665.0 0.006990769276268408
2675.0 0.0077017394210967365
2685.0 0.008495494709718368
2695.0 0.006860410501860428
2705.0 0.00797300492477816
2715.0 0.006483672651619166
2725.0 0.005731325679346206
2735.0 0.006732010423233073
2745.0 0.004888222779327245
2755.0 0.0056950766270903435
2765.0 0.006736244145033386
2775.0 0.007176137990203356
2785.0 0.005534444608642073
2795.0 0.003522254551170431
2805.0 0.004015508748901027
2815.0 0.006868779752687886
2825.0 0.008549634715709829
2835.0 0.008006134768062782
2845.0 0.006486148203186803
2855.0 0.005094042287007561
2865.0 0.008033868812588723
2875.0 0.010052966347270013
2885.0 0.009636623562738993
2895.0 0.011328577740078184
2910.0 0.014898529479715341
2930.0 0.013371519284024875
2950.0 0.012544886687474572
2970.0 0.013019152164496386
2990.0 0.013342508679289126
3010.0 0.01337375954870632
3030.0 0.014454918718693989
3050.0 0.015095841152239112
3070.0 0.016712271414097337
3090.0 0.016427636173222748
3110.0 0.01922774517829407
3130.0 0.017981831196371274
3150.0 0.01842678061213684
3170.0 0.020338129949322298
3190.0 0.01796747660608772
3210.0 0.0197864448305115
3230.0 0.017325813350212656
3250.0 0.023929128287001604
3270.0 0.02802289126231948
3290.0 0.027967653742013012
3310.0 0.026244168559183254
3330.0 0.02735754594988628
3350.0 0.026643575337021434
3370.0 0.020420466949081072
3390.0 0.023212107797320112
3410.0 0.024072008492227345
3430.0 0.025705024995369686
3450.0 0.026963932644063597
3470.0 0.028211126324401644
3490.0 0.03210655135611681
3510.0 0.03475015971317402
3530.0 0.03144400686297034
3550.0 0.036554826662953295
3570.0 0.025261528996527595
3590.0 0.02607258869033595
3610.0 0.03314793979620797
3630.0 0.035544411632388064
3640.0 0.03736196324404211
3650.0 0.04242513126816882
3670.0 0.04585178088392177
3690.0 0.04110766097970135
3710.0 0.043720586026831265
3730.0 0.029673281150125432
3750.0 0.03477982117749337
3770.0 0.04531185462873143
3790.0 0.047933018331428295
3810.0 0.0460389826182021
3830.0 0.027948113421645184
3850.0 0.038414182012514446
3870.0 0.03920238423560343
3890.0 0.044962622240758636
3910.0 0.05776737824158858
3930.0 0.03153594201060501
3950.0 0.05134224225598784
3970.0 0.03492843827810361
3990.0 0.07567654532363387
4010.0 0.08471308338958763
4030.0 0.08400981027010933
4050.0 0.08132105558161364
4070.0 0.07681722185148186
4090.0 0.09422697426661929
4110.0 0.08783449042269065
4130.0 0.08821802555629056
4150.0 0.08711036569605322
4170.0 0.0894448285060466
4190.0 0.08822577192376808
4210.0 0.0899193820562995
4230.0 0.0853880180765796
4250.0 0.09251299214651701
4270.0 0.08761883637854619
4290.0 0.08307080042841478
4310.0 0.0731886076459834
4330.0 0.10446366680615972
4350.0 0.10472422961354438
4370.0 0.1169462383745549
4390.0 0.10400134296731427
4410.0 0.11103924801240965
4430.0 0.1210431883755708
4450.0 0.12329506906424721
4470.0 0.1332516838439697
4490.0 0.13780656547305228
4510.0 0.15904778956836804
4530.0 0.13857236443208235
4550.0 0.14684787336452912
4570.0 0.16036312174859413
4590.0 0.1527142650770247
4610.0 0.15767701193542416
4630.0 0.15510809801622147
4650.0 0.15818587118096572
4670.0 0.16717408362651365
4690.0 0.1655593879561411
4710.0 0.1612076817560344
4730.0 0.16779286627575815
4750.0 0.17460142511095664
4770.0 0.17264084635574906
4790.0 0.17472753753248618
4810.0 0.176240005833572
4830.0 0.1838316511050678
4850.0 0.17435997892896604
4870.0 0.16023741346285045
4890.0 0.18068296125859695
4910.0 0.18221231560029832
4930.0 0.17914971850528602
4950.0 0.18837292920321907
4970.0 0.18527985881368816
4990.0 0.17290734996625381
5010.0 0.16350387600841487
5030.0 0.175980533328983
5050.0 0.17601189902184639
5070.0 0.18517688133772872
5090.0 0.17522745972578682
5110.0 0.18155220747215486
5130.0 0.17567673491220948
5150.0 0.16905483727745063
5170.0 0.15503086700766727
5190.0 0.1627215413040572
5210.0 0.1796380388607071
5230.0 0.19779870114423578
5250.0 0.2092087479390241
5270.0 0.18349831389572357
5290.0 0.21521704261324084
5310.0 0.23191759349796073
5330.0 0.2020008259461514
5350.0 0.22474525523051878
5370.0 0.2243276825831436
5390.0 0.2203470894619455
5410.0 0.21808715769137008
5430.0 0.2227758185162417
5450.0 0.230209062166883
5470.0 0.22701596539347357
5490.0 0.23033703953041237
5510.0 0.22817920020132743
5530.0 0.23963303767037702
5550.0 0.24489460379533443
5570.0 0.24050212456324474
5590.0 0.23472791724480369
5610.0 0.2454800201703664
5630.0 0.24552119830249972
5650.0 0.25165622154141865
5670.0 0.24633272322247904
5690.0 0.2565586792920106
5710.0 0.2480716198214949
5730.0 0.2730154890616787
5750.0 0.2635149018814748
5770.0 0.26749651907971217
5790.0 0.25743557106664977
5810.0 0.27076316189987293
5830.0 0.2810092506639983
5850.0 0.2724268030285626
5870.0 0.2730478283486787
5890.0 0.23642622659201395
5910.0 0.27037871110268336
5930.0 0.2750651814109366
5950.0 0.2766877960703959
5970.0 0.28350660409286826
5990.0 0.2799398638854154
6010.0 0.2775822111791711
6030.0 0.2876257169184188
6050.0 0.295003905446525
6070.0 0.29562813343285976
6090.0 0.2857505427166889
6110.0 0.2886707408661674
6130.0 0.27236499160769867
6150.0 0.2823871760716684
6170.0 0.26542691854306155
6190.0 0.28601587591113103
6210.0 0.2843099425828218
6230.0 0.2757086103166861
6250.0 0.26812648414724993
6270.0 0.2832622155879165
6290.0 0.2908927998971763
6310.0 0.28183361907433735
6330.0 0.28775180660471
6350.0 0.28987578553843246
6370.0 0.2897305298667555
6390.0 0.29778530218473814
6410.0 0.2932904506986069
6430.0 0.297721332480277
6450.0 0.29685327127855243
6470.0 0.29735787487422777
6490.0 0.29294227405381285
6510.0 0.30632001189018243
6530.0 0.30777356830613695
6550.0 0.3016363173587058
6570.0 0.2873263928943187
6590.0 0.3068563473901053
6610.0 0.3114030378866979
6630.0 0.308972447964321
6650.0 0.3103859564614507
6670.0 0.30375181066793494
6690.0 0.3090413097395043
6710.0 0.2971475346390955
6730.0 0.30712291285518784
6750.0 0.30277857660865476
6770.0 0.3058593899636043
6790.0 0.30319585841268293
6810.0 0.30652929643501003
6830.0 0.31240501706648405
6850.0 0.30487429256618404
6870.0 0.3120393229548592
6890.0 0.31848362112853335
6910.0 0.31932034931816305
6930.0 0.31834330854264403
6950.0 0.320194179059872
6970.0 0.3264701795126536
6990.0 0.32651700830713964
7010.0 0.32366230799072715
7030.0 0.33262376486702744
7050.0 0.3352996681801972
7070.0 0.3244432132590105
7090.0 0.3137529333777486
7110.0 0.30617577494098613
7130.0 0.29987052155560134
7150.0 0.29970740320984046
7170.0 0.305761122526692
7190.0 0.299344135480102
7210.0 0.308423657885233
7230.0 0.31811095875335005
7250.0 0.322359673774032
7270.0 0.32662981466421714
7290.0 0.3239929014691815
7310.0 0.3360679430996189
7330.0 0.33872881691646844
7350.0 0.3444814074097776
7370.0 0.35617501011825065
7390.0 0.3509968992568709
7410.0 0.3525723384536069
7430.0 0.3638212256057716
7450.0 0.36457376273924985
7470.0 0.37305615494983596
7490.0 0.3741156315196198
7510.0 0.37978297762521895
7530.0 0.38837947348588653
7550.0 0.3929554590229314
7570.0 0.39288275948066365
7590.0 0.3840139939875976
7610.0 0.37742386820258356
7630.0 0.36871475926269137
7650.0 0.3605228166319855
7670.0 0.34187881538625836
7690.0 0.3522778948476239
7710.0 0.3466032022540694
7730.0 0.3489754963090994
7750.0 0.34774291257206397
7770.0 0.35403757974327393
7790.0 0.35824503738155833
7810.0 0.35943198751030003
7830.0 0.35756832814432826
7850.0 0.3538481353319863
7870.0 0.36205988065659295
7890.0 0.3586176193585218
7910.0 0.3511290895523608
7930.0 0.35411606048205735
7950.0 0.35245099069734065
7970.0 0.36666736205548145
7990.0 0.36814120613140994
8010.0 0.37431994901716237
8030.0 0.3776972115287782
8050.0 0.3795061463224821
8070.0 0.3870176231095567
8090.0 0.3853528308526748
8110.0 0.39163550365752103
8130.0 0.4062600872300366
8150.0 0.41358436406506427
8170.0 0.41966132897597597
8190.0 0.4054402341203207
8210.0 0.4021282314604096
8230.0 0.405924293223158
8250.0 0.40647732106195456
8270.0 0.4115968366467
8290.0 0.40789533411024625
8310.0 0.39464202039850965
8330.0 0.39216872470129993
8350.0 0.3936349355187294
8370.0 0.3970885637454448
8390.0 0.38328278515885955
8410.0 0.3986996096538109
8430.0 0.3784547438413391
8450.0 0.36947665622437137
8470.0 0.3708526010582045
8490.0 0.374250173117535
8510.0 0.35941716110003963
8530.0 0.37565826741772196
8550.0 0.3454467358641275
8570.0 0.39169649521335975
8590.0 0.388670793475638
8610.0 0.3948670426260453
8630.0 0.4041797321179283
8650.0 0.4059596592558128
8670.0 0.3652747577171787
8690.0 0.39879238931661565
8710.0 0.41616709908103805
8730.0 0.4214465111361351
8750.0 0.4194178449459107
8770.0 0.42856545184915823
8790.0 0.4356491089103973
8810.0 0.4279904412222058
8830.0 0.4336822602221322
8850.0 0.4344473807447954
8870.0 0.4174880428004093
8890.0 0.4242396986947855
8910.0 0.43066187883628954
8930.0 0.4238959231303363
8950.0 0.4263970986606454
8970.0 0.42926149460954965
8990.0 0.4314138333970905
9010.0 0.41986268579189806
9030.0 0.43789763766845996
9050.0 0.4534775444871863
9070.0 0.4553185815480454
9090.0 0.4480507033108636
9110.0 0.4553480341384307
9130.0 0.4648683405770128
9150.0 0.462691795265717
9170.0 0.46380287340483456
9190.0 0.47043900275710443
9210.0 0.4519729294917428
9230.0 0.43970828060512485
9250.0 0.4388897771945399
9270.0 0.4428988996876282
9290.0 0.43647370402147445
9310.0 0.44048178738875277
9330.0 0.4426286530431
9350.0 0.44177163425205224
9370.0 0.43488071175350146
9390.0 0.4449344560583206
9410.0 0.43800498339205535
9430.0 0.45037295881442857
9450.0 0.4449314319500364
9470.0 0.45735797557882296
9490.0 0.4595281281050115
9510.0 0.4513736828968781
9530.0 0.45582744047198903
9550.0 0.44915227548393083
9570.0 0.4547635416872791
9590.0 0.4646369720959459
9610.0 0.4586905262030175
9630.0 0.4631779617403145
9650.0 0.4544712623186152
9670.0 0.45623071947540783
9690.0 0.4650136863943719
9710.0 0.4577995056188638
9730.0 0.45368251763852363
9750.0 0.453468251933018
9770.0 0.4571816871126423
9790.0 0.4510476215679514
9810.0 0.464636636441327
9830.0 0.4604602666992724
9850.0 0.4653854358715037
9870.0 0.4631697843595909
9890.0 0.46372764250484383
9910.0 0.45869190420862815
9930.0 0.46323119000811935
9950.0 0.46577950133910534
9970.0 0.4671266273689766
9990.0 0.4668636586961042
10030.0 0.46874275265253285
10070.0 0.4649359568653988
10130.0 0.4730002186981282
10170.0 0.4691162248142683
10220.0 0.47345001936463016
10280.0 0.47742159451207683
10320.0 0.4738324133338721
10380.0 0.47316658545388013
10430.0 0.4774708527670473
10480.0 0.4720792013043899
10520.0 0.46787882954554516
10580.0 0.45977961857374283
10630.0 0.45713733219884056
10680.0 0.45530238490329766
10720.0 0.4603535380385443
10780.0 0.45973251041804125
10820.0 0.45436448508457183
10870.0 0.4550024412432572
10920.0 0.45649585862571285
10980.0 0.4521900947970399
11020.0 0.449716903483995
11080.0 0.44363495675459896
11130.0 0.44406590887192965
11170.0 0.442327621748239
11220.0 0.4440167102783267
11280.0 0.4403136994676013
11330.0 0.44159751360592364
11380.0 0.43931881765810843
11430.0 0.43608709805805385
11470.0 0.44333968012375524
11530.0 0.4437106523963721
11570.0 0.4396943986564398
11620.0 0.4341122469707729
11670.0 0.4352598489753995
11730.0 0.43844554031861066
11770.0 0.42880450701669476
11830.0 0.42586712029136237
11870.0 0.41901747253691995
11920.0 0.42690471109744654
11980.0 0.41405990492141703
12030.0 0.42381568045620105
12070.0 0.4215924123804531
12120.0 0.4234296299521807
12180.0 0.4258880520676691
12230.0 0.42452230175583777
12270.0 0.422361659628817
12320.0 0.42041089801650106
12370.0 0.4206773736947756
12430.0 0.41492546446270706
12480.0 0.41479800027411057
12530.0 0.41203781743030304
12580.0 0.41191863388320793
12620.0 0.4101843337309503
12670.0 0.4076913416170716
12720.0 0.4089660420664288
12780.0 0.4102369105062651
12830.0 0.39826909751142586
12880.0 0.4052853195209535
12920.0 0.4013612245118586
12980.0 0.40676805807801936
13020.0 0.40244586529814425
13080.0 0.40459063963013153
13130.0 0.39589429974474044
13180.0 0.39596862675142214
13230.0 0.3968551490153301
13280.0 0.39050315131838254
13320.0 0.39061525087707855
13380.0 0.3873188086744374
13430.0 0.3891334791724498
13470.0 0.3863458498883377
13520.0 0.3839595052183791
13570.0 0.37939609696372784
13630.0 0.3783192165245537
13670.0 0.3809845990989408
13730.0 0.38316589096595105
13770.0 0.38286697056813357
13820.0 0.38398722381610534
13880.0 0.3811412983169705
13930.0 0.36404742262956646
13970.0 0.362012314896915
14020.0 0.3591803729415453
14080.0 0.3628688285918341
14120.0 0.35890283205507806
14180.0 0.363347552234922
14230.0 0.3605598053845349
14280.0 0.35546169257984245
14330.0 0.36234337672484374
14380.0 0.3661300183747601
14420.0 0.3582310719052009
14480.0 0.36509895471094694
14520.0 0.3629325783874372
14570.0 0.365509718348996
14620.0 0.35817876797623804
14670.0 0.356578147069687
14720.0 0.35446171768145107
14770.0 0.3575131363325655
14830.0 0.3604005763258246
14880.0 0.35702050002623964
14920.0 0.3671558135351186
14980.0 0.3649404864160325
15030.0 0.3596078085070905
15070.0 0.36188604271229546
15120.0 0.369652681679193
15170.0 0.3716562758079054
15220.0 0.3723536190073792
15280.0 0.37566022236527147
15330.0 0.37572418795481294
15370.0 0.3754506994438632
15430.0 0.37348045626000015
15480.0 0.3751303850355459
15520.0 0.3724172673594888
15570.0 0.3635508743225284
15620.0 0.36713894829224014
15670.0 0.3666769800318161
15720.0 0.3752112912788042
15780.0 0.35358644015830887
15830.0 0.3555831442982708
15870.0 0.3558023212706033
15930.0 0.3674936093982824
15980.0 0.3609984133287341
16050.0 0.36328697586408204
16150.0 0.3702545089940706
16250.0 0.36099951491260934
16350.0 0.3730871294745666
16450.0 0.3593637775661032
16550.0 0.36909400850207635
16650.0 0.3612908493187212
16750.0 0.36108623036624155
16850.0 0.3566140817623383
16950.0 0.3586027844608813
17050.0 0.3525247021083595
17150.0 0.3477946939237701
17250.0 0.34190806247595873
17350.0 0.3328170439206397
17450.0 0.3291580408959788
17550.0 0.3232857181309451
17650.0 0.31723360738017387
17750.0 0.3090648695202846
17850.0 0.30434093746968843
17950.0 0.297120001641309
18050.0 0.28977726268643644
18150.0 0.28535174587766843
18250.0 0.2820933358162096
18350.0 0.27892935182406337
18450.0 0.27235050516820647
18550.0 0.2700143072832435
18650.0 0.26366877175011266
18750.0 0.2579851164327433
18850.0 0.2582686786001461
18950.0 0.24986033837032876
19050.0 0.2534826464162195
19150.0 0.24968652766510918
19250.0 0.2472330848719072
19350.0 0.24128540792456377
19450.0 0.23621612644140122
19550.0 0.23545918000055732
19650.0 0.232113457457478
19750.0 0.2262279049812289
19850.0 0.22448626402239416
19950.0 0.2225290846333774
20050.0 0.22202168466196298
20150.0 0.2194994897529807
20250.0 0.21521415867394256
20350.0 0.21379085156338112
20450.0 0.21363533208972166
20550.0 0.21083755725351688
20650.0 0.2089010938394259
20750.0 0.20769713193066905
20850.0 0.20545954584154313
20950.0 0.20245652765057445
21050.0 0.20298665526225854
21150.0 0.19995412274013183
21250.0 0.1982059750865774
21350.0 0.1980959752395812
21450.0 0.19598090148602382
21550.0 0.19364550908389952
21650.0 0.19087859427700768
21750.0 0.18871954596744228
21850.0 0.1873808086778911
21950.0 0.18561448530933033
22050.0 0.1813937491073854
22150.0 0.18211688814969904
22250.0 0.1782823152724057
22350.0 0.17653621044003207
22450.0 0.17477915027414237
22550.0 0.17315270248729578
22650.0 0.16981792802288434
22750.0 0.169725602424817
22850.0 0.1660811013691128
22950.0 0.14187714621136527
23050.0 0.1505510942346858
23150.0 0.14997933397746674
23250.0 0.12981563896000575
23350.0 0.13857847885130592
23450.0 0.1338113103731964
23550.0 0.12032580637771795
23650.0 0.12918431918157672
23750.0 0.12451127551792925
23850.0 0.11367570339487791
23950.0 0.1201748000587533
24050.0 0.11784595409983434
24150.0 0.10838859448751209
24250.0 0.11257766373479103
24350.0 0.10985390913544094
24450.0 0.10419835530641258
24550.0 0.10232498690687819
24650.0 0.10337412958286848
24750.0 0.09906869533950646
24850.0 0.0904835800037068
24950.0 0.08982082088814045
25050.0 0.09114530061705862
25150.0 0.08552989771886782
25250.0 0.08773684142489094
25350.0 0.08757859770004739
25450.0 0.0857116230731606
25550.0 0.08569576097094478
25650.0 0.08597626367228957
25750.0 0.08685289194983897
25850.0 0.0837736143231923
25950.0 0.08442295893196711
26050.0 0.08529743858317022
26150.0 0.0837735427379147
26250.0 0.08269481343397836
26350.0 0.08296567960609909
26450.0 0.08203104195473193
26550.0 0.08146955402383455
26650.0 0.07962139514511918
26750.0 0.08124680075634012
26850.0 0.0804517600956309
26950.0 0.07806016231264969
27050.0 0.07862390459281948
27150.0 0.07781879581682011
27250.0 0.0778486060792573
27350.0 0.07617665221540779
27450.0 0.07618700373214497
27550.0 0.07599019864213467
27650.0 0.07491145381757836
27750.0 0.07346838022381925
27850.0 0.07384821208608423
27950.0 0.07361318729537601
28050.0 0.07247599006293252
28150.0 0.07148157031138253
28250.0 0.07143315692572172
28350.0 0.07083515587797554
28450.0 0.0701423010188373
28550.0 0.06952429172517402
28650.0 0.06923761153670031
28750.0 0.06856114466100378
28850.0 0.0675559592227162
28950.0 0.06706911750917618
29050.0 0.06673627067064719
29150.0 0.06619922896754875
29250.0 0.06476192913555427
29350.0 0.06500993786937191
29450.0 0.06402845690202687
29550.0 0.06371064572815041
29650.0 0.06337577838995301
29750.0 0.06258384983033903
29850.0 0.062025417757391114
29950.0 0.061544046708196964
30050.0 0.06084028087486467
30150.0 0.060844668872667894
30250.0 0.05993991693459351
30350.0 0.05945207887557931
30450.0 0.05962761991288621
30550.0 0.05871705541354827
30650.0 0.05846286298654615
30750.0 0.0580883512708628
30850.0 0.05739447328409573
30950.0 0.05745499001068245
31050.0 0.057244261432629326
31150.0 0.0562347
31250.0 0.0562506
31350.0 0.0556523
31450.0 0.0553013
31550.0 0.0549582
31650.0 0.0542243
31750.0 0.0539372
31850.0 0.0535622
31950.0 0.053283
32100.0 0.0526049
32300.0 0.0517991
32500.0 0.0510252
32700.0 0.05006
32900.0 0.0517211
33100.0 0.0508995
33300.0 0.0476427
33500.0 0.0469008
33700.0 0.0459993
33900.0 0.0452494
34100.0 0.0443639
34300.0 0.0437177
34500.0 0.0430157
34700.0 0.042186
34900.0 0.0414281
35100.0 0.0407181
35300.0 0.0398645
35500.0 0.0392184
35700.0 0.0384525
35900.0 0.0377105
36100.0 0.0372638
36300.0 0.03649
36500.0 0.0357959
36700.0 0.0351257
36900.0 0.0343759
37100.0 0.0337297
37300.0 0.0332111
37500.0 0.0324613
37700.0 0.0319187
37900.0 0.0312646
38100.0 0.0308657
38300.0 0.0303711
38500.0 0.0298367
38700.0 0.0291427
38900.0 0.02868
39100.0 0.0281456
39300.0 0.0276909
39500.0 0.0269969
39700.0 0.0265741
39900.0 0.025944
40100.0 0.0256489
40300.0 0.02525
40500.0 0.0246757
40700.0 0.0242848
40900.0 0.0238461
41100.0 0.0234951
41300.0 0.0230723
41500.0 0.0226496
41700.0 0.0222189
41900.0 0.0219237
42100.0 0.021461
42300.0 0.0212138
42500.0 0.020807
42700.0 0.0205119
42900.0 0.0194509
43100.0 0.0184139
43300.0 0.0184139
43500.0 0.0174967
43700.0 0.0170505
43900.0 0.0167239
44100.0 0.0160144
44300.0 0.0157358
44500.0 0.015465
44700.0 0.0150188
44900.0 0.0149237
45100.0 0.0145812
45300.0 0.0142546
45500.0 0.0141992
45700.0 0.0140641
45900.0 0.013578
46100.0 0.0136184
46300.0 0.0134116
46500.0 0.0131887
46700.0 0.0132052
46900.0 0.0129585
47100.0 0.0127196
47300.0 0.0127281
47500.0 0.0124175
47700.0 0.0123303
47900.0 0.0122191
48100.0 0.0119404
48300.0 0.0119968
48500.0 0.011742
48700.0 0.0115511
48900.0 0.0113921
49100.0 0.011257
49300.0 0.0111299
49500.0 0.0109309
49700.0 0.0109075
49900.0 0.0106767
50100.0 0.0104708
50300.0 0.0102903
50500.0 0.010132
50700.0 0.00999261
50900.0 0.00986925
51100.0 0.00975942
51300.0 0.00966063
51500.0 0.00957071
51700.0 0.00948753
51900.0 0.00940912
52100.0 0.00933369
52300.0 0.00925941
52500.0 0.00918462
52700.0 0.00910781
52900.0 0.00902745
53100.0 0.00894219
53300.0 0.0088507
53500.0 0.00875177
53700.0 0.00864441
53900.0 0.00852757
54100.0 0.0084005
54300.0 0.00826488
54500.0 0.00823296
54700.0 0.00810534
54900.0 0.00803353
55100.0 0.0079354
55300.0 0.00795216
55500.0 0.00776148
55700.0 0.00774634
55900.0 0.00763304
56100.0 0.00758519
56300.0 0.00745914
56500.0 0.00742803
56700.0 0.00734984
56900.0 0.00723257
57100.0 0.00721103
57300.0 0.00713124
57500.0 0.00705546
57700.0 0.00697808
57900.0 0.006935
58100.0 0.00684246
58300.0 0.00678023
58500.0 0.00671562
58700.0 0.00662546
58900.0 0.00656883
59100.0 0.00650899
59300.0 0.00645394
59500.0 0.00637656
59700.0 0.00633269
59900.0 0.00627045
60100.0 0.00620983
60300.0 0.00614999
60500.0 0.00607501
60700.0 0.00602075
60900.0 0.00596172
61100.0 0.00589869
61300.0 0.00585402
61500.0 0.00580456
61700.0 0.00575909
61900.0 0.00645033
62100.0 0.00696638
62300.0 0.00706493
62500.0 0.00679476
62700.0 0.00632242
62900.0 0.00573675
63100.0 0.00539052
63300.0 0.00535621
63500.0 0.00530276
63700.0 0.00526766
63900.0 0.00521022
64200.0 0.00514799
64600.0 0.00505785
65000.0 0.00497329
65400.0 0.00489191
65800.0 0.00481772
66200.0 0.00473795
66600.0 0.00465897
67000.0 0.00457839
67400.0 0.00449782
67800.0 0.00442123
68200.0 0.00434384
68600.0 0.00427364
69000.0 0.00420025
69400.0 0.00413164
69800.0 0.00406463
70200.0 0.00399602
70600.0 0.0039338
71000.0 0.00387077
71400.0 0.00381094
71800.0 0.00375111
72200.0 0.00430496
72600.0 0.00401842
73000.0 0.00417979
73400.0 0.00406555
73800.0 0.00377089
74200.0 0.00425252
74600.0 0.00473975
75000.0 0.00533449
75400.0 0.00577491
75800.0 0.00514472
76200.0 0.00559533
76600.0 0.0057191
77000.0 0.00563248
77400.0 0.00536158
77800.0 0.00528229
78200.0 0.0052238
78600.0 0.00518956
79000.0 0.00504231
79400.0 0.00477922
79800.0 0.00435424
80200.0 0.00396639
80600.0 0.00361515
81000.0 0.00327026
81400.0 0.00308281
81800.0 0.0029626
82200.0 0.00289345
82600.0 0.00284351
83000.0 0.00281041
83400.0 0.00280869
83800.0 0.00285106
84200.0 0.00295269
84600.0 0.00298169
85000.0 0.00302157
85400.0 0.003086
85800.0 0.00316814
86200.0 0.00321399
86600.0 0.00314683
87000.0 0.00294657
87400.0 0.00273082
87800.0 0.0025356
88200.0 0.00230903
88600.0 0.00210352
89000.0 0.00192241
89400.0 0.00177673
89800.0 0.00167216
90200.0 0.00168941
90600.0 0.00167365
91000.0 0.00161431
91400.0 0.00147348
91800.0 0.00145513
92200.0 0.00143838
92600.0 0.00142082
93000.0 0.00140567
93400.0 0.00138971
93800.0 0.00137615
94200.0 0.00136856
94600.0 0.00135571
95000.0 0.00133866
95400.0 0.00132748
95800.0 0.00131711
96200.0 0.00136484
96600.0 0.00135664
97000.0 0.00139958
97400.0 0.001443
97800.0 0.00145829
98200.0 0.0013783
98231.6 0.00137232
98600.0 0.00134154
99000.0 0.00137624
99400.0 0.00139532
99478.8 0.00139818
99800.0 0.00140816
100000.0 0.00140979
100742.0 0.00141303
102021.0 0.00145303
103316.0 0.00143954
104628.0 0.00142364
105957.0 0.00156522
107302.0 0.00169053
108665.0 0.00162883
110000.0 0.0018638
110044.0 0.00187933
111442.0 0.00231765
112857.0 0.00435625
114289.0 0.00313197
115741.0 0.00215969
117210.0 0.00164658
118699.0 0.00150603
120000.0 0.00162623
120206.0 0.0016318
121732.0 0.00140696
123278.0 0.00149458
124843.0 0.00159385
126428.0 0.00174732
128033.0 0.00219442
129659.0 0.00119128
130000.0 0.00102588
131305.0 0.000851572
132972.0 0.000858442
134661.0 0.000766157
136371.0 0.000756058
138102.0 0.000613946
139856.0 0.000664457
140000.0 0.00065585
141631.0 0.000657528
143430.0 0.00064111
145251.0 0.000494392
147095.0 0.000702275
148963.0 0.000660664
150000.0 0.000656683
150854.0 0.000645479
152770.0 0.000660122
154710.0 0.000811079
156674.0 0.00068935
158663.0 0.00069545
160000.0 0.000697192
160678.0 0.000704521
162718.0 0.000854736
164784.0 0.00102972
166876.0 0.000924632
168995.0 0.00105115
170000.0 0.00115756
171141.0 0.00103238
173314.0 0.000940441
175515.0 0.000719088
177743.0 0.000658114
180000.0 0.000575081
190000.0 0.000507401
200000.0 0.000448121
210000.0 0.000444996
220000.0 0.000446531
230000.0 0.000439872
240000.0 0.000438042
250000.0 0.000427604
260000.0 0.000429341
270000.0 0.000451406
280000.0 0.000477127
300000.0 0.000526976
320000.0 0.000603088
340000.0 0.000683105
360000.0 0.000775997
380000.0 0.000872081
400000.0 0.000949407
420000.0 0.00100839
440000.0 0.00106766
460000.0 0.0011324
480000.0 0.00119728
500000.0 0.00126364
520000.0 0.00133093
540000.0 0.00139837
560000.0 0.00146706
580000.0 0.00151296
600000.0 0.0015065
620000.0 0.00150022
640000.0 0.00149342
660000.0 0.00147734
680000.0 0.001441
700000.0 0.00140491
800000.0 0.00124241
900000.0 0.00103464
1000000.0 0.000812189
1100000.0 0.000644976
1200000.0 0.00052127
1300000.0 0.000415228
1400000.0 0.00032408
1500000.0 0.000261842
1599000.0 0.000206231
3000000.0 1.7048e-05
8000000.0 1.32072e-07
12000000.0 1.45938e-08
12720000.0 9.81484e-09
14470000.0 4.77175e-09
16460000.0 2.30814e-09
18730000.0 1.11153e-09
21310000.0 5.33438e-10
24250000.0 2.55125e-10
27590000.0 1.21668e-10
31390000.0 5.79146e-11
35720000.0 2.75042e-11
40640000.0 1.3044e-11
46240000.0 6.17798e-12
52610000.0 2.92272e-12
