# wave sed
100.0 0.0
101.16633347895616 0.0
102.34627029575375 0.0
103.5399691106761 0.0
104.74759043451478 0.0
105.96929665015251 0.0
107.2052520343976 0.0
108.45562278007411 0.0
109.72057701836863 0.0
111.00028484143775 0.0
112.29491832528012 0.0
113.60465155287446 0.0
114.92966063758712 0.0
116.270123746854 0.0
117.62622112613742 0.0
118.99813512316257 0.0
120.38605021243751 0.0
121.79015302005826 0.0
123.21063234880313 0.0
124.64767920352081 0.0
126.10148681681348 0.0
127.57225067501946 0.0
129.06016854450007 0.0
130.56544049823196 0.0
132.08826894270942 0.0
133.6288586451619 0.0
135.18741676108755 0.0
136.76415286210812 0.0
138.35927896414964 0.0
139.97300955595102 0.0
141.60556162790456 0.0
143.25715470123473 0.0
144.92801085751537 0.0
146.61835476853182 0.0
148.3284137264919 0.0
150.05841767458872 0.0
151.80859923791934 0.0
153.57919375476556 0.0
155.3704393082385 0.0
157.18257675829173 0.0
159.01584977410965 0.0
160.8705048668719 0.0
162.74679142290003 0.0
164.64496173719226 0.0
166.56527104734786 0.0
168.50797756788714 0.0
170.47334252497333 0.0
172.4616301915379 0.0
174.47310792281536 0.0
176.50804619229444 0.0
178.56671862808676 0.0
180.64940204971958 0.0
182.75637650535958 0.0
184.88792530946895 0.0
187.04433508090074 0.0
189.22589578144022 0.0
191.43290075479405 0.0
193.66564676603411 0.0
195.92443404150336 0.0
198.209566309185 0.0
200.5213508395428 0.0
202.86009848683955 0.0
205.2261237309352 0.0
207.61974471957308 0.0
210.04128331116075 0.0
212.4910651180482 0.0
214.96941955031053 0.0
217.47667986004353 0.0
220.01318318617373 0.0
222.57927059979122 0.0
225.17528715001302 0.0
227.80158191037953 0.0
230.458508025792 0.0
233.1464227599997 0.0
235.86568754363847 0.0
238.61666802283003 0.0
241.39973410834997 0.0
244.21526002536706 0.0
247.06362436376276 0.0
249.9452101290398 0.0
252.8604047938221 0.0
255.80960034995678 0.0
258.7931933612223 0.0
261.81158501665396 0.0
264.86518118448924 0.0
267.9543924667418 0.0
271.079634254415 0.0
274.24132678335644 0.0
277.4398951907643 0.0
280.675769572355 0.0
283.9493850401955 0.0
287.2611817812095 0.0
290.6116051163688 0.0
294.0011055605732 0.0
297.4301388832274 0.0
300.89916616952826 0.0
304.40865388246374 0.0
307.95907392553465 0.0
311.55090370621156 0.0
315.18462620012787 0.0
318.8607300160228 0.0
322.57970946144366 0.0
326.3420646092123 0.0
330.1483013646663 0.0
333.9989315336875 0.0
337.89447289152105 0.0
341.8354492523973 0.0
345.82239053996824 0.0
349.85583285856274 0.0
353.93631856527304 0.0
358.0643963428848 0.0
362.2406212736544 0.0
366.46555491394787 0.0
370.7397653697517 0.0
375.063827373063 0.0
379.4383223591694 0.0
383.863838544834 0.0
388.340971007389 0.0
392.87032176475157 0.0
397.4524998563767 0.0
402.0881214251502 0.0
406.77780980023755 0.0
411.52219558090235 0.0
416.3219167212983 0.0
421.17761861625075 0.0
426.0899541880424 0.0
431.05958397420693 0.0
436.08717621634725 0.0
441.173406949993 0.0
446.31896009550275 0.0
451.52452755002554 0.0
456.79080928054015 0.0
462.1185134179743 0.0
467.50835635242265 0.0
472.96106282947864 0.0
478.4773660476862 0.0
484.05800775712794 0.0
489.7037383591675 0.0
495.4153170073509 0.0
501.19351170948437 0.0
507.03909943090815 0.0
512.9528661989692 0.0
518.9356072087129 0.0
524.9881269298126 0.0
531.1112392147404 0.0
537.3057674082008 0.0
543.572544457845 0.0
549.9124130262712 0.0
556.3262256043323 0.0
562.8148446257688 0.0
569.3791425831748 0.0
576.0200021453159 0.0
582.7383162758207 0.0
589.5349883532516 0.0
596.4109322925759 0.0
603.3670726680588 0.0
610.4043448375846 0.0
617.5236950684284 0.0
624.7260806644986 0.0
632.0124700950599 0.0
639.3838431249565 0.0
646.8411909463593 0.0
654.3855163120461 0.0
662.0178336702336 0.0
669.7391693009898 0.0
677.5505614542308 0.0
685.453060489327 0.0
693.4477290163436 0.0
701.5356420389231 0.0
709.7178870988331 0.0
717.995564422207 0.0
726.3697870674843 0.0
734.8416810750748 0.0
743.4123856187776 0.0
752.0830531589569 0.0
760.8548495975054 0.0
769.7289544346227 0.0
778.7065609274136 0.0
787.7888762503383 0.0
796.9771216575384 0.0
806.2725326470522 0.0
815.6763591269425 0.0
825.1898655833708 0.0
834.8143312506238 0.0
844.5510502831238 0.0
854.4013319294517 0.0
864.3665007083931 0.0
874.4478965870369 0.0
884.6468751609594 0.0
894.9648078365021 0.0
905.4030820151748 0.0
915.9631012802188 0.005983768800261125
926.6462855853359 0.00620588935442839
937.4540714456215 0.006438821195913564
948.3879121307293 0.006683188108360268
959.4492778602843 0.006939654978761384
970.6396560015719 0.007208930820684402
981.9605512695431 0.007491772041897574
993.4134859291432 0.0077889859778686385
1005.0 0.008101434714641899
1015.0 0.007996738340065005
1025.0 0.0035683814396712523
1035.0 0.005777327707863132
1045.0 0.011666206747893667
1055.0 0.011869809592595015
1065.0 0.009586256431993664
1075.0 0.011819309242246308
1085.0 0.009453258129456158
1095.0 0.013125186817026518
1105.0 0.013079328461405996
1115.0 0.01289086370464691
1125.0 0.012062433272108188
1135.0 0.015840761723301684
1145.0 0.014722895061330383
1155.0 0.01626824514284035
1165.0 0.017380167107728148
1175.0 0.012563997932004668
1185.0 0.017703071636619758
1195.0 0.011798581350472
1205.0 0.00883092087474035
1215.0 0.0060766405275144925
1225.0 0.013045687150179529
1235.0 0.021268371601242834
1245.0 0.024367602957548508
1255.0 0.023776663852572683
1265.0 0.0202475450899028
1275.0 0.027969617426445246
1285.0 0.030235587702987704
1295.0 0.02401082816294501
1305.0 0.023841430135951937
1315.0 0.031176740291927667
1325.0 0.030481697051863335
1335.0 0.02693117796916645
1345.0 0.033527761477837745
1355.0 0.03284853323780976
1365.0 0.029458002102432126
1375.0 0.031858463153689495
1385.0 0.032758217588665685
1395.0 0.02949306228269239
1405.0 0.030987914628955886
1415.0 0.03139620453973187
1425.0 0.03296163018982153
1435.0 0.03285995317787221
1442.0 0.03522989788294469
1447.0 0.036227453748452064
1455.0 0.035428026925586824
1465.0 0.0328907372888942
1475.0 0.033036177533170064
1485.0 0.034191043562324545
1495.0 0.0353627623215316
1505.0 0.03383006627942301
1512.0 0.03011547943136793
1517.0 0.03269375070946145
1525.0 0.03149789866559097
1535.0 0.027571077487497195
1545.0 0.03134694119652191
1555.0 0.02962621576111504
1565.0 0.030063313036274016
1575.0 0.03226850178290695
1585.0 0.034344660106475106
1595.0 0.03545830454328455
1605.0 0.03485392347130487
1615.0 0.035308462813278874
1625.0 0.03335402410411754
1635.0 0.035856126411384796
1645.0 0.03673533063080005
1655.0 0.033715720433997516
1665.0 0.03748374047965303
1672.0 0.03304678946568861
1677.0 0.03768169770169067
1685.0 0.039924635943231174
1695.0 0.03756870255922271
1705.0 0.03608659005156684
1715.0 0.03423890493770231
1725.0 0.034181010590485186
1735.0 0.03663650494953434
1745.0 0.035843882479495826
1755.0 0.03864577611336155
1765.0 0.03501897385104045
1775.0 0.03632370069643815
1785.0 0.03703847828509239
1795.0 0.03983839774444549
1805.0 0.03949045080901856
1815.0 0.036508235041961185
1825.0 0.03727585493664925
1835.0 0.03575006690577609
1845.0 0.03280800247767167
1855.0 0.03294896543985107
1865.0 0.03406834132530009
1875.0 0.03718091012891718
1885.0 0.03427989621964919
1895.0 0.03300107853685042
1905.0 0.03489673966817053
1915.0 0.03374976063434424
1925.0 0.03326723825947214
1935.0 0.034133493792936904
1945.0 0.03576360374542573
1955.0 0.033618070679414004
1967.0 0.03696479015288976
1976.0 0.0380100854556548
1984.0 0.03597933613528199
1995.0 0.03498279818777489
2005.0 0.036084257171554585
2015.0 0.03477848346984308
2025.0 0.03660613711885169
2035.0 0.0348420116315077
2045.0 0.036429569930406074
2055.0 0.034922581300336354
2065.0 0.035106664712757446
2074.0 0.037649636301118006
2078.0 0.036120317504851666
2085.0 0.037549299680175945
2095.0 0.03556474559139822
2105.0 0.0357765195196388
2115.0 0.03623445603458915
2125.0 0.0368511813547102
2135.0 0.034067255123158766
2145.0 0.035363206800718416
2155.0 0.03677069946700828
2165.0 0.03557524481301537
2175.0 0.035292477701630694
2185.0 0.034905376019740066
2195.0 0.03673147089580074
2205.0 0.03568481002523716
2215.0 0.03385687673212945
2225.0 0.03296485309882722
2235.0 0.035831970744707314
2245.0 0.03432895482055059
2255.0 0.033054084012830824
2265.0 0.03406846549362541
2275.0 0.03538541956608695
2285.0 0.036788385868697905
2295.0 0.0349705657346698
2305.0 0.0352320579902554
2315.0 0.033763662700536164
2325.0 0.026580120718108075
2335.0 0.03172851721311731
2345.0 0.030753221682026273
2355.0 0.033925808396206174
2365.0 0.031066876735155204
2375.0 0.032446949950868866
2385.0 0.030071695627337084
2395.0 0.03256617410587985
2405.0 0.0313824999988337
2415.0 0.032465833946935835
2425.0 0.0349868869830207
2435.0 0.033807667864780615
2445.0 0.03625843712895567
2455.0 0.03592939970818575
2465.0 0.035861820383148967
2475.0 0.03465889936427289
2485.0 0.035756703352644165
2495.0 0.03424267036465653
2505.0 0.03838609377725446
2513.0 0.03403477871618532
2518.0 0.03497158299555375
2525.0 0.033518564054287686
2535.0 0.03436550648858398
2545.0 0.034023702854790255
2555.0 0.03714478330025432
2565.0 0.036184464397479355
2575.0 0.038757823643998025
2585.0 0.03842230023725005
2595.0 0.03804561413029499
2605.0 0.036750003511346975
2615.0 0.03640097273437816
2625.0 0.03853552850145966
2635.0 0.040492361343736696
2645.0 0.044629797094733796
2655.0 0.04642621700052813
2665.0 0.04156496281399404
2675.0 0.04395113855204298
2685.0 0.044392494134015206
2695.0 0.042006777675547224
2705.0 0.04387182351277446
2715.0 0.041304664936697724
2725.0 0.041111144047654716
2735.0 0.04380374566723567
2745.0 0.03765998825167942
2755.0 0.039017605331559714
2765.0 0.041110211039809635
2775.0 0.043283447505896425
2785.0 0.040559661137189354
2795.0 0.03246660217915734
2805.0 0.035153338419012345
2815.0 0.04363231188265323
2825.0 0.046685895811895486
2835.0 0.045072257083762106
2845.0 0.04343186903233232
2855.0 0.04148786272731483
2865.0 0.046992150004245684
2875.0 0.04802599849784709
2885.0 0.04778878493210445
2895.0 0.048416945284871026
2910.0 0.05379115177526993
2930.0 0.051705014606172876
2950.0 0.05110752471870242
2970.0 0.052534863542904785
2990.0 0.05314663793969091
3010.0 0.05432283889766844
3030.0 0.05500314877847071
3050.0 0.05564296418360538
3070.0 0.05672985733620444
3090.0 0.057398801150881855
3110.0 0.05857737759408775
3130.0 0.05797316426618919
3150.0 0.05863357935477012
3170.0 0.05987343657960399
3190.0 0.056883600543415444
3210.0 0.05983874427866201
3230.0 0.0569744532253555
3250.0 0.06270749546600025
3270.0 0.06633011441020728
3290.0 0.06624736303454767
3310.0 0.06608717024144213
3330.0 0.0664341495514424
3350.0 0.06585539948967918
3370.0 0.06156873560271274
3390.0 0.06376956187373435
3410.0 0.06480996708303045
3430.0 0.06576478853702482
3450.0 0.06719871884001814
3470.0 0.06793061751492505
3490.0 0.07061327215902406
3510.0 0.07293096235384856
3530.0 0.07068804720796146
3550.0 0.07519996548237719
3570.0 0.0667368215634385
3590.0 0.0669492155633761
3610.0 0.07204559487104084
3630.0 0.07387408937037611
3640.0 0.07506959135265165
3650.0 0.079991812272632
3670.0 0.0808013876837259
3690.0 0.07517968668911551
3710.0 0.08149341113020173
3730.0 0.07349133140200968
3750.0 0.08693827455845017
3770.0 0.09629732417875744
3790.0 0.1081574140171306
3810.0 0.11686474135421139
3830.0 0.0898751893208253
3850.0 0.11849042956919996
3870.0 0.127054083413411
3890.0 0.099402947363638
3910.0 0.13920639692723782
3930.0 0.10788842663621932
3950.0 0.1311616980028049
3970.0 0.08550863663616845
3990.0 0.15116035250388127
4010.0 0.16529626274286524
4030.0 0.1654880104369648
4050.0 0.1642186465495638
4070.0 0.1587197692738061
4090.0 0.15595943584001054
4110.0 0.13629694581881446
4130.0 0.16424379600616176
4150.0 0.16883501854437294
4170.0 0.17016365530062721
4190.0 0.16977486926218693
4210.0 0.17157727395739697
4230.0 0.16824964482402813
4250.0 0.17276658916660864
4270.0 0.16709453348578945
4290.0 0.16419621025179593
4310.0 0.15144115222726437
4330.0 0.15902353277882092
4350.0 0.14894740733047615
4370.0 0.18480658821150106
4390.0 0.17731197844386226
4410.0 0.18296865325773481
4430.0 0.1889006868830814
4450.0 0.19142550677814527
4470.0 0.19746967999206486
4490.0 0.20016331470991813
4510.0 0.2171790317731673
4530.0 0.20117525391034569
4550.0 0.20564414548430193
4570.0 0.21751445194367988
4590.0 0.20995944856132967
4610.0 0.21508687340599572
4630.0 0.2110726674042067
4650.0 0.21465973686892623
4670.0 0.22066664651914905
4690.0 0.21781094082862332
4710.0 0.21225082588197824
4730.0 0.22062505154508286
4750.0 0.2257088372179445
4770.0 0.2252018336978927
4790.0 0.2256188453378937
4810.0 0.22459271406207706
4830.0 0.2277312761292714
4850.0 0.20545033491526207
4870.0 0.18238060612908538
4890.0 0.22213533715692313
4910.0 0.22600583378776523
4930.0 0.22347485914163887
4950.0 0.2325981615644931
4970.0 0.2311684539693856
4990.0 0.22000489396391365
5010.0 0.2114749499556122
5030.0 0.22208786484919774
5050.0 0.22152028004655375
5070.0 0.23022649561741756
5090.0 0.2218741683999042
5110.0 0.22647562577271213
5130.0 0.2209936818359759
5150.0 0.21569528210728078
5170.0 0.20619523729412603
5190.0 0.21115506482639748
5210.0 0.22208104105684998
5230.0 0.23230905406980742
5250.0 0.24032679913577687
5270.0 0.21979717361599707
5290.0 0.24350682277372232
5310.0 0.2540336636389184
5330.0 0.23248862719612956
5350.0 0.2497694074885541
5370.0 0.24947843099122713
5390.0 0.24577106942003582
5410.0 0.24300089254529336
5430.0 0.24706154306990052
5450.0 0.2541802254181279
5470.0 0.24991990616222448
5490.0 0.2521491022883369
5510.0 0.25058278500848397
5530.0 0.2572267899418915
5550.0 0.2608203368103287
5570.0 0.2572998595882808
5590.0 0.2535759522024796
5610.0 0.26152515892894657
5630.0 0.26047692688524077
5650.0 0.2636533904683928
5670.0 0.25906585711572905
5690.0 0.2665380300538536
5710.0 0.26034736006328196
5730.0 0.27826431954044184
5750.0 0.2701704355550976
5770.0 0.2735729519935569
5790.0 0.26581590075300743
5810.0 0.2753704075403376
5830.0 0.2824629151234022
5850.0 0.2761911394492556
5870.0 0.2767487966346443
5890.0 0.25567969918985295
5910.0 0.27524205456094425
5930.0 0.2772284484416053
5950.0 0.2779103316888509
5970.0 0.2826978682442733
5990.0 0.2790904998035492
6010.0 0.2767639804158599
6030.0 0.2834103737027687
6050.0 0.2884313409435168
6070.0 0.2886025701002468
6090.0 0.28064303900775356
6110.0 0.28228328085121857
6130.0 0.27060983678458783
6150.0 0.27665358285488484
6170.0 0.2672350543334152
6190.0 0.2816038172696102
6210.0 0.2802693486531319
6230.0 0.27367171775535115
6250.0 0.26630115795045123
6270.0 0.27858918977067754
6290.0 0.28336514965708776
6310.0 0.27518913377749404
6330.0 0.27950279330727956
6350.0 0.28010591346505337
6370.0 0.2798064840329566
6390.0 0.28541752198637993
6410.0 0.28114106711076386
6430.0 0.28460668513101556
6450.0 0.28353646277828826
6470.0 0.2842724810994804
6490.0 0.2796728462173541
6510.0 0.28830695720446387
6530.0 0.2877351230489998
6550.0 0.2765310558798822
6570.0 0.25436711971237247
6590.0 0.28515817058645054
6610.0 0.29092382430472435
6630.0 0.2900949830546451
6650.0 0.29114862070389463
6670.0 0.2862740123960861
6690.0 0.291325433391107
6710.0 0.28272382470532786
6730.0 0.29010006009245365
6750.0 0.2864486939161377
6770.0 0.288804824444694
6790.0 0.28646564231043675
6810.0 0.2884238628392872
6830.0 0.2919667827085242
6850.0 0.2862050536330782
6870.0 0.29113779870846124
6890.0 0.29549961250780754
6910.0 0.29526820520903657
6930.0 0.2940154768738364
6950.0 0.29415811618841275
6970.0 0.2979461680470348
6990.0 0.29747100409708094
7010.0 0.2935017473788201
7030.0 0.29996920835456603
7050.0 0.30235061564095694
7070.0 0.2956300949798818
7090.0 0.28926425195324
7110.0 0.28388290942710503
7130.0 0.2799164525448494
7150.0 0.2803239369934346
7170.0 0.2836775452649203
7190.0 0.2781554789270045
7210.0 0.28490620195147137
7230.0 0.29041696323018057
7250.0 0.29296210545317797
7270.0 0.2950869781011457
7290.0 0.29118158944752276
7310.0 0.2989193165223482
7330.0 0.30084195607745806
7350.0 0.3040750560707164
7370.0 0.3112568590112135
7390.0 0.3064142360907141
7410.0 0.3065920906846175
7430.0 0.31382748969179125
7450.0 0.3148989591987507
7470.0 0.31974905187181096
7490.0 0.31971299965013084
7510.0 0.3239211059042733
7530.0 0.32904611252460164
7550.0 0.3319427971927129
7570.0 0.3312314963097798
7590.0 0.32642414104954054
7610.0 0.32225714660261584
7630.0 0.31759747161967544
7650.0 0.31289952586009573
7670.0 0.30080865150203445
7690.0 0.308227341399224
7710.0 0.30365971306511225
7730.0 0.3050863426511728
7750.0 0.30372097874277687
7770.0 0.30747579548709747
7790.0 0.31124577609086806
7810.0 0.3115077510307198
7830.0 0.3096427684631459
7850.0 0.3065764196374894
7870.0 0.31201904850959483
7890.0 0.3082119251097396
7910.0 0.30246566643841893
7930.0 0.30433426757533033
7950.0 0.3026062405850511
7970.0 0.31289587248670553
7990.0 0.3135831617551353
8010.0 0.3169295968821141
8030.0 0.3183460575046441
8050.0 0.3190333210897398
8070.0 0.3231366526772045
8090.0 0.32015280246928035
8110.0 0.3240223650606469
8130.0 0.3328343965540723
8150.0 0.3365011865997824
8170.0 0.33993355524576524
8190.0 0.3319486391267761
8210.0 0.3283959812527138
8230.0 0.33106364473329175
8250.0 0.3317346029954173
8270.0 0.336170206872202
8290.0 0.33356989201021364
8310.0 0.32336875905791856
8330.0 0.3224780770133998
8350.0 0.3230998394096898
8370.0 0.3255016937874264
8390.0 0.31641667636165055
8410.0 0.3262264660384485
8430.0 0.3129745093832351
8450.0 0.30788394944200603
8470.0 0.3084383855844229
8490.0 0.3126127242887777
8510.0 0.2986412506359588
8530.0 0.3145060591968424
8550.0 0.2908043302758138
8570.0 0.32502386463800165
8590.0 0.31851811447179057
8610.0 0.3219593633267655
8630.0 0.3330545001996147
8650.0 0.33310445369109043
8670.0 0.30031146719636653
8690.0 0.3276127973930369
8710.0 0.3401416732917157
8730.0 0.34178658282622115
8750.0 0.3319328218980678
8770.0 0.34481559072150375
8790.0 0.35130593005434524
8810.0 0.3456958911920274
8830.0 0.34950688025745996
8850.0 0.3462899000158308
8870.0 0.32975351004989967
8890.0 0.34305727454229945
8910.0 0.3493296504741098
8930.0 0.34359873923165746
8950.0 0.34523269653665306
8970.0 0.3468688066008006
8990.0 0.3468555209061533
9010.0 0.33000527781016464
9030.0 0.34570642300310334
9050.0 0.36091935857128254
9070.0 0.36119440040042455
9090.0 0.354224578560394
9110.0 0.35977781865351194
9130.0 0.3670292298300805
9150.0 0.3653354002445137
9170.0 0.36531436206704504
9190.0 0.36923073097329506
9210.0 0.3545301775034566
9230.0 0.3403249589483856
9250.0 0.3464644212650897
9270.0 0.3514898641143167
9290.0 0.34941265510951774
9310.0 0.3527444626326794
9330.0 0.353511460577418
9350.0 0.35313024981880536
9370.0 0.34814674404460694
9390.0 0.3543631950172036
9410.0 0.3467551230066214
9430.0 0.357033417682589
9450.0 0.35228549998672465
9470.0 0.3605774126705914
9490.0 0.36162524067660595
9510.0 0.35596908652348774
9530.0 0.3558345259667375
9550.0 0.34339828723874954
9570.0 0.3540823038625245
9590.0 0.36362996593188657
9610.0 0.35936768731979785
9630.0 0.3615760690992174
9650.0 0.3566917189740801
9670.0 0.3568211098807814
9690.0 0.3631821693919397
9710.0 0.35915051235026735
9730.0 0.35658872605337394
9750.0 0.35550628992715966
9770.0 0.35770747300677236
9790.0 0.3536151738041477
9810.0 0.36242425769303965
9830.0 0.3595210820032739
9850.0 0.3623336090039998
9870.0 0.360317180301613
9890.0 0.36040876542916306
9910.0 0.3583724320360681
9930.0 0.3608836560939273
9950.0 0.3618781821701699
9970.0 0.3625670736210742
9990.0 0.36172545214598695
10030.0 0.35910039505882435
10070.0 0.3545914552472543
10130.0 0.3624499471469035
10170.0 0.3597386345139102
10220.0 0.361686777451382
10280.0 0.36364054920324024
10320.0 0.35957838010447823
10380.0 0.3586317148458119
10430.0 0.3611520530241034
10480.0 0.3576009554129859
10520.0 0.35690367497600356
10580.0 0.35259932748349265
10630.0 0.351167987099148
10680.0 0.3474296485292592
10720.0 0.3498815246826576
10780.0 0.348322710999925
10820.0 0.3441918251858221
10870.0 0.3439238090516715
10920.0 0.34065393116432485
10980.0 0.3402677490283
11020.0 0.34133051533524034
11080.0 0.33889036955180923
11130.0 0.33850467558374026
11170.0 0.33642583368112217
11220.0 0.33728732404386313
11280.0 0.33348468584623386
11330.0 0.3337945553569351
11380.0 0.33265010453218397
11430.0 0.32989872440034446
11470.0 0.33437176701080507
11530.0 0.3341411646646992
11570.0 0.33087843004874457
11620.0 0.326874749185956
11670.0 0.32727896791659045
11730.0 0.33014741580855195
11770.0 0.32392601627166956
11830.0 0.3224121436724015
11870.0 0.3180601175158197
11920.0 0.32368304140014176
11980.0 0.3142730946530485
12030.0 0.3203268136514908
12070.0 0.31781396319436717
12120.0 0.31866005808231396
12180.0 0.32013751364286513
12230.0 0.31868154586804687
12270.0 0.31685957430756206
12320.0 0.3153274267203476
12370.0 0.31520616057579415
12430.0 0.31231946895762097
12480.0 0.3121256409026098
12530.0 0.30969935278355026
12580.0 0.3092901978987701
12620.0 0.30812867583807896
12670.0 0.30593932419427067
12720.0 0.30653616696662406
12780.0 0.30670328487791226
12830.0 0.29454767491914424
12880.0 0.30249495678461147
12920.0 0.29996202716592735
12980.0 0.3035226867939997
13020.0 0.2999342442559363
13080.0 0.3016968160130468
13130.0 0.2962809230800076
13180.0 0.2959361489797038
13230.0 0.2965837852543402
13280.0 0.29216502397172694
13320.0 0.29306028034817627
13380.0 0.2905739620731989
13430.0 0.2922725016402202
13470.0 0.2903069559745349
13520.0 0.28894691900530295
13570.0 0.2853757033386489
13630.0 0.2847942555992319
13670.0 0.2861605113724456
13730.0 0.28710307641643595
13770.0 0.2865685286523963
13820.0 0.28727967407886096
13880.0 0.2851799166174641
13930.0 0.2761718630927891
13970.0 0.27510648636448753
14020.0 0.2724812339257961
14080.0 0.2750335023820999
14120.0 0.2718478105251932
14180.0 0.27492180302945823
14230.0 0.2721614927090618
14280.0 0.2684894153190058
14330.0 0.2733421491342448
14380.0 0.275437368578216
14420.0 0.2687453952486845
14480.0 0.2741469889778009
14520.0 0.2717658127634044
14570.0 0.27368948608843
14620.0 0.26934771517543765
14670.0 0.26845268511057796
14720.0 0.2660164864419172
14770.0 0.2679221952234783
14830.0 0.2694057955668525
14880.0 0.26693742352948074
14920.0 0.27361666693857356
14980.0 0.27129526976097335
15030.0 0.2682970726342692
15070.0 0.26844978419748583
15120.0 0.2733452769128914
15170.0 0.27449889635021235
15220.0 0.2743828503356648
15280.0 0.27649346134328673
15330.0 0.2758187368560715
15370.0 0.27613329108871865
15430.0 0.2746600145750116
15480.0 0.2755444118334846
15520.0 0.2731093089077602
15570.0 0.2657947622341265
15620.0 0.26979176240119007
15670.0 0.26803000071733474
15720.0 0.2737207048384657
15780.0 0.25869385409129725
15830.0 0.2606113028798868
15870.0 0.2584435116238638
15930.0 0.26715432098701397
15980.0 0.2631631303365609
16050.0 0.2665046720722138
16150.0 0.2693181005834695
16250.0 0.26496464311989665
16350.0 0.27054377280578834
16450.0 0.2615688790881789
16550.0 0.26714515007495565
16650.0 0.2624404547439896
16750.0 0.26033052908930077
16850.0 0.25585736103034357
16950.0 0.2581012670257725
17050.0 0.2529782156081102
17150.0 0.2505303964587048
17250.0 0.24532365746905863
17350.0 0.23861356713615264
17450.0 0.23738878085679016
17550.0 0.2338965223769651
17650.0 0.23023359873440793
17750.0 0.22510703668662543
17850.0 0.22248727648831157
17950.0 0.21784410243917737
18050.0 0.21297923740114286
18150.0 0.20891870731943718
18250.0 0.20707728594177988
18350.0 0.20493393886951747
18450.0 0.20055596280105623
18550.0 0.19902872515038944
18650.0 0.19435843559825916
18750.0 0.18955987666442484
18850.0 0.19039969287612019
18950.0 0.18392691903593103
19050.0 0.18665964662697615
19150.0 0.18363580492449239
19250.0 0.1817470390515996
19350.0 0.1773310421024474
19450.0 0.17288781224954347
19550.0 0.17336571115071395
19650.0 0.1708737916327298
19750.0 0.16719394514190705
19850.0 0.16583684738215862
19950.0 0.1642244563028158
20050.0 0.16367946026937968
20150.0 0.16184639498660233
20250.0 0.15837236653572773
20350.0 0.15695561359165897
20450.0 0.15696529070820944
20550.0 0.15468515330016802
20650.0 0.1528878892449725
20750.0 0.15177799310584522
20850.0 0.14990930331722135
20950.0 0.1475773468892273
21050.0 0.14764258378780212
21150.0 0.14533862724789295
21250.0 0.14377777188232466
21350.0 0.14347048616942273
21450.0 0.14174061971140148
21550.0 0.1398998458351487
21650.0 0.13718241927865008
21750.0 0.13608274441574642
21850.0 0.13507584623904473
21950.0 0.1338083147729527
22050.0 0.1308402362173721
22150.0 0.13114447547112768
22250.0 0.128309200245883
22350.0 0.12710959050319465
22450.0 0.12574810199419076
22550.0 0.12458476971609025
22650.0 0.12222393414750783
22750.0 0.12208484311639325
22850.0 0.11954920637882038
22950.0 0.1027739631779369
23050.0 0.10901429663147222
23150.0 0.10847406482390358
23250.0 0.09441377245360354
23350.0 0.10077073649352998
23450.0 0.09747519993545956
23550.0 0.08758246676830943
23650.0 0.09416727235323236
23750.0 0.09089009169388443
23850.0 0.08304948174198193
23950.0 0.08806436181935443
24050.0 0.08661559067071038
24150.0 0.07978826182737803
24250.0 0.08311353237340167
24350.0 0.08143212078143995
24450.0 0.07744573808402153
24550.0 0.0764969498233023
24650.0 0.07752790701809203
24750.0 0.07453327168931953
24850.0 0.06862422696505863
24950.0 0.06851334897139807
25050.0 0.06980361393225384
25150.0 0.06537019109371561
25250.0 0.06719872166283233
25350.0 0.06713510313573298
25450.0 0.06582254179277834
25550.0 0.06553779949774917
25650.0 0.06568655692169661
25750.0 0.06638002794550091
25850.0 0.0638544729558102
25950.0 0.06443635132554834
26050.0 0.06501894470343318
26150.0 0.06368427532610998
26250.0 0.0627290945039174
26350.0 0.06319957618670763
26450.0 0.06262478327419504
26550.0 0.06199274425527068
26650.0 0.060696113159205846
26750.0 0.06182636405560951
26850.0 0.06129906009613102
26950.0 0.05960676708044983
27050.0 0.06007230817820142
27150.0 0.05948312314981128
27250.0 0.059503475460909526
27350.0 0.05813124285968214
27450.0 0.05820442691377486
27550.0 0.05794228833271725
27650.0 0.05717584081270078
27750.0 0.05618315858729928
27850.0 0.056420031218169665
27950.0 0.05632018237898595
28050.0 0.05551761030342029
28150.0 0.054706940532023005
28250.0 0.05463683726848145
28350.0 0.054278561245484865
28450.0 0.053721474759942184
28550.0 0.053218996924747436
28650.0 0.05290184457466638
28750.0 0.05228296049793598
28850.0 0.05176994523001868
28950.0 0.0514142908216649
29050.0 0.05109709038212709
29150.0 0.05071055344202047
29250.0 0.049696251741362545
29350.0 0.049830889877562054
29450.0 0.04910358679807768
29550.0 0.04881479688887304
29650.0 0.04857085960491839
29750.0 0.048005193960803785
29850.0 0.047552797450535686
29950.0 0.04716198288127292
30050.0 0.046660877383544914
30150.0 0.04657811161587452
30250.0 0.045924859698169854
30350.0 0.04536801122545379
30450.0 0.04548435514542269
30550.0 0.04490791503309552
30650.0 0.044659334688010276
30750.0 0.044375153734730596
30850.0 0.043817874880074874
30950.0 0.043757689906964777
31050.0 0.04357528360170518
31150.0 0.0428345
31250.0 0.0427656
31350.0 0.0423615
31450.0 0.0420849
31550.0 0.0418705
31650.0 0.041529
31750.0 0.041645
31850.0 0.0419343
31950.0 0.0426916
32100.0 0.0447183
32300.0 0.0502333
32500.0 0.0589193
32700.0 0.0684128
32900.0 0.0745423
33100.0 0.0739499
33300.0 0.0664326
33500.0 0.0556092
33700.0 0.0455759
33900.0 0.0387775
34100.0 0.0349462
34300.0 0.0331788
34500.0 0.0322305
34700.0 0.0315722
34900.0 0.0309999
35100.0 0.030474
35300.0 0.029838
35500.0 0.0293527
35700.0 0.0287862
35900.0 0.028243
36100.0 0.0278858
36300.0 0.0273424
36500.0 0.0268166
36700.0 0.0263313
36900.0 0.0257708
37100.0 0.0252972
37300.0 0.0249224
37500.0 0.0243443
37700.0 0.0240216
37900.0 0.0235772
38100.0 0.0232721
38300.0 0.0229355
38500.0 0.0225801
38700.0 0.0221028
38900.0 0.0217883
39100.0 0.0214328
39300.0 0.0211414
39500.0 0.0206699
39700.0 0.0203957
39900.0 0.0199647
40100.0 0.0197662
40300.0 0.0195098
40500.0 0.0191198
40700.0 0.0188921
40900.0 0.0186064
41100.0 0.0183789
41300.0 0.0181103
41500.0 0.0178137
41700.0 0.0175221
41900.0 0.0173293
42100.0 0.0170261
42300.0 0.016874
42500.0 0.0165941
42700.0 0.016407
42900.0 0.0156393
43100.0 0.0149007
43300.0 0.0149403
43500.0 0.0143049
43700.0 0.0140128
43900.0 0.013831
44100.0 0.0133351
44300.0 0.0132346
44500.0 0.0130761
44700.0 0.0127479
44900.0 0.0127869
45100.0 0.0125645
45300.0 0.0123415
45500.0 0.0123804
45700.0 0.0123316
45900.0 0.0120215
46100.0 0.0121126
46300.0 0.0119942
46500.0 0.0118815
46700.0 0.0119262
46900.0 0.0118199
47100.0 0.0116951
47300.0 0.0117578
47500.0 0.0116045
47700.0 0.0115673
47900.0 0.0115307
48100.0 0.0113954
48300.0 0.0114744
48500.0 0.0113612
48700.0 0.0112666
48900.0 0.011212
49100.0 0.0111695
49300.0 0.0111155
49500.0 0.0110186
49700.0 0.0110307
49900.0 0.010914
50100.0 0.0108902
50300.0 0.0108323
50500.0 0.0107271
50700.0 0.0107097
50900.0 0.0106569
51100.0 0.0105756
51300.0 0.0105581
51500.0 0.0104936
51700.0 0.01051
51900.0 0.010435
52100.0 0.0104048
52300.0 0.0103241
52500.0 0.0103061
52700.0 0.0103172
52900.0 0.010201
53100.0 0.0101476
53300.0 0.0101302
53500.0 0.0100842
53700.0 0.0100546
53900.0 0.0100192
54100.0 0.00998379
54300.0 0.00991407
54500.0 0.00992568
54700.0 0.00986644
54900.0 0.00984902
55100.0 0.00980779
55300.0 0.00985947
55500.0 0.00974973
55700.0 0.00977296
55900.0 0.00971952
56100.0 0.00971952
56300.0 0.00965971
56500.0 0.00968469
56700.0 0.00966377
56900.0 0.00961499
57100.0 0.00955862
57300.0 0.0094949
57500.0 0.00942402
57700.0 0.00934613
57900.0 0.00926187
58100.0 0.00917095
58300.0 0.00907406
58500.0 0.00897139
58700.0 0.00886316
58900.0 0.00874968
59100.0 0.00863131
59300.0 0.00850835
59500.0 0.00838108
59700.0 0.00824975
59900.0 0.00811478
60100.0 0.00797638
60300.0 0.00883431
60500.0 0.0095803
60700.0 0.0100321
60900.0 0.0102521
61100.0 0.0106968
61300.0 0.0118487
61500.0 0.0141757
61700.0 0.0179276
61900.0 0.0223304
62100.0 0.0259055
62300.0 0.0269805
62500.0 0.026772
62700.0 0.0250403
62900.0 0.0223853
63100.0 0.0194781
63300.0 0.0165642
63500.0 0.0145005
63700.0 0.0130963
63900.0 0.0121228
64200.0 0.0108823
64600.0 0.00930506
65000.0 0.0080699
65400.0 0.00805578
65800.0 0.00808467
66200.0 0.00869068
66600.0 0.00876759
67000.0 0.00851725
67400.0 0.00803769
67800.0 0.00907297
68200.0 0.00805986
68600.0 0.00837182
69000.0 0.009032
69400.0 0.00967844
69800.0 0.00995595
70200.0 0.0123306
70600.0 0.0100805
71000.0 0.00988943
71400.0 0.0107564
71800.0 0.0106875
72200.0 0.0110689
72600.0 0.0112543
73000.0 0.0123721
73400.0 0.0129548
73800.0 0.0136173
74200.0 0.015859
74600.0 0.0178719
75000.0 0.02013
75400.0 0.0213606
75800.0 0.0238951
76200.0 0.0255327
76600.0 0.0264034
77000.0 0.0256454
77400.0 0.0248714
77800.0 0.0241017
78200.0 0.0238207
78600.0 0.0230861
79000.0 0.021899
79400.0 0.0199564
79800.0 0.0179753
80200.0 0.0159693
80600.0 0.0144109
81000.0 0.013263
81400.0 0.0126662
81800.0 0.0118635
82200.0 0.0111203
82600.0 0.0106773
83000.0 0.0106761
83400.0 0.0108437
83800.0 0.0106942
84200.0 0.0106717
84600.0 0.01075
85000.0 0.0110837
85400.0 0.0115538
85800.0 0.0121825
86200.0 0.0124378
86600.0 0.0122559
87000.0 0.0115045
87400.0 0.0102904
87800.0 0.00897825
88200.0 0.00755545
88600.0 0.00659668
89000.0 0.00588741
89400.0 0.00542139
89800.0 0.00492477
90200.0 0.00447143
90600.0 0.00412937
91000.0 0.00382473
91400.0 0.00356019
91800.0 0.00340836
92200.0 0.0033403
92600.0 0.00334304
93000.0 0.00335176
93400.0 0.00329435
93800.0 0.00315584
94200.0 0.00325746
94600.0 0.00322711
95000.0 0.00291081
95400.0 0.00293457
95800.0 0.00303187
96200.0 0.00310439
96600.0 0.00317196
97000.0 0.00322198
97400.0 0.00318033
97800.0 0.00302349
98200.0 0.00282445
98231.6 0.00281501
98600.0 0.00270847
99000.0 0.00259427
99400.0 0.00248336
99478.8 0.00246947
99800.0 0.00241483
100000.0 0.00238143
100742.0 0.00248722
102021.0 0.0025505
103316.0 0.00250494
104628.0 0.00284309
105957.0 0.00364349
107302.0 0.00359763
108665.0 0.00378178
110000.0 0.00495169
110044.0 0.00500451
111442.0 0.00721304
112857.0 0.015059
114289.0 0.00994829
115741.0 0.00668964
117210.0 0.00548879
118699.0 0.00546503
120000.0 0.00596831
120206.0 0.00595755
121732.0 0.00564002
123278.0 0.00621942
124843.0 0.00665684
126428.0 0.00767592
128033.0 0.0105169
129659.0 0.00580316
130000.0 0.00514179
131305.0 0.00444902
132972.0 0.00439591
134661.0 0.00425333
136371.0 0.00439684
138102.0 0.00391601
139856.0 0.0039421
140000.0 0.00397037
141631.0 0.0037983
143430.0 0.00380355
145251.0 0.0038092
147095.0 0.00381524
148963.0 0.00382168
150000.0 0.00382538
150854.0 0.00382811
152770.0 0.00383441
154710.0 0.00384108
156674.0 0.00384809
158663.0 0.00385544
160000.0 0.00386052
160678.0 0.00386137
162718.0 0.0038641
164784.0 0.00386711
166876.0 0.00387038
168995.0 0.00387392
170000.0 0.00387567
171141.0 0.00387762
173314.0 0.00388153
175515.0 0.00388571
177743.0 0.00389017
180000.0 0.0038949
190000.0 0.00389548
200000.0 0.00390134
210000.0 0.00391024
220000.0 0.00391926
230000.0 0.00392148
240000.0 0.00393175
250000.0 0.003947
260000.0 0.00396555
270000.0 0.00399013
280000.0 0.00402195
300000.0 0.00409309
320000.0 0.00416666
340000.0 0.00424369
360000.0 0.00434649
380000.0 0.004455
400000.0 0.00460064
420000.0 0.00478108
440000.0 0.00496253
460000.0 0.00517995
480000.0 0.00540599
500000.0 0.00563181
520000.0 0.00588257
540000.0 0.00614066
560000.0 0.00639967
580000.0 0.00663823
600000.0 0.00682652
620000.0 0.00701442
640000.0 0.00720248
660000.0 0.00736801
680000.0 0.0074907
700000.0 0.00761289
800000.0 0.00806639
900000.0 0.00798331
1000000.0 0.0075096
1100000.0 0.00695899
1200000.0 0.00627333
1300000.0 0.00553438
1400000.0 0.00475428
1500000.0 0.00411246
1599000.0 0.0035061
3000000.0 0.000434213
8000000.0 2.8793e-06
12000000.0 3.62038e-07
12720000.0 2.68745e-07
14470000.0 1.39011e-07
16460000.0 7.3249e-08
18730000.0 3.94914e-08
21310000.0 2.19599e-08
24250000.0 1.27237e-08
27590000.0 7.74361e-09
31390000.0 4.97522e-09
35720000.0 3.3733e-09
40640000.0 2.39845e-09
46240000.0 1.77433e-09
52610000.0 1.35218e-09
59860000.0 1.05367e-09
60460000.0 9.68444e-10
