100.1 4.93390486537729e-22
101.96 6.542858167797295e-22
104.1 7.953896425350078e-22
106.03 9.845117015118728e-22
108.01 1.2442128701065832e-21
110.01 1.7562645683253478e-21
113.88 2.4938426075080057e-21
117.88 3.3440054255567617e-21
120.91 1.2185239758461216e-20
124.87 1.5107110402591135e-20
126.9 1.6364464710057137e-20
128.07 1.733418018958046e-20
131.05 1.920536881109342e-20
131.96 2.2709300889961934e-20
134.11 2.415581726310018e-20
136.91 3.0577225950886015e-20
140.1 3.342731151491763e-20
143.04 9.562687323793915e-20
147.04 2.4773167851419793e-19
151.16 2.645274237089528e-19
155.04 2.8560296432866347e-19
159.02 3.0912156808641333e-19
161.97 3.255614976692896e-19
166.13 3.5494672276291747e-19
170.0 3.7882603276873237e-19
173.16 3.9913207877886956e-19
177.19 4.241644402456104e-19
180.07 4.42562158284762e-19
182.16 4.578724544400488e-19
185.97 4.841484390201966e-19
191.18 5.1927444602707925e-19
193.84 5.440599287023592e-19
197.9 5.702817410025012e-19
202.04 6.03391924153286e-19
204.85 6.251423979479664e-19
210.11 6.345086726896664e-19
216.0 7.1028351356804025e-19
220.01 7.461541016133372e-19
223.07 7.610704339015521e-19
227.22 8.015680006843272e-19
229.85 1.2278887015615969e-18
234.12 2.1173301372978146e-18
240.13 2.5994473172233358e-18
245.72 2.4638862565838075e-18
252.03 2.618011400072333e-18
256.71 2.2178598385223673e-18
260.28 2.546663530852953e-18
263.9 2.667025573564993e-18
268.81 2.6680843603393492e-18
273.81 2.6572112073484725e-18
278.9 2.653105936628239e-18
284.08 2.6554345696753747e-18
290.03 2.530341574997323e-18
296.1 2.572349991217902e-18
300.92 2.5492375140275655e-18
307.93 2.5666010192992877e-18
318.01 2.6115218606262747e-18
327.68 2.5946914287537046e-18
337.63 2.567630544073371e-18
347.89 2.5306287907352804e-18
356.82 2.5048811252708457e-18
365.97 2.4919712540379368e-18
375.36 2.4632208193423943e-18
384.99 2.3587145784979227e-18
394.86 2.393486006283642e-18
404.99 2.3747758377922625e-18
414.42 2.3421904432404188e-18
422.13 2.2969476774319846e-18
429.98 2.268880626505384e-18
441.01 2.2394725603213876e-18
451.28 2.197144217025082e-18
459.67 2.1576467696615348e-18
470.38 2.1284244077531628e-18
480.23 2.1056818378511164e-18
490.28 2.0507423564042987e-18
500.55 2.0447259322478e-18
506.34 2.0116028532311265e-18
512.21 2.048910926028323e-18
520.53 2.0256791301796756e-18
530.21 1.9850151144735922e-18
540.06 1.9236257350058073e-18
550.1 1.8907530497517604e-18
560.33 1.8980229382042283e-18
569.44 1.896799907812514e-18
580.02 1.853462263039241e-18
589.45 1.8406882565558853e-18
600.41 1.7875921593603172e-18
610.16 1.594167967791894e-18
620.08 1.7821340501793754e-18
630.15 1.7437133811681474e-18
640.39 1.7424324521319784e-18
649.3 1.7127976186931894e-18
658.33 1.6840785005855806e-18
664.42 1.6924953158573507e-18
675.22 1.6853019646342977e-18
684.61 1.6241915922351346e-18
695.74 1.6522434613713195e-18
705.42 1.5895655588856417e-18
715.23 1.6202933873614054e-18
725.18 1.6070285394126411e-18
735.27 1.60168884013525e-18
745.5 1.5785297258056586e-18
755.87 1.566897797765822e-18
764.62 1.436990470693423e-18
775.26 1.539839197446425e-18
784.23 1.4999557757438714e-18
795.14 1.5112040613026083e-18
804.35 1.5070585981407776e-18
815.54 1.5052905747158457e-18
824.98 1.49837245540907e-18
834.54 1.408396427683543e-18
844.2 1.472010757839555e-18
855.94 1.465092599621472e-18
865.86 1.4631014113099525e-18
875.88 1.4647667041439003e-18
883.99 1.4542610172002506e-18
894.22 1.4531511762143964e-18
904.58 1.439088162094907e-18
915.05 1.6903059346154612e-18
925.65 3.054561805204829e-18
934.21 4.744599797513685e-18
945.03 6.988317345259904e-18
955.97 8.92587306743348e-18
964.82 9.866321274868975e-18
975.99 3.746453253792781e-18
985.02 8.795854394459333e-18
994.13 9.07821237131478e-18
1005.65 1.2239350192527383e-17
1014.95 1.2096252818641327e-17
1024.34 6.303952441683549e-18
1033.82 9.652522871656381e-18
1045.79 1.5987741506288754e-17
1055.47 1.588519471342254e-17
1065.23 1.3160254451401596e-17
1075.09 1.5368228223460373e-17
1085.04 1.2446825014991292e-17
1095.08 1.6389656581104936e-17
1105.21 1.596421334479772e-17
1115.44 1.562492461931192e-17
1125.76 1.430779418161517e-17
1136.18 1.7840168484807715e-17
1144.05 1.6598348342179906e-17
1154.64 1.7662253343236904e-17
1165.32 1.8242940041359295e-17
1176.1 1.3250539028561684e-17
1184.26 1.8119957420859934e-17
1195.21 1.3659374800596321e-17
1206.27 1.0853392646047401e-17
1214.63 7.636705560425299e-18
1225.87 1.4204517565169484e-17
1234.37 2.0061420136333135e-17
1245.79 2.199707053981977e-17
1254.43 2.1279029027868427e-17
1266.03 1.9119207178322433e-17
1274.81 2.3972748547090528e-17
1283.65 2.5108270502804675e-17
1295.52 2.0546588718359316e-17
1304.5 2.0536544166240478e-17
1313.55 2.5305104866314493e-17
1325.7 2.452485398392085e-17
1334.89 2.2131905562504813e-17
1344.14 2.6020490332492687e-17
1353.46 2.538215137154666e-17
1365.98 2.3137295594708624e-17
1375.45 2.4226651720440193e-17
1384.99 2.4558052788488785e-17
1394.59 2.12325372028965e-17
1404.25 2.1913451806650295e-17
1413.99 2.3193294386189966e-17
1423.79 2.37642275578893e-17
1433.66 2.3901440518391156e-17
1443.59 2.5167925378292767e-17
1446.92 2.5544645515431023e-17
1453.6 2.4900654064560906e-17
1463.68 2.3200456506919875e-17
1473.82 2.3266453182187166e-17
1484.04 2.3818184329868717e-17
1494.33 2.421109002269411e-17
1504.68 2.307191007327897e-17
1511.63 2.0737505079723967e-17
1518.61 2.2152272142091793e-17
1525.62 2.1579987405921385e-17
1536.19 1.8922111658768308e-17
1543.28 2.0255807986892496e-17
1553.98 1.938199846991815e-17
1564.75 2.0007756504557545e-17
1575.6 2.1377114284834965e-17
1586.52 2.2371017338287683e-17
1593.84 2.286312792792462e-17
1604.89 2.2479871182670055e-17
1616.01 2.2564800611010897e-17
1623.47 2.1470285183836014e-17
1634.73 2.2878090677978848e-17
1646.06 2.3279298486003186e-17
1653.66 2.1693599086948547e-17
1665.12 2.359572383450593e-17
1672.81 2.1192009535521553e-17
1676.66 2.3951165072344227e-17
1684.4 2.4867199504147047e-17
1696.08 2.350082347418764e-17
1703.9 2.271783332665325e-17
1715.72 2.1716694205926982e-17
1723.64 2.1630231918392753e-17
1735.58 2.3143379171422592e-17
1743.59 2.273439859163127e-17
1755.68 2.4379667601526937e-17
1763.78 2.2401209029469533e-17
1776.01 2.3045937369288057e-17
1784.21 2.3594850112475936e-17
1796.57 2.5534196489728372e-17
1804.87 2.5195258482895622e-17
1813.2 2.325432687754821e-17
1825.77 2.397783858286047e-17
1834.19 2.312023745856098e-17
1846.91 2.1146527332043334e-17
1855.43 2.179822928626816e-17
1864.0 2.28342076884369e-17
1876.92 2.4537781626030755e-17
1885.58 2.2909673715363018e-17
1894.29 2.2759413106179492e-17
1903.03 2.3786369813510488e-17
1916.22 2.3311455051383836e-17
1925.06 2.2424321103653268e-17
1933.95 2.1971479681365754e-17
1942.88 2.5004356752884518e-17
1956.34 2.3836293145575836e-17
1965.37 2.6752729432004998e-17
1974.45 2.6700357716133746e-17
1983.56 2.6832352242911527e-17
1992.72 2.6595637651850507e-17
2006.53 2.6854323419776322e-17
2015.79 2.6555305170293904e-17
2025.09 2.6198728500145266e-17
2034.44 2.7254104941570105e-17
2043.83 2.91450017118678e-17
2053.27 2.7713997021421082e-17
2062.74 2.7596536748698425e-17
2072.27 3.0198857734210706e-17
2077.04 4.15965963258148e-17
2086.63 4.933958835440567e-17
2096.26 4.5849669149671983e-17
2105.94 4.471788628078943e-17
2115.66 4.8597847863672676e-17
2125.42 4.505582205160722e-17
2135.23 4.235455939014056e-17
2145.09 5.105573930467379e-17
2154.99 5.190149946850624e-17
2164.94 4.648655352372559e-17
2174.93 4.714854022126819e-17
2184.97 5.59262730117704e-17
2195.06 5.607437537743084e-17
2205.19 5.4565199745542734e-17
2215.37 4.416333873789946e-17
2225.59 4.934135705221924e-17
2235.86 6.314387618361008e-17
2246.18 6.014598858178736e-17
2256.55 4.798249992347971e-17
2266.97 4.5915020650736025e-17
2277.43 5.0562401244353557e-17
2282.68 6.48276795167757e-17
2293.22 5.4907989634472375e-17
2303.8 6.523918554483939e-17
2314.44 5.56393711102457e-17
2325.12 4.377785953795887e-17
2335.85 4.122187715995357e-17
2346.63 3.111763303692373e-17
2357.47 5.186619640069209e-17
2362.9 3.3636707369492415e-17
2373.81 4.1276316453528844e-17
2384.76 2.848210028119352e-17
2395.77 3.391950730251012e-17
2406.83 3.3598422533573834e-17
2412.38 3.874880041461009e-17
2423.51 6.153571692703762e-17
2434.7 6.223165027018086e-17
2445.94 7.377046557370897e-17
2457.23 7.847993313091747e-17
2462.89 6.771661116697817e-17
2474.26 6.10331287059058e-17
2485.68 4.115699269251364e-17
2497.15 4.8341654230999455e-17
2502.91 7.315629884361317e-17
2514.46 3.532872477616303e-17
2520.26 3.0484395063646015e-17
2526.07 3.2509566009368724e-17
2537.73 4.896514002277409e-17
2543.58 5.18585569993574e-17
2555.32 9.198032442350108e-17
2567.11 6.863736471837387e-17
2573.03 8.719824124186852e-17
2584.91 7.733597329568506e-17
2596.84 6.97038128396844e-17
2602.83 6.056068579810066e-17
2614.84 5.534388347943533e-17
2626.91 7.515184662092259e-17
2632.97 1.3027864943726717e-16
2645.12 1.7772528691178983e-16
2657.33 2.47529303559246e-16
2663.45 1.5401264836706133e-16
2675.75 1.7800446887498736e-16
2681.92 2.0576043812816472e-16
2694.3 1.5178778523178846e-16
2706.73 1.8928417188695344e-16
2712.97 1.371013077993348e-16
2725.49 1.1064052475676676e-16
2738.08 1.4053523560728774e-16
2744.39 7.73955563295864e-17
2757.06 1.0533753398211398e-16
2763.41 1.3884164866619046e-16
2776.17 1.4975712135319525e-16
2782.57 8.960248122289076e-17
2795.41 4.2774915599112444e-17
2801.85 5.118194747614453e-17
2814.79 1.3334721278913623e-16
2827.78 2.012978850162524e-16
2834.3 1.9354501595077083e-16
2847.38 1.4409340863456383e-16
2853.94 8.444562361011366e-17
2867.12 2.0296810672196887e-16
2873.73 2.706302221968498e-16
2886.99 2.422385846648155e-16
2893.65 2.959090190941729e-16
2907.0 4.017959031052931e-16
2927.15 3.5139919981010096e-16
2947.44 3.2853148146192e-16
2967.87 3.510434456597434e-16
2988.45 3.5820147495785137e-16
3009.16 3.6721459512722755e-16
3030.02 3.9146227301294634e-16
3051.02 4.1062205094238786e-16
3072.17 4.489582134869294e-16
3093.47 4.456153635856554e-16
3107.75 5.138043070740579e-16
3129.29 4.814459076899397e-16
3150.98 4.833757469614915e-16
3172.82 5.34595712410282e-16
3187.46 4.611644868051468e-16
3209.56 5.194843769498719e-16
3231.81 4.348170132543825e-16
3246.72 6.153383963405232e-16
3269.23 7.241685143291904e-16
3291.89 7.121113962450052e-16
3307.09 6.750647727964249e-16
3322.35 6.458760782867104e-16
3330.01 7.096591375996e-16
3337.69 6.697995205725984e-16
3345.38 6.868284244794893e-16
3353.09 6.37874151013553e-16
3360.82 7.122500204733945e-16
3368.57 7.120870669735956e-16
3376.33 5.628963888277734e-16
3384.12 5.961047744294728e-16
3391.92 7.247944266992795e-16
3399.74 7.552728865769942e-16
3407.58 7.128540276665983e-16
3415.43 6.88476736356769e-16
3423.3 8.199217655312029e-16
3431.2 7.828370961918472e-16
3439.1 7.701127484449067e-16
3447.03 5.59033761105552e-16
3454.98 7.101149782948686e-16
3462.94 6.154876947863082e-16
3470.93 7.097366449027251e-16
3478.93 5.636268956068114e-16
3486.95 6.743175434994699e-16
3494.99 6.134104917873109e-16
3503.04 8.234348676343804e-16
3511.12 7.879740389261522e-16
3519.21 7.7873839942958395e-16
3527.32 5.919303630748208e-16
3535.46 7.693928019067392e-16
3543.61 8.851660034411156e-16
3551.77 8.667559776317835e-16
3559.96 8.199353775599654e-16
3568.17 6.421792331368258e-16
3576.39 6.769011090733823e-16
3584.64 5.098035351030605e-16
3592.9 6.298912438644758e-16
3601.18 9.250000759326435e-16
3609.49 7.294756119944737e-16
3617.81 8.220148882435121e-16
3626.15 8.486744853640687e-16
3634.51 7.187884222113712e-16
3642.88 1.0197112077908212e-15
3651.28 7.626707930109252e-16
3659.7 1.0894255690851941e-15
3668.13 1.0496955143211784e-15
3676.59 1.1064307699974218e-15
3685.07 9.28507893879139e-16
3693.56 1.0318962631515204e-15
3702.08 1.1233157787205797e-15
3710.61 7.522471385802601e-16
3719.16 1.1434484308286484e-15
3727.74 9.14245423545942e-16
3736.33 6.279397289671196e-16
3744.94 9.589101009797307e-16
3753.58 6.347734710322957e-16
3762.23 7.753067109851969e-16
3770.9 8.285659435380123e-16
3779.6 1.0499676441621674e-15
3788.31 1.1641680557967291e-15
3790.06 6.539796567491772e-16
3791.79 4.090917842771368e-16
3793.52 7.305901160316828e-16
3795.25 3.7905064191567377e-16
3796.97 1.3752832750410754e-16
3798.7 1.0274071462758488e-15
3800.43 9.729379786718162e-16
3802.16 8.613751228715618e-16
3803.88 1.4065056692300495e-15
3805.61 1.8560643708650748e-15
3807.34 1.3154252834972902e-15
3809.07 1.036566831237406e-15
3810.8 1.0561031004494693e-15
3812.52 1.2623328306942428e-15
3814.25 1.2009349513237183e-15
3815.98 9.84494544369855e-16
3817.71 6.089569447280939e-16
3819.43 6.59643345442795e-16
3821.16 7.398998264680995e-16
3822.89 6.82046393049511e-16
3824.62 8.003871552037436e-16
3826.35 8.461903304837048e-16
3828.07 5.449158187011722e-16
3829.8 6.088318116920579e-16
3831.53 4.481236499437464e-16
3833.26 3.476950963194346e-16
3834.99 1.3833295622691264e-16
3836.71 6.976624398415704e-16
3838.44 5.28824386648242e-16
3840.17 9.992514993421631e-16
3841.9 1.3184511491615676e-15
3843.62 9.682398106808337e-16
3845.35 8.266559145426619e-16
3847.08 9.356092694183969e-16
3848.81 1.019729601583382e-15
3850.54 8.73553619833289e-16
3852.26 6.985415591776954e-16
3853.99 7.972931508549048e-16
3855.72 8.220757166641446e-16
3857.45 5.87288058666449e-16
3859.18 9.033660746237444e-16
3860.9 4.955521411306238e-16
3862.63 2.7015704310458633e-16
3864.36 7.373608986350764e-16
3866.09 8.362790852382686e-16
3867.81 1.0352140365402097e-15
3869.54 8.900868587350162e-16
3871.27 7.590456890618029e-16
3873.0 1.0786031596175542e-15
3874.73 1.2352921791950156e-15
3876.45 9.010192869928434e-16
3878.18 6.506703699218175e-16
3879.91 1.1177810541340131e-15
3881.64 1.0568545087897988e-15
3883.37 8.738766490876701e-16
3885.09 9.581111962786535e-16
3886.82 7.851057820459819e-16
3888.55 9.4511172875586e-16
3890.28 1.0298938637112943e-15
3892.0 8.393889531161079e-16
3893.73 9.141462292664591e-16
3895.46 1.4502085048807383e-15
3897.19 1.2274398318833093e-15
3898.92 9.210925787165782e-16
3900.64 1.059310606601138e-15
3902.37 1.1181954020360474e-15
3904.1 8.078997115116836e-16
3905.83 9.987980800986925e-16
3907.55 1.2990255825814835e-15
3909.28 1.4660600794744646e-15
3911.01 1.1993620316238775e-15
3912.74 1.1845180332863258e-15
3914.47 1.4793483598276619e-15
3916.19 9.941057202287118e-16
3917.92 1.0776714880350717e-15
3919.65 9.58073403568766e-16
3921.38 1.0874290542401974e-15
3923.11 1.1236516052304434e-15
3924.83 8.625870004227883e-16
3926.56 5.898932283508051e-16
3928.29 6.404703122138994e-16
3930.02 7.935740134300804e-16
3931.74 2.459057755201559e-16
3933.47 4.2319258097224425e-16
3935.2 1.0985966564419438e-15
3936.93 4.3411639601053447e-16
3938.66 8.374026796624311e-16
3940.38 9.61909518546193e-16
3942.11 8.511817349617716e-16
3943.84 1.5014535207417418e-15
3945.57 1.0706110851018708e-15
3947.29 9.31792540949218e-16
3949.02 1.3808494256094351e-15
3950.75 1.560526037201516e-15
3952.48 1.431600094101799e-15
3954.21 1.454038732744656e-15
3955.93 1.0678100889714294e-15
3957.66 9.140095305105233e-16
3959.39 1.0936082929655312e-15
3961.12 9.173432633624492e-16
3962.85 1.1688196375817414e-15
3964.57 1.0310701592470313e-15
3966.3 6.757520843873513e-16
3968.03 5.183200531516643e-16
3969.76 6.524050414310247e-16
3971.48 6.190846008563402e-16
3973.21 8.421356933515283e-16
3974.94 1.159021394841392e-15
3976.67 1.1808655364136837e-15
3978.4 1.4382273830985306e-15
3980.12 1.6074372087673443e-15
3981.85 1.456289519169419e-15
3983.58 1.3213573288469361e-15
3985.31 1.2911829735104346e-15
3987.04 1.4676123309943868e-15
3988.76 1.678507971224269e-15
3990.49 1.5543211653012103e-15
3992.22 1.6275191293354173e-15
3993.95 1.437531426122985e-15
3995.67 1.70278613318373e-15
3997.4 1.6942428187395129e-15
3999.13 1.5552738489439419e-15
4000.86 1.7417409009130598e-15
4002.59 1.9229019973094855e-15
4004.31 1.723305837525059e-15
4006.04 1.9087145545365487e-15
4007.77 1.8293012023194366e-15
4009.5 1.838634024946374e-15
4011.22 1.5156385759039448e-15
4012.95 1.5110863373872792e-15
4014.68 1.9646754975833994e-15
4016.41 1.6910095546512784e-15
4018.14 1.5814996070271864e-15
4019.86 1.8447574672405993e-15
4021.59 1.8248476994119457e-15
4023.32 1.862117032668048e-15
4025.05 1.9594041299238606e-15
4026.78 1.856599065222899e-15
4028.5 1.9569298230683692e-15
4030.23 2.0070434939750765e-15
4031.96 1.7304155217557814e-15
4033.69 1.6586065749136848e-15
4035.41 1.4920309382154368e-15
4037.14 1.5781311380763888e-15
4038.87 1.94251844402929e-15
4040.6 2.1132066073842505e-15
4042.33 2.335083125519127e-15
4044.05 1.978451868927131e-15
4045.78 1.7884167682966112e-15
4047.51 1.8760495524062157e-15
4049.24 1.7709756619179585e-15
4050.96 1.7939298746586528e-15
4052.69 1.9690952770749093e-15
4054.42 1.9422443907564326e-15
4056.15 1.715238089247284e-15
4057.88 1.8655962258477423e-15
4059.6 1.9549033123375235e-15
4061.33 1.603792880255438e-15
4063.06 1.5959481971989663e-15
4064.79 1.943899720358713e-15
4066.52 1.96325150740285e-15
4068.24 1.844003790829117e-15
4069.97 1.8774575177105635e-15
4071.7 1.995250278010372e-15
4073.43 1.907375151434124e-15
4075.15 1.7119636475081575e-15
4076.88 1.7732072343969803e-15
4078.61 1.7302515983408504e-15
4080.34 1.81818146348793e-15
4082.07 1.986651035321107e-15
4083.79 2.034730061206409e-15
4085.52 2.2475161967235985e-15
4087.25 2.1949483459482867e-15
4088.98 2.159516323287283e-15
4090.71 2.0760086433080667e-15
4092.43 1.90646995094942e-15
4094.16 1.9701275743328923e-15
4095.89 1.9946360614729665e-15
4097.62 1.887488494648453e-15
4099.34 2.0499845285097504e-15
4101.07 1.8496382070511343e-15
4102.8 1.5672922665869174e-15
4104.53 1.677745612681555e-15
4106.26 1.9608287428507057e-15
4107.98 1.939164133057148e-15
4109.71 1.7965501672791232e-15
4111.44 2.0111565330546473e-15
4113.17 2.2149575364565966e-15
4114.9 1.931924274789448e-15
4116.62 1.7096603930618029e-15
4118.35 1.832449430936608e-15
4120.08 2.057284567308131e-15
4121.81 2.0693701186864617e-15
4123.53 2.182455390961218e-15
4125.26 2.122042964340033e-15
4126.99 2.0563783051841734e-15
4128.72 2.0784652457800025e-15
4130.45 1.9675958154090585e-15
4132.17 2.0816866369784556e-15
4133.9 2.0301066497519675e-15
4135.63 1.7857559444251815e-15
4137.36 1.7802929682956284e-15
4139.09 1.8470315148100767e-15
4140.81 1.9533524685396966e-15
4142.54 1.92868708946376e-15
4144.27 1.8932919843774098e-15
4146.0 1.7237499354715807e-15
4147.72 1.8390213908045602e-15
4149.45 1.8562193395676125e-15
4151.18 1.7365212541483563e-15
4152.91 1.910070035935541e-15
4154.64 1.9942029788885196e-15
4156.36 1.9892097350151164e-15
4158.09 2.03773438325164e-15
4159.82 2.089071481267691e-15
4161.55 2.0074614904639707e-15
4163.27 1.946874205672108e-15
4165.0 1.824570687995195e-15
4166.73 2.150777837290035e-15
4168.46 2.106710444802917e-15
4170.19 1.977323741326482e-15
4171.91 1.918912066275762e-15
4173.64 1.7344215408023394e-15
4175.37 1.7079337737405844e-15
4177.1 1.955037530615964e-15
4178.83 1.8588346665038724e-15
4180.55 1.653408467817052e-15
4182.28 1.8738301421993938e-15
4184.01 1.8963076763645044e-15
4185.74 1.773069927064693e-15
4187.46 1.899684477865203e-15
4189.19 1.854295084272217e-15
4190.92 1.788270027669656e-15
4192.65 1.8828974711060685e-15
4194.38 1.8420043190050152e-15
4196.1 1.8900193288556334e-15
4197.83 1.7460866169124163e-15
4199.56 1.7210216415159974e-15
4201.29 1.6560192886126745e-15
4203.01 1.813681589747298e-15
4204.74 1.8250960634242937e-15
4206.47 1.8346511726765346e-15
4208.2 2.0651892062386774e-15
4209.93 2.1094311845087505e-15
4211.65 2.2278324161096466e-15
4213.38 2.2719125716229186e-15
4215.11 2.2271271660333026e-15
4216.84 2.155766039978218e-15
4218.57 2.1186275223070552e-15
4220.29 2.0182297714499237e-15
4222.02 1.7532419619694205e-15
4223.75 1.8023702209495547e-15
4225.48 1.578636685416915e-15
4227.2 1.709935962291551e-15
4228.93 1.7959721341528812e-15
4230.66 1.8352553715919996e-15
4232.39 1.845352596941189e-15
4234.12 1.8782857945010798e-15
4235.84 2.4185646117333502e-15
4237.57 2.3316446416832605e-15
4239.3 2.2375949147276348e-15
4241.03 2.105266521282537e-15
4242.75 2.264055560663674e-15
4244.48 2.2214081996565085e-15
4246.21 2.2186421335645758e-15
4247.94 2.1254575128251883e-15
4249.67 1.9837928043822996e-15
4251.39 2.0910408670541666e-15
4253.12 2.009723345438772e-15
4254.85 1.8828327145953398e-15
4256.58 1.965359353744299e-15
4258.31 2.0379088186032506e-15
4260.03 1.8860741241522577e-15
4261.76 1.979224614144437e-15
4263.49 2.1234393708960673e-15
4265.22 2.1602608465575557e-15
4266.94 2.217066270789179e-15
4268.67 2.0383353714138797e-15
4270.4 1.993240761740979e-15
4272.13 1.824184520243082e-15
4273.86 1.856137016370177e-15
4275.58 1.948853491333878e-15
4277.31 2.1182288415843714e-15
4279.04 2.2281848186277466e-15
4280.77 2.0149928952112837e-15
4282.5 1.92758110207563e-15
4284.22 1.955194953125426e-15
4285.95 1.9634287173867526e-15
4287.68 2.0005630665759715e-15
4289.41 2.100929839034823e-15
4291.13 1.815078594807435e-15
4292.86 1.9848681532996255e-15
4294.59 1.91051835669869e-15
4296.32 1.8465881250539686e-15
4298.05 1.7000120453990382e-15
4299.77 1.7521971594652188e-15
4301.5 1.777443539832689e-15
4303.23 1.5812799951089412e-15
4304.96 1.4807203352759341e-15
4306.68 1.5292193887917762e-15
4308.41 1.382770172247273e-15
4310.14 1.5021355466777095e-15
4311.87 1.887103245703052e-15
4313.6 1.877202541601717e-15
4315.32 2.2363517376815605e-15
4317.05 2.431274900274413e-15
4318.78 2.6029824195060393e-15
4320.51 2.6284909219942594e-15
4322.24 2.263461247911172e-15
4323.96 2.1107858936732425e-15
4325.69 1.9961319601997427e-15
4327.42 2.246552869078077e-15
4329.15 2.3953930900126307e-15
4330.87 2.537666434870479e-15
4332.6 2.489589489173328e-15
4334.33 2.2455561111361763e-15
4336.06 2.2787245756097426e-15
4337.79 2.2445241202485646e-15
4339.51 1.9218526232849046e-15
4341.24 2.1860999675587948e-15
4342.97 2.118898424765405e-15
4344.7 2.444318776863682e-15
4346.43 2.428003616943177e-15
4348.15 2.5030723239290833e-15
4349.88 2.3540697049475136e-15
4351.61 2.537603927386582e-15
4353.34 2.6268317847984482e-15
4355.06 2.1492080742615674e-15
4356.79 2.324590828671578e-15
4358.52 2.441336825245137e-15
4360.25 2.541857350245089e-15
4361.98 2.6694510977538486e-15
4363.7 2.885232605576222e-15
4365.43 2.4592970306255127e-15
4367.16 2.426635247101108e-15
4368.89 2.5719763549453153e-15
4370.61 2.275747181538277e-15
4372.34 2.438398052559813e-15
4374.07 2.589553772806266e-15
4375.8 2.5065810269879524e-15
4377.53 2.4746368697203166e-15
4379.25 2.2864294868549225e-15
4380.98 2.1726095400663283e-15
4382.71 2.0241623100860846e-15
4384.44 2.009291253006801e-15
4386.16 2.0902278315824562e-15
4387.89 2.4622431254379738e-15
4389.62 2.3573096472765422e-15
4391.35 2.203097301356164e-15
4393.08 2.2186199567619636e-15
4394.8 2.3270493710916813e-15
4396.53 2.5342357234756276e-15
4398.26 2.5559870715978402e-15
4399.99 2.745630227171266e-15
4401.72 2.3683244044349182e-15
4403.44 2.245726391298415e-15
4405.17 2.347503947007647e-15
4406.9 2.489709926008538e-15
4408.63 2.3550266613475998e-15
4410.35 2.4417768334526e-15
4412.08 2.4810705681858284e-15
4413.81 2.433605437037738e-15
4415.54 2.4042970539211903e-15
4417.27 2.5333766360284813e-15
4418.99 2.7607087771338006e-15
4420.72 2.7452346145638646e-15
4422.45 2.6185333601208126e-15
4424.18 2.8238489372556556e-15
4425.91 2.856549655128908e-15
4427.63 2.8636929947648998e-15
4429.36 2.7595766581150886e-15
4431.09 2.6362454761884787e-15
4432.82 2.4839486683404685e-15
4434.54 2.507854420167067e-15
4436.27 2.6620736814149084e-15
4438.0 2.7945796347844574e-15
4439.73 2.7485617594832057e-15
4441.46 2.8531531848092842e-15
4443.18 2.882052363709984e-15
4444.91 2.9508976873985133e-15
4446.64 2.84262880955613e-15
4448.37 2.8081818373246755e-15
4450.1 3.039697518260511e-15
4451.82 2.83543240397771e-15
4453.55 2.716482970940286e-15
4455.28 2.9172393248467864e-15
4457.01 2.675046527158617e-15
4458.73 2.491179068641581e-15
4460.46 2.475099224599349e-15
4462.19 2.6624341346499096e-15
4463.92 2.75937996823564e-15
4465.65 2.755442041998121e-15
4467.37 2.65582688545565e-15
4469.1 2.6978118564520776e-15
4470.83 2.8568168587753983e-15
4472.56 2.9922875484789093e-15
4474.28 2.927806372889042e-15
4476.01 3.031514732661952e-15
4477.74 2.982184774667305e-15
4479.47 3.099898354638669e-15
4481.2 3.0301957511336083e-15
4482.92 3.0413114880741462e-15
4484.65 3.0406568232488603e-15
4486.38 3.0189391660408494e-15
4488.11 3.1619489746803045e-15
4489.84 2.949454270049749e-15
4491.56 3.1857540496607573e-15
4493.29 3.0117578433454935e-15
4495.02 2.9833748660824916e-15
4496.75 3.1249413662042932e-15
4498.47 3.0942718408409373e-15
4500.2 3.1849535966235207e-15
4501.93 3.305731021207894e-15
4503.66 3.362222358930068e-15
4505.39 3.163098056743771e-15
4507.11 3.142211418391437e-15
4508.84 3.31762410653683e-15
4510.57 3.3274248236799595e-15
4512.3 3.3099312249169695e-15
4514.03 3.1602830491782183e-15
4515.75 3.072242204706983e-15
4517.48 3.1040818999642403e-15
4519.21 3.1441174873984097e-15
4520.94 3.182425865121295e-15
4522.66 3.1002083986340797e-15
4524.39 3.039246795908484e-15
4526.12 2.704074041050141e-15
4527.85 2.7564511790489483e-15
4529.58 2.9053999568717404e-15
4531.3 2.7990659756671147e-15
4533.03 2.918135981925066e-15
4534.76 2.895336373976292e-15
4536.49 2.879283322171149e-15
4538.21 2.914547885874682e-15
4539.94 3.1789346231875673e-15
4541.67 3.234087366798326e-15
4543.4 3.0840082022655156e-15
4545.13 3.0808653821976812e-15
4546.85 2.946190338365488e-15
4548.58 2.968062971905271e-15
4550.31 2.8998722439679147e-15
4552.04 3.012809320038242e-15
4553.77 3.225375061705055e-15
4555.49 3.1934411200334874e-15
4557.22 3.1886177151230703e-15
4558.95 3.218126025368386e-15
4560.68 3.3561652592789e-15
4562.4 3.3394202413527833e-15
4564.13 3.3236552904662942e-15
4565.86 3.289248890419468e-15
4567.59 3.4379376805242734e-15
4569.32 3.188598031458423e-15
4571.04 3.191220317737379e-15
4572.77 3.3477913418050424e-15
4574.5 3.4404785355676064e-15
4576.23 3.2644354933962457e-15
4577.96 3.1178872590147928e-15
4579.68 3.2703755268648488e-15
4581.41 3.3008152614309924e-15
4583.14 3.0104653983931178e-15
4584.87 3.06829285393133e-15
4586.59 3.1336648907520286e-15
4588.32 3.2132543307539947e-15
4590.05 3.305978874630254e-15
4591.78 3.1786693947048557e-15
4593.51 3.3039443921319674e-15
4595.23 3.354590651026944e-15
4596.96 3.286546736193329e-15
4598.69 3.24955288731335e-15
4600.42 3.208912417518751e-15
4602.15 3.2324236594705094e-15
4603.87 3.2779571607479106e-15
4605.6 3.2679991735429534e-15
4607.33 3.3150833195110447e-15
4609.06 3.30004404734156e-15
4610.78 3.3003472873115e-15
4612.51 3.3625997988858766e-15
4614.24 3.4328210753709274e-15
4615.97 3.5440472415469805e-15
4617.7 3.500153127296857e-15
4619.42 3.5265189538950336e-15
4621.15 3.429248784870204e-15
4622.88 3.3695811304867083e-15
4624.61 3.2804426373848887e-15
4626.33 3.3692312511766408e-15
4628.06 3.4236428331227868e-15
4629.79 3.6307262542566016e-15
4631.52 3.542614616748457e-15
4633.25 3.4056323721593612e-15
4634.97 3.4233500547117454e-15
4636.7 3.4758771279790367e-15
4638.43 3.0494740753316922e-15
4640.16 2.996172217994094e-15
4641.89 3.454525916948664e-15
4643.61 3.4297422981412902e-15
4645.34 3.1363442709791527e-15
4647.07 3.1178594919138584e-15
4648.8 3.129581229411564e-15
4650.52 3.1534847588568014e-15
4652.25 3.3282052868336312e-15
4653.98 3.2575419982449203e-15
4655.71 3.3521114080517156e-15
4657.44 3.4576428436002923e-15
4659.16 3.3830023675723112e-15
4660.89 3.253451958670285e-15
4662.62 3.281607581522173e-15
4664.35 3.3275907329602415e-15
4666.07 3.3276022856827846e-15
4667.8 2.9874806992896048e-15
4669.53 3.1365898971221912e-15
4671.26 3.218218809664608e-15
4672.99 3.1696581642806352e-15
4674.71 3.393532908774009e-15
4676.44 3.357489104334904e-15
4678.17 3.2948423394945244e-15
4679.9 3.350304736715982e-15
4681.63 3.1650738521403284e-15
4683.35 3.1483791840076507e-15
4685.08 3.2497373284949894e-15
4686.81 3.2508290042049728e-15
4688.54 3.42608450856389e-15
4690.26 3.2950554233002457e-15
4691.99 3.118646182356218e-15
4693.72 3.2258424067013453e-15
4695.45 3.2828513765584415e-15
4697.18 3.2410216274441223e-15
4698.9 3.1426014729933863e-15
4700.63 3.1497208632733117e-15
4702.36 3.167946113481309e-15
4704.09 3.245584641226905e-15
4705.81 3.183975264898069e-15
4707.54 3.0136970926463623e-15
4709.27 3.0385920726513114e-15
4711.0 3.141637121130214e-15
4712.73 3.3146197118131387e-15
4714.45 3.3317173017697153e-15
4716.18 3.2128227187687573e-15
4717.91 3.539909859874365e-15
4719.64 3.5215040420226108e-15
4721.37 3.291193255246517e-15
4723.09 3.3964739454022487e-15
4724.82 3.4750579541447873e-15
4726.55 3.4692232794551016e-15
4728.28 3.292962534683809e-15
4730.0 3.116046243254575e-15
4731.73 3.238002496669775e-15
4733.46 3.1707018903608937e-15
4735.19 3.1760532365517267e-15
4736.92 3.5579326877478835e-15
4738.64 3.5425153873612006e-15
4740.37 3.480873074326692e-15
4742.1 3.571252716179673e-15
4743.83 3.5109424557996728e-15
4745.56 3.4978861381255486e-15
4747.28 3.420690219607224e-15
4749.01 3.3857710016636323e-15
4750.74 3.345814001022912e-15
4752.47 3.5296466488541652e-15
4754.19 3.5066000315874708e-15
4755.92 3.3764252693260197e-15
4757.65 3.4087774794854676e-15
4759.38 3.3940861417101757e-15
4761.11 3.3145848794020847e-15
4762.83 3.230129282644718e-15
4764.56 3.2309421874449205e-15
4766.29 3.336602370594803e-15
4768.02 3.3357318467189996e-15
4769.74 3.1207253763269044e-15
4771.47 3.3605904922205318e-15
4773.2 3.4874568095878007e-15
4774.93 3.3305690036550412e-15
4776.66 3.390600971967937e-15
4778.38 3.450531607810975e-15
4780.11 3.570780915857336e-15
4781.84 3.528250999314444e-15
4783.57 3.3957546414821556e-15
4785.3 3.4818166113037252e-15
4787.02 3.4009384497695634e-15
4788.75 3.3143656273880672e-15
4790.48 3.4598558146637742e-15
4792.21 3.546621176597883e-15
4793.93 3.5451771338867842e-15
4795.66 3.5472039958559865e-15
4797.39 3.607472182008203e-15
4799.12 3.576228630615982e-15
4800.85 3.574796665715682e-15
4802.57 3.6642850703258646e-15
4804.3 3.676770480915705e-15
4806.03 3.629871854930894e-15
4807.76 3.567301481033125e-15
4809.48 3.4407202487749724e-15
4811.21 3.5278941467432164e-15
4812.94 3.581391442024996e-15
4814.67 3.462994102167038e-15
4816.4 3.5067928062576295e-15
4818.12 3.590627414223426e-15
4819.85 3.682891842127968e-15
4821.58 3.5420822602284693e-15
4823.31 3.4457901143522686e-15
4825.04 3.4805212725269082e-15
4826.76 3.631517286705634e-15
4828.49 3.631823973655673e-15
4830.22 3.525292114567976e-15
4831.95 3.721848324573567e-15
4833.67 3.793106059767487e-15
4835.4 3.512794648747216e-15
4837.13 3.4604977983846993e-15
4838.86 3.464267550261101e-15
4840.59 3.3537545742262175e-15
4842.31 3.309066047561634e-15
4844.04 3.367373681773364e-15
4845.77 3.581226453699286e-15
4847.5 3.609538268845221e-15
4849.23 3.635766511709366e-15
4850.95 3.601334174967232e-15
4852.68 3.522678471505179e-15
4854.41 3.3990757206257087e-15
4856.14 3.246661328355123e-15
4857.86 3.077900274442209e-15
4859.59 3.0390542856762983e-15
4861.32 3.0680138296492772e-15
4863.05 2.950057035676405e-15
4864.78 3.045411194388274e-15
4866.5 3.313875867579384e-15
4868.23 3.3130911476557738e-15
4869.96 3.233076545901589e-15
4871.69 3.308522682483623e-15
4873.42 3.283206011424799e-15
4875.14 3.2924091084464295e-15
4876.87 3.5296089697743688e-15
4878.6 3.5148904946746285e-15
4880.33 3.5519662259669047e-15
4882.05 3.664468025390017e-15
4883.78 3.5909429074532874e-15
4885.51 3.4258250651429404e-15
4887.24 3.4661342542002487e-15
4888.97 3.39591689165854e-15
4890.69 3.3497962133564115e-15
4892.42 3.4547593471184484e-15
4894.15 3.609809656449546e-15
4895.88 3.731512994762703e-15
4897.61 3.642203072726594e-15
4899.33 3.841594286686342e-15
4901.06 3.836617397636837e-15
4902.79 3.7121408477204455e-15
4904.52 3.717752111448856e-15
4906.24 3.6839709988849715e-15
4907.97 3.736430026768867e-15
4909.7 3.547528589339877e-15
4911.43 3.6197957252869846e-15
4913.16 3.66375669874033e-15
4914.88 3.612114461384854e-15
4916.61 3.5249150679799956e-15
4918.34 3.4201128542472253e-15
4920.07 3.4384020555758973e-15
4921.79 3.43081471717223e-15
4923.52 3.690257064954583e-15
4925.25 3.771398928505692e-15
4926.98 3.816602916922913e-15
4928.71 3.724221310134874e-15
4930.43 3.597168969929653e-15
4932.16 3.6127428236849364e-15
4933.89 3.650098243982982e-15
4935.62 3.657131436823799e-15
4937.35 3.647024624987153e-15
4939.07 3.5467563697836852e-15
4940.8 3.830152255104244e-15
4942.53 3.9109120557312156e-15
4944.26 3.744928543197588e-15
4945.98 3.9241033716381835e-15
4947.71 3.893661771484249e-15
4949.44 3.799460913132847e-15
4951.17 4.089894713248559e-15
4952.9 3.8842548750570984e-15
4954.62 3.896398354819938e-15
4956.35 3.7676342662236945e-15
4958.08 3.803784012680512e-15
4959.81 3.6461844130093186e-15
4961.53 3.693075679797291e-15
4963.26 3.715947522454735e-15
4964.99 3.7808642302517725e-15
4966.72 3.664351683951414e-15
4968.45 3.6893914278106565e-15
4970.17 3.673084858883264e-15
4971.9 3.90319613253996e-15
4973.63 4.041344255617788e-15
4975.36 3.808790960198696e-15
4977.09 3.985535531466067e-15
4978.81 3.877794572349008e-15
4980.54 3.5002357687759855e-15
4982.27 3.486668801022411e-15
4984.0 3.5188565792125105e-15
4985.72 3.4938047712697127e-15
4987.45 3.401036722868636e-15
4989.18 3.562834054004268e-15
4990.91 3.649119619131542e-15
4992.64 3.803965137699053e-15
4994.36 3.4620057313933847e-15
4996.09 3.653733459930584e-15
4997.82 3.61289831898347e-15
4999.55 3.536323589496878e-15
5001.28 3.594474876950245e-15
5003.0 3.5434995031684217e-15
5004.73 3.565111952175392e-15
5006.46 3.584818440085748e-15
5008.19 3.618346815438504e-15
5009.91 3.4405859807193635e-15
5011.64 3.60353109756533e-15
5013.37 3.3088511375209982e-15
5015.1 3.3623237888924337e-15
5016.83 3.459511992219752e-15
5018.55 3.3112676953234893e-15
5020.28 3.588174755798081e-15
5022.01 3.4914519682561863e-15
5023.74 3.462106527929433e-15
5025.46 3.555124693342173e-15
5027.19 3.82333553437999e-15
5028.92 3.5681517402570155e-15
5030.65 3.5763272779233954e-15
5032.38 3.789134646520939e-15
5034.1 3.804306827474751e-15
5035.83 3.6551110708819735e-15
5037.56 3.6132259281277795e-15
5039.29 3.5411821721581547e-15
5041.02 3.567639501541822e-15
5042.74 3.2998420404474948e-15
5044.47 3.263428639287385e-15
5046.2 3.5022843061745585e-15
5047.93 3.79088959821593e-15
5049.65 3.799521258790197e-15
5051.38 3.812918912010619e-15
5053.11 3.872411931422747e-15
5054.84 3.885110495529229e-15
5056.57 3.9109937856580064e-15
5058.29 3.9291968749021495e-15
5060.02 4.1624269229497425e-15
5061.75 3.958325488508778e-15
5063.48 3.94944493982934e-15
5065.2 3.831649589927019e-15
5066.93 3.653441430890065e-15
5068.66 3.6368832903045116e-15
5070.39 3.5903246695471476e-15
5072.12 3.6816808500225056e-15
5073.84 3.7887391881044314e-15
5075.57 3.5534320727370786e-15
5077.3 3.610427265180363e-15
5079.03 3.542557680686508e-15
5080.76 3.5388236332504145e-15
5082.48 3.580372576308884e-15
5084.21 3.563506959414326e-15
5085.94 3.676933819995523e-15
5087.67 3.83795237399971e-15
5089.39 3.8285905515904525e-15
5091.12 3.6595598712338825e-15
5092.85 3.6985097600107935e-15
5094.58 3.749214562235362e-15
5096.31 3.78482592162421e-15
5098.03 3.774686031904406e-15
5099.76 3.782637309610819e-15
5101.49 3.7082289669065404e-15
5103.22 3.668387771761825e-15
5104.94 3.840513317343148e-15
5106.67 3.4503714091431947e-15
5108.4 3.4923568191969968e-15
5110.13 3.5395129726456423e-15
5111.86 3.6475837735179206e-15
5113.58 3.741984776351422e-15
5115.31 3.7403104308497524e-15
5117.04 3.796060128190767e-15
5118.77 3.678767888266415e-15
5120.5 3.770865869031435e-15
5122.22 3.786618514011215e-15
5123.95 3.580566974314223e-15
5125.68 3.650640783669253e-15
5127.41 3.4850143279121962e-15
5129.13 3.491439477402236e-15
5130.86 3.5398555689980144e-15
5132.59 3.5370179691204008e-15
5134.32 3.723963120166882e-15
5136.05 3.666330632368314e-15
5137.77 3.60731125672328e-15
5139.5 3.616062635850932e-15
5141.23 3.595967865533817e-15
5142.96 3.50554925380872e-15
5144.69 3.57320563081614e-15
5146.41 3.5507551535106415e-15
5148.14 3.3394446824535495e-15
5149.87 3.442947102044966e-15
5151.6 3.567148021202572e-15
5153.32 3.617688668093428e-15
5155.05 3.659572171622648e-15
5156.78 3.687592134684084e-15
5158.51 3.5655033125224895e-15
5160.24 3.605764700848936e-15
5161.96 3.622010229023941e-15
5163.69 3.5422494175345865e-15
5165.42 3.3545199284282463e-15
5167.15 2.9545034893496315e-15
5168.87 2.757231823255261e-15
5170.6 2.7451743904303753e-15
5172.33 2.874503451095557e-15
5174.06 3.007666263066106e-15
5175.79 2.8682432999276765e-15
5177.51 3.0602769494884267e-15
5179.24 3.2789999663943434e-15
5180.97 3.076755508594547e-15
5182.7 2.9772856084365734e-15
5184.43 3.084805501987854e-15
5186.15 3.230699233816585e-15
5187.88 3.256849073835645e-15
5189.61 3.2944407527138707e-15
5191.34 3.5180400453958187e-15
5193.06 3.710341862830489e-15
5194.79 3.601025872665086e-15
5196.52 3.5863200721977904e-15
5198.25 3.770222398904168e-15
5199.98 3.726188114956882e-15
5201.7 3.594342557607695e-15
5203.43 3.5173573972699083e-15
5205.16 3.478015870929383e-15
5206.89 3.4889507854997957e-15
5208.62 3.550250536093472e-15
5210.34 3.7537661677357706e-15
5212.07 3.851695160313252e-15
5213.8 3.834861956720065e-15
5215.53 3.78024421096421e-15
5217.25 3.7973727610804175e-15
5218.98 3.8080935236197585e-15
5220.71 3.828272968952819e-15
5222.44 3.902929654754247e-15
5224.17 4.010552031984831e-15
5225.89 3.8937988971424465e-15
5227.62 3.804991295728624e-15
5229.35 3.744982769499686e-15
5231.08 3.732101107927094e-15
5232.8 3.828122842162865e-15
5234.53 3.996207971300951e-15
5236.26 3.9338278702325095e-15
5237.99 4.025426753938697e-15
5239.72 4.092798234371745e-15
5241.44 4.220943955027642e-15
5243.17 4.340447659990938e-15
5244.9 4.177787816375883e-15
5246.63 3.903300415006258e-15
5248.36 3.913339749344121e-15
5250.08 4.048858336789351e-15
5251.81 3.9980910283895484e-15
5253.54 4.0123541724211244e-15
5255.27 3.988182652078281e-15
5256.99 4.010057190423285e-15
5258.72 4.084513695159086e-15
5260.45 4.014237665719688e-15
5262.18 3.7655460742995055e-15
5263.91 3.7262262166475325e-15
5265.63 3.640916089433102e-15
5267.36 3.4815054896547326e-15
5269.09 3.477770639261476e-15
5270.82 3.588826921862403e-15
5272.54 3.692769141044808e-15
5274.27 3.881591807728419e-15
5276.0 4.047189587207219e-15
5277.73 4.0336152186370514e-15
5279.46 4.08694851288123e-15
5281.18 4.195389700333329e-15
5282.91 4.098815168645109e-15
5284.64 4.085618466770698e-15
5286.37 4.2856814333110705e-15
5288.1 4.1721853306310174e-15
5289.82 4.299217990153329e-15
5291.55 4.4964786214606875e-15
5293.28 4.266002200981098e-15
5295.01 4.2850434350276465e-15
5296.73 4.26572362091431e-15
5298.46 4.135489070917046e-15
5300.19 4.173313745576144e-15
5301.92 4.353633499463652e-15
5303.65 4.4614666916452366e-15
5305.37 4.572819107588667e-15
5307.1 4.342139049592384e-15
5308.83 4.264731221436258e-15
5310.56 4.5169145285926945e-15
5312.28 4.3775542458949386e-15
5314.01 4.489063770060846e-15
5315.74 4.828963814740729e-15
5317.47 4.518952904896778e-15
5319.2 4.250348320069216e-15
5320.92 4.299899885351528e-15
5322.65 4.063431249019872e-15
5324.38 4.138412995596701e-15
5326.11 4.1845093088986215e-15
5327.84 3.9863591004055184e-15
5329.56 4.19417111966119e-15
5331.29 4.099768185660385e-15
5333.02 4.238613983929888e-15
5334.75 4.506607154293058e-15
5336.48 4.474054804988999e-15
5338.2 4.340555693743918e-15
5339.93 4.223221943148018e-15
5341.66 4.4946482375561895e-15
5343.39 4.230602562410383e-15
5345.11 4.211444929097338e-15
5346.84 4.275159187478677e-15
5348.57 4.321093048178683e-15
5350.3 4.620498976761113e-15
5352.03 4.499493311922046e-15
5353.75 4.4916312974263016e-15
5355.48 4.6633705918603e-15
5357.21 4.6877688505109754e-15
5358.94 4.530137747254138e-15
5360.66 4.5824539551987766e-15
5362.39 4.714822166893446e-15
5364.12 4.571808178406123e-15
5365.85 4.4784485145694605e-15
5367.58 4.434402435758543e-15
5369.3 4.288815226220202e-15
5371.03 4.153645291245985e-15
5372.76 4.2993554312817686e-15
5374.49 4.405062555504434e-15
5376.22 4.398299199324118e-15
5377.94 4.530193707707339e-15
5379.67 4.386696290095283e-15
5381.4 4.582990745249075e-15
5383.13 4.577051135965546e-15
5384.85 4.406117358893115e-15
5386.58 4.508966984939037e-15
5388.31 4.469040632536692e-15
5390.04 4.257702031793376e-15
5391.77 4.397308963955277e-15
5393.49 4.463163050686238e-15
5395.22 4.213711930237243e-15
5396.95 4.131795827210251e-15
5398.68 4.247684094251392e-15
5400.4 4.227518026528442e-15
5402.13 4.324336159164702e-15
5403.86 4.198901735210403e-15
5405.59 4.1685259793893205e-15
5407.32 4.156928843358452e-15
5409.04 4.26989845298712e-15
5410.77 4.106269137208429e-15
5412.5 4.267518439185626e-15
5414.23 4.57435447470271e-15
5415.96 4.4020327606042475e-15
5417.68 4.241364492251133e-15
5419.41 4.269794185150356e-15
5421.14 4.322191972839308e-15
5422.87 4.369123223302381e-15
5424.59 4.416860852547695e-15
5426.32 4.466600733934556e-15
5428.05 4.460545415660508e-15
5429.78 4.255494308713541e-15
5431.51 4.267068601681993e-15
5433.23 4.5253725376894035e-15
5434.96 4.495705675242361e-15
5436.69 4.460506332159606e-15
5438.42 4.62458882782183e-15
5440.15 4.506270045025304e-15
5441.87 4.474576440607716e-15
5443.6 4.448783813122808e-15
5445.33 4.422185077480205e-15
5447.06 4.6819787260171965e-15
5448.78 4.624645054023258e-15
5450.51 4.428329914691087e-15
5452.24 4.29072670210405e-15
5453.97 4.4267712556000144e-15
5455.7 4.429348142653874e-15
5457.42 4.475790077028531e-15
5459.15 4.584736981986189e-15
5460.88 4.549790517872141e-15
5462.61 4.5262940110887335e-15
5464.34 4.5395859133260585e-15
5466.06 4.542188377907852e-15
5467.79 4.492528674414147e-15
5469.52 4.3782698672154394e-15
5471.25 4.337639077222885e-15
5472.97 4.324719465819647e-15
5474.7 4.3914925146990955e-15
5476.43 4.47734361325403e-15
5478.16 4.363689550215469e-15
5479.89 4.314651438340944e-15
5481.61 4.457316379799761e-15
5483.34 4.479356866262289e-15
5485.07 4.468042719483732e-15
5486.8 4.516720874534473e-15
5488.52 4.5666125130499364e-15
5490.25 4.527082130090786e-15
5491.98 4.606445681595923e-15
5493.71 4.64328778278913e-15
5495.44 4.607720789757476e-15
5497.16 4.691948988879415e-15
5498.89 4.651992458253705e-15
5500.62 4.585321037781556e-15
5502.35 4.542116616847906e-15
5504.08 4.481346333980285e-15
5505.8 4.5042590433845175e-15
5507.53 4.472153508638923e-15
5509.26 4.324328575684738e-15
5510.99 4.257824066375183e-15
5512.71 4.3461619988698495e-15
5514.44 4.535991096024996e-15
5516.17 4.75389838908878e-15
5517.9 4.543193028318794e-15
5519.63 4.426285958597359e-15
5521.35 4.607166406096587e-15
5523.08 4.518601170599031e-15
5524.81 4.7276325939058004e-15
5526.54 4.799125248840575e-15
5528.26 4.449118821166198e-15
5529.99 4.289113042664203e-15
5531.72 4.506338345776976e-15
5533.45 4.486489879672651e-15
5535.18 4.446587631599382e-15
5536.9 4.463584393822522e-15
5538.63 4.394772487248282e-15
5540.36 4.598719204262509e-15
5542.09 4.683603352304697e-15
5543.82 4.7982440935013115e-15
5545.54 4.828620246208422e-15
5547.27 4.55294861890238e-15
5549.0 4.812699350979314e-15
5550.73 4.877678031940322e-15
5552.45 4.72719292945572e-15
5554.18 4.679577056902832e-15
5555.91 4.721640898776498e-15
5557.64 4.770972784006279e-15
5559.37 4.672604114974167e-15
5561.09 4.663152959423888e-15
5562.82 4.741508931701539e-15
5564.55 4.7635054809626825e-15
5566.28 4.57110527049052e-15
5568.0 4.53217776450535e-15
5569.73 4.681157307832859e-15
5571.46 4.413118406234536e-15
5573.19 4.4842718658393325e-15
5574.92 4.840033033832577e-15
5576.64 4.684839253471597e-15
5578.37 4.7658305078307275e-15
5580.1 4.633150359514334e-15
5581.83 4.551712884894853e-15
5583.56 4.5530966096463564e-15
5585.28 4.375334148530919e-15
5587.01 4.453922086727182e-15
5588.74 4.462557427704138e-15
5590.47 4.483744027866614e-15
5592.19 4.463638320518834e-15
5593.92 4.531004652275212e-15
5595.65 4.462698734696489e-15
5597.38 4.533345441157913e-15
5599.11 4.51647700706944e-15
5600.83 4.409978823145824e-15
5602.56 4.378864810596553e-15
5604.29 4.331096324768805e-15
5606.02 4.400993290879738e-15
5607.75 5.1087080788859135e-15
5609.47 5.020089729905049e-15
5611.2 4.832309683224182e-15
5612.93 4.47863029712949e-15
5614.66 4.5482658190202e-15
5616.38 4.3910626928124906e-15
5618.11 4.5148030848027234e-15
5619.84 4.610546100509151e-15
5621.57 4.553333547252516e-15
5623.3 4.392282736997804e-15
5625.02 4.50068743714561e-15
5626.75 4.84459139389528e-15
5628.48 4.848084282745604e-15
5630.21 4.909859068407741e-15
5631.93 4.842834258342966e-15
5633.66 4.785563910547774e-15
5635.39 4.5336779190327756e-15
5637.12 4.660715716854613e-15
5638.85 4.648234659479772e-15
5640.57 4.749241982326971e-15
5642.3 4.778844470753289e-15
5644.03 4.578866628673911e-15
5645.76 4.652568786748411e-15
5647.49 4.7749588150188806e-15
5649.21 4.76370173757704e-15
5650.94 4.810117452159743e-15
5652.67 4.81810012820611e-15
5654.4 4.64519010967981e-15
5656.12 4.491818822019765e-15
5657.85 4.5353379956251885e-15
5659.58 4.767313479509902e-15
5661.31 4.830197190389157e-15
5663.04 4.585709193505852e-15
5664.76 4.658406159748392e-15
5666.49 4.710647229999393e-15
5668.22 4.764149073088354e-15
5669.95 4.621527354750681e-15
5671.68 4.7345530069698936e-15
5673.4 4.940433838737542e-15
5675.13 4.924239201811241e-15
5676.86 4.82956119897826e-15
5678.59 4.908256771447275e-15
5680.31 4.986989402796538e-15
5682.04 4.726522428014169e-15
5683.77 5.023674793477008e-15
5685.5 4.8980211028495e-15
5687.23 4.7245484344040465e-15
5688.95 4.6440091399489714e-15
5690.68 5.107861489412065e-15
5692.41 5.045107576103916e-15
5694.14 4.767215914910777e-15
5695.86 4.888150402744087e-15
5697.59 4.7477583665051655e-15
5699.32 4.968985640824907e-15
5701.05 4.859886580549817e-15
5702.78 4.6459025007177265e-15
5704.5 4.797934251846386e-15
5706.23 4.927351966869596e-15
5707.96 4.6723048928828446e-15
5709.69 4.891002571973309e-15
5711.42 4.701917816254456e-15
5713.14 4.710733452093345e-15
5714.87 4.585579133849505e-15
5716.6 4.807813334276818e-15
5718.33 4.846464069714527e-15
5720.05 4.852844849874205e-15
5721.78 5.2322596539524925e-15
5723.51 5.178714368185874e-15
5725.24 4.9859476000262085e-15
5726.97 4.894174082092888e-15
5728.69 5.28315167002277e-15
5730.42 5.268113409495224e-15
5732.15 5.259286274981365e-15
5733.88 5.297746746733075e-15
5735.6 5.096776470757029e-15
5737.33 5.0160757500418736e-15
5739.06 4.9369876848381614e-15
5740.79 4.931368088972504e-15
5742.52 5.177930955818442e-15
5744.24 5.183588311343897e-15
5745.97 4.953967060816071e-15
5747.7 5.098039372492197e-15
5749.43 4.978483428918106e-15
5751.16 5.036934420457043e-15
5752.88 5.1274564052904015e-15
5754.61 4.9890675688849065e-15
5756.34 4.91222906259952e-15
5758.07 4.969058276271218e-15
5759.79 5.10507891787763e-15
5761.52 5.19867285107519e-15
5763.25 5.000479475963533e-15
5764.98 5.009019869851997e-15
5766.71 5.0355019066528414e-15
5768.43 5.08410544775523e-15
5770.16 5.121892179651555e-15
5771.89 5.109179924666521e-15
5773.62 5.165787443213098e-15
5775.35 5.211147102946445e-15
5777.07 5.02794230461613e-15
5778.8 4.92991153037453e-15
5780.53 4.945134221811185e-15
5782.26 4.8173254850582595e-15
5783.98 4.781892366187764e-15
5785.71 4.749793698868476e-15
5787.44 4.7792104047091586e-15
5789.17 4.851353072839281e-15
5790.9 4.802489790079728e-15
5792.62 5.018375999973502e-15
5794.35 5.1644060538669675e-15
5796.08 5.0279733469490226e-15
5797.81 5.095673784873704e-15
5799.54 5.257788042490774e-15
5801.26 5.30963892852383e-15
5802.99 5.375376993082139e-15
5804.72 5.293378745005582e-15
5806.45 5.2487060721346876e-15
5808.17 5.117047702488295e-15
5809.9 5.021456075438675e-15
5811.63 5.1056930467361296e-15
5813.36 5.1916588997170236e-15
5815.09 5.37018991767203e-15
5816.81 5.232903695328868e-15
5818.54 5.16413247438611e-15
5820.27 5.1773947967765355e-15
5822.0 5.27739221724899e-15
5823.72 5.452819508692792e-15
5825.45 5.357068061513208e-15
5827.18 5.362811642913127e-15
5828.91 5.360549027568364e-15
5830.64 5.318230745604226e-15
5832.36 5.4040853246335756e-15
5834.09 5.459201252418576e-15
5835.82 5.2852159590870105e-15
5837.55 5.359743512987647e-15
5839.28 5.303426171468947e-15
5841.0 5.208634729678075e-15
5842.73 5.422187897083262e-15
5844.46 5.446125977468349e-15
5846.19 5.284091412958257e-15
5847.91 4.90843475626076e-15
5849.64 5.12806194297135e-15
5851.37 5.356696912453329e-15
5853.1 5.056494301439179e-15
5854.83 5.010942724691424e-15
5856.55 4.875592748024617e-15
5858.28 5.1065286854851684e-15
5860.01 5.14398536823395e-15
5861.74 4.709803801532036e-15
5863.47 5.0176104918517695e-15
5865.19 5.2331471833544645e-15
5866.92 5.0823636191368025e-15
5868.65 5.148286036280999e-15
5870.38 4.9918743370195324e-15
5872.1 5.160949193434127e-15
5873.83 5.3131422336744634e-15
5875.56 5.053007684936254e-15
5877.29 5.128356328210402e-15
5879.02 5.199071764144844e-15
5880.74 4.9084925274907476e-15
5882.47 4.842266784595703e-15
5884.2 4.941455173027155e-15
5885.93 4.484213466234864e-15
5887.65 4.394821753597766e-15
5889.38 4.330501633481213e-15
5891.11 4.1823885543052754e-15
5892.84 4.012980333637303e-15
5894.57 4.1244525598955325e-15
5896.29 4.357947662301887e-15
5898.02 4.55227633435746e-15
5899.75 4.659300586874691e-15
5901.48 4.783018277762113e-15
5903.21 4.942642242793884e-15
5904.93 5.067778805811357e-15
5906.66 5.054256511727992e-15
5908.39 5.149610435288682e-15
5910.12 5.322752271795178e-15
5911.84 5.2648456076483145e-15
5913.57 5.101357020159941e-15
5915.3 5.147666807853712e-15
5917.03 4.916492015628097e-15
5918.76 4.8643996498019636e-15
5920.48 5.064263330111803e-15
5922.21 5.057116266421214e-15
5923.94 5.111606566446281e-15
5925.67 5.1537086779377655e-15
5927.39 4.901576104246684e-15
5929.12 5.044321904863586e-15
5930.85 5.05772463591533e-15
5932.58 4.8537995158328235e-15
5934.31 4.9550559618174255e-15
5936.03 5.221916880775997e-15
5937.76 5.546851253643089e-15
5939.49 5.332532131160161e-15
5941.22 5.054132907197808e-15
5942.95 5.0091615901495476e-15
5944.67 5.148841216604613e-15
5946.4 5.380114075856359e-15
5948.13 5.043400896626415e-15
5949.86 5.118302842662468e-15
5951.58 5.228064921310303e-15
5953.31 5.408860407307087e-15
5955.04 5.171588020888267e-15
5956.77 5.091254479429269e-15
5958.5 5.032398064320296e-15
5960.22 5.265425853067122e-15
5961.95 5.218642373311108e-15
5963.68 5.173124465427575e-15
5965.41 5.369760461097375e-15
5967.13 5.229419031333688e-15
5968.86 5.306744691727293e-15
5970.59 5.1594145346648855e-15
5972.32 5.330806622298552e-15
5974.05 5.2438124815594114e-15
5975.77 5.218053624846975e-15
5977.5 5.023903401702823e-15
5979.23 5.077541033498704e-15
5980.96 5.216741682727687e-15
5982.69 4.974031540065947e-15
5984.41 5.144822869288393e-15
5986.14 5.077058934596284e-15
5987.87 5.144618775645715e-15
5989.6 5.165062931385146e-15
5991.32 5.164739357214256e-15
5993.05 5.239300865908483e-15
5994.78 5.315633966742685e-15
5996.51 5.209257272380922e-15
5998.24 5.347133001912797e-15
5999.96 5.3312549345754626e-15
6001.69 5.184918337018185e-15
6003.42 5.0697150054257395e-15
6005.15 5.068497623806496e-15
6006.88 4.977922381257385e-15
6008.6 5.0517317287747005e-15
6010.33 4.9780268511136286e-15
6012.06 5.186894503567353e-15
6013.79 5.025033474658877e-15
6015.51 5.046809183742316e-15
6017.24 5.2167602183163925e-15
6018.97 5.129957256998954e-15
6020.7 5.223946699325297e-15
6022.43 5.4623502562533304e-15
6024.15 5.336821346883195e-15
6025.88 5.3291349135491016e-15
6027.61 5.338850692588123e-15
6029.34 5.303299196857379e-15
6031.06 5.3966036483457385e-15
6032.79 5.567927465886597e-15
6034.52 5.317191680028256e-15
6036.25 5.388356589979582e-15
6037.98 5.541942810787138e-15
6039.7 5.5752634329745586e-15
6041.43 5.676645733077368e-15
6043.16 5.492776772152075e-15
6044.89 5.441025659738184e-15
6046.62 5.516261848570412e-15
6048.34 5.572318560334087e-15
6050.07 5.648065410136092e-15
6051.8 5.536449788608272e-15
6053.53 5.192313812105124e-15
6055.25 5.284616810431776e-15
6056.98 5.256312781290265e-15
6058.71 5.2747842385562845e-15
6060.44 5.433677679636676e-15
6062.17 5.3734473963478425e-15
6063.89 5.667241216736873e-15
6065.62 5.621923806768438e-15
6067.35 5.6094230168825114e-15
6069.08 5.4422962974437025e-15
6070.81 5.5129830170962544e-15
6072.53 5.505690154346252e-15
6074.26 5.432207930449669e-15
6075.99 5.270550413732249e-15
6077.72 5.22941998119868e-15
6079.44 5.364183692454486e-15
6081.17 5.331392247164898e-15
6082.9 5.379788241626056e-15
6084.63 5.429965437710941e-15
6086.36 5.349730118884188e-15
6088.08 5.312055129346939e-15
6089.81 5.322264135942071e-15
6091.54 5.368519748415923e-15
6093.27 5.2270661266843615e-15
6095.0 5.382382781708878e-15
6096.72 5.0534541721801766e-15
6098.45 4.750317747700208e-15
6100.18 4.789435584925305e-15
6101.91 4.941275336592344e-15
6103.63 5.129296699476964e-15
6105.36 5.003365637508489e-15
6107.09 5.167717470058675e-15
6108.82 5.446740594399068e-15
6110.55 5.402343697823199e-15
6112.27 5.188150402368876e-15
6114.0 5.229666212015744e-15
6115.73 5.201055718357814e-15
6117.46 5.201554594169077e-15
6119.18 5.21793564514659e-15
6120.91 5.231241717972179e-15
6122.64 5.245437187479905e-15
6124.37 5.258755699777468e-15
6126.1 5.276499120774273e-15
6127.82 5.274353001414783e-15
6129.55 5.189537495110214e-15
6131.28 5.364708138206927e-15
6133.01 5.2458088925155285e-15
6134.73 4.947197289205526e-15
6136.46 5.038791861382939e-15
6138.19 5.037467239332141e-15
6139.92 5.031712845300935e-15
6141.65 5.059174430137856e-15
6143.37 5.250126799997304e-15
6145.1 5.47309464690631e-15
6146.83 5.324708465693622e-15
6148.56 5.091997204006527e-15
6150.29 5.165631969969326e-15
6152.01 5.238409362220977e-15
6153.74 5.116869936637644e-15
6155.47 4.921140011574651e-15
6157.2 4.8886917697261026e-15
6158.92 4.7873829153970475e-15
6160.65 4.703351759953902e-15
6162.38 4.7405782301175305e-15
6164.11 4.78049009546104e-15
6165.84 5.040037340675731e-15
6167.56 4.992437097628168e-15
6169.29 4.7544451137785395e-15
6171.02 4.977258914490118e-15
6172.75 4.926494493245017e-15
6174.47 5.018587396883417e-15
6176.2 5.149918295908916e-15
6177.93 5.0474924911805925e-15
6179.66 5.02030110047045e-15
6181.39 5.04255763842806e-15
6183.11 5.207450505239693e-15
6184.84 5.219065460285357e-15
6186.57 5.068355469118563e-15
6188.3 5.264614687793343e-15
6190.03 5.175410894093235e-15
6191.75 4.915661436715818e-15
6193.48 4.9906034050665874e-15
6195.21 5.0374513509548905e-15
6196.94 4.9668514203323e-15
6198.66 5.1736536934646275e-15
6200.39 5.0762372981006575e-15
6202.12 5.164724407263719e-15
6203.85 5.142369955254591e-15
6205.58 5.033238415470359e-15
6207.3 5.020670645055675e-15
6209.03 5.1745624838109016e-15
6210.76 5.12488086898727e-15
6212.49 5.010703178042498e-15
6214.22 4.990507575314529e-15
6215.94 4.9707411039881405e-15
6217.67 5.064776115490392e-15
6219.4 5.045024365700312e-15
6221.13 4.924845920836288e-15
6222.85 4.8745474561686556e-15
6224.58 4.711652154949307e-15
6226.31 4.818299087098882e-15
6228.04 4.85320078452499e-15
6229.77 4.889017400961866e-15
6231.49 4.820232346274959e-15
6233.22 4.9746181098022696e-15
6234.95 4.811491068623439e-15
6236.68 4.725563085479601e-15
6238.41 4.994199694729189e-15
6240.13 5.001773397773154e-15
6241.86 4.811051769907834e-15
6243.59 4.835679884846373e-15
6245.32 4.541787355126799e-15
6247.04 4.784159948583525e-15
6248.77 4.980299243711206e-15
6250.5 4.787071241482263e-15
6252.23 4.693274148299786e-15
6253.96 4.629610367814592e-15
6255.68 4.821395184473076e-15
6257.41 4.9434239635770206e-15
6259.14 4.744524286477949e-15
6260.87 4.823754554884299e-15
6262.59 5.017586489059728e-15
6264.32 5.019323472341939e-15
6266.05 5.040465978100524e-15
6267.78 5.163184852476421e-15
6269.51 5.040337815609625e-15
6271.23 5.335183655863266e-15
6272.96 5.0984746180571075e-15
6274.69 4.986810975124561e-15
6276.42 5.186505726365884e-15
6278.15 5.112329928734968e-15
6279.87 5.208140118619685e-15
6281.6 5.1687596083927914e-15
6283.33 4.845223253776433e-15
6285.06 5.172754007632037e-15
6286.78 5.375504738415429e-15
6288.51 5.207983778685153e-15
6290.24 5.0793263821448066e-15
6291.97 5.149478375199909e-15
6293.7 5.1797892949036326e-15
6295.42 5.097247881238661e-15
6297.15 5.128012504358033e-15
6298.88 5.044061377421522e-15
6300.61 5.107795890955288e-15
6302.34 5.107390993040822e-15
6304.06 5.1223196820767355e-15
6305.79 5.149450999956143e-15
6307.52 5.201429222455195e-15
6309.25 5.102136514506129e-15
6310.97 5.086807665771621e-15
6312.7 5.0520464156985036e-15
6314.43 5.219311666269248e-15
6316.16 5.3247253568931574e-15
6317.89 5.219445718099083e-15
6319.61 5.241216828656044e-15
6321.34 5.2127795580547546e-15
6323.07 5.4128994466349286e-15
6324.8 5.515786990763659e-15
6326.53 5.450262509901815e-15
6328.25 5.275522125724554e-15
6329.98 5.065804456519684e-15
6331.71 5.058568286184676e-15
6333.44 5.278913331213961e-15
6335.16 5.200070468208261e-15
6336.89 5.154758690531008e-15
6338.62 5.3421832295180626e-15
6340.35 5.29915233058072e-15
6342.08 5.04863139745097e-15
6343.8 5.253877526292481e-15
6345.53 5.36249304904451e-15
6347.26 5.386658802227359e-15
6348.99 5.516271839750006e-15
6350.71 5.455019173966297e-15
6352.44 5.5851727395204076e-15
6354.17 5.405655967879435e-15
6355.9 5.120037267105954e-15
6357.63 5.1478103523383504e-15
6359.35 5.098205737340339e-15
6361.08 4.947955739918725e-15
6362.81 5.207976895938347e-15
6364.54 5.225321003077899e-15
6366.27 5.0362473005841304e-15
6367.99 4.9787919895849695e-15
6369.72 5.2992788637504426e-15
6371.45 5.614007823749747e-15
6373.18 5.455851003909347e-15
6374.9 5.35874375514039e-15
6376.63 5.377978489777625e-15
6378.36 5.555185383758922e-15
6380.09 5.507351206341028e-15
6381.82 5.426601764366354e-15
6383.54 5.3695588553398214e-15
6385.27 5.4208083224159955e-15
6387.0 5.499055820535737e-15
6388.73 5.352823438006039e-15
6390.45 5.7059770022129404e-15
6392.18 5.650307592044919e-15
6393.91 5.21110785021144e-15
6395.64 5.316863371198303e-15
6397.37 5.5444701301170834e-15
6399.09 5.321056794809982e-15
6400.82 5.36232705534744e-15
6402.55 5.291348211566457e-15
6404.28 5.445388262805225e-15
6406.01 5.488554898392896e-15
6407.73 5.5629201566539984e-15
6409.46 5.3501671305813365e-15
6411.19 5.436471356377027e-15
6412.92 5.453056253655625e-15
6414.64 5.1882160697872194e-15
6416.37 5.4899142350964975e-15
6418.1 5.427517089522417e-15
6419.83 5.408734289845232e-15
6421.56 5.540222699030305e-15
6423.28 5.4428404102438415e-15
6425.01 5.373003284757333e-15
6426.74 5.566214873928138e-15
6428.47 5.531335918016043e-15
6430.19 5.459154219097045e-15
6431.92 5.3013251857001186e-15
6433.65 5.398487663437721e-15
6435.38 5.428460322771967e-15
6437.11 5.469964276651501e-15
6438.83 5.413332761971111e-15
6440.56 5.386637739282928e-15
6442.29 5.516677569158087e-15
6444.02 5.478464608670048e-15
6445.75 5.624277611206067e-15
6447.47 5.4577953189430255e-15
6449.2 5.3452301219330266e-15
6450.93 5.2893857065217045e-15
6452.66 5.4971720677292605e-15
6454.38 5.427933391814949e-15
6456.11 5.2962965596624736e-15
6457.84 5.460343066350218e-15
6459.57 5.5079908632812405e-15
6461.3 5.422504017821043e-15
6463.02 5.442870257699924e-15
6464.75 5.534956473302284e-15
6466.48 5.506320618612232e-15
6468.21 5.527192213291722e-15
6469.94 5.828625304973832e-15
6471.66 5.859768129278561e-15
6473.39 5.455529860887336e-15
6475.12 5.474088809680816e-15
6476.85 5.573294316626814e-15
6478.57 5.5181773134137015e-15
6480.3 5.66566567364584e-15
6482.03 5.5071234113808746e-15
6483.76 5.4830337915714594e-15
6485.49 5.707654375388006e-15
6487.21 5.517425459782778e-15
6488.94 5.471959755965091e-15
6490.67 5.5704322486402725e-15
6492.4 5.4599222320105416e-15
6494.12 5.084039311867172e-15
6495.85 5.109053199188539e-15
6497.58 5.205669689597554e-15
6499.31 5.3711541490643894e-15
6501.04 5.510676371916938e-15
6502.76 5.385543058372483e-15
6504.49 5.7848054911364325e-15
6506.22 5.6559604729609914e-15
6507.95 5.6983860844709084e-15
6509.68 5.763652233658484e-15
6511.4 5.73670757320697e-15
6513.13 5.679935651504e-15
6514.86 5.674401143808099e-15
6516.59 5.664666948093222e-15
6518.31 5.591034041770383e-15
6520.04 5.786032912256727e-15
6521.77 5.929810302459216e-15
6523.5 5.6625271857993345e-15
6525.23 5.766200663259415e-15
6526.95 5.794745765578104e-15
6528.68 5.86347680882444e-15
6530.41 5.945321761035986e-15
6532.14 5.757597353561402e-15
6533.87 5.788510214020471e-15
6535.59 5.8615040302977914e-15
6537.32 5.737207526626406e-15
6539.05 5.638572122465644e-15
6540.78 5.797206302749525e-15
6542.5 5.870271950819002e-15
6544.23 5.926530745634297e-15
6545.96 5.678478948513755e-15
6547.69 5.7164503783583804e-15
6549.42 5.910902254280413e-15
6551.14 5.862255819333356e-15
6552.87 5.872178084168841e-15
6554.6 5.58488144722791e-15
6556.33 5.374810675034093e-15
6558.05 5.289390178046737e-15
6559.78 5.412709898687324e-15
6561.51 5.314590975841455e-15
6563.24 5.122072378830466e-15
6564.97 5.06420678314973e-15
6566.69 5.287614727028398e-15
6568.42 5.5773769547050525e-15
6570.15 5.619192160125891e-15
6571.88 5.609798455873463e-15
6573.61 5.495094682002061e-15
6575.33 5.528915602001937e-15
6577.06 5.8082801219100206e-15
6578.79 5.8666667165893616e-15
6580.52 5.858259067539223e-15
6582.24 5.693565746335063e-15
6583.97 5.806107956984455e-15
6585.7 5.732215456645334e-15
6587.43 5.702563710310838e-15
6589.16 5.6940986663816546e-15
6590.88 5.68562004064769e-15
6592.61 5.5451505910873805e-15
6594.34 5.858687470983009e-15
6596.07 5.7809172019231086e-15
6597.79 5.7026269097204465e-15
6599.52 5.838536992904142e-15
6601.25 5.862179032970523e-15
6602.98 5.7375882923033205e-15
6604.71 5.701241391030314e-15
6606.43 5.779175258504662e-15
6608.16 5.8755812550692325e-15
6609.89 5.6738341580274906e-15
6611.62 5.5376908904076834e-15
6613.35 5.599589732582382e-15
6615.07 5.7986614439107274e-15
6616.8 5.580133304497533e-15
6618.53 5.576314888692353e-15
6620.26 5.835168375457758e-15
6621.98 5.75612949352043e-15
6623.71 5.662852989044972e-15
6625.44 5.44164641307955e-15
6627.17 5.567593048891725e-15
6628.9 5.652373963658815e-15
6630.62 5.576504623397467e-15
6632.35 5.699256142827046e-15
6634.08 5.731964456036352e-15
6635.81 5.73765031629036e-15
6637.53 5.578692325487779e-15
6639.26 5.7195952566326575e-15
6640.99 5.487932232092087e-15
6642.72 5.3435190002346655e-15
6644.45 5.561403360437056e-15
6646.17 5.558965418261706e-15
6647.9 5.4805073847960724e-15
6649.63 5.717594265821973e-15
6651.36 5.67288758008398e-15
6653.09 5.420834680222701e-15
6654.81 5.5810189598137234e-15
6656.54 5.555272389571931e-15
6658.27 5.518567310964159e-15
6660.0 5.4894588301264805e-15
6661.72 5.431285536495997e-15
6663.45 5.421187808108949e-15
6665.18 5.484914927701731e-15
6666.91 5.381440235065389e-15
6668.64 5.256468619208189e-15
6670.36 5.31542491621374e-15
6672.09 4.7542034935907094e-15
6673.82 4.077151497154969e-15
6675.55 3.7264356435310375e-15
6677.28 3.5507546960705883e-15
6679.0 3.653176663005913e-15
6680.73 3.8446833850830996e-15
6682.46 4.301815763547156e-15
6684.19 4.807599573535499e-15
6685.91 4.741929859076754e-15
6687.64 4.745855294789236e-15
6689.37 4.878973226285041e-15
6691.1 4.805580077126856e-15
6692.83 4.817746047542457e-15
6694.55 9.028459706165045e-17
6705.72 5.46072156400638e-15
6721.18 5.284800059295378e-15
6736.67 5.4929609032021014e-15
6752.2 5.377478525549757e-15
6767.77 5.537835824990404e-15
6783.37 5.573409810118125e-15
6799.01 5.431482096623926e-15
6814.68 5.491189426840142e-15
6830.39 5.6290739091006085e-15
6846.13 5.347988621228138e-15
6861.92 5.394541198845966e-15
6877.73 5.416707416577903e-15
6893.59 5.302302225143146e-15
6909.48 5.422770160357221e-15
6925.41 5.419823213044469e-15
6941.37 5.594352803426064e-15
6957.37 5.720995988809653e-15
6973.41 5.730916734564597e-15
6989.49 5.740828771160488e-15
7005.6 5.580676286291582e-15
7021.75 5.488271676759536e-15
7037.94 5.743449516351241e-15
7054.16 6.010661447338372e-15
7070.42 5.503608704551494e-15
7086.72 5.7063335649809055e-15
7103.06 5.334304265094543e-15
7119.43 5.306221682452409e-15
7135.84 5.182172689599481e-15
7152.3 5.2871711143972575e-15
7168.78 5.357418567362488e-15
7185.31 5.292761842623878e-15
7201.87 5.204285418583235e-15
7218.47 5.49637585260406e-15
7235.11 5.531001726526269e-15
7251.79 5.41354423021939e-15
7268.51 5.3604778724253855e-15
7285.27 5.519296209013579e-15
7302.06 5.644042932722309e-15
7318.89 5.62673022301868e-15
7335.76 5.807130692406923e-15
7352.67 5.816510467540618e-15
7369.63 5.666893616194091e-15
7386.61 6.123550488488193e-15
7403.64 6.0910711720803765e-15
7420.71 5.866499750827205e-15
7437.82 5.998785184213133e-15
7454.96 6.03572535108608e-15
7472.14 6.114953685716588e-15
7489.37 6.082415913933491e-15
7506.64 6.190540787516003e-15
7523.94 6.315471371956398e-15
7541.29 6.310087918432435e-15
7558.67 6.21888813364695e-15
7576.09 6.142760918248151e-15
7593.56 6.067368322088786e-15
7611.06 6.0350147225567165e-15
7628.61 5.906442926091146e-15
7646.19 5.983776599255607e-15
7663.82 5.8830709890266894e-15
7681.49 5.824570193163834e-15
7699.19 5.846356823315346e-15
7716.95 5.8416482882485135e-15
7734.73 5.690873797888472e-15
7752.56 5.6727079343553636e-15
7770.44 5.826573924524651e-15
7788.35 5.650233027797446e-15
7806.3 5.671122339704824e-15
7824.3 5.988403073399585e-15
7842.34 5.622459545291943e-15
7860.41 5.854958470751907e-15
7878.53 5.9042998598349886e-15
7896.7 5.98082295931384e-15
7914.9 5.853020217184356e-15
7933.14 5.7540582637845245e-15
7951.43 5.5028827131455784e-15
7969.76 5.7833939021469784e-15
7988.13 5.77830526403565e-15
8006.55 5.706769091225152e-15
8025.01 6.053553238236249e-15
8043.5 6.131658268118161e-15
8062.05 6.083801696828725e-15
8080.63 5.858149718913007e-15
8099.26 5.812352235344589e-15
8117.93 6.0246336637315515e-15
8136.65 6.1026103778471685e-15
8155.4 5.9034943046931355e-15
8174.2 5.84367044080136e-15
8193.05 5.758037145362086e-15
8211.93 6.0788646882033025e-15
8230.86 5.921439067356168e-15
8249.84 6.1516824221711134e-15
8268.86 6.274013994205559e-15
8287.92 6.055232972857366e-15
8307.02 5.965934327121149e-15
8326.17 6.0286543923310176e-15
8345.37 5.8450347643241736e-15
8364.6 6.016723532672895e-15
8383.89 5.9416001511332635e-15
8403.21 6.087914844760247e-15
8422.58 5.8884521719347935e-15
8442.0 5.761698856387966e-15
8461.46 5.849329143442595e-15
8480.97 5.789441733680563e-15
8500.52 5.931823085291753e-15
8520.11 5.8038152843719505e-15
8539.75 5.7709606340543365e-15
8559.44 5.594744821835586e-15
8579.17 5.838613871619465e-15
8598.95 5.8457581795109134e-15
8618.77 5.7858703347516755e-15
8638.64 5.92795169436495e-15
8658.56 5.654725864470638e-15
8678.51 5.635479562722021e-15
8698.52 5.338858841704453e-15
8718.57 5.887936245325349e-15
8738.67 5.881386884368687e-15
8758.81 5.901870411447175e-15
8779.01 6.032628177341565e-15
8799.24 5.90203149143307e-15
8819.53 5.963565948841279e-15
8839.86 6.081673899515259e-15
8860.24 6.102465721143009e-15
8880.66 5.64946530733827e-15
8901.13 5.668936571816307e-15
8921.66 5.7015629497041974e-15
8942.22 5.694881349760259e-15
8962.83 5.584341713824832e-15
8983.5 5.463388083512701e-15
9004.21 5.7802195615610216e-15
9024.96 5.2050777839566275e-15
9045.77 6.052068648532731e-15
9066.62 6.20002670227594e-15
9087.52 5.63450558692459e-15
9108.47 5.758760773462814e-15
9129.47 5.355529509821551e-15
9150.51 5.7051707866096725e-15
9171.6 5.804132476329426e-15
9192.75 5.717412254060682e-15
9213.94 5.803155920900302e-15
9235.18 5.522352738824776e-15
9256.47 5.515438652410818e-15
9277.81 6.081863655465703e-15
9299.19 5.565286664161724e-15
9320.63 5.942094952441755e-15
9342.12 5.948266216140933e-15
9363.65 5.8457001826666665e-15
9385.24 5.94671814024242e-15
9406.88 5.844142568717993e-15
9428.56 6.000163501771098e-15
9450.29 5.9237620850168574e-15
9472.08 6.0678451571989406e-15
9493.92 6.073901987133697e-15
9515.8 5.955259967368968e-15
9537.74 6.002483040941873e-15
9559.72 5.8987030565975826e-15
9581.76 6.083919525271945e-15
9603.85 6.006266440322105e-15
9625.99 6.03983300702842e-15
9648.18 5.935281616154024e-15
9670.42 5.954659125625528e-15
9692.71 6.0293845716385376e-15
9715.06 5.938594606126102e-15
9737.45 5.876170279300681e-15
9759.9 5.868138383308262e-15
9782.39 5.819768071508407e-15
9804.95 5.974651477855451e-15
9827.55 5.925328484843979e-15
9850.21 5.958163040818912e-15
9872.91 5.922517342241325e-15
9895.67 5.9142836781488855e-15
9918.48 5.851857127559639e-15
9941.36 5.897715750817203e-15
9964.27 5.93025675769413e-15
9987.24 5.908229974937523e-15
10033.33 5.932340858704848e-15
10079.64 5.8611241800450015e-15
10126.18 5.939243548279474e-15
10172.91 5.8812287471070835e-15
10219.87 5.904704521824975e-15
10267.05 5.928190028285801e-15
10290.71 5.892244998919764e-15
10506.19 5.7756964794195374e-15
10701.51 5.602052514779189e-15
10900.48 5.4828183182892665e-15
11103.13 5.2915194836353895e-15
11309.55 5.2368227440561856e-15
11493.32 5.235163034269241e-15
11706.99 5.1436096207217194e-15
11897.21 5.000297243531551e-15
12090.52 4.9393708388686175e-15
12286.99 4.889671096861691e-15
12486.64 4.795480484393958e-15
12689.53 4.7134078394224566e-15
12895.72 4.642699947561781e-15
13105.26 4.58309106381814e-15
13287.57 4.477292945089068e-15
13503.47 4.428961248694325e-15
13691.33 4.3760314011356394e-15
13913.79 4.239070256634042e-15
14107.35 4.08286879007732e-15
14303.61 4.04224693827698e-15
14502.58 4.085422166862951e-15
14704.33 3.961156572136822e-15
14908.89 4.0213881414132285e-15
15116.29 4.063376497817312e-15
15291.34 4.139551049477918e-15
15504.06 4.115339875462123e-15
15683.59 4.068361138558631e-15
15901.77 3.95196253439361e-15
16085.9 3.969893441453792e-15
16309.67 3.95462874965964e-15
16498.54 3.917625030717885e-15
16689.58 3.880774514973983e-15
16882.83 3.8263873485361904e-15
17117.69 3.749805431146241e-15
17315.91 3.621101811174505e-15
17516.42 3.51269937736247e-15
17719.26 3.383947871609779e-15
17883.2 3.2722109284678576e-15
18090.28 3.1303405685459244e-15
18299.76 3.057168284908225e-15
18511.67 2.958222326952988e-15
18682.94 2.840375499662965e-15
18899.29 2.760888248609909e-15
19118.13 2.720873195515213e-15
19295.02 2.6303330140849436e-15
19518.45 2.532969599745135e-15
19699.06 2.454293123197574e-15
19881.32 2.3779178255370946e-15
20111.54 2.342951915965574e-15
20297.64 2.25946190593131e-15
20485.44 2.229699365299736e-15
20722.65 2.176568844026639e-15
20914.41 2.1231146802949474e-15
21107.91 2.08528013511151e-15
21303.23 2.043434939455343e-15
21500.33 1.997732184688441e-15
21699.28 1.9350509377262512e-15
21900.07 1.9004387621715613e-15
22102.69 1.849286465865364e-15
22307.22 1.799377965114852e-15
22513.61 1.7589636241955343e-15
22721.94 1.7114218900338719e-15
22879.45 1.535269110525517e-15
23091.14 1.521528532367458e-15
23304.81 1.3285697333257047e-15
23520.43 1.2544027553075314e-15
23683.48 1.2742608549074964e-15
23902.6 1.170323556381341e-15
24123.78 1.1332656484267753e-15
24290.98 1.1223601375652551e-15
24515.76 1.0474818714983059e-15
24685.71 1.0325448335556076e-15
24914.11 8.668424592703456e-16
25086.82 8.564359091039541e-16
25318.93 8.643533457754495e-16
25494.44 8.598754638847898e-16
25671.15 8.753306627598907e-16
25908.69 8.612864011459611e-16
26088.27 8.607458211660313e-16
26329.67 8.391356416307102e-16
26512.17 8.309020541400927e-16
26695.96 8.151850037179302e-16
26880.99 8.034532443023481e-16
27129.73 7.923093099417593e-16
27317.77 7.755036380638571e-16
27507.15 7.660823556350672e-16
27697.8 7.480978800092316e-16
27889.81 7.389837783225363e-16
28083.12 7.24950101549071e-16
28277.8 7.128230247516576e-16
28473.8 6.992755157218805e-16
28671.15 6.859723621395425e-16
28869.91 6.744705504035217e-16
29070.01 6.616242572338263e-16
29271.53 6.475270563597578e-16
29474.42 6.366519776378074e-16
29678.74 6.259548354434992e-16
29884.45 6.140089169016615e-16
30091.62 6.036691459111349e-16
30300.19 5.935107953416188e-16
30510.24 5.86204058454211e-16
30721.71 5.776528048034206e-16
30934.65 5.679021862179532e-16
31077.46 5.593472369582571e-16
31292.86 5.5193e-16
31509.79 5.4186e-16
31728.19 5.3319e-16
31874.63 5.2467e-16
32095.59 5.1628e-16
32318.05 5.0803e-16
32467.25 4.999e-16
32692.29 4.9191e-16
32918.92 4.8404e-16
33070.86 4.7631e-16
33300.07 4.6546e-16
33530.92 4.5697e-16
33685.68 4.4863e-16
33919.2 4.3943e-16
34075.75 4.3141e-16
34311.94 4.2353e-16
34470.34 4.158e-16
34709.26 4.0821e-16
34869.46 3.9984e-16
35111.18 3.9254e-16
35273.24 3.8449e-16
35517.76 3.7747e-16
35681.69 3.7058e-16
35929.01 3.6298e-16
36094.88 3.5718e-16
36261.47 3.4985e-16
36512.8 3.4268e-16
36681.37 3.3642e-16
36935.61 3.2877e-16
37106.08 3.2202e-16
37277.39 3.1687e-16
37535.76 3.0966e-16
37709.05 3.0541e-16
37883.1 2.9915e-16
38057.94 2.9369e-16
38321.77 2.8899e-16
38498.64 2.8372e-16
38676.33 2.7726e-16
38944.45 2.722e-16
39124.19 2.6785e-16
39304.77 2.6296e-16
39486.22 2.5697e-16
39668.47 2.5228e-16
39943.42 2.4654e-16
40127.82 2.4316e-16
40313.03 2.3927e-16
40499.09 2.3382e-16
40686.06 2.3008e-16
40873.84 2.264e-16
41062.49 2.2227e-16
41347.15 2.1872e-16
41537.98 2.1473e-16
41729.7 2.1129e-16
41922.35 2.0744e-16
42115.84 2.0365e-16
42310.22 2.0086e-16
42505.5 1.9719e-16
42701.73 1.9448e-16
42898.82 1.8616e-16
43096.82 1.7778e-16
43295.78 1.7737e-16
43495.61 1.7017e-16
43696.36 1.663e-16
43898.09 1.6289e-16
44100.69 1.5772e-16
44304.24 1.5484e-16
44508.72 1.5237e-16
44714.2 1.4821e-16
44920.58 1.4685e-16
45127.91 1.4417e-16
45336.24 1.4122e-16
45545.49 1.3992e-16
45650.47 1.38e-16
45861.17 1.3393e-16
46072.89 1.3362e-16
46285.54 1.3149e-16
46499.17 1.2968e-16
46713.84 1.2879e-16
46929.44 1.2644e-16
47146.04 1.2442e-16
47254.72 1.2413e-16
47472.87 1.2131e-16
47691.98 1.2019e-16
47912.1 1.1882e-16
48133.29 1.1585e-16
48355.45 1.1611e-16
48466.91 1.1373e-16
48690.61 1.1166e-16
48915.39 1.1013e-16
49141.15 1.0861e-16
49254.43 1.0762e-16
49481.76 1.0565e-16
49710.2 1.0493e-16
49939.63 1.0301e-16
50054.75 1.016e-16
50285.83 1.0044e-16
50517.92 9.8602e-17
50751.08 9.7473e-17
50868.07 9.6802e-17
50985.32 9.5915e-17
51102.9 9.5035e-17
51220.7 9.4381e-17
51338.77 9.3732e-17
51457.1 9.2872e-17
51575.72 9.2021e-17
51694.6 9.1809e-17
51813.82 9.1177e-17
51933.25 9.0133e-17
52052.96 8.9513e-17
52172.95 8.8897e-17
52293.21 8.8082e-17
52413.75 8.7475e-17
52534.57 8.6912e-17
52655.72 8.6337e-17
52777.1 8.576e-17
52898.75 8.5182e-17
53020.69 8.4603e-17
53142.9 8.4022e-17
53265.4 8.3441e-17
53388.18 8.2857e-17
53511.31 8.2273e-17
53634.65 8.1733e-17
53758.29 8.1192e-17
53882.2 8.0649e-17
54006.4 8.0105e-17
54130.89 7.956e-17
54255.73 7.9014e-17
54380.79 7.8466e-17
54506.14 7.7917e-17
54631.78 7.7385e-17
54757.71 7.6877e-17
54883.93 7.6367e-17
55010.45 7.5857e-17
55137.31 7.5345e-17
55264.4 7.4832e-17
55391.79 7.4318e-17
55519.47 7.3803e-17
55647.45 7.3286e-17
55775.72 7.2801e-17
55904.35 7.2323e-17
56033.21 7.1843e-17
56162.37 7.1363e-17
56291.83 7.0881e-17
56421.59 7.0398e-17
56551.64 6.9914e-17
56682.0 6.943e-17
56812.72 6.8951e-17
56943.67 6.8502e-17
57074.93 6.8051e-17
57206.5 6.76e-17
57338.36 6.7148e-17
57470.53 6.6694e-17
57603.0 6.624e-17
57735.85 6.5784e-17
57868.93 6.5328e-17
58002.32 6.4892e-17
58136.02 6.4469e-17
58270.03 6.4045e-17
58404.35 6.362e-17
58539.04 6.3194e-17
58673.98 6.2767e-17
58809.22 6.2339e-17
58944.78 6.191e-17
59080.65 6.148e-17
59216.84 6.1083e-17
59353.34 6.0684e-17
59490.21 6.0285e-17
59627.34 5.9885e-17
59764.79 5.9484e-17
59902.55 5.9082e-17
60040.63 5.8679e-17
60179.03 5.8275e-17
60317.81 5.7882e-17
60456.85 5.7508e-17
60596.21 5.7133e-17
60735.89 5.6757e-17
60875.89 5.638e-17
61016.21 5.6002e-17
61156.86 5.5624e-17
61297.89 5.5244e-17
61439.19 5.4863e-17
61580.81 5.4506e-17
61722.76 5.4153e-17
61865.04 5.38e-17
62007.64 5.3445e-17
62150.64 5.309e-17
62293.9 5.2734e-17
62437.49 5.2378e-17
62581.42 5.202e-17
62725.67 5.1667e-17
62870.26 5.1336e-17
63015.18 5.1004e-17
63160.5 5.067e-17
63306.09 5.0337e-17
63452.01 5.0002e-17
63598.28 4.9667e-17
63744.88 4.9331e-17
63891.81 4.8994e-17
64039.09 4.8672e-17
64186.77 4.8359e-17
64334.73 4.8046e-17
64483.03 4.7732e-17
64631.67 4.7418e-17
64780.64 4.7102e-17
64929.96 4.6786e-17
65079.7 4.647e-17
65229.72 4.6152e-17
65380.08 4.5858e-17
65530.79 4.5564e-17
65681.84 4.5269e-17
65833.24 4.4973e-17
65984.99 4.4677e-17
66137.16 4.4379e-17
66289.62 4.4081e-17
66442.42 4.3783e-17
66595.57 4.3493e-17
66749.08 4.3216e-17
66902.94 4.2938e-17
67057.23 4.266e-17
67211.8 4.2381e-17
67366.73 4.2102e-17
67522.01 4.1822e-17
67677.66 4.1541e-17
67833.66 4.1259e-17
67990.02 4.0995e-17
68146.82 4.0733e-17
68303.9 4.0472e-17
68461.34 4.0209e-17
68619.15 3.9947e-17
68777.32 3.9683e-17
68935.86 3.9419e-17
69094.84 3.9154e-17
69254.11 3.8893e-17
69413.74 3.8647e-17
69573.75 3.8401e-17
69734.12 3.8154e-17
69894.86 3.7907e-17
70055.98 3.7659e-17
70217.54 3.741e-17
70379.39 3.7161e-17
70541.62 3.6911e-17
70704.22 3.6673e-17
70867.2 3.6441e-17
71030.56 3.6209e-17
71194.29 3.5976e-17
71358.47 3.5743e-17
71522.96 3.5509e-17
71687.83 3.5274e-17
71853.07 3.5039e-17
72018.7 3.4804e-17
72184.71 3.4586e-17
72351.17 3.4367e-17
72517.95 3.4148e-17
72685.11 3.3929e-17
72852.65 3.3709e-17
73020.58 3.3488e-17
73188.9 3.3267e-17
73357.61 3.3045e-17
73526.78 3.283e-17
73696.27 3.2624e-17
73866.14 3.2418e-17
74036.41 3.2211e-17
74207.07 3.2004e-17
74378.12 3.1796e-17
74549.65 3.1588e-17
74721.49 3.1379e-17
74893.73 3.117e-17
75066.37 3.0974e-17
75239.4 3.0779e-17
75412.83 3.0585e-17
75586.66 3.039e-17
75760.98 3.0194e-17
75935.61 2.9998e-17
76110.65 2.9802e-17
76286.09 2.9605e-17
76461.93 2.9411e-17
76638.19 2.9228e-17
76814.84 2.9044e-17
76991.99 2.8861e-17
77169.46 2.8677e-17
77347.34 2.8492e-17
77525.63 2.8307e-17
77704.34 2.8122e-17
77883.45 2.7936e-17
78063.06 2.7758e-17
78243.0 2.7586e-17
78423.36 2.7413e-17
78604.13 2.7239e-17
78785.32 2.7065e-17
78966.92 2.6891e-17
79148.94 2.6717e-17
79331.48 2.6541e-17
79514.34 2.6366e-17
79697.63 2.6204e-17
79881.34 2.6041e-17
80065.47 2.5877e-17
80250.02 2.5714e-17
80435.1 2.5549e-17
80620.5 2.5385e-17
80806.34 2.522e-17
80992.6 2.5055e-17
81179.3 2.4894e-17
81366.42 2.4741e-17
81553.98 2.4587e-17
81742.06 2.4433e-17
81930.48 2.4278e-17
82119.33 2.4123e-17
82308.62 2.3968e-17
82498.35 2.3812e-17
82688.52 2.3656e-17
82879.21 2.3509e-17
83070.25 2.3364e-17
83261.74 2.3219e-17
83453.66 2.3073e-17
83646.03 2.2927e-17
83838.84 2.2781e-17
84032.09 2.2634e-17
84225.88 2.2487e-17
84420.03 2.2342e-17
84614.62 2.2205e-17
84809.67 2.2068e-17
85005.16 2.1931e-17
85201.1 2.1793e-17
85397.49 2.1655e-17
85594.44 2.1517e-17
85791.74 2.1378e-17
85989.5 2.1239e-17
86187.71 2.1107e-17
86386.37 2.0977e-17
86585.5 2.0848e-17
86785.18 2.0718e-17
86985.23 2.0588e-17
87185.73 2.0458e-17
87386.71 2.0327e-17
87588.14 2.0196e-17
87790.03 2.0065e-17
87992.39 1.9943e-17
88195.32 1.9821e-17
88398.62 1.9699e-17
88602.39 1.9577e-17
88806.62 1.9454e-17
89011.32 1.9331e-17
89216.5 1.9207e-17
89422.25 1.9083e-17
89628.37 1.8963e-17
89834.98 1.8848e-17
90042.05 1.8733e-17
90249.6 1.8617e-17
90457.64 1.8501e-17
90666.14 1.8385e-17
90875.24 1.8269e-17
91084.71 1.8152e-17
91294.67 1.8035e-17
91505.11 1.7925e-17
91716.04 1.7816e-17
91927.45 1.7707e-17
92139.45 1.7598e-17
92351.84 1.7488e-17
92564.71 1.7379e-17
92778.08 1.7269e-17
92991.94 1.7158e-17
93206.3 1.7049e-17
93421.15 1.6947e-17
93636.58 1.6844e-17
93852.43 1.6741e-17
94068.76 1.6638e-17
94285.6 1.6534e-17
94502.93 1.643e-17
94720.77 1.6326e-17
94939.11 1.6222e-17
95158.05 1.6122e-17
95377.4 1.6025e-17
95597.25 1.5928e-17
95817.61 1.583e-17
96038.47 1.5733e-17
96259.85 1.5635e-17
96481.84 1.5537e-17
96704.24 1.5438e-17
96927.15 1.534e-17
97150.57 1.5248e-17
97374.51 1.5156e-17
97598.97 1.5065e-17
97823.94 1.4972e-17
98049.54 1.488e-17
98275.55 1.4787e-17
98502.08 1.4695e-17
98729.13 1.4602e-17
98956.72 1.4511e-17
99184.82 1.4424e-17
99413.55 1.4338e-17
99642.71 1.4251e-17
99872.39 1.4163e-17
100102.61 1.4076e-17
100333.35 1.3988e-17
100564.63 1.3901e-17
100796.43 1.3813e-17
101028.89 1.373e-17
101261.77 1.3648e-17
101495.18 1.3566e-17
101729.14 1.3483e-17
101963.63 1.3401e-17
102198.66 1.3318e-17
102434.24 1.3235e-17
102670.46 1.3152e-17
102907.13 1.307e-17
103144.34 1.2993e-17
103382.09 1.2915e-17
103620.4 1.2838e-17
103859.25 1.276e-17
104098.77 1.2682e-17
104338.72 1.2603e-17
104579.23 1.2525e-17
104820.29 1.2446e-17
105061.91 1.2371e-17
105304.09 1.2298e-17
105546.82 1.2225e-17
105790.23 1.2151e-17
106034.08 1.2077e-17
106278.5 1.2003e-17
106523.48 1.1929e-17
106769.02 1.1855e-17
107015.13 1.1781e-17
107261.93 1.1712e-17
107509.17 1.1642e-17
107756.99 1.1573e-17
108005.37 1.1503e-17
108254.34 1.1434e-17
108503.87 1.1364e-17
108753.98 1.1294e-17
109004.79 1.1223e-17
109256.05 1.1155e-17
109507.89 1.1089e-17
109760.32 1.1024e-17
110013.32 1.0958e-17
110266.91 1.0892e-17
110521.2 1.0826e-17
110775.96 1.076e-17
111031.31 1.0694e-17
111287.24 1.0627e-17
111543.77 1.0564e-17
111800.89 1.0502e-17
112058.59 1.044e-17
112317.02 1.0378e-17
112575.92 1.0316e-17
112835.41 1.0253e-17
113095.51 1.019e-17
113356.2 1.0128e-17
113617.5 1.0065e-17
113879.39 1.0007e-17
114142.02 9.9482e-18
114405.12 9.8894e-18
114668.83 9.8304e-18
114933.15 9.7713e-18
115198.08 9.7121e-18
115463.62 9.6527e-18
115729.9 9.5932e-18
115996.67 9.5362e-18
116264.05 9.4807e-18
116532.04 9.4251e-18
116800.66 9.3694e-18
117069.89 9.3135e-18
117339.75 9.2576e-18
117610.36 9.2014e-18
117881.45 9.1452e-18
118153.18 9.0889e-18
118425.53 9.0364e-18
118698.51 8.9839e-18
118972.12 8.9312e-18
119246.48 8.8784e-18
119521.36 8.8255e-18
119796.87 8.7725e-18
120073.0 8.7193e-18
120349.78 8.6661e-18
120627.2 8.6142e-18
120905.25 8.5645e-18
121184.08 8.5147e-18
121463.42 8.4648e-18
121743.4 8.4148e-18
122024.03 8.3647e-18
122305.3 8.3144e-18
122587.22 8.2641e-18
122869.93 8.2136e-18
123153.15 8.1659e-18
123437.03 8.1188e-18
123721.56 8.0716e-18
124006.75 8.0243e-18
124292.59 7.9769e-18
124579.1 7.9294e-18
124866.4 7.8818e-18
125154.22 7.8341e-18
125442.71 7.7869e-18
125731.86 7.7424e-18
126021.68 7.6978e-18
126312.18 7.653e-18
126603.33 7.6082e-18
126895.3 7.5633e-18
127187.81 7.5182e-18
127480.98 7.4731e-18
127774.83 7.4279e-18
128069.37 7.3845e-18
128364.57 7.3423e-18
128660.6 7.2999e-18
128957.17 7.2575e-18
129254.44 7.215e-18
129552.37 7.1724e-18
129851.0 7.1298e-18
130150.32 7.087e-18
130450.31 7.0441e-18
130751.16 7.0041e-18
131052.56 6.9641e-18
131354.63 6.924e-18
131657.43 6.8838e-18
131960.9 6.8435e-18
132265.07 6.8031e-18
132570.11 6.7626e-18
132875.69 6.7221e-18
133181.98 6.6825e-18
133488.97 6.6447e-18
133796.67 6.6067e-18
134105.09 6.5687e-18
134414.21 6.5306e-18
134724.18 6.4923e-18
135034.73 6.4541e-18
135346.0 6.4157e-18
135657.98 6.3772e-18
135970.68 6.3408e-18
136284.1 6.3049e-18
136598.25 6.2689e-18
136913.27 6.2328e-18
137228.86 6.1966e-18
137545.19 6.1604e-18
137862.24 6.1241e-18
138180.02 6.0877e-18
138498.54 6.0517e-18
138817.94 6.0177e-18
139137.91 5.9836e-18
139458.65 5.9495e-18
139780.11 5.9152e-18
140102.31 5.8809e-18
140425.25 5.8465e-18
140748.94 5.8121e-18
141073.53 5.7775e-18
141398.71 5.7444e-18
141724.65 5.7121e-18
142051.34 5.6798e-18
142378.78 5.6474e-18
142706.97 5.6149e-18
143036.08 5.5824e-18
143365.78 5.5497e-18
143696.25 5.517e-18
144027.49 5.4843e-18
144359.48 5.4537e-18
144692.24 5.4231e-18
145025.77 5.3924e-18
145360.21 5.3617e-18
145695.29 5.3309e-18
146031.13 5.3e-18
146367.74 5.269e-18
146705.12 5.238e-18
147043.28 5.2077e-18
147382.4 5.1788e-18
147722.12 5.1497e-18
148062.64 5.1206e-18
148403.92 5.0914e-18
148746.0 5.0622e-18
149088.88 5.0328e-18
149432.53 5.0035e-18
149777.15 4.974e-18
150122.39 4.9461e-18
150468.45 4.9186e-18
150815.29 4.891e-18
151162.92 4.8634e-18
151511.36 4.8357e-18
151860.62 4.8079e-18
152210.83 4.7801e-18
152561.68 4.7522e-18
152913.35 4.7246e-18
153265.82 4.6985e-18
153619.12 4.6724e-18
153973.22 4.6462e-18
154328.3 4.62e-18
154684.04 4.5937e-18
155040.6 4.5673e-18
155397.97 4.5409e-18
155756.19 4.5144e-18
156115.2 4.489e-18
156475.07 4.4642e-18
156835.92 4.4394e-18
157197.45 4.4145e-18
157559.8 4.3896e-18
157922.98 4.3646e-18
158287.0 4.3396e-18
158651.87 4.3145e-18
159017.74 4.2893e-18
159384.29 4.2659e-18
159751.69 4.2424e-18
160119.92 4.2188e-18
160489.01 4.1952e-18
160858.94 4.1715e-18
161229.74 4.1478e-18
161601.57 4.124e-18
161974.07 4.1002e-18
162347.43 4.077e-18
162721.66 4.0547e-18
163096.73 4.0324e-18
163472.69 4.01e-18
163849.68 3.9875e-18
164227.37 3.965e-18
164605.92 3.9425e-18
164985.35 3.9199e-18
165365.65 3.8973e-18
165746.83 3.8758e-18
166128.89 3.8547e-18
166512.02 3.8334e-18
166895.84 3.8122e-18
167280.54 3.7909e-18
167666.13 3.7695e-18
168052.63 3.7481e-18
168440.0 3.7266e-18
168828.25 3.7054e-18
169217.6 3.6853e-18
169607.66 3.6652e-18
169998.63 3.6451e-18
170390.48 3.6249e-18
170783.24 3.6046e-18
171176.91 3.5843e-18
171571.68 3.5639e-18
171967.16 3.5435e-18
172363.56 3.5239e-18
172760.86 3.5049e-18
173159.09 3.4858e-18
173558.24 3.4666e-18
173958.3 3.4474e-18
174359.47 3.4281e-18
174761.39 3.4088e-18
175164.23 3.3895e-18
175568.0 3.3701e-18
175972.69 3.352e-18
176378.32 3.3339e-18
176785.08 3.3157e-18
177192.58 3.2975e-18
177601.02 3.2792e-18
178010.41 3.2609e-18
178420.73 3.2426e-18
178832.0 3.2242e-18
179244.22 3.2063e-18
179657.6 3.1891e-18
180071.72 3.1719e-18
180486.79 3.1546e-18
180902.82 3.1373e-18
181319.83 3.1199e-18
181737.77 3.1025e-18
182156.69 3.0851e-18
182576.77 3.0676e-18
182997.63 3.051e-18
183419.45 3.0347e-18
183842.25 3.0183e-18
184266.01 3.0018e-18
184690.77 2.9854e-18
185116.68 2.9689e-18
185543.4 2.9523e-18
185971.09 2.9357e-18
186399.77 2.9193e-18
186829.43 2.9038e-18
187260.08 2.8883e-18
187691.74 2.8727e-18
188124.59 2.8571e-18
188558.23 2.8414e-18
188992.87 2.8257e-18
189428.5 2.81e-18
189865.15 2.7942e-18
190302.81 2.779e-18
190741.67 2.7643e-18
191181.35 2.7495e-18
191622.04 2.7346e-18
192063.74 2.7198e-18
192506.46 2.7049e-18
192950.19 2.6899e-18
193394.96 2.675e-18
193840.96 2.66e-18
194287.77 2.646e-18
194735.62 2.6319e-18
195184.5 2.6178e-18
195634.42 2.6037e-18
196085.38 2.5896e-18
196537.58 2.5754e-18
196990.61 2.5612e-18
197444.68 2.547e-18
197899.82 2.5331e-18
198355.98 2.5197e-18
198813.21 2.5064e-18
199271.49 2.493e-18
199731.04 2.4796e-18
200191.43 2.4661e-18
200652.9 2.4526e-18
201115.41 2.4391e-18
201579.0 2.4256e-18
202043.65 2.4127e-18
202509.38 2.4e-18
202976.41 2.3873e-18
203444.28 2.3746e-18
203913.23 2.3618e-18
204383.27 2.349e-18
204854.37 2.3361e-18
205326.58 2.3233e-18
205800.1 2.3105e-18
206274.48 2.2985e-18
206749.96 2.2864e-18
207226.53 2.2743e-18
207704.21 2.2622e-18
208182.98 2.25e-18
208662.86 2.2378e-18
209144.07 2.2256e-18
209626.16 2.2134e-18
210109.37 2.2016e-18
210593.68 2.1901e-18
211079.11 2.1786e-18
211565.67 2.1671e-18
212053.58 2.1555e-18
212542.37 2.144e-18
213032.29 2.1324e-18
213523.34 2.1207e-18
214015.53 2.1091e-18
214508.86 2.0982e-18
215003.31 2.0872e-18
215499.14 2.0763e-18
215995.89 2.0653e-18
216493.78 2.0543e-18
216992.8 2.0433e-18
217492.99 2.0322e-18
217994.34 2.0212e-18
218497.06 2.0104e-18
219000.71 2e-18
219505.53 1.9896e-18
220011.5 1.9792e-18
220518.64 1.9687e-18
221026.95 1.9582e-18
221536.45 1.9477e-18
222047.34 1.9372e-18
222559.17 1.9267e-18
223072.18 1.9167e-18
223586.38 1.9068e-18
224101.77 1.8969e-18
224618.33 1.8869e-18
225136.1 1.877e-18
225655.31 1.867e-18
226175.46 1.857e-18
226696.81 1.847e-18
227219.36 1.8371e-18
227743.11 1.8277e-18
228268.08 1.8182e-18
228794.5 1.8088e-18
229321.9 1.7993e-18
229850.5 1.7899e-18
230380.32 1.7804e-18
230911.35 1.7708e-18
231443.63 1.7613e-18
231977.13 1.7521e-18
232512.09 1.7431e-18
233048.06 1.7342e-18
233585.24 1.7252e-18
234123.68 1.7162e-18
234663.36 1.7071e-18
235204.27 1.6981e-18
235746.69 1.689e-18
236290.1 1.6799e-18
236834.76 1.6714e-18
237380.69 1.6628e-18
237927.87 1.6543e-18
238476.3 1.6457e-18
239026.01 1.6371e-18
239577.25 1.6285e-18
240129.49 1.6199e-18
240683.0 1.6112e-18
241237.79 1.6028e-18
241793.86 1.5947e-18
242351.21 1.5866e-18
242909.86 1.5784e-18
243470.04 1.5702e-18
244031.27 1.562e-18
244593.77 1.5538e-18
245157.58 1.5456e-18
245722.69 1.5374e-18
246289.09 1.5295e-18
246857.07 1.5218e-18
247426.1 1.5141e-18
247996.44 1.5063e-18
248568.08 1.4985e-18
249141.05 1.4907e-18
249715.33 1.4829e-18
256121.12 1.4007e-18
262087.08 1.3308e-18
268191.72 1.2646e-18
274438.83 1.2018e-18
280831.19 1.1424e-18
287372.73 1.0861e-18
294066.35 1.0328e-18
300916.19 9.8271e-19
307925.24 9.3518e-19
315097.9 8.9011e-19
322437.29 8.4735e-19
329948.0 8.0678e-19
337633.28 2.0936e-18
