102.04 6.2761e-17
103.93 6.6326e-17
106.11 7.323e-17
108.08 8.1412e-17
110.09 1.1238e-16
113.96 1.3113e-16
117.97 1.4611e-16
120.99 3.6115e-16
124.96 4.0803e-16
126.99 4.2923e-16
127.87 4.4329e-16
131.15 4.7499e-16
132.06 5.2322e-16
133.89 5.4411e-16
137.01 6.2185e-16
139.88 6.6174e-16
143.14 1.0807e-15
147.15 1.6892e-15
150.93 1.81e-15
155.15 1.9484e-15
159.13 2.1023e-15
162.09 2.2166e-15
165.87 2.3806e-15
170.12 2.5333e-15
172.89 2.6588e-15
176.91 2.8099e-15
180.2 2.9288e-15
181.87 3.0178e-15
186.11 3.1819e-15
190.88 3.3782e-15
193.98 3.5212e-15
198.04 3.6871e-15
202.19 3.8609e-15
205.0 3.9874e-15
209.78 4.0709e-15
216.15 4.4534e-15
220.17 4.6418e-15
223.23 4.739e-15
226.86 4.9395e-15
230.02 7.3737e-15
233.76 1.2125e-14
239.75 1.5874e-14
245.9 1.5125e-14
252.21 1.5947e-14
256.9 1.2755e-14
259.87 1.5441e-14
264.1 1.6319e-14
269.01 1.6244e-14
274.01 1.6169e-14
279.1 1.5911e-14
284.29 1.5947e-14
290.24 1.5195e-14
296.32 1.5195e-14
301.14 1.4345e-14
308.15 1.4611e-14
318.24 1.4815e-14
327.92 1.4544e-14
337.88 1.4115e-14
348.15 1.3699e-14
357.08 1.3542e-14
366.24 1.3605e-14
374.77 1.3234e-14
385.27 1.2379e-14
395.15 1.2609e-14
405.29 1.2522e-14
413.77 1.2181e-14
422.44 1.1768e-14
430.29 1.1421e-14
441.33 1.1264e-14
450.57 1.0932e-14
460.0 1.0488e-14
469.64 1.0202e-14
479.47 1.0039e-14
489.51 9.543e-15
499.76 9.5211e-15
505.55 9.2191e-15
512.58 9.7878e-15
519.71 9.4774e-15
530.59 9.0717e-15
540.46 8.4857e-15
550.51 8.1788e-15
559.45 8.3886e-15
569.85 8.3308e-15
580.45 8.0295e-15
589.88 7.8829e-15
599.46 7.4078e-15
610.61 6.5567e-15
620.53 7.323e-15
630.61 7.0095e-15
639.38 7.0095e-15
649.77 6.7715e-15
657.3 6.4966e-15
664.91 6.5718e-15
675.71 6.4817e-15
685.11 6.077e-15
694.64 6.1615e-15
704.31 5.7107e-15
715.75 5.9114e-15
725.71 5.7901e-15
735.8 5.6844e-15
744.32 5.5041e-15
754.68 5.3541e-15
765.18 4.8606e-15
775.82 5.1249e-15
784.8 4.883e-15
795.72 4.883e-15
804.94 4.8271e-15
814.26 4.739e-15
825.58 4.6632e-15
835.14 4.2334e-15
844.81 4.4534e-15
854.6 4.332e-15
864.49 4.3022e-15
874.5 4.2236e-15
884.63 4.1466e-15
894.87 4.0709e-15
905.24 3.9691e-15
915.72 3.9146e-15
924.19 6.5718e-15
934.89 9.283e-15
945.72 1.1904e-14
954.47 1.3326e-14
965.52 1.4345e-14
974.45 7.5281e-15
985.74 1.2638e-14
994.86 1.2069e-14
1004.06 1.3858e-14
1015.69 1.3667e-14
1025.09 8.8041e-15
1034.57 1.1959e-14
1044.15 1.5265e-14
1053.81 1.478e-14
1066.01 1.3052e-14
1075.87 1.3922e-14
1085.83 1.1822e-14
1095.88 1.3954e-14
1106.02 1.3295e-14
1116.25 1.2992e-14
1123.99 1.1849e-14
1134.39 1.3234e-14
1144.88 1.2522e-14
1155.48 1.2551e-14
1166.17 1.2465e-14
1174.25 9.6314e-15
1185.12 1.1876e-14
1196.08 1.0249e-14
1204.37 8.8448e-15
1215.52 6.3487e-15
1223.94 9.7205e-15
1235.27 1.129e-14
1243.83 1.1579e-14
1255.34 1.129e-14
1264.04 1.0707e-14
1275.74 1.1633e-14
1284.58 1.1687e-14
1296.47 1.032e-14
1305.45 1.0273e-14
1314.5 1.1264e-14
1323.61 1.0831e-14
1335.86 1.0109e-14
1345.12 1.0831e-14
1354.45 1.0561e-14
1363.83 9.8784e-15
1376.45 9.8784e-15
1385.99 9.833e-15
1395.6 8.3116e-15
1405.28 8.2165e-15
1415.02 9.2191e-15
1424.82 9.0092e-15
1434.7 9.1135e-15
1441.32 9.2403e-15
1447.98 9.1979e-15
1454.66 8.9678e-15
1464.74 8.5445e-15
1474.9 8.4857e-15
1485.12 8.4857e-15
1495.41 8.3886e-15
1505.78 8.0665e-15
1512.73 7.5108e-15
1516.22 7.7212e-15
1526.73 7.6329e-15
1533.77 6.8657e-15
1544.41 6.6633e-15
1555.11 6.4966e-15
1565.89 6.8185e-15
1576.74 7.0744e-15
1584.02 7.1563e-15
1595.0 7.1893e-15
1606.06 6.9612e-15
1613.47 6.8816e-15
1624.66 6.694e-15
1635.92 6.8816e-15
1643.47 6.8342e-15
1654.86 6.6174e-15
1666.33 6.8499e-15
1670.17 6.3927e-15
1677.88 6.9452e-15
1685.63 6.9612e-15
1693.41 6.6633e-15
1705.14 6.4817e-15
1716.96 6.2616e-15
1724.89 6.2042e-15
1736.85 6.4817e-15
1744.86 6.3487e-15
1756.96 6.587e-15
1765.07 6.1899e-15
1773.22 6.2329e-15
1785.51 6.3341e-15
1793.75 6.6479e-15
1806.18 6.587e-15
1814.52 6.2042e-15
1827.1 6.305e-15
1835.53 6.1615e-15
1844.0 5.5935e-15
1856.78 5.8168e-15
1865.35 6.1191e-15
1873.96 6.2905e-15
1886.95 5.9661e-15
1895.66 6.0074e-15
1904.41 6.1473e-15
1913.2 6.077e-15
1926.47 5.7238e-15
1935.36 5.3418e-15
1944.29 6.3341e-15
1953.27 6.1191e-15
1966.81 6.756e-15
1975.88 6.587e-15
1985.0 6.6786e-15
1994.17 6.6786e-15
2003.37 6.587e-15
2017.26 6.6633e-15
2026.57 6.2472e-15
2035.92 6.8028e-15
2045.32 7.2558e-15
2054.76 6.7715e-15
2064.25 6.7404e-15
2073.77 7.5281e-15
2078.56 9.8784e-15
2083.35 1.1135e-14
2092.96 1.0368e-14
2102.62 1.0039e-14
2117.2 1.1033e-14
2126.97 1.0039e-14
2136.79 9.565e-15
2146.65 1.1368e-14
2156.56 1.1342e-14
2166.51 1.0109e-14
2176.51 1.0226e-14
2186.56 1.2097e-14
2196.65 1.2237e-14
2206.79 1.1822e-14
2216.98 9.7429e-15
2227.21 1.0907e-14
2237.49 1.3667e-14
2242.65 1.3022e-14
2253.0 1.0368e-14
2263.4 9.833e-15
2273.85 1.0512e-14
2284.34 1.3357e-14
2294.89 1.1344e-14
2305.48 1.3392e-14
2316.12 1.1747e-14
2326.81 9.6609e-15
2337.55 8.8531e-15
2342.94 6.609e-15
2353.76 1.1046e-14
2364.62 7.0681e-15
2375.53 8.798e-15
2386.5 5.7872e-15
2397.51 6.927e-15
2403.04 6.8959e-15
2414.13 7.9373e-15
2425.28 1.2699e-14
2436.47 1.2614e-14
2447.72 1.4823e-14
2453.36 1.5523e-14
2464.68 1.371e-14
2476.06 1.2026e-14
2487.49 7.8564e-15
2493.23 9.2526e-15
2504.73 1.3879e-14
2510.51 6.7204e-15
2516.29 5.4255e-15
2522.09 6.0046e-15
2533.74 9.3879e-15
2545.43 9.9005e-15
2557.18 1.6856e-14
2563.08 1.2788e-14
2574.91 1.6065e-14
2586.79 1.4255e-14
2592.75 1.2824e-14
2604.72 1.1043e-14
2616.74 9.9584e-15
2622.78 1.3497e-14
2634.88 2.2873e-14
2647.05 3.0861e-14
2653.15 4.2214e-14
2665.39 2.7833e-14
2677.7 3.1307e-14
2683.87 3.6198e-14
2696.26 2.6229e-14
2702.47 3.2272e-14
2714.95 2.3223e-14
2727.48 1.8708e-14
2733.77 2.3717e-14
2746.38 1.3432e-14
2752.72 1.8544e-14
2765.42 2.4395e-14
2778.19 2.6025e-14
2784.59 1.5291e-14
2797.44 6.8476e-15
2803.89 8.2335e-15
2816.84 2.2734e-14
2823.33 3.3169e-14
2836.36 3.0891e-14
2842.9 2.2074e-14
2856.02 1.2444e-14
2862.61 3.0481e-14
2875.82 4.1316e-14
2882.45 3.7685e-14
2895.75 4.5948e-14
2909.12 6.1997e-14
2929.28 5.4265e-14
2949.59 5.0081e-14
2970.03 5.1978e-14
2990.62 5.2963e-14
3011.35 5.2982e-14
3032.22 5.6661e-14
3053.24 5.9764e-14
3067.34 6.4349e-14
3088.6 6.2474e-14
3110.01 7.2254e-14
3131.57 6.653e-14
3153.27 6.6097e-14
3167.83 7.3331e-14
3189.78 6.4188e-14
3211.9 7.1222e-14
3226.72 6.0775e-14
3249.09 8.4896e-14
3271.61 9.9096e-14
3286.71 9.7312e-14
3309.49 9.0852e-14
3324.77 8.3647e-14
3332.43 8.8411e-14
3340.11 7.9353e-14
3347.82 9.5196e-14
3355.53 9.2188e-14
3363.27 6.0497e-14
3371.02 7.3416e-14
3378.79 8.8889e-14
3386.58 8.6677e-14
3394.39 9.0149e-14
3402.21 1.094e-13
3410.06 8.8731e-14
3417.92 7.9641e-14
3425.8 9.7993e-14
3433.69 1.1124e-13
3441.61 9.1266e-14
3449.54 8.2484e-14
3457.49 9.6256e-14
3465.46 8.4818e-14
3473.45 1.0509e-13
3481.46 8.7017e-14
3489.49 9.9693e-14
3497.53 8.8863e-14
3505.59 1.0959e-13
3513.67 9.6348e-14
3521.77 1.1243e-13
3529.89 7.6377e-14
3538.03 1.0642e-13
3546.19 1.1222e-13
3554.36 1.1121e-13
3562.55 1.0167e-13
3570.77 8.0958e-14
3579.0 9.064e-14
3587.25 6.8767e-14
3595.52 9.9413e-14
3603.81 1.2064e-13
3612.11 8.5618e-14
3620.44 9.7191e-14
3628.79 1.2322e-13
3637.15 9.2416e-14
3645.54 1.1962e-13
3653.94 1.0468e-13
3662.36 1.4156e-13
3670.81 1.2764e-13
3679.27 1.2678e-13
3687.75 1.1943e-13
3696.25 1.3464e-13
3704.77 1.4004e-13
3713.31 1.0723e-13
3721.87 1.1152e-13
3730.45 1.118e-13
3739.05 6.1872e-14
3747.67 9.1109e-14
3756.31 1.0559e-13
3764.97 1.0296e-13
3773.65 1.0709e-13
3782.35 1.3026e-13
3791.07 1.1038e-13
3799.81 9.3528e-14
3808.57 1.2648e-13
3817.35 1.1068e-13
3826.14 9.081e-14
3834.96 7.6595e-14
3843.81 7.2155e-14
3852.67 1.0748e-13
3861.55 9.1074e-14
3870.45 1.1052e-13
3879.37 1.1443e-13
3882.97 9.1764e-14
3885.98 1.1327e-13
3888.98 1.2612e-13
3891.98 4.1115e-14
3894.98 5.7173e-14
3897.98 5.9935e-14
3900.98 6.6483e-14
3903.98 1.1998e-13
3906.98 1.0226e-13
3909.98 8.3433e-14
3912.98 6.2384e-14
3915.98 1.2237e-13
3918.98 1.2254e-13
3921.98 1.1017e-13
3924.99 7.0041e-14
3927.99 8.6103e-14
3930.99 9.1289e-14
3933.99 6.0547e-14
3936.99 3.7996e-14
3939.99 7.327e-14
3942.99 1.274e-13
3945.99 1.1606e-13
3948.99 1.4959e-13
3951.99 1.3885e-13
3954.99 1.3675e-13
3957.99 1.5782e-13
3961.0 1.3744e-13
3964.0 1.6985e-13
3967.0 1.6615e-13
3970.0 1.9841e-13
3973.0 1.6488e-13
3976.0 1.5144e-13
3979.0 1.6921e-13
3982.0 1.7365e-13
3985.0 1.9006e-13
3988.0 1.7695e-13
3991.0 1.8347e-13
3994.0 1.7014e-13
3997.0 1.9346e-13
4000.01 1.7323e-13
4003.01 1.6687e-13
4006.01 1.6435e-13
4009.01 1.3851e-13
4012.01 1.4672e-13
4015.01 1.886e-13
4018.01 1.7148e-13
4021.01 1.8184e-13
4024.01 1.5968e-13
4027.01 1.4677e-13
4030.01 1.753e-13
4033.01 1.7476e-13
4036.01 1.7435e-13
4039.02 1.7633e-13
4042.02 1.7491e-13
4045.02 1.6303e-13
4048.02 1.7358e-13
4051.02 1.7764e-13
4054.02 1.8326e-13
4057.02 1.7428e-13
4060.02 1.9377e-13
4063.02 1.7836e-13
4066.02 1.5868e-13
4069.02 1.4919e-13
4072.02 1.6632e-13
4075.02 1.6149e-13
4078.03 1.5529e-13
4081.03 2.0019e-13
4084.03 1.7505e-13
4087.03 1.5203e-13
4090.03 1.6578e-13
4093.03 1.7558e-13
4096.03 1.4992e-13
4099.03 1.6671e-13
4102.03 1.5091e-13
4105.03 1.7777e-13
4108.03 1.7357e-13
4111.03 1.6221e-13
4114.04 1.4827e-13
4117.04 1.5618e-13
4120.04 1.8585e-13
4123.04 1.6813e-13
4126.04 1.5994e-13
4129.04 1.6503e-13
4132.04 1.7376e-13
4135.04 1.7648e-13
4138.04 1.4936e-13
4141.04 1.6015e-13
4144.04 1.7848e-13
4147.04 1.7583e-13
4150.04 1.6409e-13
4153.05 1.6597e-13
4156.05 1.8029e-13
4159.05 1.7156e-13
4162.05 1.66e-13
4165.05 1.6097e-13
4168.05 1.7582e-13
4171.05 1.6983e-13
4174.05 1.7937e-13
4177.05 2.0012e-13
4180.05 1.8755e-13
4183.05 1.8491e-13
4186.05 1.8304e-13
4189.06 1.5938e-13
4192.06 1.6634e-13
4195.06 1.5223e-13
4198.06 1.887e-13
4201.06 1.7822e-13
4204.06 1.9713e-13
4207.06 1.9171e-13
4210.06 1.9613e-13
4213.06 2.0205e-13
4216.06 1.915e-13
4219.06 1.7452e-13
4222.06 1.8306e-13
4225.06 1.8219e-13
4228.07 1.9043e-13
4231.07 2.0653e-13
4234.07 1.7484e-13
4237.07 1.6468e-13
4240.07 1.6589e-13
4243.07 1.8408e-13
4246.07 1.9175e-13
4249.07 2.0007e-13
4252.07 1.8397e-13
4255.07 1.6434e-13
4258.07 1.8687e-13
4261.07 2.4536e-13
4264.07 1.9351e-13
4267.08 1.3257e-13
4270.08 1.3124e-13
4273.08 1.3588e-13
4276.08 1.2676e-13
4279.08 1.6678e-13
4282.08 2.0436e-13
4285.08 2.0933e-13
4288.08 1.9099e-13
4291.08 2.0094e-13
4294.08 2.1072e-13
4297.08 2.1503e-13
4300.08 2.1506e-13
4303.08 1.9637e-13
4306.09 1.9435e-13
4309.09 2.0568e-13
4312.09 2.0866e-13
4315.09 2.0988e-13
4318.09 1.9939e-13
4321.09 2.1398e-13
4324.09 2.1068e-13
4327.09 2.1828e-13
4330.09 2.2833e-13
4333.09 2.2664e-13
4336.09 2.1659e-13
4339.09 2.0988e-13
4342.1 2.1135e-13
4345.1 2.0209e-13
4348.1 1.948e-13
4351.1 1.9208e-13
4354.1 1.7767e-13
4357.1 2.0991e-13
4360.1 2.0759e-13
4363.1 2.0633e-13
4366.1 2.1467e-13
4369.1 2.0329e-13
4372.1 2.0177e-13
4375.1 2.0451e-13
4378.1 2.1159e-13
4381.11 2.4047e-13
4384.11 2.2146e-13
4387.11 2.2083e-13
4390.11 2.3734e-13
4393.11 2.3507e-13
4396.11 2.4313e-13
4399.11 2.4268e-13
4402.11 2.5381e-13
4405.11 2.2757e-13
4408.11 2.4397e-13
4411.11 2.5186e-13
4414.11 2.5269e-13
4417.11 2.4702e-13
4420.12 2.3522e-13
4423.12 2.2608e-13
4426.12 2.2064e-13
4429.12 2.3467e-13
4432.12 2.4336e-13
4435.12 2.4675e-13
4438.12 2.6093e-13
4441.12 2.5743e-13
4444.12 2.7816e-13
4447.12 2.5508e-13
4450.12 2.6116e-13
4453.12 2.5173e-13
4456.12 2.5272e-13
4459.13 2.6155e-13
4462.13 3.0127e-13
4465.13 2.7565e-13
4468.13 2.812e-13
4471.13 2.8407e-13
4474.13 2.9185e-13
4477.13 2.7789e-13
4480.13 2.6021e-13
4483.13 2.676e-13
4486.13 2.6403e-13
4489.13 2.4997e-13
4492.13 2.3643e-13
4495.14 2.392e-13
4498.14 2.3978e-13
4501.14 2.4121e-13
4504.14 2.5862e-13
4507.14 2.471e-13
4510.14 2.5632e-13
4513.14 2.5796e-13
4516.14 2.562e-13
4519.14 2.5318e-13
4522.14 2.6267e-13
4525.14 2.6406e-13
4528.14 2.7645e-13
4531.14 2.7992e-13
4534.15 2.7806e-13
4537.15 2.8912e-13
4540.15 2.7606e-13
4543.15 2.7276e-13
4546.15 2.5747e-13
4549.15 2.6741e-13
4552.15 2.7499e-13
4555.15 2.714e-13
4558.15 2.721e-13
4561.15 2.5952e-13
4564.15 2.7079e-13
4567.15 2.7535e-13
4570.16 2.7936e-13
4573.16 2.8835e-13
4576.16 2.8373e-13
4579.16 2.8507e-13
4582.16 2.8541e-13
4585.16 2.9281e-13
4588.16 3.0038e-13
4591.16 2.8268e-13
4594.16 2.95e-13
4597.16 2.8788e-13
4600.16 2.704e-13
4603.16 2.8184e-13
4606.16 2.6321e-13
4609.17 2.6046e-13
4612.17 2.6096e-13
4615.17 2.568e-13
4618.17 2.6302e-13
4621.17 2.7692e-13
4624.17 2.7217e-13
4627.17 2.7446e-13
4630.17 2.7514e-13
4633.17 2.4523e-13
4636.17 2.6369e-13
4639.17 2.748e-13
4642.17 2.6215e-13
4645.17 2.6052e-13
4648.18 2.6566e-13
4651.18 2.6226e-13
4654.18 2.6112e-13
4657.18 2.5405e-13
4660.18 2.6193e-13
4663.18 2.6508e-13
4666.18 2.5167e-13
4669.18 2.5163e-13
4672.18 2.5739e-13
4675.18 3.1731e-13
4678.18 3.0743e-13
4681.18 2.6815e-13
4684.18 2.9055e-13
4687.19 2.9426e-13
4690.19 2.7348e-13
4693.19 2.6521e-13
4696.19 2.6231e-13
4699.19 2.6784e-13
4702.19 2.7307e-13
4705.19 2.8866e-13
4708.19 2.9063e-13
4711.19 2.8914e-13
4714.19 2.9867e-13
4717.19 2.8248e-13
4720.19 2.8015e-13
4723.2 2.7743e-13
4726.2 2.7283e-13
4729.2 2.7303e-13
4732.2 2.7119e-13
4735.2 2.8093e-13
4738.2 2.9181e-13
4741.2 2.9079e-13
4744.2 2.8453e-13
4747.2 2.8392e-13
4750.2 2.7847e-13
4753.2 2.8155e-13
4756.2 2.815e-13
4759.2 2.9514e-13
4762.21 2.9288e-13
4765.21 2.9084e-13
4768.21 2.8913e-13
4771.21 2.9692e-13
4774.21 2.9677e-13
4777.21 2.866e-13
4780.21 2.9611e-13
4783.21 2.8857e-13
4786.21 3.0202e-13
4789.21 2.9046e-13
4792.21 2.8108e-13
4795.21 2.8437e-13
4798.22 2.7826e-13
4801.22 2.8299e-13
4804.22 2.8228e-13
4807.22 2.8779e-13
4810.22 3.1729e-13
4813.22 2.8156e-13
4816.22 2.7748e-13
4819.22 2.6361e-13
4822.22 2.5011e-13
4825.22 2.4481e-13
4828.22 2.4608e-13
4831.22 2.4631e-13
4834.22 2.5621e-13
4837.23 2.664e-13
4840.23 2.7347e-13
4843.23 2.7708e-13
4846.23 2.7674e-13
4849.23 2.6729e-13
4852.23 2.6966e-13
4855.23 2.7571e-13
4858.23 2.8898e-13
4861.23 2.9473e-13
4864.23 3.06e-13
4867.23 2.9347e-13
4870.23 2.8342e-13
4873.23 2.7945e-13
4876.24 2.8545e-13
4879.24 2.8094e-13
4882.24 2.6413e-13
4885.24 2.6246e-13
4888.24 2.7791e-13
4891.24 2.9068e-13
4894.24 2.9188e-13
4897.24 2.8588e-13
4900.24 2.8047e-13
4903.24 2.7871e-13
4906.24 2.8954e-13
4909.24 3.0637e-13
4912.25 2.9955e-13
4915.25 2.9276e-13
4918.25 2.8472e-13
4921.25 2.868e-13
4924.25 2.8319e-13
4927.25 2.7736e-13
4930.25 2.7932e-13
4933.25 2.7635e-13
4936.25 2.8609e-13
4939.25 2.8547e-13
4942.25 2.7742e-13
4945.25 2.5853e-13
4948.25 2.6173e-13
4951.26 2.7174e-13
4954.26 2.8168e-13
4957.26 2.8401e-13
4960.26 2.7669e-13
4963.26 2.6514e-13
4966.26 2.6041e-13
4969.26 2.5658e-13
4972.26 2.5471e-13
4975.26 2.5031e-13
4978.26 2.4882e-13
4981.26 2.5467e-13
4984.26 2.5854e-13
4987.27 2.6772e-13
4990.27 2.6996e-13
4993.27 2.724e-13
4996.27 2.7496e-13
4999.27 2.6117e-13
5002.27 2.5549e-13
5005.27 2.5777e-13
5008.27 2.7124e-13
5011.27 2.7008e-13
5014.27 2.7193e-13
5017.27 2.7615e-13
5020.27 2.8288e-13
5023.27 2.8075e-13
5026.27 2.7776e-13
5029.28 2.7102e-13
5032.28 2.9945e-13
5035.28 2.7732e-13
5038.28 2.6219e-13
5041.28 2.5507e-13
5044.28 2.5104e-13
5047.28 2.6102e-13
5050.28 2.6755e-13
5053.28 2.7149e-13
5056.28 2.7662e-13
5059.28 2.6697e-13
5062.28 2.5528e-13
5065.29 2.6056e-13
5068.29 2.5679e-13
5071.29 2.6396e-13
5074.29 2.6568e-13
5077.29 2.6572e-13
5080.29 2.7656e-13
5083.29 2.5414e-13
5086.29 2.512e-13
5089.29 2.4993e-13
5092.29 2.5308e-13
5095.29 2.5664e-13
5098.29 2.5946e-13
5101.29 2.6136e-13
5104.3 2.4538e-13
5107.3 2.4978e-13
5110.3 2.5578e-13
5113.3 2.4965e-13
5116.3 2.5062e-13
5119.3 2.5332e-13
5122.3 2.5684e-13
5125.3 2.3645e-13
5128.3 2.2075e-13
5131.3 1.9769e-13
5134.3 1.999e-13
5137.3 2.1727e-13
5140.31 2.1874e-13
5143.31 2.1365e-13
5146.31 2.0869e-13
5149.31 2.336e-13
5152.31 2.4401e-13
5155.31 2.5748e-13
5158.31 2.609e-13
5161.31 2.6567e-13
5164.31 2.5514e-13
5167.31 2.4688e-13
5170.31 2.5073e-13
5173.31 2.4922e-13
5176.31 2.6688e-13
5179.32 2.7819e-13
5182.32 2.8051e-13
5185.32 2.7565e-13
5188.32 2.6615e-13
5191.32 2.6102e-13
5194.32 2.7629e-13
5197.32 2.8281e-13
5200.32 2.9446e-13
5203.32 2.9468e-13
5206.32 2.8442e-13
5209.32 2.7439e-13
5212.32 2.7296e-13
5215.32 2.8217e-13
5218.33 2.8021e-13
5221.33 2.7606e-13
5224.33 2.5595e-13
5227.33 2.4469e-13
5230.33 2.3568e-13
5233.33 2.5288e-13
5236.33 2.7482e-13
5239.33 2.8405e-13
5242.33 2.887e-13
5245.33 2.9608e-13
5248.33 3.0088e-13
5251.33 3.0693e-13
5254.33 2.9855e-13
5257.34 2.9133e-13
5260.34 2.8692e-13
5263.34 2.9505e-13
5266.34 3.0915e-13
5269.34 3.1435e-13
5272.34 3.1106e-13
5275.34 3.1169e-13
5278.34 3.0533e-13
5281.34 2.9732e-13
5284.34 2.8724e-13
5287.34 2.7319e-13
5290.34 2.728e-13
5293.35 2.8221e-13
5296.35 2.9095e-13
5299.35 2.9102e-13
5302.35 2.9404e-13
5305.35 2.9265e-13
5308.35 2.9394e-13
5311.35 2.9954e-13
5314.35 3.0969e-13
5317.35 3.1121e-13
5320.35 3.1449e-13
5323.35 3.0456e-13
5326.35 2.9634e-13
5329.35 2.9541e-13
5332.36 2.8654e-13
5335.36 2.9548e-13
5338.36 3.0647e-13
5341.36 3.0357e-13
5344.36 3.1161e-13
5347.36 3.0291e-13
5350.36 3.0052e-13
5353.36 2.9497e-13
5356.36 2.8203e-13
5359.36 2.8418e-13
5362.36 2.7512e-13
5365.36 2.7379e-13
5368.37 2.7698e-13
5371.37 2.8541e-13
5374.37 2.9652e-13
5377.37 3.0047e-13
5380.37 3.0228e-13
5383.37 2.9793e-13
5386.37 3.0044e-13
5389.37 2.8969e-13
5392.37 2.884e-13
5395.37 2.9277e-13
5398.37 2.9499e-13
5401.37 2.9472e-13
5404.37 3.0294e-13
5407.38 2.9309e-13
5410.38 2.8377e-13
5413.38 2.8764e-13
5416.38 2.8621e-13
5419.38 2.883e-13
5422.38 2.902e-13
5425.38 2.8919e-13
5428.38 2.9263e-13
5431.38 2.9037e-13
5434.38 2.896e-13
5437.38 2.7691e-13
5440.38 2.8271e-13
5443.38 2.8659e-13
5446.39 2.9091e-13
5449.39 2.8744e-13
5452.39 2.9363e-13
5455.39 2.9401e-13
5458.39 2.9043e-13
5461.39 2.9606e-13
5464.39 2.9354e-13
5467.39 2.8629e-13
5470.39 2.8135e-13
5473.39 2.8803e-13
5476.39 2.8979e-13
5479.39 2.9371e-13
5482.39 2.9626e-13
5485.4 2.9237e-13
5488.4 2.9369e-13
5491.4 2.9501e-13
5494.4 2.9633e-13
5497.4 2.9765e-13
5500.4 2.9897e-13
5503.4 3.0029e-13
5506.4 3.0161e-13
5509.4 3.1309e-13
5512.4 3.0609e-13
5515.4 3.0628e-13
5518.4 3.0217e-13
5521.41 2.9964e-13
5524.41 2.935e-13
5527.41 2.9739e-13
5530.41 2.9675e-13
5533.41 2.9952e-13
5536.41 2.9802e-13
5539.41 3.0219e-13
5542.41 2.9154e-13
5545.41 2.8175e-13
5548.41 2.8221e-13
5551.41 2.8502e-13
5554.41 2.8816e-13
5557.41 2.8812e-13
5560.42 2.8665e-13
5563.42 2.9255e-13
5566.42 3.0199e-13
5569.42 3.0271e-13
5572.42 3.0595e-13
5575.42 2.9947e-13
5578.42 2.8758e-13
5581.42 2.8618e-13
5584.42 2.9364e-13
5587.42 2.8981e-13
5590.42 2.9538e-13
5593.42 2.9855e-13
5596.42 2.9366e-13
5599.43 2.921e-13
5602.43 2.9544e-13
5605.43 2.9751e-13
5608.43 3.0114e-13
5611.43 3.0432e-13
5614.43 2.9683e-13
5617.43 2.8772e-13
5620.43 2.9401e-13
5623.43 2.8768e-13
5626.43 2.9406e-13
5629.43 2.9768e-13
5632.43 3.0347e-13
5635.44 2.9953e-13
5638.44 2.9855e-13
5641.44 2.9665e-13
5644.44 2.9419e-13
5647.44 2.9076e-13
5650.44 3.0289e-13
5653.44 2.9873e-13
5656.44 2.9523e-13
5659.44 2.9754e-13
5662.44 2.8674e-13
5665.44 2.7568e-13
5668.44 2.8407e-13
5671.44 2.9145e-13
5674.45 3.0066e-13
5677.45 2.9823e-13
5680.45 2.9774e-13
5683.45 3.1043e-13
5686.45 3.0721e-13
5689.45 3.0706e-13
5692.45 3.0636e-13
5695.45 3.0621e-13
5698.45 3.02e-13
5701.45 3.0023e-13
5704.45 3.1098e-13
5707.45 2.9855e-13
5710.45 2.9618e-13
5713.46 3.0011e-13
5716.46 2.9935e-13
5719.46 3.0198e-13
5722.46 3.0147e-13
5725.46 3.0683e-13
5728.46 3.0648e-13
5731.46 3.0326e-13
5734.46 3.0482e-13
5737.46 2.9788e-13
5740.46 2.8951e-13
5743.46 2.8856e-13
5746.46 2.9548e-13
5749.47 2.9996e-13
5752.47 3.0347e-13
5755.47 3.1114e-13
5758.47 3.0854e-13
5761.47 3.1437e-13
5764.47 3.1171e-13
5767.47 3.1082e-13
5770.47 2.9962e-13
5773.47 3.0428e-13
5776.47 3.131e-13
5779.47 3.1085e-13
5782.47 3.1168e-13
5785.47 3.1615e-13
5788.48 3.0683e-13
5791.48 3.1333e-13
5794.48 3.0934e-13
5797.48 3.1043e-13
5800.48 3.0321e-13
5803.48 3.0021e-13
5806.48 2.9893e-13
5809.48 2.8731e-13
5812.48 2.9157e-13
5815.48 2.8609e-13
5818.48 2.925e-13
5821.48 2.9378e-13
5824.48 2.9148e-13
5827.49 2.9685e-13
5830.49 2.9184e-13
5833.49 2.9372e-13
5836.49 2.8607e-13
5839.49 2.7982e-13
5842.49 2.664e-13
5845.49 2.4343e-13
5848.49 2.3257e-13
5851.49 2.2406e-13
5854.49 2.3748e-13
5857.49 2.5617e-13
5860.49 2.7143e-13
5863.5 2.8205e-13
5866.5 2.8198e-13
5869.5 2.8347e-13
5872.5 2.8345e-13
5875.5 2.8571e-13
5878.5 2.8594e-13
5881.5 2.8916e-13
5884.5 2.8922e-13
5887.5 2.8832e-13
5890.5 2.9471e-13
5893.5 2.9252e-13
5896.5 2.9087e-13
5899.5 2.9561e-13
5902.51 2.9151e-13
5905.51 2.9254e-13
5908.51 2.8414e-13
5911.51 2.8586e-13
5914.51 2.8954e-13
5917.51 2.9446e-13
5920.51 2.9275e-13
5923.51 2.9125e-13
5926.51 2.9629e-13
5929.51 2.995e-13
5932.51 2.9623e-13
5935.51 2.9352e-13
5938.52 2.8788e-13
5941.52 2.8907e-13
5944.52 2.844e-13
5947.52 2.8826e-13
5950.52 2.8653e-13
5953.52 2.8372e-13
5956.52 2.8475e-13
5959.52 2.8402e-13
5962.52 2.9148e-13
5965.52 2.8479e-13
5968.52 2.8415e-13
5971.52 2.8241e-13
5974.52 2.8456e-13
5977.53 2.8633e-13
5980.53 2.8257e-13
5983.53 2.8766e-13
5986.53 2.9168e-13
5989.53 2.9986e-13
5992.53 3.0509e-13
5995.53 2.9389e-13
5998.53 2.974e-13
6001.53 3.0706e-13
6004.53 3.1002e-13
6007.53 3.0701e-13
6010.53 2.9861e-13
6013.53 2.9101e-13
6016.54 2.9737e-13
6019.54 2.9381e-13
6022.54 2.9734e-13
6025.54 3.0045e-13
6028.54 3.0116e-13
6031.54 3.0629e-13
6034.54 3.0207e-13
6037.54 2.9383e-13
6040.54 2.936e-13
6043.54 2.8949e-13
6046.54 2.9391e-13
6049.54 2.8619e-13
6052.54 2.8486e-13
6055.55 2.9086e-13
6058.55 2.9004e-13
6061.55 2.8986e-13
6064.55 2.9105e-13
6067.55 2.9406e-13
6070.55 2.966e-13
6073.55 2.9235e-13
6076.55 2.8901e-13
6079.55 2.8553e-13
6082.55 2.8494e-13
6085.55 2.9193e-13
6088.55 2.8956e-13
6091.56 2.7968e-13
6094.56 2.8077e-13
6097.56 2.8958e-13
6100.56 2.9049e-13
6103.56 2.9388e-13
6106.56 2.8828e-13
6109.56 2.8226e-13
6112.56 2.7318e-13
6115.56 2.7248e-13
6118.56 2.6223e-13
6121.56 2.6616e-13
6124.56 2.6826e-13
6127.56 2.6512e-13
6130.57 2.7354e-13
6133.57 2.7771e-13
6136.57 2.8068e-13
6139.57 2.7707e-13
6142.57 2.7203e-13
6145.57 2.6553e-13
6148.57 2.7279e-13
6151.57 2.7267e-13
6154.57 2.6772e-13
6157.57 2.7813e-13
6160.57 2.7967e-13
6163.57 2.7796e-13
6166.58 2.7319e-13
6169.58 2.6946e-13
6172.58 2.6118e-13
6175.58 2.5718e-13
6178.58 2.6149e-13
6181.58 2.6206e-13
6184.58 2.5514e-13
6187.58 2.4943e-13
6190.58 2.5477e-13
6193.58 2.5678e-13
6196.58 2.5962e-13
6199.58 2.59e-13
6202.58 2.5846e-13
6205.58 2.5416e-13
6208.59 2.5179e-13
6211.59 2.4899e-13
6214.59 2.5163e-13
6217.59 2.6449e-13
6220.59 2.663e-13
6223.59 2.6357e-13
6226.59 2.6613e-13
6229.59 2.6868e-13
6232.59 2.7124e-13
6235.59 2.7245e-13
6238.59 2.757e-13
6241.59 2.7307e-13
6244.6 2.7568e-13
6247.6 2.7643e-13
6250.6 2.6701e-13
6253.6 2.6749e-13
6256.6 2.6694e-13
6259.6 2.6869e-13
6262.6 2.7376e-13
6265.6 2.8218e-13
6268.6 2.6796e-13
6271.6 2.6613e-13
6274.6 2.6541e-13
6277.6 2.6954e-13
6280.6 2.7268e-13
6283.61 2.7495e-13
6286.61 2.7694e-13
6289.61 2.6742e-13
6292.61 2.6884e-13
6295.61 2.6944e-13
6298.61 2.7366e-13
6301.61 2.7607e-13
6304.61 2.7534e-13
6307.61 2.736e-13
6310.61 2.7011e-13
6313.61 2.6394e-13
6316.61 2.6324e-13
6319.62 2.6627e-13
6322.62 2.7453e-13
6325.62 2.8076e-13
6328.62 2.8219e-13
6331.62 2.8342e-13
6334.62 2.8443e-13
6337.62 2.8214e-13
6340.62 2.8089e-13
6343.62 2.8262e-13
6346.62 2.8375e-13
6349.62 2.7133e-13
6352.62 2.7543e-13
6355.62 2.7626e-13
6358.63 2.7698e-13
6361.63 2.7684e-13
6364.63 2.7402e-13
6367.63 2.7851e-13
6370.63 2.7804e-13
6373.63 2.7641e-13
6376.63 2.7302e-13
6379.63 2.7706e-13
6382.63 2.7724e-13
6385.63 2.7575e-13
6388.63 2.8203e-13
6391.63 2.826e-13
6394.63 2.8018e-13
6397.64 2.8509e-13
6400.64 2.8021e-13
6403.64 2.7876e-13
6406.64 2.741e-13
6409.64 2.808e-13
6412.64 2.7595e-13
6415.64 2.8245e-13
6418.64 2.7556e-13
6421.64 2.8401e-13
6424.64 2.8216e-13
6427.64 2.8168e-13
6430.64 2.8359e-13
6433.64 2.7265e-13
6436.65 2.7931e-13
6439.65 2.7847e-13
6442.65 2.733e-13
6445.65 2.6786e-13
6448.65 2.6927e-13
6451.65 2.599e-13
6454.65 2.6003e-13
6457.65 2.6879e-13
6460.65 2.78e-13
6463.65 2.8277e-13
6466.65 2.8151e-13
6469.65 2.8181e-13
6472.66 2.8028e-13
6475.66 2.8163e-13
6478.66 2.8362e-13
6481.66 2.8528e-13
6484.66 2.8144e-13
6487.66 2.8181e-13
6490.66 2.8572e-13
6493.66 2.8873e-13
6496.66 2.7646e-13
6499.66 2.8149e-13
6502.66 2.7233e-13
6505.66 2.7304e-13
6508.66 2.6712e-13
6511.67 2.5674e-13
6514.67 2.4818e-13
6517.67 2.4899e-13
6520.67 2.5709e-13
6523.67 2.6465e-13
6526.67 2.676e-13
6529.67 2.7784e-13
6532.67 2.8155e-13
6535.67 2.7616e-13
6538.67 2.7982e-13
6541.67 2.8006e-13
6544.67 2.7731e-13
6547.68 2.7013e-13
6550.68 2.7417e-13
6553.68 2.8007e-13
6556.68 2.7226e-13
6559.68 2.78e-13
6562.68 2.8263e-13
6565.68 2.7773e-13
6568.68 2.8011e-13
6571.68 2.8392e-13
6574.68 2.7875e-13
6577.68 2.8012e-13
6580.68 2.798e-13
6583.68 2.6801e-13
6586.69 2.7119e-13
6589.69 2.7107e-13
6592.69 2.6874e-13
6595.69 2.7131e-13
6598.69 2.6953e-13
6601.69 2.6804e-13
6604.69 2.8003e-13
6607.69 2.6719e-13
6610.69 2.7379e-13
6613.69 2.676e-13
6616.69 2.6834e-13
6619.69 2.7009e-13
6622.69 2.7074e-13
6625.7 2.6925e-13
6628.7 2.6815e-13
6631.7 2.7057e-13
6634.7 2.7146e-13
6637.7 2.6398e-13
6640.7 2.7245e-13
6643.7 2.6539e-13
6646.7 2.6314e-13
6649.7 2.6341e-13
6652.7 2.6393e-13
6655.7 2.6815e-13
6658.7 2.7349e-13
6661.71 2.6989e-13
6664.71 2.6095e-13
6667.71 2.6232e-13
6670.71 2.6242e-13
6673.71 2.6056e-13
6676.71 2.5989e-13
6679.71 2.6474e-13
6682.71 2.6387e-13
6685.71 2.6964e-13
6688.71 2.6342e-13
6691.71 2.5708e-13
6694.71 2.6394e-13
6697.71 2.6224e-13
6700.72 2.6009e-13
6703.72 2.6355e-13
6706.72 2.6188e-13
6709.72 2.599e-13
6712.72 2.6882e-13
6715.72 2.663e-13
6718.72 2.6952e-13
6721.72 2.6902e-13
6724.72 2.6318e-13
6727.72 2.674e-13
6730.72 2.6587e-13
6733.72 2.622e-13
6736.73 2.608e-13
6739.73 2.6939e-13
6742.73 2.6853e-13
6745.73 2.6697e-13
6748.73 2.6185e-13
6751.73 2.6414e-13
6754.73 2.6932e-13
6757.73 2.637e-13
6760.73 2.5955e-13
6763.73 2.557e-13
6766.73 2.3161e-13
6769.73 2.1041e-13
6772.73 2.0596e-13
6775.73 2.2063e-13
6778.74 2.379e-13
6788.31 2.6637e-13
6803.95 2.6397e-13
6819.64 2.6402e-13
6835.36 2.6044e-13
6851.12 2.6289e-13
6866.91 2.5342e-13
6882.74 2.5818e-13
6898.61 2.6242e-13
6914.51 2.6186e-13
6930.45 2.6311e-13
6946.43 2.6805e-13
6962.44 2.6563e-13
6978.49 2.6937e-13
6994.58 2.6942e-13
7010.7 2.6455e-13
7026.86 2.7075e-13
7043.06 2.7205e-13
7059.3 2.6775e-13
7075.57 2.534e-13
7091.88 2.5344e-13
7108.23 2.576e-13
7124.61 2.5705e-13
7141.04 2.5124e-13
7157.5 2.4956e-13
7174.0 2.4788e-13
7190.54 2.4793e-13
7207.12 2.4854e-13
7223.73 2.5614e-13
7240.38 2.5618e-13
7257.07 2.622e-13
7273.8 2.6589e-13
7290.57 2.5809e-13
7307.38 2.6415e-13
7324.22 2.6603e-13
7341.1 2.6916e-13
7358.03 2.6921e-13
7374.99 2.7175e-13
7391.99 2.6683e-13
7409.03 2.7122e-13
7426.11 2.694e-13
7443.23 2.7763e-13
7460.39 2.7832e-13
7477.59 2.7392e-13
7494.82 2.7587e-13
7512.1 2.7592e-13
7529.42 2.7534e-13
7546.78 2.8051e-13
7564.17 2.7607e-13
7581.61 2.7612e-13
7599.09 2.668e-13
7616.6 2.6685e-13
7634.16 2.7437e-13
7651.76 2.6147e-13
7669.4 2.5148e-13
7687.08 2.5561e-13
7704.8 2.5684e-13
7722.56 2.5162e-13
7740.36 2.5872e-13
7758.21 2.4826e-13
7776.09 2.5703e-13
7794.02 2.5181e-13
7811.98 2.5951e-13
7830.0 2.6377e-13
7848.04 2.6201e-13
7866.13 2.6448e-13
7884.27 2.591e-13
7902.44 2.5442e-13
7920.66 2.4754e-13
7938.92 2.5103e-13
7957.22 2.5165e-13
7975.56 2.5995e-13
7993.95 2.5821e-13
8012.38 2.5945e-13
8030.85 2.6251e-13
8049.36 2.6621e-13
8067.92 2.6811e-13
8086.52 2.6387e-13
8105.16 2.5851e-13
8123.84 2.5975e-13
8142.57 2.6221e-13
8161.34 2.6226e-13
8180.15 2.6231e-13
8199.01 2.6055e-13
8217.91 2.6362e-13
8236.85 2.3446e-13
8255.84 2.6801e-13
8274.87 2.6992e-13
8293.95 2.6201e-13
8313.07 2.4912e-13
8332.23 2.5556e-13
8351.44 2.5798e-13
8370.69 2.5684e-13
8389.99 2.4932e-13
8409.33 2.5577e-13
8428.71 2.5641e-13
8448.15 2.4267e-13
8467.62 2.4837e-13
8487.14 2.513e-13
8506.71 1.9199e-13
8526.32 2.3954e-13
8545.97 2.2257e-13
8565.67 2.4297e-13
8585.42 2.4811e-13
8605.21 2.4475e-13
8625.04 2.4593e-13
8644.93 2.4769e-13
8664.86 2.3878e-13
8684.83 2.3019e-13
8704.85 2.4053e-13
8724.92 2.4562e-13
8745.03 2.3788e-13
8765.19 2.4068e-13
8785.4 2.4805e-13
8805.65 2.447e-13
8825.95 2.493e-13
8846.3 2.3868e-13
8866.69 2.4655e-13
8887.13 2.312e-13
8907.62 2.3555e-13
8928.15 2.3669e-13
8948.73 2.3893e-13
8969.36 2.3516e-13
8990.04 2.3252e-13
9010.76 2.1956e-13
9031.53 2.2215e-13
9052.35 2.4988e-13
9073.22 2.3923e-13
9094.13 2.3709e-13
9115.1 2.3281e-13
9136.11 2.444e-13
9157.17 2.3185e-13
9178.28 2.2402e-13
9199.44 2.3517e-13
9220.65 2.2207e-13
9241.91 2.2417e-13
9263.21 2.2997e-13
9284.56 2.3865e-13
9305.96 2.108e-13
9327.42 2.3766e-13
9348.92 2.3662e-13
9370.47 2.3396e-13
9392.07 2.3618e-13
9413.72 2.3246e-13
9435.42 2.3574e-13
9457.18 2.3363e-13
9478.98 2.3585e-13
9500.83 2.3536e-13
9522.73 2.3325e-13
9544.68 2.2958e-13
9566.68 2.3175e-13
9588.74 2.3341e-13
9610.84 2.3079e-13
9633.0 2.3138e-13
9655.2 2.2773e-13
9677.46 2.2778e-13
9699.77 2.2941e-13
9722.13 2.258e-13
9744.54 2.2533e-13
9767.01 2.2538e-13
9789.52 2.2285e-13
9812.08 2.26e-13
9834.71 2.2502e-13
9857.38 2.2507e-13
9880.1 2.2357e-13
9902.88 2.2056e-13
9925.71 2.2162e-13
9948.59 2.2168e-13
9971.52 2.2122e-13
9994.5 2.2025e-13
10017.55 2.1879e-13
10063.79 2.1639e-13
10133.54 2.1654e-13
10180.32 2.1416e-13
10227.31 2.1328e-13
10274.51 2.1289e-13
10298.2 2.1148e-13
10489.66 2.047e-13
10709.31 1.9665e-13
10908.41 1.891e-13
11111.21 1.8184e-13
11291.76 1.7648e-13
11501.69 1.7286e-13
11688.57 1.6737e-13
11905.88 1.6169e-13
12099.33 1.5728e-13
12295.93 1.537e-13
12495.72 1.4952e-13
12698.76 1.4578e-13
12905.1 1.418e-13
13114.79 1.3858e-13
13297.23 1.348e-13
13513.29 1.3264e-13
13701.28 1.2992e-13
13891.89 1.2609e-13
14085.15 1.2209e-13
14314.01 1.1986e-13
14513.14 1.1986e-13
14715.04 1.166e-13
14885.44 1.166e-13
15092.51 1.1633e-13
15302.47 1.1714e-13
15515.34 1.1606e-13
15695.0 1.1447e-13
15913.34 1.1135e-13
16097.61 1.1135e-13
16284.02 1.1033e-13
16510.55 1.0782e-13
16701.72 1.0561e-13
16895.12 1.0296e-13
17090.76 9.9928e-14
17288.67 9.6092e-14
17488.85 9.3258e-14
17691.37 8.9885e-14
17896.23 8.7034e-14
18103.46 8.35e-14
18313.07 8.1412e-14
18482.53 7.8829e-14
18696.55 7.5978e-14
18913.05 7.3737e-14
19088.04 7.1893e-14
19309.07 6.9293e-14
19487.75 6.6479e-14
19713.39 6.4519e-14
19895.8 6.2616e-14
20079.91 6.1332e-14
20312.4 5.9114e-14
20500.36 5.8035e-14
20690.03 5.6323e-14
20881.48 5.4788e-14
21123.29 5.3541e-14
21318.72 5.2202e-14
21515.99 5.0896e-14
21715.09 4.9168e-14
21916.0 4.816e-14
22118.79 4.674e-14
22323.47 4.5466e-14
22478.19 4.4329e-14
22686.19 4.3022e-14
22896.09 3.8787e-14
23107.95 3.8431e-14
23321.76 3.386e-14
23483.43 3.2113e-14
23700.7 3.2411e-14
23920.01 2.9832e-14
24085.83 2.9019e-14
24308.68 2.8687e-14
24477.19 2.702e-14
24703.66 2.6711e-14
24874.91 2.2945e-14
25105.06 2.263e-14
25279.1 2.2787e-14
25512.98 2.263e-14
25689.85 2.284e-14
25927.53 2.2371e-14
26107.27 2.2268e-14
26288.22 2.1711e-14
26470.46 2.1413e-14
26715.37 2.0974e-14
26900.57 2.0639e-14
27087.02 2.0262e-14
27274.8 1.9847e-14
27527.15 1.9484e-14
27717.98 1.9041e-14
27910.09 1.878e-14
28103.57 1.8352e-14
28298.36 1.8017e-14
28494.54 1.7648e-14
28692.04 1.7246e-14
28890.94 1.6931e-14
29091.19 1.6584e-14
29292.82 1.6206e-14
29495.89 1.5874e-14
29700.33 1.5548e-14
29906.22 1.523e-14
30113.5 1.4917e-14
30322.26 1.4611e-14
30532.43 1.4378e-14
30673.35 1.4115e-14
30885.98 1.3826e-14
31100.06 1.3573e-14
31315.65 1.3326e-14
31532.71 1.3052e-14
31678.28 1.2814e-14
31897.85 1.2551e-14
32118.97 1.2294e-14
32267.22 1.2069e-14
32490.86 1.1849e-14
32716.1 1.1606e-14
32867.1 1.1394e-14
33094.91 1.1186e-14
33324.33 1.0907e-14
33478.14 1.0683e-14
33710.22 1.044e-14
33865.8 1.0202e-14
34100.53 9.9928e-15
34336.93 9.7878e-15
34495.41 9.6092e-15
34734.54 9.3905e-15
34894.85 9.1979e-15
35136.72 9.0092e-15
35298.93 8.8244e-15
35461.85 8.6435e-15
35707.68 8.4662e-15
35872.49 8.2925e-15
36121.13 8.1412e-15
36287.88 7.9742e-15
36539.4 7.7927e-15
36708.04 7.6329e-15
36877.51 7.4763e-15
37133.11 7.323e-15
37304.5 7.1893e-15
37476.72 7.0095e-15
37736.48 6.8974e-15
37910.65 6.7715e-15
38085.66 6.6326e-15
38261.45 6.5116e-15
38526.69 6.3927e-15
38704.5 6.2472e-15
38883.14 6.1332e-15
39062.6 6.0213e-15
39333.4 5.9114e-15
39514.94 5.7901e-15
39697.36 5.6714e-15
39880.58 5.555e-15
40064.65 5.4536e-15
40342.39 5.3664e-15
40528.59 5.2564e-15
40715.65 5.1723e-15
40903.57 5.0779e-15
41092.4 4.9967e-15
41282.06 4.9168e-15
41472.6 4.8271e-15
41664.06 4.739e-15
41856.35 4.6525e-15
42146.47 4.5676e-15
42341.04 4.5049e-15
42536.46 4.4227e-15
42732.79 4.352e-15
42930.07 4.1753e-15
43128.21 3.9966e-15
43327.27 3.9874e-15
43527.29 3.8167e-15
43728.19 3.7987e-15
43930.01 3.7368e-15
44132.77 3.6747e-15
44336.51 3.6122e-15
44541.14 3.5495e-15
44746.72 3.4921e-15
44849.92 3.4634e-15
45056.92 3.4058e-15
45264.88 3.348e-15
45473.79 3.2908e-15
45683.73 3.2377e-15
45894.58 3.1845e-15
46106.4 3.131e-15
46319.25 3.0772e-15
46533.04 3.0275e-15
46747.81 2.9783e-15
46855.57 2.9536e-15
47071.88 2.904e-15
47289.14 2.8545e-15
47507.4 2.809e-15
47726.72 2.7633e-15
47947.0 2.7174e-15
48057.52 2.6944e-15
48279.33 2.6493e-15
48502.21 2.6071e-15
48726.07 2.5647e-15
48950.97 2.5221e-15
49063.8 2.5008e-15
49290.3 2.4597e-15
49517.8 2.4206e-15
49746.35 2.3813e-15
49861.08 2.3615e-15
50091.2 2.3219e-15
50322.4 2.2846e-15
50554.66 2.2482e-15
50671.25 2.23e-15
50788.05 2.2117e-15
50905.12 2.1934e-15
51022.46 2.175e-15
51140.07 2.1566e-15
51257.95 2.1394e-15
51376.16 2.1226e-15
51494.59 2.1057e-15
51613.28 2.0889e-15
51732.26 2.0719e-15
51851.5 2.055e-15
51971.02 2.0379e-15
52090.82 2.0209e-15
52210.95 2.004e-15
52331.3 1.9884e-15
52451.93 1.9728e-15
52572.83 1.9572e-15
52694.02 1.9415e-15
52815.48 1.9257e-15
52937.28 1.91e-15
53059.31 1.8942e-15
53181.61 1.8783e-15
53304.2 1.8632e-15
53427.07 1.8488e-15
53550.22 1.8343e-15
53673.66 1.8197e-15
53797.44 1.8051e-15
53921.45 1.7905e-15
54045.74 1.7759e-15
54170.32 1.7612e-15
54295.19 1.7465e-15
54420.34 1.733e-15
54545.78 1.7195e-15
54671.58 1.706e-15
54797.6 1.6925e-15
54923.91 1.6789e-15
55050.51 1.6654e-15
55177.41 1.6518e-15
55304.6 1.6381e-15
55432.14 1.6248e-15
55559.91 1.6124e-15
55687.98 1.5999e-15
55816.35 1.5873e-15
55945.01 1.5747e-15
56073.97 1.5621e-15
56203.22 1.5495e-15
56332.83 1.5369e-15
56462.69 1.5242e-15
56592.84 1.5123e-15
56723.29 1.5007e-15
56854.04 1.4891e-15
56985.09 1.4774e-15
57116.51 1.4657e-15
57248.17 1.454e-15
57380.13 1.4422e-15
57512.39 1.4305e-15
57644.96 1.4188e-15
57777.84 1.408e-15
57911.02 1.3972e-15
58044.57 1.3864e-15
58178.37 1.3756e-15
58312.47 1.3647e-15
58446.89 1.3538e-15
58581.61 1.3429e-15
58716.65 1.3319e-15
58851.99 1.3215e-15
58987.72 1.3114e-15
59123.69 1.3014e-15
59259.97 1.2913e-15
59396.57 1.2812e-15
59533.48 1.2711e-15
59670.71 1.2609e-15
59808.32 1.2508e-15
59946.19 1.2406e-15
60084.37 1.2312e-15
60222.86 1.2219e-15
60361.68 1.2125e-15
60500.82 1.2031e-15
60640.28 1.1937e-15
60780.12 1.1843e-15
60920.23 1.1749e-15
61060.65 1.1654e-15
61201.4 1.1562e-15
61342.48 1.1475e-15
61483.88 1.1388e-15
61625.67 1.1301e-15
61767.72 1.1214e-15
61910.1 1.1126e-15
62052.8 1.1039e-15
62195.84 1.0951e-15
62339.21 1.0863e-15
62482.9 1.078e-15
62627.0 1.0699e-15
62771.36 1.0618e-15
62916.05 1.0537e-15
63061.08 1.0456e-15
63206.44 1.0374e-15
63352.13 1.0293e-15
63498.24 1.0211e-15
63644.6 1.013e-15
63791.31 1.0054e-15
63938.35 9.9792e-16
64085.73 9.9038e-16
64233.45 9.8282e-16
64381.52 9.7524e-16
64529.99 9.6764e-16
64678.74 9.6002e-16
64827.83 9.5239e-16
64977.26 9.451e-16
65127.04 9.3811e-16
65277.16 9.3109e-16
65427.63 9.2406e-16
65578.51 9.1701e-16
65729.68 9.0994e-16
65881.19 9.0286e-16
66033.06 8.9577e-16
66185.26 8.8865e-16
66337.82 8.8211e-16
66490.81 8.7558e-16
66644.08 8.6904e-16
66797.7 8.6248e-16
66951.67 8.5591e-16
67106.0 8.4933e-16
67260.68 8.4272e-16
67415.72 8.3611e-16
67571.19 8.2967e-16
67726.95 8.236e-16
67883.07 8.1751e-16
68039.54 8.1141e-16
68196.38 8.053e-16
68353.58 7.9917e-16
68511.21 7.9303e-16
68669.14 7.8687e-16
68827.42 7.807e-16
68986.07 7.7491e-16
69145.09 7.6925e-16
69304.47 7.6357e-16
69464.22 7.5788e-16
69624.42 7.5217e-16
69784.91 7.4645e-16
69945.77 7.4072e-16
70107.0 7.3498e-16
70268.6 7.2929e-16
70430.58 7.2402e-16
70593.0 7.1873e-16
70755.72 7.1343e-16
70918.82 7.0812e-16
71082.29 7.028e-16
71246.14 6.9746e-16
71410.37 6.9212e-16
71574.98 6.8676e-16
71740.04 6.8163e-16
71905.41 6.7671e-16
72071.16 6.7177e-16
72237.28 6.6683e-16
72403.79 6.6187e-16
72570.69 6.569e-16
72737.97 6.5192e-16
72905.71 6.4693e-16
73073.77 6.4192e-16
73242.21 6.3731e-16
73411.04 6.3271e-16
73580.26 6.2811e-16
73749.87 6.2349e-16
73919.94 6.1886e-16
74090.33 6.1422e-16
74261.12 6.0957e-16
74432.3 6.049e-16
74603.86 6.0037e-16
74775.83 5.9608e-16
74948.2 5.9179e-16
75121.04 5.8748e-16
75294.2 5.8317e-16
75467.76 5.7885e-16
75641.72 5.7451e-16
75816.08 5.7017e-16
75990.84 5.6581e-16
76166.08 5.6172e-16
76341.65 5.5772e-16
76517.62 5.5371e-16
76694.01 5.4969e-16
76870.79 5.4566e-16
77047.98 5.4162e-16
77225.58 5.3757e-16
77403.68 5.3351e-16
77582.1 5.2949e-16
77760.94 5.2575e-16
77940.18 5.2201e-16
78119.84 5.1826e-16
78299.91 5.145e-16
78480.39 5.1074e-16
78661.38 5.0696e-16
78842.71 5.0317e-16
79024.44 4.9938e-16
79206.6 4.9575e-16
79389.18 4.9226e-16
79572.18 4.8876e-16
79755.68 4.8526e-16
79939.52 4.8174e-16
80123.79 4.7822e-16
80308.48 4.7469e-16
80493.6 4.7115e-16
80679.14 4.676e-16
80865.11 4.6433e-16
81051.6 4.6107e-16
81238.43 4.5779e-16
81425.69 4.5451e-16
81613.38 4.5123e-16
81801.5 4.4793e-16
81990.06 4.4463e-16
82179.15 4.4132e-16
82368.57 4.381e-16
82558.44 4.3505e-16
82748.74 4.32e-16
82939.49 4.2894e-16
83130.67 4.2587e-16
83322.29 4.228e-16
83514.45 4.1971e-16
83706.95 4.1663e-16
83899.9 4.1353e-16
84093.3 4.1062e-16
84287.14 4.0777e-16
84481.43 4.0491e-16
84676.25 4.0205e-16
84871.44 3.9918e-16
85067.08 3.963e-16
85263.16 3.9342e-16
85459.7 3.9052e-16
85656.69 3.8766e-16
85854.13 3.85e-16
86052.13 3.8233e-16
86250.49 3.7965e-16
86449.29 3.7697e-16
86648.57 3.7429e-16
86848.3 3.7159e-16
87048.49 3.6889e-16
87249.14 3.6619e-16
87450.36 3.636e-16
87651.93 3.611e-16
87853.98 3.5861e-16
88056.49 3.561e-16
88259.46 3.5359e-16
88462.91 3.5108e-16
88666.92 3.4855e-16
88871.31 3.4602e-16
89076.16 3.4349e-16
89281.49 3.4115e-16
89487.29 3.3881e-16
89693.56 3.3647e-16
89900.31 3.3413e-16
90107.64 3.3178e-16
90315.34 3.2942e-16
90523.53 3.2706e-16
90732.19 3.2469e-16
90941.33 3.2238e-16
91150.95 3.202e-16
91361.17 3.1801e-16
91571.76 3.1582e-16
91782.84 3.1362e-16
91994.41 3.1142e-16
92206.46 3.0921e-16
92419.0 3.07e-16
92632.03 3.0478e-16
92845.66 3.0269e-16
93059.67 3.0064e-16
93274.19 2.9859e-16
93489.19 2.9654e-16
93704.69 2.9448e-16
93920.68 2.9241e-16
94137.28 2.9034e-16
94354.27 2.8827e-16
94571.76 2.8622e-16
94789.76 2.843e-16
95008.26 2.8238e-16
95227.26 2.8046e-16
95446.77 2.7854e-16
95666.88 2.766e-16
95887.4 2.7467e-16
96108.43 2.7273e-16
96329.96 2.7078e-16
96552.01 2.6892e-16
96774.57 2.6713e-16
96997.64 2.6533e-16
97221.34 2.6352e-16
97445.44 2.6172e-16
97670.06 2.5991e-16
97895.19 2.5809e-16
98120.85 2.5627e-16
98347.02 2.5445e-16
98573.83 2.5276e-16
98801.05 2.5108e-16
99028.79 2.4939e-16
99257.06 2.477e-16
99485.86 2.46e-16
99715.18 2.443e-16
99945.03 2.426e-16
100175.52 2.4089e-16
100406.43 2.3923e-16
100637.87 2.3765e-16
100869.85 2.3607e-16
101102.37 2.3449e-16
101335.41 2.329e-16
101569.11 2.3131e-16
101803.23 2.2972e-16
102037.89 2.2812e-16
102273.1 2.2652e-16
102508.85 2.2501e-16
102745.14 2.2353e-16
102981.97 2.2205e-16
103219.46 2.2056e-16
103457.39 2.1907e-16
103695.87 2.1758e-16
103934.9 2.1608e-16
104174.47 2.1458e-16
104414.61 2.131e-16
104655.29 2.1171e-16
104896.64 2.1032e-16
105138.44 2.0893e-16
105380.79 2.0753e-16
105623.7 2.0614e-16
105867.17 2.0473e-16
106111.2 2.0333e-16
106355.91 2.0192e-16
106601.07 2.0057e-16
106846.79 1.9927e-16
107093.08 1.9796e-16
107339.94 1.9666e-16
107587.36 1.9535e-16
107835.36 1.9403e-16
108084.05 1.9272e-16
108333.19 1.914e-16
108582.91 1.9007e-16
108833.2 1.8885e-16
109084.06 1.8763e-16
109335.51 1.864e-16
109587.66 1.8517e-16
109840.26 1.8394e-16
110093.45 1.8271e-16
110347.22 1.8147e-16
110601.58 1.8023e-16
110856.53 1.7902e-16
111112.06 1.7787e-16
111368.31 1.7672e-16
111625.02 1.7557e-16
111882.32 1.7442e-16
112140.22 1.7326e-16
112398.7 1.721e-16
112657.8 1.7094e-16
112917.6 1.6977e-16
113177.89 1.6867e-16
113438.77 1.676e-16
113700.25 1.6652e-16
113962.34 1.6543e-16
114225.03 1.6435e-16
114488.33 1.6326e-16
114752.36 1.6217e-16
115016.87 1.6108e-16
115281.99 1.5999e-16
115547.73 1.5898e-16
115814.07 1.5797e-16
116081.03 1.5695e-16
116348.61 1.5594e-16
116616.93 1.5492e-16
116885.74 1.5389e-16
117155.16 1.5287e-16
117425.21 1.5184e-16
117695.89 1.5085e-16
117967.19 1.499e-16
118239.24 1.4895e-16
118511.79 1.4799e-16
118784.96 1.4704e-16
119058.77 1.4608e-16
119333.21 1.4511e-16
119608.29 1.4415e-16
119883.99 1.4318e-16
120160.47 1.4229e-16
120437.44 1.4139e-16
120715.06 1.4049e-16
120993.32 1.3959e-16
121272.21 1.3869e-16
121551.76 1.3779e-16
121832.07 1.3689e-16
122112.91 1.3598e-16
122394.39 1.3509e-16
122676.51 1.3425e-16
122959.29 1.3341e-16
123242.72 1.3257e-16
123526.8 1.3172e-16
123811.68 1.3087e-16
124097.07 1.3002e-16
124383.13 1.2917e-16
124669.84 1.2832e-16
124957.21 1.2751e-16
125245.24 1.2672e-16
125534.08 1.2592e-16
125823.45 1.2513e-16
126113.48 1.2433e-16
126404.18 1.2353e-16
126695.55 1.2273e-16
126987.59 1.2193e-16
127280.31 1.2114e-16
127573.84 1.2039e-16
127867.9 1.1965e-16
128162.65 1.189e-16
128458.07 1.1815e-16
128754.17 1.174e-16
129050.97 1.1665e-16
129348.44 1.159e-16
129646.73 1.1514e-16
129945.58 1.1442e-16
130245.12 1.1372e-16
130545.34 1.1301e-16
130846.26 1.1231e-16
131147.86 1.1161e-16
131450.31 1.109e-16
131753.31 1.1019e-16
132057.02 1.0948e-16
132361.42 1.0877e-16
132666.52 1.0811e-16
132972.33 1.0745e-16
133278.83 1.0679e-16
133586.2 1.0612e-16
133894.13 1.0546e-16
134202.76 1.0479e-16
134512.11 1.0412e-16
134822.17 1.0346e-16
135132.94 1.028e-16
135444.59 1.0218e-16
135756.8 1.0156e-16
136069.72 1.0094e-16
136383.37 1.0031e-16
136697.74 9.9686e-17
137012.85 9.9058e-17
137328.67 9.8429e-17
137645.37 9.7798e-17
137962.65 9.7202e-17
138280.67 9.6617e-17
138599.41 9.603e-17
138918.9 9.5442e-17
139239.11 9.4853e-17
139560.06 9.4263e-17
139881.92 9.3671e-17
140204.35 9.3078e-17
140527.54 9.2489e-17
140851.46 9.1939e-17
141176.14 9.1387e-17
141501.56 9.0834e-17
141827.89 9.0279e-17
142154.8 8.9724e-17
142482.49 8.9167e-17
142810.92 8.8609e-17
143140.11 8.8049e-17
143470.05 8.7511e-17
143800.76 8.6992e-17
144132.39 8.6471e-17
144464.62 8.5949e-17
144797.63 8.5426e-17
145131.39 8.4902e-17
145465.94 8.4377e-17
145801.24 8.385e-17
146137.49 8.3322e-17
146474.34 8.283e-17
146811.97 8.234e-17
147150.39 8.1849e-17
147489.59 8.1357e-17
147829.56 8.0863e-17
148170.32 8.0368e-17
148512.01 7.9872e-17
148854.36 7.9375e-17
149197.48 7.889e-17
149541.39 7.8428e-17
149886.09 7.7966e-17
150231.58 7.7502e-17
150578.05 7.7037e-17
150925.14 7.6571e-17
151273.03 7.6104e-17
151621.72 7.5636e-17
151971.21 7.5167e-17
152321.53 7.4723e-17
152672.64 7.4287e-17
153024.72 7.385e-17
153377.45 7.3412e-17
153731.01 7.2973e-17
154085.37 7.2533e-17
154440.54 7.2092e-17
154796.54 7.165e-17
155153.36 7.1211e-17
155511.17 7.0801e-17
155869.63 7.0389e-17
156228.92 6.9976e-17
156589.04 6.9563e-17
156949.99 6.9148e-17
157311.77 6.8732e-17
157674.56 6.8316e-17
158038.01 6.7898e-17
158402.3 6.7497e-17
158767.42 6.7109e-17
159133.4 6.672e-17
159500.2 6.633e-17
159867.87 6.5939e-17
160236.55 6.5547e-17
160605.91 6.5154e-17
160976.12 6.4761e-17
161347.18 6.4366e-17
161719.1 6.3999e-17
162091.87 6.3632e-17
162465.68 6.3264e-17
162840.17 6.2896e-17
163215.53 6.2526e-17
163591.75 6.2156e-17
163968.85 6.1785e-17
164346.8 6.1413e-17
164725.64 6.105e-17
165105.53 6.0703e-17
165486.1 6.0357e-17
165867.56 6.0009e-17
166249.9 5.9661e-17
166633.11 5.9312e-17
167017.22 5.8962e-17
167402.38 5.8611e-17
167788.26 5.8259e-17
168175.02 5.7926e-17
168562.68 5.7599e-17
168951.23 5.7271e-17
169340.67 5.6942e-17
169731.02 5.6613e-17
170122.45 5.6282e-17
170514.59 5.5951e-17
170907.63 5.562e-17
171301.59 5.5291e-17
171696.46 5.4982e-17
172092.23 5.4672e-17
172488.9 5.4362e-17
172886.69 5.4051e-17
173285.21 5.374e-17
173684.66 5.3427e-17
174085.0 5.3114e-17
174486.28 5.28e-17
174888.49 5.2498e-17
175291.82 5.2206e-17
175695.87 5.1913e-17
176100.87 5.162e-17
176506.78 5.1326e-17
176913.65 5.1031e-17
177321.45 5.0735e-17
177730.19 5.0439e-17
178140.06 5.0142e-17
178550.69 4.9865e-17
178962.26 4.9588e-17
179374.79 4.9311e-17
179788.25 4.9033e-17
180202.68 4.8755e-17
180618.26 4.8476e-17
181034.6 4.8196e-17
181451.9 4.7916e-17
181870.16 4.7642e-17
182289.38 4.738e-17
182709.56 4.7119e-17
183130.72 4.6856e-17
183553.06 4.6593e-17
183976.16 4.633e-17
184400.23 4.6065e-17
184825.29 4.5801e-17
185251.33 4.5535e-17
185678.34 4.5283e-17
186106.34 4.5036e-17
186535.53 4.4788e-17
186965.52 4.454e-17
187396.48 4.429e-17
187828.45 4.4041e-17
188261.39 4.3791e-17
188695.37 4.354e-17
189130.51 4.3291e-17
189566.49 4.3057e-17
190003.45 4.2823e-17
190441.42 4.2588e-17
190880.4 4.2353e-17
191320.39 4.2117e-17
191761.4 4.188e-17
192203.64 4.1643e-17
192646.68 4.1406e-17
193090.75 4.1177e-17
193535.82 4.0955e-17
193981.94 4.0733e-17
194429.09 4.0511e-17
194877.47 4.0288e-17
195326.68 4.0064e-17
195776.92 3.984e-17
196228.2 3.9615e-17
196680.52 3.939e-17
197133.87 3.918e-17
197588.29 3.897e-17
198043.95 3.8759e-17
198500.46 3.8548e-17
198958.02 3.8337e-17
199416.63 3.8125e-17
199876.3 3.7913e-17
200337.04 3.77e-17
200799.05 3.7492e-17
201261.9 3.7293e-17
201725.82 3.7094e-17
202190.82 3.6894e-17
202656.88 3.6694e-17
203124.02 3.6494e-17
203592.24 3.6293e-17
204061.75 3.6092e-17
204532.12 3.589e-17
205003.59 3.5698e-17
205476.14 3.551e-17
205949.78 3.5321e-17
206424.51 3.5132e-17
206900.34 3.4942e-17
207377.48 3.4752e-17
207855.5 3.4562e-17
208334.62 3.4371e-17
208814.85 3.4181e-17
209296.17 3.4003e-17
209778.62 3.3824e-17
210262.4 3.3645e-17
210747.07 3.3466e-17
211232.86 3.3286e-17
211719.76 3.3105e-17
212207.8 3.2925e-17
212696.95 3.2744e-17
213187.23 3.2569e-17
213678.88 3.24e-17
214171.43 3.223e-17
214665.11 3.206e-17
215159.92 3.189e-17
215655.88 3.1719e-17
216152.99 3.1548e-17
216651.47 3.1376e-17
217150.86 3.1205e-17
217651.41 3.1044e-17
218153.11 3.0883e-17
218655.97 3.0722e-17
219159.99 3.0561e-17
219665.17 3.0399e-17
220171.75 3.0237e-17
220679.26 3.0075e-17
221187.96 2.9912e-17
221697.8 2.9753e-17
222208.83 2.9601e-17
222721.04 2.9448e-17
223234.67 2.9295e-17
223749.24 2.9142e-17
224265.0 2.8989e-17
224781.94 2.8835e-17
225300.08 2.8681e-17
225819.41 2.8526e-17
226339.95 2.8379e-17
226861.92 2.8235e-17
227384.85 2.809e-17
227908.99 2.7945e-17
228434.34 2.7799e-17
228960.9 2.7654e-17
229488.67 2.7508e-17
230017.66 2.7361e-17
230548.13 2.7216e-17
231079.56 2.7079e-17
231612.21 2.6942e-17
232146.09 2.6804e-17
232681.19 2.6666e-17
233217.55 2.6528e-17
233755.39 2.639e-17
234294.21 2.6251e-17
234834.28 2.6112e-17
235375.59 2.5977e-17
235918.14 2.5847e-17
236461.96 2.5717e-17
237007.02 2.5586e-17
237553.58 2.5455e-17
238101.17 2.5324e-17
238650.0 2.5192e-17
239200.12 2.506e-17
239751.49 2.4928e-17
240304.14 2.4804e-17
240858.32 2.4681e-17
241413.5 2.4557e-17
241969.98 2.4433e-17
242527.74 2.4308e-17
243086.79 2.4183e-17
243647.11 2.4058e-17
244208.74 2.3933e-17
244771.93 2.381e-17
245336.14 2.3693e-17
245901.66 2.3575e-17
246468.48 2.3457e-17
247036.6 2.3339e-17
247606.04 2.3221e-17
248176.8 2.3102e-17
248749.13 2.2983e-17
249322.52 2.2864e-17
249897.22 2.2751e-17
255717.94 2.164e-17
261674.52 2.0592e-17
267769.84 1.9601e-17
274006.84 1.8665e-17
280389.41 1.7781e-17
286920.37 1.6948e-17
293603.75 1.6164e-17
300442.5 1.5423e-17
307440.87 1.4721e-17
314601.89 1.4057e-17
321930.07 1.3428e-17
329428.6 1.2833e-17
337102.17 1.2273e-17
344954.08 2.7145e-17
