100.06 5.140373717651095e-19
101.92 6.781540847397951e-19
104.05 8.197524380674952e-19
105.99 1.0092655666337154e-18
107.96 1.2686079185897992e-18
109.97 1.7933389430285935e-18
114.09 2.5197181602763285e-18
118.1 3.342131689312749e-18
121.13 1.2204652752918542e-17
125.1 1.503825872829646e-17
127.13 1.6238024926216947e-17
128.01 1.7127225122589013e-17
131.0 1.8887828099648192e-17
131.9 2.225006059217548e-17
134.05 2.3588167761267504e-17
136.85 2.9727833882049633e-17
140.04 3.226230802035695e-17
142.97 9.082002491038716e-17
146.98 2.2795868123774455e-16
151.1 2.4240664653337273e-16
154.97 2.6073055522076193e-16
158.95 2.8109919640929687e-16
161.9 2.960413380408988e-16
166.06 3.2066229104347193e-16
169.92 3.4016813498100206e-16
173.08 3.5745896788642996e-16
177.12 3.783572141250243e-16
179.99 3.938886633821763e-16
182.08 4.0527589594162954e-16
185.89 4.2695446142232795e-16
191.1 4.552522214206676e-16
194.2 4.761666391648016e-16
197.81 4.969936215860125e-16
201.96 5.224474322510627e-16
204.77 5.401754766288009e-16
210.02 5.449991314113347e-16
215.9 6.044751159898115e-16
219.92 6.324883171271945e-16
222.98 6.420732077507834e-16
227.12 6.733718545658154e-16
229.75 1.0202601356529712e-15
234.02 1.7315005957777259e-15
240.02 2.105844967579549e-15
246.18 1.9881847661261118e-15
251.92 2.091302157951141e-15
257.19 1.7672580188948293e-15
260.17 2.0174233199873965e-15
263.79 2.1008882685699135e-15
268.69 2.090360561385803e-15
273.69 2.070409932745088e-15
278.78 2.0507279040086473e-15
283.96 2.0406858911317693e-15
289.91 1.9265326234668793e-15
295.98 1.944395680244889e-15
300.79 1.9124659024233658e-15
307.79 1.9132276694314835e-15
317.87 1.9162522245055518e-15
328.29 1.8801559648808655e-15
338.26 1.831744653773444e-15
347.74 1.780112179098768e-15
356.66 1.7455685717307876e-15
365.81 1.7158371754879791e-15
375.19 1.6712531860970147e-15
384.82 1.5799892579753565e-15
394.69 1.582341305961679e-15
404.81 1.5523798281458253e-15
414.24 1.5086303201059487e-15
421.95 1.465105243968119e-15
429.79 1.4294980275731537e-15
440.81 1.393224864960095e-15
451.08 1.3419645571478965e-15
460.53 1.304137719570796e-15
470.17 1.2674552037667777e-15
480.02 1.237595414760873e-15
490.07 1.1865027287070104e-15
500.33 1.1640666298376461e-15
506.12 1.1374897650165603e-15
511.98 1.1559391378795626e-15
520.3 1.130623861609698e-15
529.98 1.0887918720684514e-15
539.83 1.0389427437878773e-15
549.87 1.0075682553625408e-15
560.09 1.0022426581982003e-15
570.5 9.902106280706567e-16
579.77 9.511964737439788e-16
590.55 9.37743433752301e-16
600.15 8.947209361082337e-16
609.9 7.912319119666284e-16
619.81 8.7090298837412155e-16
629.88 8.426715778074059e-16
640.11 8.305688132784864e-16
650.51 8.092921308959066e-16
658.05 7.841173186929291e-16
665.67 7.845976846702777e-16
674.93 7.694615921839466e-16
684.32 7.324218195196602e-16
695.43 7.389719144646546e-16
705.11 7.002538184972806e-16
716.57 7.114655632215348e-16
726.53 6.963795196610793e-16
734.95 6.858575780183341e-16
745.17 6.728814687964229e-16
755.54 6.60217990316432e-16
764.29 6.055260121071026e-16
774.92 6.396391685599673e-16
785.7 6.204910399043389e-16
794.8 6.183913402515533e-16
805.85 6.124845402810363e-16
815.19 6.034893032496019e-16
824.62 6.001136374694078e-16
834.17 5.467971762412999e-16
845.78 5.79143734794374e-16
855.57 5.69399581743766e-16
865.48 5.67635536775124e-16
875.5 5.672435528537589e-16
885.64 5.655419169622942e-16
895.89 5.625637256483731e-16
904.18 5.502556280367951e-16
914.65 6.923252870040985e-16
925.24 2.113861334191854e-15
935.96 4.044602713867836e-15
944.62 7.1010983156545964e-15
955.56 9.775687831943266e-15
964.4 1.0854945286964624e-14
975.57 2.2724746822827836e-15
984.59 9.078682084739288e-15
995.99 9.592196482723797e-15
1005.21 1.3850119348783694e-14
1014.51 1.3335641321771064e-14
1023.9 5.923481901630706e-15
1035.75 9.409441646105735e-15
1045.34 1.7626961723592148e-14
1055.01 1.7250179809124585e-14
1064.77 1.3565286439642989e-14
1074.62 1.610949221373411e-14
1084.57 1.2610543233938801e-14
1094.6 1.6842907473330905e-14
1104.73 1.611069231141624e-14
1114.95 1.5410861716366734e-14
1125.27 1.3789678397428607e-14
1135.68 1.755077104637232e-14
1146.19 1.5924097089910268e-14
1154.13 1.6880070473100906e-14
1164.81 1.738471561844209e-14
1175.59 1.1966494579446117e-14
1183.74 1.6723506092364385e-14
1194.69 1.148570148781803e-14
1205.75 8.2807868032744e-15
1214.11 5.604608131680457e-15
1225.34 1.1335806814040227e-14
1233.83 1.713324788921329e-14
1245.25 1.8864151851457654e-14
1253.88 1.7945575824867827e-14
1265.48 1.5334162371089486e-14
1274.26 1.9902965633909216e-14
1286.05 2.087090218750974e-14
1294.96 1.6357905681594857e-14
1303.94 1.6065234957132413e-14
1316.0 2.024865459421583e-14
1325.12 1.9297355780657623e-14
1334.31 1.6966438413921827e-14
1343.56 2.0307253376425056e-14
1355.99 1.959014018643261e-14
1365.39 1.7379989341502404e-14
1374.85 1.828289137903743e-14
1384.38 1.8409014734913884e-14
1393.98 1.592157134304062e-14
1403.64 1.6517222661409332e-14
1416.63 1.6872334830948945e-14
1426.45 1.7301396367770315e-14
1436.34 1.713892079416705e-14
1442.97 1.8095061374623846e-14
1446.29 1.8359617728625506e-14
1456.32 1.7812449664900265e-14
1466.41 1.6314702145749333e-14
1476.58 1.6233783767864212e-14
1483.39 1.6518735448708528e-14
1493.68 1.6780483629682716e-14
1504.03 1.5798700592104146e-14
1510.97 1.4000937038768193e-14
1517.95 1.502065491669581e-14
1524.95 1.4494639414219083e-14
1535.52 1.2531039074426884e-14
1546.17 1.3828544369264205e-14
1553.3 1.2980077861275336e-14
1564.07 1.3184174509803881e-14
1574.91 1.405391924166395e-14
1585.83 1.4741256888187937e-14
1596.82 1.5006393216606128e-14
1604.19 1.46811963049666e-14
1615.31 1.4672033769263927e-14
1626.51 1.3810935446819436e-14
1634.02 1.467871925568984e-14
1645.34 1.4907459478539266e-14
1656.75 1.3648958380983112e-14
1664.39 1.4947782130068248e-14
1672.08 1.321406496599667e-14
1675.93 1.5006502242568442e-14
1683.67 1.565791826066234e-14
1695.34 1.4602544988050933e-14
1703.16 1.3960188181157064e-14
1714.97 1.3230390594438082e-14
1726.86 1.3129492798801856e-14
1734.83 1.3986226847439435e-14
1746.85 1.3625931605092113e-14
1754.92 1.4548233518345662e-14
1763.02 1.3221174293545481e-14
1775.24 1.3581237722247309e-14
1783.43 1.3784033593745603e-14
1795.79 1.479234997202335e-14
1804.08 1.457023928074052e-14
1816.59 1.343181888672369e-14
1824.97 1.366407547032683e-14
1833.4 1.3061660000118646e-14
1846.1 1.1930488625313186e-14
1854.63 1.1997655468457845e-14
1863.19 1.2403027161897446e-14
1876.1 1.3371584194394835e-14
1884.76 1.2319896130478202e-14
1893.46 1.1858861965575326e-14
1906.59 1.249401613483618e-14
1915.39 1.2025986818542068e-14
1924.23 1.1737178583450402e-14
1933.11 1.1911918352597664e-14
1946.51 1.2636818433121427e-14
1955.49 1.1831722819224928e-14
1969.05 1.2992924602553785e-14
1978.14 1.3247639941887349e-14
1982.7 1.2599501088434578e-14
1996.44 1.2217551220172399e-14
2005.66 1.2514311910131817e-14
2014.91 1.2073741421947064e-14
2024.21 1.2481399378375301e-14
2033.56 1.1986963578844821e-14
2042.94 1.2506013977421564e-14
2057.1 1.1933185939615473e-14
2066.6 1.1918047048114953e-14
2076.14 1.2812459865714436e-14
2085.72 1.4030089595329804e-14
2095.35 1.316693792386068e-14
2105.02 1.311914375621257e-14
2114.74 1.3468703170053082e-14
2124.5 1.3358846582700781e-14
2134.3 1.2393365416877071e-14
2144.16 1.3262525175152194e-14
2154.05 1.3616274247367753e-14
2163.99 1.2896781052749145e-14
2173.98 1.279121831384598e-14
2184.02 1.3284392941668984e-14
2194.1 1.370154264441789e-14
2204.23 1.331069975085442e-14
2214.4 1.2067808929637448e-14
2224.62 1.2135115074502272e-14
2234.89 1.375591634745191e-14
2245.21 1.3088999141501713e-14
2255.57 1.1839559583009175e-14
2265.98 1.1797122505230263e-14
2276.44 1.2336938559217414e-14
2286.95 1.3634658823461776e-14
2297.5 1.2365627360479331e-14
2302.8 1.3107720256011102e-14
2313.43 1.2027843510429103e-14
2324.11 9.502050438842655e-15
2334.84 1.0434723350468799e-14
2345.61 9.443614938955022e-15
2356.44 1.152867350675308e-14
2367.32 9.559471969701217e-15
2372.77 1.032159912063918e-14
2383.73 8.859417816751907e-15
2394.73 9.706313288912e-15
2405.78 9.369935957785772e-15
2416.89 9.871199822341544e-15
2422.46 1.190442269716168e-14
2433.64 1.1650923482074638e-14
2444.87 1.2913150437350347e-14
2456.16 1.3112555743244403e-14
2467.5 1.2228443926455736e-14
2473.18 1.1420726442324393e-14
2484.6 1.0124123837952322e-14
2496.07 1.0233827801100951e-14
2507.59 1.2726127500779722e-14
2513.37 9.311899592001131e-15
2519.16 9.106695269794127e-15
2524.97 8.92657395448788e-15
2536.62 1.021804216909907e-14
2542.47 1.0297076992204368e-14
2554.21 1.3848032629481344e-14
2566.0 1.1858815069175457e-14
2577.84 1.3700433783015953e-14
2583.79 1.285460780171667e-14
2595.71 1.2182896234770552e-14
2607.69 1.1257285555436715e-14
2613.7 1.075909319609352e-14
2625.77 1.2486646828744217e-14
2637.89 1.6987069859168934e-14
2643.97 2.1011737669152907e-14
2656.17 2.6801220086578896e-14
2662.3 1.868529195146753e-14
2674.58 2.0758015280870993e-14
2686.93 2.3007307889204735e-14
2693.12 1.828984490233511e-14
2705.56 2.1374468045767026e-14
2718.04 1.6966551876401452e-14
2724.31 1.4687439061504322e-14
2736.88 1.7323635084484006e-14
2743.19 1.193938763490091e-14
2755.85 1.4147156319885704e-14
2762.21 1.690490376236724e-14
2774.96 1.7894029001977968e-14
2787.77 1.3104395292593664e-14
2794.19 8.428518163647562e-15
2807.09 9.428719956795728e-15
2813.56 1.6512502744960037e-14
2826.55 2.1602878857211074e-14
2833.06 2.0600200211126133e-14
2846.14 1.6427283339864577e-14
2852.7 1.2075667446011923e-14
2865.87 2.097103431796986e-14
2872.48 2.6483309896016926e-14
2885.73 2.436035616831283e-14
2892.39 2.8710241280450224e-14
2912.44 3.7419477611188666e-14
2932.62 3.312582395065362e-14
2952.95 3.099105170589398e-14
2973.42 3.245709167232064e-14
2987.15 3.288721822083614e-14
3007.85 3.3196628467291515e-14
3028.7 3.517005079825808e-14
3049.69 3.6413365314472666e-14
3070.83 3.9476924857109753e-14
3092.12 3.88533463868233e-14
3113.55 4.441369466446689e-14
3127.92 4.142309060763075e-14
3149.61 4.162386062559749e-14
3171.44 4.544005687440238e-14
3193.42 3.9585354072020674e-14
3208.16 4.367877773471125e-14
3230.4 3.7184969709401295e-14
3252.79 5.1106267524865416e-14
3267.81 5.91853490749848e-14
3290.46 5.812002166131094e-14
3313.27 5.4882680817635243e-14
3320.9 5.25785549285345e-14
3328.56 5.71714332140537e-14
3336.23 5.801635157162144e-14
3343.92 5.444051908170435e-14
3351.63 5.3987563964911254e-14
3359.36 5.979501334245625e-14
3367.1 5.662940003238626e-14
3374.86 4.11536142105284e-14
3382.64 4.8060196249563135e-14
3390.44 5.823157436996686e-14
3398.26 5.6432705552219457e-14
3406.09 5.833222757853988e-14
3413.94 5.705361759308833e-14
3421.81 6.076536084650522e-14
3429.7 5.754791700676611e-14
3437.61 5.866861600781785e-14
3445.53 3.861764125710722e-14
3453.47 6.168162637522221e-14
3461.44 5.0527968083366126e-14
3469.42 5.481622539329207e-14
3477.41 4.7784357318416444e-14
3485.43 5.4659107772262515e-14
3493.47 4.864539675855568e-14
3501.52 5.577240889988274e-14
3509.59 6.134728529504016e-14
3517.68 5.1188377536319055e-14
3525.79 5.218556356569764e-14
3533.92 6.26511186682328e-14
3542.06 6.812501928070504e-14
3550.23 6.663221912479686e-14
3558.41 6.16688083593698e-14
3566.62 6.374432326443048e-14
3574.84 4.6862001846893806e-14
3583.08 4.55198732004371e-14
3591.34 4.350923365170512e-14
3599.62 6.744684866019536e-14
3607.92 5.576300239765865e-14
3616.23 6.035674794824196e-14
3624.57 5.958067579491914e-14
3632.92 7.319579089265224e-14
3641.3 7.359842759001976e-14
3649.69 6.084822674907859e-14
3658.11 7.936849288925464e-14
3666.54 7.961524974109895e-14
3674.99 7.896103950865876e-14
3683.46 6.634090961119955e-14
3691.95 6.385048286978839e-14
3700.46 7.916650189983099e-14
3709.0 5.661505955560928e-14
3717.55 8.655978380231671e-14
3726.12 5.1014801055111674e-14
3734.7 6.428067406161906e-14
3743.32 7.152657084312291e-14
3751.94 4.22520801753344e-14
3760.59 6.549922330471842e-14
3769.26 6.421242528127136e-14
3777.95 7.744893872732558e-14
3786.66 9.023533686682939e-14
3795.39 6.85136807550045e-14
3804.14 6.182465649738546e-14
3812.91 8.119516469046127e-14
3821.7 6.308638311540906e-14
3830.51 4.75689552562659e-14
3839.34 4.2727892438279373e-14
3848.19 6.903964715719198e-14
3857.06 7.202514551773769e-14
3865.95 7.208956150569595e-14
3874.86 5.932817399759522e-14
3883.8 6.392210359873602e-14
3892.75 5.861881689921538e-14
3901.72 8.117557249974668e-14
3910.72 8.257181594626057e-14
3919.73 8.998878154802551e-14
3928.77 7.50922406105244e-14
3937.82 2.8839405832511e-14
3946.9 6.860752521414185e-14
3956.0 9.010917622982345e-14
3965.12 6.841526664751206e-14
3976.55 7.707869492273261e-14
3979.29 5.230789499252477e-14
3982.03 6.905682284836143e-14
3984.77 7.216871240348621e-14
3987.51 1.1314391802597651e-13
3990.25 8.493683618130114e-14
3992.99 1.0006336478001483e-13
3995.73 1.028246655683858e-13
3998.46 9.870063338281687e-14
4001.2 1.0686327994543621e-13
4003.94 1.0326790132937897e-13
4006.68 1.5216940698363547e-13
4009.42 9.238350551535782e-14
4012.16 1.3038100706574985e-13
4014.9 1.0037039008144076e-13
4017.64 7.298270498163628e-14
4020.38 9.015624492169265e-14
4023.12 1.1775120287987773e-13
4025.85 1.3478761049279256e-13
4028.59 9.770966328392149e-14
4031.33 1.3839001459279102e-13
4034.07 1.459805385651002e-13
4036.81 1.409262694615607e-13
4039.55 1.4463581232779495e-13
4042.29 1.4815144831292607e-13
4045.03 1.0411532221794677e-13
4047.77 1.0866359668473808e-13
4050.5 1.0004174562246317e-13
4053.24 9.395372439592023e-14
4055.98 1.0775951487732729e-13
4058.72 1.0898542079738125e-13
4061.46 9.87813890026074e-14
4064.2 1.24275810136068e-13
4066.94 1.2951110915076078e-13
4069.68 1.06300191197686e-13
4072.42 1.6089945458079513e-13
4075.16 1.5303164396825532e-13
4077.89 1.1471628364036278e-13
4080.63 1.0708944730895247e-13
4083.37 1.2414566350220353e-13
4086.11 1.09130027747281e-13
4088.85 1.409538560023343e-13
4091.59 1.0073179538670051e-13
4094.33 1.1455115282752675e-13
4097.07 1.0543123033171734e-13
4099.81 1.1113437124980109e-13
4102.55 8.564970804829345e-14
4105.28 1.0907718094664293e-13
4108.02 1.0243225381283058e-13
4110.76 1.1225583041939187e-13
4113.5 1.1880177055243465e-13
4116.24 1.3707958590881462e-13
4118.98 1.164711091438999e-13
4121.72 1.1442015137221778e-13
4124.46 1.2623447814793929e-13
4127.2 1.0168226697169133e-13
4129.94 9.973010210313123e-14
4132.67 1.0555184196734777e-13
4135.41 9.859093066461814e-14
4138.15 1.249928807305072e-13
4140.89 1.2445420439209983e-13
4143.63 1.0849847242363527e-13
4146.37 1.3632492855315405e-13
4149.11 1.2688464919417388e-13
4151.85 1.263615558937581e-13
4154.59 1.284040215708521e-13
4157.32 1.4968091414114473e-13
4160.06 1.3282807359130559e-13
4162.8 9.169934162749413e-14
4165.54 1.001991165816256e-13
4168.28 1.2247349076241084e-13
4171.02 1.3588818354276879e-13
4173.76 1.1621730943705523e-13
4176.5 1.457538406589953e-13
4179.24 1.4874430229973307e-13
4181.98 1.377335845006117e-13
4184.71 1.2791415376729106e-13
4187.45 1.5557489239316357e-13
4190.19 1.5382829668867442e-13
4192.93 1.281651916583526e-13
4195.67 1.0725193277885476e-13
4198.41 1.4123242363813798e-13
4201.15 1.5789532445399308e-13
4203.89 1.222907994466404e-13
4206.63 8.223892523320505e-14
4209.37 1.0254366889072372e-13
4212.1 1.326597270173127e-13
4214.84 1.2955370847083558e-13
4217.58 1.241245782169723e-13
4220.32 1.3316454433158659e-13
4223.06 1.4647482175728094e-13
4225.8 1.4204588306713888e-13
4228.54 1.0937107098574794e-13
4231.28 9.854702598774168e-14
4234.02 1.1629548451911475e-13
4236.76 1.1442852893654557e-13
4239.49 1.1260826259761964e-13
4242.23 1.1963886785032667e-13
4244.97 1.38235737323984e-13
4247.71 1.2948794740690709e-13
4250.45 1.2284303914180937e-13
4253.19 1.2801777640915672e-13
4255.93 9.444331259242165e-14
4258.67 1.289132572554463e-13
4261.41 1.4137301313003595e-13
4264.15 1.308901881522529e-13
4266.88 1.2294551611725318e-13
4269.62 1.2661695130432082e-13
4272.36 1.3324961325377138e-13
4275.1 1.2131499084419056e-13
4277.84 1.2009997927964117e-13
4280.58 1.281717362061004e-13
4283.32 1.150624615855847e-13
4286.06 1.1706898795590324e-13
4288.8 1.1025911569786305e-13
4291.53 9.278018574934763e-14
4294.27 1.0963351426941514e-13
4297.01 1.3007976590246013e-13
4299.75 1.0066006941427407e-13
4302.49 9.777242436212385e-14
4305.23 1.0117003698290851e-13
4307.97 1.0888638152907168e-13
4310.71 1.1650200831718895e-13
4313.45 1.3118355798157282e-13
4316.19 1.3020467513138377e-13
4318.92 1.36299135902941e-13
4321.66 1.423003477280477e-13
4324.4 1.6053910244372607e-13
4327.14 1.455608404652276e-13
4329.88 1.3530476190098546e-13
4332.62 1.4697818829972778e-13
4335.36 1.5150402393719084e-13
4338.1 1.4942582699883743e-13
4340.84 1.2310076583764718e-13
4343.58 1.183642058026578e-13
4346.31 9.986373002805236e-14
4349.05 1.2305569366723836e-13
4351.79 1.2225604347505298e-13
4354.53 1.240243135553121e-13
4357.27 1.2787004247130233e-13
4360.01 1.5928431946194956e-13
4362.75 1.447391240484944e-13
4365.49 1.344566902698095e-13
4368.23 1.244014883127916e-13
4370.97 1.713408215468838e-13
4373.7 1.4242100478551902e-13
4376.44 1.2293605821092328e-13
4379.18 1.4696692671313618e-13
4381.92 1.1716706552463523e-13
4384.66 1.2593853966859007e-13
4387.4 1.4450138322908725e-13
4390.14 1.3273737618298343e-13
4392.88 1.3805199423478198e-13
4395.62 1.1996974606731185e-13
4398.36 1.6218135744145e-13
4401.09 1.3761468209133526e-13
4403.83 1.4765238408203455e-13
4406.57 1.284968585894068e-13
4409.31 1.7667689605504044e-13
4412.05 1.4374493731987402e-13
4414.79 1.4943224330977193e-13
4417.53 1.5527210815478375e-13
4420.27 1.089649252276758e-13
4423.01 1.0774666404965789e-13
4425.75 1.5106257312708277e-13
4428.48 1.2025664001053427e-13
4431.22 1.6263884309902377e-13
4433.96 1.4540920744578818e-13
4436.7 1.516039843942118e-13
4439.44 1.4683251186345208e-13
4442.18 1.319342432206446e-13
4444.92 1.7189378121167514e-13
4447.66 1.600922292724755e-13
4450.4 1.6342608543541982e-13
4453.13 1.2595858069729723e-13
4455.87 1.404007275110712e-13
4458.61 1.2298824772617002e-13
4461.35 1.4243743921712124e-13
4464.09 1.1984895393650312e-13
4466.83 1.5393521170681842e-13
4469.57 1.364993694456658e-13
4472.31 1.3903630136766081e-13
4475.05 1.6008683478199966e-13
4477.79 1.61176226312492e-13
4480.52 1.545301279012265e-13
4483.26 1.5122428409158195e-13
4486.0 1.7625187453547316e-13
4488.74 1.3913702371082478e-13
4491.48 1.9766568242303504e-13
4494.22 1.5306655897753048e-13
4496.96 1.72560426777493e-13
4499.7 1.5532532052896485e-13
4502.44 1.6722447438936403e-13
4505.18 1.8559393476174782e-13
4507.91 1.757161075243459e-13
4510.65 2.1001607652258644e-13
4513.39 1.684131614812579e-13
4516.13 1.850746821521678e-13
4518.87 1.9997482133185933e-13
4521.61 1.4639275988655315e-13
4524.35 1.8746375735479226e-13
4527.09 1.6616390590252962e-13
4529.83 1.0745687958737065e-13
4532.57 1.585718199215506e-13
4535.3 1.7691793990968786e-13
4538.04 1.4880061519053907e-13
4540.78 1.578569914992541e-13
4543.52 1.730826227818753e-13
4546.26 1.4175407687082305e-13
4549.0 1.378518612114363e-13
4551.74 1.8479149989256542e-13
4554.48 1.4030389239751784e-13
4557.22 1.2987688948226401e-13
4559.96 1.666593598114683e-13
4562.69 2.0205007508205506e-13
4565.43 1.9126659435023987e-13
4568.17 1.8210593655230395e-13
4570.91 2.1977062686669235e-13
4573.65 2.022489240006111e-13
4576.39 1.7104818842447857e-13
4579.13 1.63057976907614e-13
4581.87 1.28887563905088e-13
4584.61 1.412132512579587e-13
4587.34 1.3432217318690446e-13
4590.08 1.6073563472436654e-13
4592.82 1.638584865054875e-13
4595.56 1.412765166908792e-13
4598.3 1.445821028359596e-13
4601.04 1.757579498831624e-13
4603.78 1.5673822994067402e-13
4606.52 1.930254096667499e-13
4609.26 1.6699092678297156e-13
4612.0 1.47056161687703e-13
4614.73 1.7772209420797624e-13
4617.47 1.7417279050441914e-13
4620.21 1.9520937432360524e-13
4622.95 1.548688412672293e-13
4625.69 1.7142803108105256e-13
4628.43 1.7710260319454546e-13
4631.17 1.612312768872457e-13
4633.91 1.7048021587139559e-13
4636.65 1.997658673913643e-13
4639.39 1.6733319070789656e-13
4642.12 1.6146425419417018e-13
4644.86 1.8191196432221134e-13
4647.6 1.7124530311554277e-13
4650.34 1.7415222579329523e-13
4653.08 1.5706675876237666e-13
4655.82 1.8640020614976454e-13
4658.56 1.8450953366037954e-13
4661.3 1.4842366906359469e-13
4664.04 1.7534593996039373e-13
4666.78 1.7274526339702223e-13
4669.51 1.5312865889055732e-13
4672.25 1.6763035559711675e-13
4674.99 1.6038459298015198e-13
4677.73 1.5968808451856908e-13
4680.47 1.3601156547746548e-13
4683.21 1.5414071815723e-13
4685.95 1.63031817803428e-13
4688.69 1.7174794188201277e-13
4691.43 1.5132262961597506e-13
4694.17 1.7431096460617157e-13
4696.9 1.7217353417767485e-13
4699.64 2.000357679298123e-13
4702.38 1.4674790699966013e-13
4705.12 1.489253549595593e-13
4707.86 1.7689967740363378e-13
4710.6 1.8464258658808102e-13
4713.34 1.917908653110635e-13
4716.08 1.9869901251935144e-13
4718.82 2.0078728204210818e-13
4721.55 1.860872154273359e-13
4724.29 1.7419823289548334e-13
4727.03 1.8428540860648324e-13
4729.77 1.776688952285243e-13
4732.51 1.7621406572168594e-13
4735.25 1.6439871913632766e-13
4737.99 1.569703676742008e-13
4740.73 1.4807135047800237e-13
4743.47 1.7116590259586785e-13
4746.21 1.4181863490603692e-13
4748.94 1.5088611985221376e-13
4751.68 1.591080177374892e-13
4754.42 1.5719716297196362e-13
4757.16 1.765753427661861e-13
4759.9 1.8721032703708458e-13
4762.64 1.8480125092218662e-13
4765.38 1.6805070972761641e-13
4768.12 1.8076509374554769e-13
4770.86 1.8997522678210144e-13
4773.6 1.834513692813616e-13
4776.33 1.8157371089215393e-13
4779.07 1.7887915904820611e-13
4781.81 1.752379781692772e-13
4784.55 1.6659058899616196e-13
4787.29 1.7036290490782307e-13
4790.03 1.6942076003064167e-13
4792.77 1.831599666002707e-13
4795.51 1.8287437577310955e-13
4798.25 1.907362943766812e-13
4800.99 1.8328205458223448e-13
4803.72 1.7322813066182944e-13
4806.46 1.8271041522995868e-13
4809.2 1.9570807801000724e-13
4811.94 1.878784036747581e-13
4814.68 1.9082359217226145e-13
4817.42 1.9220660578465404e-13
4820.16 1.832317642371456e-13
4822.9 1.732585289502273e-13
4825.64 1.650326374632947e-13
4828.38 1.7890571272622568e-13
4831.11 1.8590296843644303e-13
4833.85 1.8504161436584644e-13
4836.59 1.7254215469716797e-13
4839.33 1.7006602547866937e-13
4842.07 1.6699753708003748e-13
4844.81 1.6116374219471153e-13
4847.55 1.7406658227859067e-13
4850.29 1.8186367625387512e-13
4853.03 1.7551047270288993e-13
4855.77 1.6335636697957335e-13
4858.5 1.6035776589245364e-13
4861.24 1.7321930690534096e-13
4863.98 1.7970632515914745e-13
4866.72 1.8100134818353852e-13
4869.46 1.6839432355335332e-13
4872.2 1.6386048241874743e-13
4874.94 1.4313080952810465e-13
4877.68 1.612601174247349e-13
4880.42 1.699911761629258e-13
4883.15 1.702869695536721e-13
4885.89 1.738639513339237e-13
4888.63 1.592719584722674e-13
4891.37 1.588355313173287e-13
4894.11 1.7862843109714937e-13
4896.85 1.8206171554427332e-13
4899.59 1.7846665122665594e-13
4902.33 1.9092987951730452e-13
4905.07 1.760370018696299e-13
4907.81 1.725618741537456e-13
4910.54 1.7707755622960926e-13
4913.28 1.6932488705694754e-13
4916.02 1.7974495017829936e-13
4918.76 1.7518692525474853e-13
4921.5 1.603794269149332e-13
4924.24 1.6780847794546846e-13
4926.98 1.860676042217507e-13
4929.72 1.8288319863920886e-13
4932.46 1.7289518349571582e-13
4935.2 1.8547243681157327e-13
4937.93 1.8970159630681151e-13
4940.67 1.6880302973626118e-13
4943.41 1.5977755336867888e-13
4946.15 1.6869506867808838e-13
4948.89 1.7875462126077398e-13
4951.63 1.9929765916969145e-13
4954.37 2.0625978021620391e-13
4957.11 1.960684928652418e-13
4959.85 1.7093383638057924e-13
4962.59 1.7390271763511255e-13
4965.32 1.8660153887575334e-13
4968.06 1.8673682576434018e-13
4970.8 1.8582072469079684e-13
4973.54 1.9311277015993458e-13
4976.28 1.7974052840269398e-13
4979.02 1.7707033881050111e-13
4981.76 1.856684699528504e-13
4984.5 1.892450449415093e-13
4987.24 1.7361520339026553e-13
4989.98 1.7370005850935654e-13
4992.71 1.7272433492526557e-13
4995.45 1.67685421533136e-13
4998.19 1.729835724084176e-13
5000.93 1.7272558484513637e-13
5003.67 1.6749720620147692e-13
5006.41 1.7314805596146453e-13
5009.15 1.7564097211328785e-13
5011.89 1.8996434017542725e-13
5014.63 1.8428639842588106e-13
5017.36 1.7161698350050642e-13
5020.1 1.6890027661991746e-13
5022.84 1.5364530535658296e-13
5025.58 1.492186782887534e-13
5028.32 1.672739770360232e-13
5031.06 1.7364119060530828e-13
5033.8 1.6812028685482887e-13
5036.54 1.7020664313590788e-13
5039.28 1.7112466413816125e-13
5042.02 1.7236166780778556e-13
5044.75 1.651376014475489e-13
5047.49 1.5429817457096778e-13
5050.23 1.6695686485102338e-13
5052.97 1.753495105358636e-13
5055.71 1.6813892897680003e-13
5058.45 1.6852564191743113e-13
5061.19 1.8102784968823238e-13
5063.93 1.618214076854183e-13
5066.67 1.5347690301555424e-13
5069.41 1.6879659650021925e-13
5072.14 1.659179582883494e-13
5074.88 1.696604720499807e-13
5077.62 1.7068604681042073e-13
5080.36 1.5578014340104143e-13
5083.1 1.5632949253111712e-13
5085.84 1.7239651775212808e-13
5088.58 1.7567491785549715e-13
5091.32 1.6580009427010028e-13
5094.06 1.6680125173126256e-13
5096.8 1.762160917860762e-13
5099.53 1.7712838277978297e-13
5102.27 1.7222313205666242e-13
5105.01 1.4582137381809993e-13
5107.75 1.446653035512964e-13
5110.49 1.7853374527765253e-13
5113.23 1.8152898151731788e-13
5115.97 1.7621152067980536e-13
5118.71 1.890710589298648e-13
5121.45 1.754380818092721e-13
5124.19 1.7617067978150817e-13
5126.92 1.7332722573410292e-13
5129.66 1.7162342608897827e-13
5132.4 1.776309092703667e-13
5135.14 1.867657062812398e-13
5137.88 1.8128814671306954e-13
5140.62 1.6552654888517112e-13
5143.36 1.6265544147397966e-13
5146.1 1.5439902151225744e-13
5148.84 1.6913486894507971e-13
5151.58 1.7288053245508653e-13
5154.31 1.7984563319371123e-13
5157.05 1.6931275068624745e-13
5159.79 1.541373634796538e-13
5162.53 1.569466067070363e-13
5165.27 1.6562983896564361e-13
5168.01 1.5821268789217292e-13
5170.75 1.3671117330481824e-13
5173.49 1.2211568522168771e-13
5176.23 1.0778824917972216e-13
5178.96 1.1327358453548265e-13
5181.7 1.3542172632770622e-13
5184.44 1.3782845058660585e-13
5187.18 1.1830047270541987e-13
5189.92 1.3539941054867543e-13
5192.66 1.4171295779112096e-13
5195.4 1.4713962414653886e-13
5198.14 1.4936787020422447e-13
5200.88 1.4048327950312013e-13
5203.62 1.7018073592432757e-13
5206.35 1.735227825101621e-13
5209.09 1.7252911697524527e-13
5211.83 1.777813979215866e-13
5214.57 1.6356999836371712e-13
5217.31 1.6427054567856642e-13
5220.05 1.6746555232246696e-13
5222.79 1.748929675090102e-13
5225.53 1.7799917390298345e-13
5228.27 1.6778225781679126e-13
5231.01 1.656340366095873e-13
5233.74 1.6126144224970668e-13
5236.48 1.8471363681028107e-13
5239.22 1.9702449661209338e-13
5241.96 1.992698087586223e-13
5244.7 2.000818296514051e-13
5247.44 1.9053532947198224e-13
5250.18 1.7989066307185866e-13
5252.92 1.8804493937925966e-13
5255.66 1.778841010681824e-13
5258.4 1.7935375673372283e-13
5261.13 1.9430440017398693e-13
5263.87 1.8320093347003483e-13
5266.61 1.718889533551128e-13
5269.35 1.6996872722310414e-13
5272.09 1.4413548460636008e-13
5274.83 1.6355320323983465e-13
5277.57 1.8002135932022248e-13
5280.31 2.042407689664805e-13
5283.05 1.8227044761649767e-13
5285.79 1.6969555222566205e-13
5288.52 1.8674884630447383e-13
5291.26 1.8349120069347441e-13
5294.0 2.067080717246784e-13
5296.74 1.8817763129440328e-13
5299.48 1.857860717300399e-13
5302.22 1.9474877054784833e-13
5304.96 1.6689526427220535e-13
5307.7 1.6722641774796085e-13
5310.44 1.8435964710813398e-13
5313.17 2.0043886617185098e-13
5315.91 2.0619360473715226e-13
5318.65 2.073552092039063e-13
5321.39 1.8684884969125675e-13
5324.13 1.7033016309149259e-13
5326.87 1.7531539544797685e-13
5329.61 1.7122497195234115e-13
5332.35 1.6718329613481127e-13
5335.09 1.7651052944993294e-13
5337.83 1.7949726818167096e-13
5340.56 1.7120433602267314e-13
5343.3 1.9026125756366117e-13
5346.04 1.9737782616128877e-13
5348.78 1.8772750878637383e-13
5351.52 1.920984968535359e-13
5354.26 1.871205416615343e-13
5357.0 1.9477751416342808e-13
5359.74 1.96990512973491e-13
5362.48 2.0202630638058625e-13
5365.22 2.058794194843606e-13
5367.95 1.9926932732363774e-13
5370.69 1.9339480055024655e-13
5373.43 1.989207369317436e-13
5376.17 1.7412303002105427e-13
5378.91 1.8533767321119284e-13
5381.65 1.921896446456758e-13
5384.39 1.9455336176542336e-13
5387.13 2.0255914267462222e-13
5389.87 2.022896866359189e-13
5392.61 2.0545054935551105e-13
5395.34 2.0251287133995756e-13
5398.08 1.9838123788635937e-13
5400.82 1.7628762251059032e-13
5403.56 1.7129038448194532e-13
5406.3 1.7269211948522657e-13
5409.04 1.8512942512569895e-13
5411.78 1.9420274275602381e-13
5414.52 1.887408460525244e-13
5417.26 1.9903546532198746e-13
5420.0 2.0566604746631283e-13
5422.73 1.947950931270121e-13
5425.47 2.0492745210687247e-13
5428.21 1.7871346646981173e-13
5430.95 1.7866499696229419e-13
5433.69 1.85512540636508e-13
5436.43 1.7770485622921183e-13
5439.17 1.803703733617236e-13
5441.91 1.8407403001059193e-13
5444.65 2.3082324396638465e-13
5447.38 2.159678897051658e-13
5450.12 1.8698546388152143e-13
5452.86 1.948931633399689e-13
5455.6 2.0216292906247025e-13
5458.34 1.8180028322131032e-13
5461.08 1.7903559561787474e-13
5463.82 2.030955365495193e-13
5466.56 1.9576275892113285e-13
5469.3 1.8208025455516354e-13
5472.04 1.8056094645544798e-13
5474.77 1.8985371087308327e-13
5477.51 1.882766605609001e-13
5480.25 1.9838669117578552e-13
5482.99 1.9537193297879444e-13
5485.73 1.9238981974736633e-13
5488.47 1.966660861003794e-13
5491.21 1.9746717295321455e-13
5493.95 1.8120268206725178e-13
5496.69 1.7486600247240204e-13
5499.43 1.957537440458453e-13
5502.16 2.054646584687245e-13
5504.9 1.9704847760076087e-13
5507.64 1.9418886504537197e-13
5510.38 1.8196695127247625e-13
5513.12 1.8828481734713794e-13
5515.86 1.5924710489119436e-13
5518.6 1.6235089858729895e-13
5521.34 1.8915597657509764e-13
5524.08 1.8248901304732108e-13
5526.82 1.8162424757210511e-13
5529.55 2.125109715141978e-13
5532.29 1.5294454849560298e-13
5535.03 1.851671554324246e-13
5537.77 2.088581200051531e-13
5540.51 2.005563098879859e-13
5543.25 2.1027344956308392e-13
5545.99 1.6961658050844541e-13
5548.73 2.131225241199841e-13
5551.47 2.1522664968853787e-13
5554.21 2.020706450290874e-13
5556.94 1.846859909507889e-13
5559.68 2.0196803585627906e-13
5562.42 1.976690529903256e-13
5565.16 1.8910029159311044e-13
5567.9 1.886682937275022e-13
5570.64 1.8515897106495373e-13
5573.38 1.4792963875552125e-13
5576.12 2.0055879568220267e-13
5578.86 1.880154101433043e-13
5581.6 1.768377758674059e-13
5584.33 1.9178939937868216e-13
5587.07 1.8805296700613978e-13
5589.81 1.8890554594966515e-13
5592.55 1.6655697218671276e-13
5595.29 1.6285038203505915e-13
5598.03 1.5601279500683468e-13
5600.77 1.8740026614811617e-13
5603.51 1.7981228574891794e-13
5606.25 1.9244603757465316e-13
5608.98 1.7027686522554663e-13
5611.72 1.8325449677978398e-13
5614.46 1.7493652209808673e-13
5617.2 2.004214660682831e-13
5619.94 1.876760101060063e-13
5622.68 1.6782671933914743e-13
5625.42 1.8908206121534382e-13
5628.16 1.8876581359417377e-13
5630.9 1.584479980443169e-13
5633.64 1.9232033044640887e-13
5636.37 1.776107718762915e-13
5639.11 1.8419807298600965e-13
5641.85 1.8325412982368934e-13
5644.59 1.7591388522630744e-13
5647.33 1.5693272459962394e-13
5650.07 1.9622628627222854e-13
5652.81 2.091577828465176e-13
5655.55 2.0715344255929633e-13
5658.29 1.9976172440636105e-13
5661.03 2.1515668190889082e-13
5663.76 2.1258329997729966e-13
5666.5 1.9463886111572538e-13
5669.24 2.0896653088637163e-13
5671.98 1.8090880449400285e-13
5674.72 1.8270854640463615e-13
5677.46 1.8100141760105872e-13
5680.2 1.8766513539442802e-13
5682.94 1.7262995285340452e-13
5685.68 1.9774765398346984e-13
5688.42 1.97816428918118e-13
5691.15 2.0993577793995287e-13
5693.89 1.9854853772160962e-13
5696.63 1.911879525393632e-13
5699.37 1.9537740171933697e-13
5702.11 1.877889241992687e-13
5704.85 2.0008893866289243e-13
5707.59 1.8846915000646623e-13
5710.33 1.9744471519878813e-13
5713.07 2.0819862011726922e-13
5715.81 1.787407718873608e-13
5718.54 2.1122971159120776e-13
5721.28 1.9880910358861396e-13
5724.02 1.9922160073642637e-13
5726.76 2.3494115041286285e-13
5729.5 2.4720539636662207e-13
5732.24 2.335758631520344e-13
5734.98 2.4370358703460197e-13
5737.72 2.1682718946046318e-13
5740.46 2.233649901971389e-13
5743.19 2.080921870732421e-13
5745.93 1.9237195743561198e-13
5748.67 1.797030154884763e-13
5751.41 2.3747790773019625e-13
5754.15 2.0955370469040404e-13
5756.89 1.9320666958091122e-13
5759.63 1.832946274557153e-13
5762.37 1.875171468829911e-13
5765.11 1.8649336187919122e-13
5767.85 1.992305479592608e-13
5770.58 1.994083053772026e-13
5773.32 1.9293523557478654e-13
5776.06 2.2098672952244882e-13
5778.8 2.056449131740293e-13
5781.54 1.8656230669032106e-13
5784.28 1.920062155432091e-13
5787.02 1.7175944220506577e-13
5789.76 1.4414020384353083e-13
5792.5 1.8198363652871924e-13
5795.24 1.996733408668533e-13
5797.97 2.0652434923300347e-13
5800.71 2.0110493617331432e-13
5803.45 2.236850864403209e-13
5806.19 2.271522250896239e-13
5808.93 2.0173993331481264e-13
5811.67 1.7850077099105077e-13
5814.41 2.28820259991863e-13
5817.15 2.1926216883471963e-13
5819.89 1.8294810322551497e-13
5822.63 1.9621262005746135e-13
5825.36 2.5412275631048426e-13
5828.1 2.383462858511802e-13
5830.84 1.7773047139250123e-13
5833.58 1.9856383535825434e-13
5836.32 2.0315962220600437e-13
5839.06 2.1004536331712408e-13
5841.8 2.1885975829463197e-13
5844.54 1.8760015195019014e-13
5847.28 2.0693686881635475e-13
5850.02 2.2537621945431277e-13
5852.75 1.9560736702070793e-13
5855.49 1.8456040570911103e-13
5858.23 1.9957521826967869e-13
5860.97 1.939166867489857e-13
5863.71 1.9419517325770518e-13
5866.45 9.330727818604107e-14
5869.19 1.6933623503049667e-13
5871.93 2.2211729852005292e-13
5874.67 1.8492050058429806e-13
5877.41 1.8071532727657521e-13
5880.14 2.1368205515116652e-13
5882.88 2.2979022355056197e-13
5885.62 2.1038236680786145e-13
5888.36 1.9162011050715594e-13
5891.1 1.7752487555765047e-13
5893.84 1.785102355370663e-13
5896.58 1.8177233933583718e-13
5899.32 1.509760208308573e-13
5902.06 1.4663785098463817e-13
5904.79 1.5814638633679385e-13
5907.53 1.805041159742265e-13
5910.27 1.9335053047878053e-13
5913.01 2.035755283820994e-13
5915.75 1.9371379642352923e-13
5918.49 1.7908297365538215e-13
5921.23 2.0368859295553239e-13
5923.97 2.1578313924655595e-13
5926.71 1.9391727456107205e-13
5929.45 1.804207506854902e-13
5932.18 1.7633402956132723e-13
5934.92 1.7823216924849164e-13
5937.66 1.7783414477827674e-13
5940.4 1.8412345334594368e-13
5943.14 1.6729295669600275e-13
5945.88 1.9800590777670105e-13
5948.62 2.37812057841705e-13
5951.36 2.226964747432388e-13
5954.1 2.1768977751956486e-13
5956.84 1.902523489305828e-13
5959.57 1.840759007483406e-13
5962.31 1.9446813646131198e-13
5965.05 1.8604321511143978e-13
5967.79 1.959218961331312e-13
5970.53 1.8365846948765578e-13
5973.27 1.9725777460903345e-13
5976.01 2.1386036355405675e-13
5978.75 2.0375948986455736e-13
5981.49 1.6862222632390943e-13
5984.23 1.7647515692489206e-13
5986.96 2.109242954353665e-13
5989.7 2.078558126417223e-13
5992.44 2.1556191891390247e-13
5995.18 2.0466074944991958e-13
5997.92 1.9790267769613563e-13
6000.66 1.976829395240517e-13
6003.4 1.8650660619123498e-13
6006.14 2.165437252685502e-13
6008.88 2.1894029520341068e-13
6011.62 1.7535862441992014e-13
6014.35 2.0122992142778695e-13
6017.09 1.923682238093788e-13
6019.83 1.9279959145571025e-13
6022.57 2.1935636265058275e-13
6025.31 1.8481502857394707e-13
6028.05 1.846700489169912e-13
6030.79 2.0317145136377285e-13
6033.53 2.109377411602883e-13
6036.27 2.15063508389542e-13
6039.0 1.9276311026917604e-13
6041.74 2.0059823105629662e-13
6044.48 1.981332439709665e-13
6047.22 1.7636791704786558e-13
6049.96 1.841527716394109e-13
6052.7 1.9510812890240172e-13
6055.44 1.719132098778904e-13
6058.18 1.956160688812769e-13
6060.92 1.9091167035249373e-13
6063.66 1.8908003946805676e-13
6066.39 2.0796670453853616e-13
6069.13 1.8800156308202983e-13
6071.87 1.9399511955679937e-13
6074.61 1.8264904705711187e-13
6077.35 1.9138226382506547e-13
6080.09 2.187411606024188e-13
6082.83 1.903630281827998e-13
6085.57 2.0134692539426444e-13
6088.31 1.9237187386819053e-13
6091.05 2.416114373584519e-13
6093.78 1.7736126156244801e-13
6096.52 1.8834772681902916e-13
6099.26 1.7927514405683377e-13
6102.0 1.6685725199374626e-13
6104.74 1.8730906349475194e-13
6107.48 1.9540557589057688e-13
6110.22 1.7320669979709573e-13
6112.96 2.044799047537467e-13
6115.7 1.9097208552781014e-13
6118.44 1.8451800494376758e-13
6121.17 2.370462251015887e-13
6123.91 2.027906974086028e-13
6126.65 1.775321329829976e-13
6129.39 1.961995296697015e-13
6132.13 1.8280305873172486e-13
6134.87 2.0810881539120405e-13
6137.61 2.131983443746173e-13
6140.35 2.3252068383272615e-13
6143.09 2.2180789619032731e-13
6145.83 2.2299067181012426e-13
6148.56 2.04243813096462e-13
6151.3 1.8671781294790178e-13
6154.04 1.6719981971975098e-13
6156.78 1.6155211772488327e-13
6159.52 1.9030118614508632e-13
6162.26 1.833280757465991e-13
6165.0 1.7026559127164094e-13
6167.74 1.8562056538615023e-13
6170.48 1.7725055561333946e-13
6173.21 2.1069912314248874e-13
6175.95 1.9836603559705987e-13
6178.69 1.968512888337254e-13
6181.43 1.8539974405543182e-13
6184.17 1.873464090333973e-13
6186.91 1.8607709022760142e-13
6189.65 1.8068899139311354e-13
6192.39 1.8132515675019206e-13
6195.13 1.8438700075867262e-13
6197.87 1.9714396692322975e-13
6200.6 1.938148563035908e-13
6203.34 1.9772974476254784e-13
6206.08 1.7783264995147806e-13
6208.82 1.9489296626404727e-13
6211.56 1.893061026352629e-13
6214.3 1.366348505522302e-13
6217.04 1.3980566457280974e-13
6219.78 1.5814599160835805e-13
6222.52 1.8338875566268768e-13
6225.26 2.029623114687057e-13
6227.99 1.8307798076248364e-13
6230.73 1.8258176916677996e-13
6233.47 1.7840456108787548e-13
6236.21 1.538181268753647e-13
6238.95 1.5987279106755518e-13
6241.69 1.627920809087026e-13
6244.43 1.6431400054590646e-13
6247.17 1.9865390240610012e-13
6249.91 2.0310297242654111e-13
6252.65 1.2499202864299794e-13
6255.38 1.6255993327019064e-13
6258.12 1.6015152039104697e-13
6260.86 1.7157440000151326e-13
6263.6 2.2598148981990496e-13
6266.34 1.886942461308426e-13
6269.08 1.8040168589654694e-13
6271.82 2.030643078055199e-13
6274.56 1.6786473172008982e-13
6277.3 1.8642623750894535e-13
6280.04 1.6500794295462933e-13
6282.77 1.7985172199136892e-13
6285.51 1.7047056751824934e-13
6288.25 1.989126042581432e-13
6290.99 1.9571089743186006e-13
6293.73 1.861836096348111e-13
6296.47 1.7919865872610773e-13
6299.21 1.7545671146571516e-13
6301.95 1.8465263854589487e-13
6304.69 1.8884783748027776e-13
6307.43 1.7255545368385153e-13
6310.16 2.170308758523839e-13
6312.9 2.1813310947469556e-13
6315.64 1.9647242592036617e-13
6318.38 1.640995326785259e-13
6321.12 1.6126354898412953e-13
6323.86 1.7773120067575936e-13
6326.6 1.5517186763543481e-13
6329.34 1.7354523700825302e-13
6332.08 2.0568227792125428e-13
6334.81 1.8722573934934276e-13
6337.55 2.1270143893881135e-13
6340.29 1.841242417639474e-13
6343.03 1.9710257637022512e-13
6345.77 1.8220867544818907e-13
6348.51 1.8979131878278309e-13
6351.25 2.0606187258316392e-13
6353.99 1.7013408562192612e-13
6356.73 1.811689220143752e-13
6359.47 1.8865148384321898e-13
6362.2 1.85121595073731e-13
6364.94 1.7754078873932004e-13
6367.68 2.1001279755809064e-13
6370.42 1.9355295693398235e-13
6373.16 1.6869691340545847e-13
6375.9 1.952184666799357e-13
6378.64 2.1464908774946418e-13
6381.38 1.9302869259983478e-13
6384.12 2.105300550721175e-13
6386.86 2.0461355250440078e-13
6389.59 1.6966335688037108e-13
6392.33 1.7976083719832685e-13
6395.07 2.1595528008801702e-13
6397.81 2.0236446515818191e-13
6400.55 1.8144872469572572e-13
6403.29 1.9921598730732307e-13
6406.03 1.8034129449969847e-13
6408.77 1.6464647960259908e-13
6411.51 1.7755619715085343e-13
6414.25 1.955601080649998e-13
6416.98 1.9941931019052024e-13
6419.72 1.9701365968254216e-13
6422.46 1.657425962904725e-13
6425.2 1.9291166168541903e-13
6427.94 1.9281645846847657e-13
6430.68 1.9075188534280273e-13
6433.42 1.7847122662488784e-13
6436.16 1.8445502881123006e-13
6438.9 2.0123105917538888e-13
6441.64 2.096673649446172e-13
6444.37 2.0499916020280782e-13
6447.11 1.8144941483478426e-13
6449.85 1.7203183173601829e-13
6452.59 1.8722863012360893e-13
6455.33 1.7888103060933958e-13
6458.07 1.8363472409742306e-13
6460.81 1.7760793174323232e-13
6463.55 1.8734194976261555e-13
6466.29 1.8304589782925865e-13
6469.02 2.0203136771214612e-13
6471.76 1.8882846352385218e-13
6474.5 1.9976687010195676e-13
6477.24 1.8586705227184146e-13
6479.98 1.794338434603079e-13
6482.72 2.059220518697884e-13
6485.46 1.9442926820680782e-13
6488.2 2.2069143404325732e-13
6490.94 2.2003183982552295e-13
6493.68 1.8461160818293618e-13
6496.41 1.7364512544826862e-13
6499.15 1.728613593421095e-13
6501.89 1.7061015178003248e-13
6504.63 1.8756374634754632e-13
6507.37 1.8175177047082016e-13
6510.11 1.874827020033699e-13
6512.85 2.0626146931406103e-13
6515.59 2.0347118923004408e-13
6518.33 1.8780310249849683e-13
6521.07 1.9160457406831483e-13
6523.8 2.241792184278313e-13
6526.54 2.2056507350171017e-13
6529.28 2.0643043055580473e-13
6532.02 1.876729465638933e-13
6534.76 1.8816908669399256e-13
6537.5 2.4110572335673183e-13
6540.24 2.1085243502317893e-13
6542.98 1.947094911116891e-13
6545.72 1.8178586854972658e-13
6548.46 1.8888931164581093e-13
6551.19 2.1133269658926523e-13
6553.93 1.9056962192891406e-13
6556.67 1.9813954555880658e-13
6559.41 1.9603239104129461e-13
6562.15 2.3576142769725777e-13
6564.89 2.5215690502233986e-13
6567.63 1.7947798740337045e-13
6570.37 2.1312778672373447e-13
6573.11 1.9290343398417494e-13
6575.85 2.150450570020381e-13
6578.58 2.117854974142669e-13
6581.32 2.120345765675018e-13
6584.06 2.263470436948468e-13
6586.8 2.424596152824765e-13
6589.54 2.4478442116116143e-13
6592.28 2.4397790628050455e-13
6595.02 1.6565621670241518e-13
6597.76 1.9751591837203793e-13
6600.5 1.4298103598642708e-13
6603.23 1.82942361715317e-13
6605.97 1.8761314726092653e-13
6608.71 2.3138027075900433e-13
6611.45 2.1057515105207928e-13
6614.19 1.9744590462416256e-13
6616.93 2.0880892171392725e-13
6619.67 2.1605799446339152e-13
6622.41 2.1474028054255703e-13
6625.15 2.0929736730359624e-13
6627.89 2.067128742141906e-13
6630.62 1.9421434908951388e-13
6633.36 1.7604611718590203e-13
6636.1 1.8436412505726953e-13
6638.84 1.9490609571087995e-13
6641.58 2.0449335994718797e-13
6644.32 1.766009371530218e-13
6647.06 1.9194442077721005e-13
6649.8 2.1607172641381781e-13
6652.54 1.978693113952566e-13
6655.28 1.7475980927899724e-13
6658.01 1.8659960192302315e-13
6660.75 2.023376864156795e-13
6663.49 2.110434212899505e-13
6666.23 2.1357733878015864e-13
6668.97 1.701456623842193e-13
6671.71 1.710297708085076e-13
6674.45 1.926109498264128e-13
6677.19 1.9520453872951311e-13
6679.93 1.6284114439876203e-13
6682.67 1.5788529814292587e-13
6685.4 1.8130082801490008e-13
6688.14 1.8318687333421154e-13
6690.88 1.8488338682843368e-13
6693.62 1.891514068519545e-13
6696.36 2.2923924123189597e-13
6699.1 1.7353482109617792e-13
6701.84 1.7648246870928024e-13
6704.58 1.8556722144821012e-13
6707.32 1.7410128871759974e-13
6710.06 1.9339930406975397e-13
6712.79 2.1243257783774592e-13
6715.53 2.4479919549250005e-13
6718.27 2.1138575571577084e-13
6721.01 1.6438435513419244e-13
6723.75 1.6906877914955475e-13
6726.49 1.774761552149982e-13
6729.23 1.9903890057079875e-13
6731.97 1.632597296404141e-13
6734.71 1.8825404734721693e-13
6737.45 1.6673147709932124e-13
6740.18 2.3750232580324203e-13
6742.92 2.2109523016095766e-13
6745.66 1.920612777256365e-13
6748.4 2.0094205267175523e-13
6751.14 1.611339607029037e-13
6753.88 1.7496607456504082e-13
6756.62 1.8034691067577745e-13
6759.36 2.034317988193218e-13
6762.1 1.7412391657705177e-13
6764.83 2.14796616556356e-13
6767.57 1.6971463816180254e-13
6770.31 1.7103306586620835e-13
6773.05 1.9979858397007816e-13
6775.79 1.9714998368706514e-13
6778.53 1.9197554761019225e-13
6781.27 1.8815827275924539e-13
6784.01 1.716335451099555e-13
6786.75 1.9939770953701939e-13
6789.49 1.6910709543154049e-13
6792.22 2.0325163435348975e-13
6794.96 2.0042010754355246e-13
6797.7 2.0528953086457979e-13
6800.44 1.7307775753615644e-13
6811.71 1.942440212397124e-13
6827.42 1.947682400468472e-13
6843.15 1.9664415904809267e-13
6858.93 1.9224620748738515e-13
6874.74 1.923186269575639e-13
6890.59 1.8671755055606488e-13
6906.47 1.9202038676125821e-13
6922.39 1.9298640399949797e-13
6938.35 1.9846962215612036e-13
6954.35 1.9671895532251894e-13
6970.38 1.9999112461459468e-13
6986.45 1.8671616015776162e-13
7002.55 2.001482805113588e-13
7018.7 1.979332138966257e-13
7034.87 1.96638993191892e-13
7051.09 2.0645875098262995e-13
7067.35 1.879379398153483e-13
7083.64 1.9551245208814258e-13
7099.97 1.8379188570166004e-13
7116.34 1.8385807268425828e-13
7132.74 1.8308611280427992e-13
7149.18 1.839986719150904e-13
7165.66 1.8576789175939028e-13
7182.18 1.8202379959211472e-13
7198.74 1.7470064943717357e-13
7215.33 1.763801865054984e-13
7231.97 1.8819334171798106e-13
7248.64 1.8826862800698598e-13
7265.35 1.958484564033524e-13
7282.1 1.884012713233103e-13
7298.88 1.7874818549806152e-13
7315.71 1.90725135903597e-13
7332.57 1.9166885976415024e-13
7349.48 2.0170333759621548e-13
7366.42 1.9992185275294654e-13
7383.4 2.0371481452266248e-13
7400.42 2.014579310985583e-13
7417.48 1.9921664774330712e-13
7434.58 2.1110133662252752e-13
7451.72 2.0166740145103507e-13
7468.89 1.9760165604191945e-13
7486.11 2.0842513643088041e-13
7503.37 1.9956848814611082e-13
7520.67 2.0952863312240984e-13
7538.0 2.072035559043235e-13
7555.38 2.0967205013685401e-13
7572.8 2.0734485834299612e-13
7590.25 2.0789161537508433e-13
7607.75 2.0136946477343748e-13
7625.29 1.9776446156632582e-13
7642.87 2.0337724938880225e-13
7660.48 1.978966976865925e-13
7678.15 1.9168710001098948e-13
7695.85 1.9531387062464834e-13
7713.58 1.9403390198995357e-13
7731.37 1.9276170394694124e-13
7749.19 1.9106341407163137e-13
7767.05 1.8980642863387886e-13
7784.96 1.9118824040345586e-13
7802.91 1.9257974736789277e-13
7820.89 1.9487630846892061e-13
7838.92 1.883236019336827e-13
7856.99 1.9410656207837046e-13
7875.1 1.9642342994335046e-13
7893.26 1.955811502832755e-13
7911.46 1.9296173216425052e-13
7929.69 1.8950498493458551e-13
7947.97 1.848190011239794e-13
7966.3 1.8875403925781039e-13
7984.66 1.9366121785404713e-13
8003.06 1.8757410416988322e-13
8021.51 1.9648061123743422e-13
8040.01 1.9835906784774703e-13
8058.54 1.9570476613130255e-13
8077.11 1.9174741001450645e-13
8095.74 1.9582734576312864e-13
8114.4 1.945419399512362e-13
8133.1 1.9867888225852262e-13
8151.85 1.924318409443525e-13
8170.65 1.771822797050537e-13
8189.48 1.8860354339048236e-13
8208.36 1.8522211065043263e-13
8227.28 1.9761903275648786e-13
8246.25 1.9813550090324478e-13
8265.25 1.9014801664757693e-13
8284.31 1.8587609205130411e-13
8303.41 1.8808866017227957e-13
8322.55 1.9253153898067636e-13
8341.74 1.843422199051992e-13
8360.96 1.9487784287533826e-13
8380.24 1.9270506542776576e-13
8399.56 1.857975823190757e-13
8418.92 1.932684160858841e-13
8438.33 1.951199149197311e-13
8457.78 1.85531558227949e-13
8477.28 1.744015253734385e-13
8496.82 1.8779547235632206e-13
8516.4 1.8741925493372747e-13
8536.04 1.815255497708117e-13
8555.72 1.5888195819038853e-13
8575.44 1.8715134799208933e-13
8595.21 1.8635101067238878e-13
8615.02 1.851180622659235e-13
8634.88 1.8775443153498535e-13
8654.78 1.8565643542199094e-13
8674.74 1.5376269125375693e-13
8694.73 1.819513155081552e-13
8714.78 1.8496805407695466e-13
8734.87 1.8976271291868917e-13
8755.0 1.889507363595483e-13
8775.18 1.8470080987117826e-13
8795.42 1.9168365081214678e-13
8815.69 1.632013480737415e-13
8836.01 1.857139674325388e-13
8856.38 1.8878294976544698e-13
8876.8 1.7221748722801695e-13
8897.26 1.8039102591123788e-13
8917.77 1.8210444085034256e-13
8938.33 1.7801173145539846e-13
8958.93 1.7521914333621993e-13
8979.59 1.7206258805770712e-13
9000.29 1.5163770218951102e-13
9021.03 1.6593307147018936e-13
9041.83 1.870958522994589e-13
9062.68 1.9106180261231925e-13
9083.57 1.8377958857293094e-13
9104.5 1.8255942922881525e-13
9125.49 1.8177380370330723e-13
9146.53 1.665865691169306e-13
9167.61 1.765061691956652e-13
9188.75 1.7901350866676963e-13
9209.93 1.807138779421459e-13
9231.16 1.8159745122399021e-13
9252.44 1.746743030885059e-13
9273.77 1.8128387486878542e-13
9295.15 1.6922682286679277e-13
9316.58 1.8348013218457906e-13
9338.05 1.84374289570793e-13
9359.58 1.8357576315247909e-13
9381.16 1.8362341506841923e-13
9402.78 1.8031903092827468e-13
9424.46 1.8499390732104017e-13
9446.18 1.8207952000504483e-13
9467.96 1.86374608533293e-13
9489.79 1.8685107264158675e-13
9511.66 1.8263875922097612e-13
9533.59 1.8438247233609887e-13
9555.57 1.8106111091486282e-13
9577.59 1.8320683584939075e-13
9599.67 1.866598174029135e-13
9621.8 1.849984742852048e-13
9643.98 1.8166355982506218e-13
9666.21 1.817089138557944e-13
9688.49 1.8428714993459516e-13
9710.83 1.813785253444069e-13
9733.22 1.793555569115451e-13
9755.65 1.789786821398294e-13
9778.14 1.7985574027674797e-13
9800.68 1.7702418434069104e-13
9823.27 1.803559688966165e-13
9845.92 1.812338068362047e-13
9868.62 1.7961883928295497e-13
9891.37 1.7966233117056375e-13
9914.17 1.7723858196321366e-13
9937.03 1.7892331478389086e-13
9959.93 1.7979212927262869e-13
9982.89 1.7900902370320317e-13
10028.96 1.795076054263405e-13
10075.26 1.7712976693476867e-13
10121.77 1.7926357895267393e-13
10168.48 1.7729579776740985e-13
10215.43 1.7779246916961188e-13
10286.23 1.7832096586699624e-13
10309.94 1.7754165584964839e-13
10501.62 1.7222909952830654e-13
10696.86 1.6592245781930904e-13
10895.73 1.6062930921294452e-13
11098.29 1.5372615820995213e-13
11304.63 1.508864592464748e-13
11488.31 1.4976459885933923e-13
11701.9 1.4597781080199975e-13
11892.04 1.4093651828755902e-13
12113.13 1.3831822820170398e-13
12309.95 1.3601925593588148e-13
12509.97 1.3252228540003796e-13
12713.24 1.2971749043013035e-13
12890.1 1.2664493426842406e-13
13099.55 1.2424150181876415e-13
13312.4 1.207661986895574e-13
13497.59 1.184376141978066e-13
13685.36 1.1669908292908405e-13
13907.73 1.1212434076571753e-13
14101.21 1.074541680280156e-13
14297.38 1.058694169829678e-13
14496.28 1.0673238126707662e-13
14697.94 1.0298848689847123e-13
14902.41 1.0406641309190928e-13
15109.73 1.0466601852430363e-13
15284.67 1.0622339747235071e-13
15497.31 1.0537376441642867e-13
15712.9 1.0379962165085669e-13
15894.85 1.0037389911523669e-13
16115.97 1.0071406424165867e-13
16302.59 9.98787440224444e-14
16491.35 9.836550537195714e-14
16682.31 9.732168080438372e-14
16914.39 9.564678920359077e-14
17110.26 9.333390044138779e-14
17308.37 8.982712427849477e-14
17508.79 8.684942717293626e-14
17711.54 8.320061419993267e-14
17916.64 8.025645313137354e-14
18082.4 7.651735967846216e-14
18291.79 7.431934599019802e-14
18503.61 7.185350244607367e-14
18717.87 6.867241794670431e-14
18891.06 6.668852876657738e-14
19109.81 6.552077330046105e-14
19286.64 6.318895795635364e-14
19509.95 6.066874236452468e-14
19690.48 5.864459399849091e-14
19918.49 5.6694390265888384e-14
20102.78 5.5692436520625987e-14
20288.8 5.370844337171995e-14
20476.54 5.288024454616738e-14
20713.63 5.147507992383879e-14
20905.3 5.0099802077251874e-14
21098.74 4.9212220598221646e-14
21293.95 4.800834075233434e-14
21490.99 4.694038084288755e-14
21689.83 4.537090462460881e-14
21890.53 4.4464069728199534e-14
22093.09 4.3176382108712436e-14
22297.5 4.192451589309157e-14
22503.83 4.099113627110833e-14
22712.04 3.9803413350495926e-14
22922.2 3.5574657499502845e-14
23081.08 3.517989969491724e-14
23294.66 3.065574334550585e-14
23510.21 2.8888464121195127e-14
23673.16 2.9301934301760297e-14
23892.22 2.68595295305763e-14
24113.27 2.6020592000024073e-14
24280.43 2.5672049654185158e-14
24505.08 2.3915713661103767e-14
24674.96 2.348682473858782e-14
24903.25 1.972520566774437e-14
25075.89 1.9372598714668575e-14
25307.93 1.95608308173682e-14
25483.34 1.93881413976392e-14
25719.15 1.9712217478538765e-14
25897.41 1.9358814735764607e-14
26076.94 1.932064089689205e-14
26318.21 1.8802107460224786e-14
26500.65 1.8592826297962548e-14
26684.33 1.8260197969376014e-14
26869.31 1.7974009446416638e-14
27117.91 1.7652705484748045e-14
27305.9 1.7256633067849605e-14
27495.16 1.7025379332910314e-14
27685.74 1.6604898245339968e-14
27877.66 1.6382175132111512e-14
28070.89 1.6050757402674498e-14
28330.64 1.5764531540570594e-14
28527.0 1.5446550373955892e-14
28724.76 1.5134322019284685e-14
28923.85 1.486174666812466e-14
29124.36 1.456205192204142e-14
29326.23 1.4267133810143846e-14
29529.52 1.3978995376084151e-14
29734.2 1.3759524807737883e-14
29871.47 1.3448741819861449e-14
30078.51 1.3237949199612309e-14
30286.99 1.3000038382263547e-14
30496.95 1.2824910375689199e-14
30708.33 1.2623670739122944e-14
30921.21 1.2425291191310941e-14
31135.53 1.2229774385014429e-14
31279.27 1.2062e-14
31496.07 1.1842e-14
31714.37 1.1653e-14
31934.23 1.1493e-14
32081.62 1.1309e-14
32304.01 1.1128e-14
32527.92 1.0976e-14
32678.05 1.085e-14
32904.58 1.08e-14
33132.65 1.0627e-14
33285.61 1.029e-14
33516.32 1.0079e-14
33671.01 9.8726e-15
33904.43 9.6701e-15
34060.91 9.4718e-15
34297.03 9.3203e-15
34534.75 9.1502e-15
34694.14 8.9625e-15
34934.65 8.7989e-15
35095.89 8.6383e-15
35339.19 8.4612e-15
35502.29 8.3067e-15
35666.15 8.1551e-15
35913.4 7.9879e-15
36079.15 7.8601e-15
36329.23 7.6989e-15
36496.94 7.541e-15
36665.39 7.4034e-15
36919.52 7.2349e-15
37089.97 7.1028e-15
37261.15 6.9892e-15
37519.46 6.8144e-15
37692.63 6.7209e-15
37866.6 6.5983e-15
38129.1 6.4778e-15
38305.08 6.3596e-15
38481.87 6.2435e-15
38659.53 6.1155e-15
38927.48 6.0039e-15
39107.15 5.9079e-15
39287.69 5.8e-15
39469.02 5.668e-15
39742.59 5.5646e-15
39926.06 5.4379e-15
40110.34 5.3633e-15
40295.47 5.2775e-15
40481.49 5.1693e-15
40668.34 5.0749e-15
40856.04 4.9938e-15
41139.26 4.9139e-15
41329.14 4.8354e-15
41519.89 4.7471e-15
41711.57 4.6605e-15
41904.09 4.5754e-15
42097.5 4.4919e-15
42291.79 4.4405e-15
42487.04 4.3594e-15
42683.13 4.2897e-15
42880.14 4.1156e-15
43078.1 3.9303e-15
43276.92 3.9213e-15
43476.66 3.7534e-15
43677.38 3.668e-15
43878.97 3.6011e-15
44081.49 3.4868e-15
44284.94 3.4232e-15
44489.39 3.3684e-15
44694.73 3.2767e-15
44901.01 3.2466e-15
45108.3 3.1947e-15
45316.5 3.1292e-15
45525.65 3.1005e-15
45735.83 3.0579e-15
45946.92 2.9678e-15
46052.83 2.9609e-15
46265.38 2.9136e-15
46478.97 2.8736e-15
46693.49 2.8604e-15
46909.0 2.8082e-15
47125.56 2.7633e-15
47343.07 2.757e-15
47452.2 2.6942e-15
47671.21 2.6695e-15
47891.29 2.6389e-15
48112.33 2.5789e-15
48334.39 2.5848e-15
48445.8 2.526e-15
48669.45 2.4856e-15
48894.08 2.4515e-15
49119.75 2.4123e-15
49346.52 2.3957e-15
49460.26 2.352e-15
49688.55 2.3412e-15
49917.88 2.2945e-15
50148.33 2.2708e-15
50263.92 2.241e-15
50495.92 2.2077e-15
50728.98 2.185e-15
50845.97 2.1762e-15
50963.17 2.1575e-15
51080.65 2.139e-15
51198.39 2.1255e-15
51316.41 2.1169e-15
51434.7 2.0988e-15
51553.31 2.0807e-15
51672.15 2.0724e-15
51791.25 2.0641e-15
51910.64 2.0417e-15
52030.29 2.0288e-15
52150.23 2.016e-15
52270.43 1.9987e-15
52390.98 1.9862e-15
52511.75 1.9782e-15
52632.79 1.9749e-15
52754.11 1.967e-15
52875.71 1.9456e-15
52997.6 1.9289e-15
53119.82 1.9168e-15
53242.26 1.9091e-15
53364.99 1.8971e-15
53488.0 1.8852e-15
53611.29 1.8777e-15
53734.87 1.8659e-15
53858.73 1.8542e-15
53982.94 1.8425e-15
54107.38 1.8352e-15
54232.1 1.8195e-15
54357.11 1.8039e-15
54482.4 1.7967e-15
54607.99 1.7854e-15
54733.86 1.7701e-15
54860.09 1.759e-15
54986.55 1.748e-15
55113.29 1.733e-15
55240.33 1.7301e-15
55367.67 1.7272e-15
55495.29 1.7085e-15
55623.27 1.6939e-15
55751.49 1.691e-15
55880.0 1.6805e-15
56008.81 1.6661e-15
56137.91 1.6595e-15
56267.32 1.6491e-15
56397.02 1.635e-15
56527.08 1.6323e-15
56657.38 1.622e-15
56787.98 1.6119e-15
56918.87 1.5981e-15
57050.08 1.5918e-15
57181.58 1.5891e-15
57313.45 1.5792e-15
57445.56 1.5729e-15
57577.98 1.5631e-15
57710.7 1.5533e-15
57843.73 1.5472e-15
57977.06 1.5411e-15
58110.71 1.5314e-15
58244.72 1.5254e-15
58378.97 1.5193e-15
58513.54 1.5168e-15
58648.42 1.5074e-15
58783.61 1.5014e-15
58919.11 1.4989e-15
59007.57 1.4176e-15
59316.18 1.5246e-15
59624.79 1.7724e-15
59933.4 1.5053e-15
60242.02 1.8313e-15
60550.62 1.6512e-15
60859.23 2.0244e-15
61167.86 1.594e-15
61476.46 1.6165e-15
61785.07 1.7098e-15
62093.69 1.6303e-15
62402.3 1.5849e-15
62710.91 1.8294e-15
63019.52 1.8681e-15
63328.13 1.529e-15
63636.75 1.6134e-15
63945.36 1.4953e-15
64253.96 1.0281e-15
64562.59 1.0449e-15
64871.19 1.4289e-15
65179.8 1.7108e-15
65488.42 1.2131e-15
65797.03 1.2559e-15
66105.64 1.264e-15
66414.26 1.1334e-15
66722.86 8.7226e-16
67031.47 1.1189e-15
67340.09 1.1172e-15
67648.7 1.0536e-15
67957.32 1.0634e-15
68265.93 1.5791e-15
68574.54 1.2946e-15
68883.16 1.298e-15
69191.76 9.3917e-16
69500.38 7.9777e-16
69808.99 1.003e-15
70117.6 8.9566e-16
70426.21 9.3177e-16
70734.82 1.0338e-15
71043.43 1.025e-15
71352.05 1.0753e-15
71660.65 1.0769e-15
71969.28 1.043e-15
72277.88 1.1784e-15
72586.49 1.1256e-15
72895.12 9.9008e-16
73203.72 1.3698e-15
73512.33 1.1722e-15
73820.95 9.2195e-16
74129.56 7.8807e-16
74438.17 1.0991e-15
74746.78 8.2077e-16
75035.2 8.2266e-16
75653.64 1.3417e-15
76272.09 1.0034e-15
76890.54 7.5497e-16
77509.0 6.609e-16
78127.45 1.2031e-15
78745.92 7.6846e-16
79364.37 6.2693e-16
79982.82 1.2472e-15
80601.28 1.0839e-15
81219.73 8.7699e-16
81838.18 8.0753e-16
82456.64 6.377e-16
83075.09 6.6023e-16
83693.55 6.2274e-16
84312.0 7.0365e-16
84930.46 6.6339e-16
85548.91 8.2926e-16
86167.37 6.7596e-16
86785.81 6.0096e-16
87404.27 6.3091e-16
88022.73 6.5046e-16
88641.18 6.1995e-16
89259.63 5.5069e-16
89878.08 4.9191e-16
90496.53 5.7603e-16
91115.0 6.581e-16
91733.45 6.1612e-16
92351.91 7.2882e-16
92970.36 5.5818e-16
93588.81 6.2337e-16
94207.26 6.7113e-16
94825.71 6.1027e-16
95444.18 6.2281e-16
96062.63 7.8055e-16
96681.08 7.9703e-16
97299.54 7.336e-16
97918.0 6.3297e-16
98536.45 5.5748e-16
99154.9 5.9171e-16
99773.32 5.692e-16
100391.82 5.7339e-16
101010.23 4.8862e-16
101628.75 5.7258e-16
102247.16 4.3621e-16
102865.66 4.6112e-16
103484.09 4.8336e-16
104102.5 4.803e-16
104721.0 5.2634e-16
105339.41 5.1153e-16
105957.93 4.7101e-16
106576.34 4.5756e-16
107194.76 4.5787e-16
107813.27 4.1812e-16
108431.69 4.549e-16
109050.19 4.0348e-16
109668.6 4.6237e-16
110287.11 4.9583e-16
110905.53 4.8173e-16
111523.94 6.37e-16
112142.45 7.6744e-16
112760.86 7.6206e-16
113379.37 6.9057e-16
113997.79 5.9137e-16
114616.3 5.4187e-16
115234.71 4.5127e-16
115853.12 4.781e-16
116471.64 4.5558e-16
117090.05 4.2136e-16
117708.55 3.8818e-16
118326.96 4.288e-16
118945.48 4.3468e-16
119563.89 4.2718e-16
120182.3 4.1214e-16
120800.82 4.458e-16
121419.23 4.4055e-16
122037.74 4.0746e-16
122656.15 4.2213e-16
123274.57 4.6371e-16
123893.08 4.1943e-16
124511.49 3.6442e-16
125130.0 3.9427e-16
125748.42 4.0148e-16
126366.92 3.607e-16
126985.34 4.0869e-16
127603.75 4.6576e-16
128222.26 4.4398e-16
128840.67 3.3648e-16
129459.19 3.5037e-16
130077.6 2.9692e-16
130696.01 3.1763e-16
131314.52 2.856e-16
131932.94 3.1678e-16
132551.45 3.0288e-16
133169.85 2.0707e-16
133788.36 2.6976e-16
134406.78 2.8664e-16
135025.2 2.8333e-16
135643.71 2.4546e-16
136262.11 2.5712e-16
136880.63 2.6238e-16
137499.04 2.8147e-16
138117.56 2.8757e-16
138735.96 2.6814e-16
139354.38 2.724e-16
139972.89 2.6211e-16
140591.31 2.6292e-16
141209.8 2.8405e-16
141828.22 2.2179e-16
142094.45 2.3938e-16
143007.68 2.2853e-16
143921.01 2.3014e-16
144834.24 2.2146e-16
145747.45 2.0914e-16
146660.78 2.1721e-16
147574.01 2.1435e-16
148487.23 2.1355e-16
149400.46 2.1348e-16
150313.79 2.0699e-16
151227.02 2.0548e-16
152140.24 2.1228e-16
153053.56 2.0584e-16
153966.79 2.1482e-16
154880.01 2.586e-16
155793.24 2.7871e-16
156706.57 2.3711e-16
157619.8 2.1961e-16
158533.02 2.2856e-16
159446.34 2.3106e-16
160359.58 2.2525e-16
161272.79 2.2314e-16
162186.12 2.42e-16
163099.35 2.4278e-16
164012.57 2.5889e-16
164925.8 2.5989e-16
165839.14 2.5349e-16
166752.34 2.5173e-16
167665.58 2.5358e-16
168578.81 2.6226e-16
169492.13 3.4851e-16
170405.37 4.586e-16
171318.6 3.449e-16
172231.92 2.5684e-16
173145.14 2.3862e-16
174058.37 2.3608e-16
174971.7 2.261e-16
175884.91 2.2302e-16
176798.15 2.0053e-16
177711.36 1.9732e-16
178624.69 1.975e-16
179537.92 1.9036e-16
180451.14 1.8428e-16
181364.46 1.8363e-16
182277.7 1.7825e-16
183190.91 1.8181e-16
184104.24 1.7519e-16
185017.47 1.691e-16
185930.7 1.7423e-16
186843.92 1.8945e-16
187757.25 1.8227e-16
188670.48 1.6668e-16
189583.7 1.656e-16
190497.04 1.6016e-16
191410.27 1.6056e-16
192323.47 1.5772e-16
193236.7 1.4367e-16
194150.04 1.4358e-16
195063.26 1.3865e-16
195976.49 1.3465e-16
196889.82 1.4693e-16
197803.04 1.3483e-16
198716.27 1.2663e-16
199629.5 1.3185e-16
200542.83 1.2734e-16
201456.04 1.2516e-16
202369.27 1.1857e-16
203282.6 1.2126e-16
204195.82 1.2195e-16
204378.29 1.1559e-16
206136.53 1.1659e-16
207895.84 1.1057e-16
209656.05 1.111e-16
211417.36 1.0915e-16
213179.68 1.06e-16
214943.08 9.7199e-17
216707.37 9.3621e-17
218472.77 1.017e-16
220239.18 9.2251e-17
222006.66 8.831e-17
223775.16 8.1839e-17
225544.63 8.6237e-17
227315.2 8.7332e-17
229086.77 8.3235e-17
230859.35 8.7595e-17
232633.01 8.4149e-17
234407.68 8.0431e-17
236183.43 7.3226e-17
237960.28 7.3551e-17
239738.13 7.62e-17
241516.97 7.363e-17
243296.92 7.3332e-17
245077.85 7.0129e-17
246859.99 6.7318e-17
248643.02 6.4685e-17
250427.13 6.7675e-17
252212.35 6.43e-17
253998.66 6.3209e-17
255785.97 6.407e-17
257574.37 6.8547e-17
259363.88 8.2018e-17
261154.47 6.8714e-17
262946.07 5.669e-17
264738.74 5.5768e-17
266532.55 5.6301e-17
268327.3 5.4542e-17
270123.29 5.4936e-17
271920.25 5.4671e-17
273718.33 5.226e-17
275517.5 5.0029e-17
277317.76 5.1387e-17
279119.1 5.3516e-17
280921.54 5.4076e-17
282725.1 6.1852e-17
284529.74 4.9848e-17
286335.48 4.6443e-17
288142.3 4.3334e-17
289950.22 4.4451e-17
291759.25 4.5914e-17
293569.38 4.5364e-17
295380.59 4.2507e-17
297192.99 4.4352e-17
299006.5 4.466e-17
300820.98 4.4232e-17
302636.68 4.3089e-17
304453.46 3.952e-17
306271.46 4.2951e-17
308090.46 4.1614e-17
309910.64 3.8385e-17
311732.0 3.9186e-17
313554.38 3.9113e-17
315377.95 4.1123e-17
317202.67 4.1443e-17
319028.42 3.8696e-17
320855.39 4.1014e-17
322683.56 4.0856e-17
324512.77 4.1543e-17
326343.09 3.8089e-17
328174.66 3.7959e-17
330007.38 4.2426e-17
331841.19 4.1189e-17
333676.12 5.0918e-17
335512.23 5.6227e-17
337349.56 4.5097e-17
339188.04 3.8679e-17
341027.64 3.9281e-17
342868.36 3.2206e-17
344710.32 3.5368e-17
346553.44 5.0135e-17
348397.71 7.7701e-17
