102.0 6.301684771922051e-25
103.9 7.686495287131004e-25
106.08 9.731434113664672e-25
108.05 1.234510169885021e-24
110.06 1.9671308095762e-24
113.93 2.947189159279797e-24
117.93 4.1597354545659475e-24
120.95 1.1942272091262184e-23
124.92 1.685523821260257e-23
126.95 1.98192504028476e-23
128.12 2.157009049859932e-23
131.1 2.7030716717913244e-23
132.01 3.1079265097799054e-23
133.85 3.586608595474653e-23
136.97 4.696304944485039e-23
140.16 5.779418372254499e-23
143.09 9.859120651222321e-23
147.1 1.6237258845940066e-22
150.88 2.075062291528126e-22
155.1 2.6476217422885847e-22
159.08 3.353454980039162e-22
162.04 3.985379551365706e-22
165.81 4.965767311496419e-22
170.07 6.106806954473426e-22
172.83 7.12285346684043e-22
176.86 8.65647354036084e-22
180.14 9.966104664649371e-22
181.81 1.0955739254408256e-21
186.05 1.3135930781901439e-21
190.82 1.6242042877640418e-21
193.92 1.843765700312877e-21
197.98 2.169761438558169e-21
202.12 2.5419188699869152e-21
204.94 2.8447459715913286e-21
210.19 3.3308801373096384e-21
216.08 4.221449237102635e-21
220.1 4.843428828576266e-21
223.16 5.3235289098495196e-21
226.79 6.075971213101006e-21
229.94 9.720936240139216e-21
234.22 1.6502941751618386e-20
240.23 2.2991254912449312e-20
245.82 2.5020057697558625e-20
252.13 2.907444295079167e-20
256.81 2.6461052879881778e-20
259.79 3.247957512155072e-20
264.01 3.625769115563539e-20
268.92 3.923475570655864e-20
273.92 4.2365155349005815e-20
279.01 4.5436952224620974e-20
284.2 4.896210471135938e-20
290.15 5.114809793993087e-20
296.22 5.634544178491275e-20
301.04 5.742320264533578e-20
308.05 6.393693170836061e-20
318.14 7.353280247914642e-20
327.81 8.183003649725469e-20
337.77 8.985799686522387e-20
348.03 9.803580065610497e-20
356.96 1.0649840707957594e-19
366.12 1.159947008308767e-19
374.64 1.242008369461258e-19
385.14 1.3005239136852427e-19
395.02 1.4345029752878554e-19
405.15 1.5504150662827294e-19
413.64 1.6409960398890472e-19
422.3 1.7174081072827896e-19
430.15 1.7951803971257537e-19
441.18 1.9429018896790519e-19
451.46 2.0668248601271136e-19
459.85 2.16716222666871e-19
469.48 2.3083810519365983e-19
480.42 2.480854869973556e-19
490.48 2.6320840238707383e-19
499.6 2.8535150713643415e-19
506.55 4.592133870040902e-19
512.41 1.2615634466059646e-18
519.54 1.3111947004395356e-18
530.42 1.3832909860773465e-18
540.28 1.3660920077895256e-18
550.33 1.787241675853403e-18
560.56 2.1826858096971225e-18
569.66 2.4891944034861664e-18
580.26 2.4838104450685087e-18
589.68 2.9743689159761357e-18
600.65 3.0882247917293992e-18
610.41 3.657718071077531e-18
620.32 4.34323406007916e-18
630.4 4.737353710051512e-18
640.65 5.062307786733166e-18
649.56 5.705383096013789e-18
658.6 6.08592441701001e-18
664.69 6.6586356661207805e-18
675.49 7.17097297660042e-18
684.89 7.275137261998456e-18
694.42 9.01961528904954e-18
705.7 8.906171231718862e-18
715.52 1.0995954773555833e-17
725.47 1.1799672637852899e-17
735.56 1.263584723316154e-17
745.79 1.4171607563460893e-17
754.43 1.5316594123877925e-17
764.93 1.652591682300821e-17
775.57 1.8333973870682452e-17
784.55 2.0194988130635437e-17
795.46 2.170242828939691e-17
804.67 2.3208349640741164e-17
815.87 2.4837041199967486e-17
825.31 2.7503789969681578e-17
834.87 2.5454411649566646e-17
844.54 3.098896117378642e-17
854.32 3.309215614522063e-17
864.21 3.616690455781528e-17
874.22 3.926312849800013e-17
884.34 4.2926253284056e-17
894.58 4.6190296483685974e-17
904.94 4.8579174722116874e-17
915.42 7.086507985444443e-17
926.02 4.144705513962821e-16
934.59 8.958164538453124e-16
945.41 1.7881998209053814e-15
954.16 2.496010036920615e-15
965.2 3.137654970037572e-15
974.14 8.195197753596435e-16
985.42 3.5651410111278865e-15
994.53 3.60697733344476e-15
1006.05 4.485606408985977e-15
1015.36 4.055304464677528e-15
1024.75 1.6644909625878544e-15
1034.23 3.362001759487312e-15
1043.8 5.740831020541763e-15
1055.89 5.929633881180038e-15
1065.66 5.303195952879229e-15
1075.52 6.09689721626545e-15
1085.47 5.441706327136706e-15
1095.52 6.522790631491858e-15
1105.65 6.444404526186257e-15
1115.88 6.5313217142218805e-15
1126.21 6.206982764127563e-15
1134.02 7.162823192300005e-15
1144.51 6.8088968863793174e-15
1155.1 7.196640736506784e-15
1165.79 7.555350549771512e-15
1173.87 6.090284653941572e-15
1184.73 7.479507085398209e-15
1195.69 5.9727758432793555e-15
1203.98 4.7320683626124966e-15
1215.12 2.4316266206992824e-15
1226.36 5.364077582050704e-15
1234.86 7.692030031049402e-15
1246.29 8.634460316672527e-15
1254.93 8.739509480702873e-15
1263.63 8.065368149774362e-15
1275.32 9.644628436353868e-15
1284.16 1.0096254044904959e-14
1296.04 9.1725363633163e-15
1305.03 9.186021620374248e-15
1314.07 1.0535704297211142e-14
1326.23 1.0436807328403737e-14
1335.42 9.974480527511438e-15
1344.68 1.0993491654967351e-14
1354.0 1.0946999853711231e-14
1366.53 1.0488583237520485e-14
1376.0 1.0856703926132295e-14
1385.54 1.113289402298209e-14
1395.14 1.0290810632315321e-14
1404.82 1.0671472044730698e-14
1414.55 1.1090021298068207e-14
1424.36 1.1209568288014425e-14
1434.23 1.1302641472889685e-14
1440.85 1.1763561374851251e-14
1447.5 1.1909191307743975e-14
1454.18 1.183578882149154e-14
1464.26 1.1471683433267612e-14
1474.41 1.150822744101638e-14
1484.63 1.1650506617653289e-14
1494.92 1.1847793442695056e-14
1505.29 1.1638119734374004e-14
1512.23 1.099065981107732e-14
1515.72 1.1457549299404882e-14
1526.23 1.1330680908619455e-14
1533.27 1.0528081918670213e-14
1543.9 1.1128854712264498e-14
1554.6 1.0777574454519178e-14
1565.38 1.1004328444612963e-14
1576.23 1.1629647420322962e-14
1583.5 1.1955184651423969e-14
1594.48 1.2317335400131732e-14
1605.53 1.2007324326633268e-14
1616.66 1.208790070188506e-14
1624.12 1.1783426570959332e-14
1635.38 1.230660467642442e-14
1646.72 1.2444561774928491e-14
1654.32 1.1881237330857882e-14
1665.79 1.2783963301123981e-14
1673.48 1.1981889390271283e-14
1677.33 1.2836726062749524e-14
1685.08 1.3161362480512701e-14
1696.76 1.2766153229448383e-14
1704.59 1.2499371145704012e-14
1716.4 1.2291887836496033e-14
1724.33 1.2258341241626455e-14
1736.28 1.2856813375897621e-14
1744.29 1.2645408627653775e-14
1756.38 1.3231705095124095e-14
1764.49 1.2485365101848273e-14
1776.72 1.2943864204937041e-14
1784.92 1.308672457999001e-14
1793.16 1.353932746693677e-14
1805.59 1.3559433081006232e-14
1813.92 1.3121923188461304e-14
1826.5 1.3262485280525502e-14
1834.93 1.3072778296521743e-14
1843.4 1.241986834331859e-14
1856.18 1.2552409824867812e-14
1864.74 1.2807267884388712e-14
1873.35 1.3371915227499939e-14
1886.34 1.2787640965028154e-14
1895.04 1.2459892499091901e-14
1903.79 1.300895263542587e-14
1916.99 1.2788812186093286e-14
1925.84 1.2663517668029188e-14
1934.73 1.2950150124582844e-14
1943.65 1.3458196410474178e-14
1957.13 1.2899286044960075e-14
1966.16 1.3591860350630014e-14
1975.24 1.3899469832133525e-14
1984.35 1.3449508325642073e-14
1993.51 1.3225816598103138e-14
2002.71 1.3462768453019873e-14
2016.6 1.335685742553013e-14
2025.91 1.3721906673500455e-14
2035.26 1.3400730546567519e-14
2044.65 1.3640805849975571e-14
2054.09 1.310846300685437e-14
2063.57 1.3374024278135108e-14
2073.1 1.4027133609289184e-14
2077.87 1.3671863276606973e-14
2082.66 1.3921344660195606e-14
2097.1 1.352846273934699e-14
2106.78 1.3739205370766621e-14
2116.5 1.3825215096726752e-14
2126.27 1.4040713608048191e-14
2136.09 1.352376094529567e-14
2145.95 1.373451479037629e-14
2155.85 1.4012927593966689e-14
2165.8 1.3748153669088578e-14
2175.8 1.3739078771254136e-14
2185.84 1.369856982918543e-14
2195.93 1.4138149752509113e-14
2206.07 1.3903102380748349e-14
2216.25 1.3577947897112577e-14
2226.48 1.3383130087018456e-14
2236.76 1.397253516303462e-14
2247.08 1.3645835252541274e-14
2257.46 1.3419083393344525e-14
2262.66 1.3539095308217151e-14
2273.1 1.381375656574608e-14
2283.6 1.4029389152116862e-14
2294.14 1.3577544624392077e-14
2304.73 1.3697126965184451e-14
2315.36 1.3472156952991417e-14
2326.05 1.191910818894914e-14
2336.79 1.3184498300543112e-14
2347.57 1.2819718412325987e-14
2352.99 1.3420952903672293e-14
2363.85 1.2870649687247845e-14
2374.76 1.316515414525768e-14
2385.72 1.2596311623484122e-14
2396.73 1.309382313513387e-14
2402.26 1.282256600287362e-14
2413.34 1.2965774402938759e-14
2424.48 1.3416067241696448e-14
2435.67 1.3105710319675595e-14
2446.92 1.3529823132855494e-14
2452.56 1.343392463550362e-14
2463.88 1.3367093977771309e-14
2475.25 1.3148375446600636e-14
2486.68 1.341860545604188e-14
2492.41 1.2871543135955456e-14
2503.91 1.3786828166302447e-14
2515.47 1.3040912175877382e-14
2527.08 1.2916660677437354e-14
2532.91 1.2944049338966193e-14
2544.6 1.2939437257671142e-14
2556.34 1.3482282425080115e-14
2562.24 1.3325493589518519e-14
2574.06 1.3789032313318565e-14
2585.94 1.3784440946524248e-14
2597.88 1.3716260624782028e-14
2603.87 1.3432822549295374e-14
2615.89 1.3366513864278138e-14
2627.96 1.370484483157758e-14
2634.02 1.389343509977139e-14
2646.18 1.4677855762645977e-14
2652.28 1.4811482679708062e-14
2664.52 1.4205612911794983e-14
2676.82 1.453170843625786e-14
2682.99 1.463019680311679e-14
2695.38 1.4227016819701852e-14
2707.82 1.4453772966838433e-14
2714.06 1.4025468918950554e-14
2726.59 1.3988908757533655e-14
2732.87 1.4411900173011617e-14
2745.49 1.3415118633690307e-14
2758.16 1.3629088454135492e-14
2764.52 1.397662982225171e-14
2777.28 1.436392426224881e-14
2783.68 1.3970471786904328e-14
2796.53 1.2277064952034645e-14
2802.98 1.2883445278711215e-14
2815.91 1.4418180430572402e-14
2822.4 1.4684171555294827e-14
2835.43 1.4445240707638256e-14
2841.97 1.4179835940139484e-14
2855.09 1.3917206040375503e-14
2868.26 1.467018422592915e-14
2874.88 1.4735918319224766e-14
2888.15 1.4799962426772647e-14
2894.8 1.479799305121286e-14
2908.17 1.549138889189835e-14
2928.33 1.520293930735515e-14
2948.62 1.509243258068898e-14
2969.06 1.526166277933968e-14
2989.64 1.532640206512288e-14
3010.37 1.5498132542608e-14
3031.23 1.5564011078298392e-14
3052.24 1.5666465575976967e-14
3073.4 1.5660935954818356e-14
3087.59 1.5729569971521293e-14
3108.99 1.579659991214724e-14
3130.54 1.5682633833405588e-14
3152.24 1.5749620960329332e-14
3166.79 1.5855352634294344e-14
3188.74 1.5489250126222833e-14
3210.84 1.5881332970532906e-14
3233.1 1.555026257133749e-14
3248.02 1.616753518853838e-14
3270.54 1.6577065810442838e-14
3293.21 1.6571574112601936e-14
3308.41 1.652993013676853e-14
3323.68 1.6526518626938564e-14
3331.34 1.6600876611671386e-14
3339.02 1.574306096716876e-14
3346.72 1.659731323399864e-14
3354.43 1.599539181852626e-14
3362.17 1.577428865536336e-14
3369.92 1.5520366170116535e-14
3377.68 1.534101228243928e-14
3385.47 1.6285776444450696e-14
3393.28 1.670183027009038e-14
3401.1 1.7089017547858812e-14
3408.94 1.6057020603660403e-14
3416.8 1.6543162648530795e-14
3424.67 1.732092870144653e-14
3432.57 1.7519955225190698e-14
3440.48 1.7158689358249204e-14
3448.41 1.6159780263709693e-14
3456.36 1.6083940756861394e-14
3464.33 1.597157368251344e-14
3472.32 1.6838280737275872e-14
3480.32 1.6265020231748853e-14
3488.34 1.6641797842232126e-14
3496.38 1.6678376283733707e-14
3504.44 1.6753838426873715e-14
3512.52 1.6636754355483872e-14
3520.62 1.7179866916789492e-14
3528.74 1.6329392801863176e-14
3536.87 1.7097166293671142e-14
3545.02 1.7655530030736284e-14
3553.2 1.7817030186339897e-14
3561.39 1.7530158149244224e-14
3569.6 1.662412083138425e-14
3577.83 1.6432110954852e-14
3586.07 1.569064458736316e-14
3594.34 1.6618483651458187e-14
3602.63 1.772353353030481e-14
3607.45 1.9780888628662784e-14
3610.18 1.6523378405618008e-14
3612.92 1.4456386806338204e-14
3615.65 1.820914856771691e-14
3618.39 1.8493228868487643e-14
3621.12 1.8302529474575966e-14
3623.86 1.775579161945362e-14
3626.59 1.8678167876143408e-14
3629.33 1.7449289476981347e-14
3632.06 1.8232275553270047e-14
3634.8 1.7219713287552923e-14
3637.53 1.5712872702793874e-14
3640.27 1.7604084209931884e-14
3643.0 1.8900614616559945e-14
3645.74 1.818330625032093e-14
3648.47 1.7959494284673928e-14
3651.21 1.805065115455489e-14
3653.94 1.849285846351295e-14
3656.68 1.8211555059591067e-14
3659.41 2.0057206661570707e-14
3662.15 1.7676890335518114e-14
3664.88 1.7533525070314806e-14
3667.62 1.8559220830675257e-14
3670.35 1.9165517725137044e-14
3673.09 1.8883426545647177e-14
3675.82 1.985615535850442e-14
3678.56 1.7218897357447793e-14
3681.29 1.6373689996617565e-14
3684.03 1.698629860992521e-14
3686.76 1.8203531863216702e-14
3689.5 1.919195524891303e-14
3692.23 1.8056049747399012e-14
3694.97 1.7194884917901597e-14
3697.7 1.7403894461770816e-14
3700.44 1.895637482813768e-14
3703.17 1.930036337355053e-14
3705.91 1.8525422642411057e-14
3708.64 1.9377482543394794e-14
3711.38 1.7421975439478125e-14
3714.11 1.7867098698649365e-14
3716.85 1.8567814418757786e-14
3719.58 1.9621162126023945e-14
3722.32 2.2506149724084383e-14
3725.05 3.1581190407678794e-14
3727.79 5.1460921570051e-14
3730.52 8.227516516723457e-14
3733.26 9.184367781518951e-14
3735.99 7.183936142622662e-14
3738.73 4.2896773708111095e-14
3741.46 2.5806246010696436e-14
3744.2 2.2191529428758376e-14
3746.93 2.2173004426208134e-14
3749.67 2.0266949854557496e-14
3752.4 1.8429751068178677e-14
3755.14 1.8658080873598606e-14
3757.87 1.9770822122155683e-14
3760.61 2.196596508447994e-14
3763.34 2.1618401400224795e-14
3766.08 2.2596126978154005e-14
3768.81 2.2764072700147496e-14
3771.55 2.109658513335668e-14
3774.28 2.135117828832204e-14
3777.02 2.1855708898369886e-14
3779.75 2.2763329590549042e-14
3782.49 2.4152402558635362e-14
3785.22 2.6799765152359656e-14
3787.96 2.818128043570917e-14
3790.69 2.649136655947213e-14
3793.43 2.5428829517353045e-14
3796.16 2.307878676455737e-14
3798.9 2.1382357843547843e-14
3801.63 1.9729972435753817e-14
3804.37 2.1771998154955858e-14
3807.1 2.2382582473496085e-14
3809.84 2.462591411348552e-14
3812.57 2.6644961853443534e-14
3815.31 2.906473929557041e-14
3818.04 2.769443867982261e-14
3820.78 2.818742017715446e-14
3823.51 2.6948323664171787e-14
3826.25 2.5033886828139633e-14
3828.98 2.5165757558888194e-14
3831.72 2.3725033991767146e-14
3834.45 2.154268156389123e-14
3837.19 2.112008672492253e-14
3839.92 1.9990181617694646e-14
3842.66 2.0506431388218714e-14
3845.39 2.339290655395418e-14
3848.13 2.6676402240587307e-14
3850.86 2.7256932443205447e-14
3853.6 2.7851002730651003e-14
3856.33 2.9493817324894424e-14
3859.07 2.8819553736114575e-14
3861.8 2.99182393137437e-14
3864.54 3.009206996779741e-14
3867.27 3.188409167673309e-14
3870.01 3.1717761458884e-14
3872.74 3.2614551324744696e-14
3875.48 3.2507607239480646e-14
3878.21 3.0147814780130555e-14
3880.95 2.8875893185466134e-14
3883.68 2.6324360294099115e-14
3886.42 2.478996050789388e-14
3889.15 2.3435650005962277e-14
3891.89 2.534939066901374e-14
3894.62 2.555596291311971e-14
3897.36 2.467910157434657e-14
3900.09 2.4943562835789475e-14
3902.83 2.6478959119940702e-14
3905.56 2.8009706859718226e-14
3908.3 2.8671894004568274e-14
3911.03 2.897928030234229e-14
3913.77 3.033202468185727e-14
3916.5 3.064183837116141e-14
3919.24 3.063838747932771e-14
3921.97 3.045429220151537e-14
3924.71 3.077375511640934e-14
3927.44 3.035601854820054e-14
3930.18 2.9112492893334685e-14
3932.91 2.7022744553603306e-14
3935.65 2.5302791363721403e-14
3938.38 2.581266959615026e-14
3941.12 2.7602939779112713e-14
3943.85 2.845846515806183e-14
3946.59 2.8930974609513105e-14
3949.32 2.8798103053785876e-14
3952.06 2.975640782129071e-14
3954.79 3.006924991566809e-14
3957.53 2.978788882017721e-14
3960.26 2.8379729199065086e-14
3963.0 2.6970988545907593e-14
3965.73 2.4246405902450332e-14
3968.47 2.2197640652861198e-14
3971.2 2.18689364981783e-14
3973.94 2.175021695893997e-14
3976.67 2.3474901883929222e-14
3979.41 2.3717596572921967e-14
3982.14 2.6545200821629377e-14
3984.88 2.8399054220258163e-14
3987.61 2.9514951378733475e-14
3990.35 3.015548471349637e-14
3993.08 3.077948991538385e-14
3995.82 3.188600393072826e-14
3998.55 3.157559048413021e-14
4001.28 3.249380354253238e-14
4004.02 3.3233339558779985e-14
4006.75 3.289371565109836e-14
4009.49 3.2688940870188254e-14
4012.22 3.232867642619173e-14
4014.96 3.287149577597405e-14
4017.69 3.401778254177636e-14
4020.43 3.382596849728432e-14
4023.16 3.314332158350706e-14
4025.9 3.3977643420930555e-14
4028.63 3.4303322365356414e-14
4031.37 3.4404973232388147e-14
4034.1 3.496543441936644e-14
4036.84 3.4463585544724854e-14
4039.57 3.383603233230649e-14
4042.31 3.410627757481818e-14
4045.04 3.4393773294576895e-14
4047.78 3.44656566012413e-14
4050.51 3.393140508815129e-14
4053.25 3.5464146711557294e-14
4055.98 3.5459427970427955e-14
4058.72 3.406396779629014e-14
4061.45 3.3702378923845696e-14
4064.19 3.3704037027629654e-14
4066.92 3.370187635749215e-14
4069.66 3.4137146200882555e-14
4072.39 3.4325510168437907e-14
4075.13 3.422717506356145e-14
4077.86 3.250202984197643e-14
4080.6 3.286885211435261e-14
4083.33 3.2185434683275604e-14
4086.07 3.182363887134549e-14
4088.8 3.195582910097842e-14
4091.54 3.073436164822453e-14
4094.27 2.9979514763470945e-14
4097.01 2.891005496198183e-14
4099.74 2.737919682712483e-14
4102.48 2.8478521231578074e-14
4105.21 2.877973954349458e-14
4107.95 2.7722379980948676e-14
4110.68 2.761903019590812e-14
4113.42 2.7656122293340297e-14
4116.15 2.9031949961773125e-14
4118.89 3.050871993446972e-14
4121.62 3.083874570832351e-14
4124.36 3.078241751707111e-14
4127.09 3.193780355724247e-14
4129.83 3.217156510304108e-14
4132.56 3.198146250808274e-14
4135.3 3.252386687532288e-14
4138.03 3.3052827063105715e-14
4140.77 3.355296233013062e-14
4143.5 3.2996325916844774e-14
4146.24 3.2804197403927225e-14
4148.97 3.299296683707245e-14
4151.71 3.3197147150335383e-14
4154.44 3.2958796058253025e-14
4157.18 3.2519609794040153e-14
4159.91 3.2713098588942945e-14
4162.65 3.23138392472878e-14
4165.38 3.284887969021675e-14
4168.12 3.281482976273218e-14
4170.85 3.2445222750812445e-14
4173.59 3.2574093116214997e-14
4176.32 3.1316769844907984e-14
4179.06 3.2354038088106386e-14
4181.79 3.14770364766911e-14
4184.53 3.2549468714321267e-14
4187.26 3.2184781112243395e-14
4190.0 3.3450454285005284e-14
4192.73 3.327262513522892e-14
4195.47 3.382167289446718e-14
4198.2 3.309917166001535e-14
4200.94 3.272260415624637e-14
4203.67 3.239606026674923e-14
4206.41 3.2584858629992676e-14
4209.14 3.303712388772586e-14
4211.88 3.326518459108851e-14
4214.61 3.3563636035052895e-14
4217.35 3.38029502840142e-14
4220.08 3.3751989364692135e-14
4222.82 3.4133857477085836e-14
4225.55 3.175677345494473e-14
4228.29 3.248810081751906e-14
4231.02 3.2455054076102114e-14
4233.76 3.222513893218506e-14
4236.49 3.290462061845817e-14
4239.23 3.261216671777271e-14
4241.96 3.285301609775595e-14
4244.7 3.274588575778654e-14
4247.43 3.248709637596058e-14
4250.17 3.372792053629461e-14
4252.9 3.3017970285684986e-14
4255.64 3.217143773938977e-14
4258.37 3.351546487523416e-14
4261.11 3.32989416986657e-14
4263.84 3.437136527965788e-14
4266.58 3.3852501869432476e-14
4269.31 3.388635196263013e-14
4272.05 3.327922968649917e-14
4274.78 3.295688766554024e-14
4277.52 3.2985625802351644e-14
4280.25 3.3638140336627834e-14
4282.99 3.3424024593152636e-14
4285.72 3.3869535665806285e-14
4288.46 3.2606541250795616e-14
4291.19 3.2770620736362815e-14
4293.93 3.302072180111242e-14
4296.66 3.218231638485655e-14
4299.4 3.1344592227275657e-14
4302.13 3.114104292279184e-14
4304.87 2.994102146029042e-14
4307.6 3.074891098047268e-14
4310.34 3.0174540115348014e-14
4313.07 3.06815534230775e-14
4315.81 3.1105725476759535e-14
4318.54 3.1506368547486117e-14
4321.28 3.204787409486693e-14
4324.01 3.146932729686772e-14
4326.75 3.054983529737223e-14
4329.48 3.021135670028306e-14
4332.22 2.898556342544746e-14
4334.95 2.80835396838006e-14
4337.69 2.916852031993734e-14
4340.42 3.2236539593856006e-14
4343.16 3.533589019213456e-14
4345.89 3.4265811345836e-14
4348.63 3.128042210437073e-14
4351.36 2.842268709540819e-14
4354.1 2.915287029290265e-14
4356.83 3.0031460653494994e-14
4359.57 3.0614693101624194e-14
4362.3 3.1577601033566996e-14
4365.04 3.19850459019538e-14
4367.77 3.275377980768935e-14
4370.51 3.2112912986839964e-14
4373.24 3.2371412277888e-14
4375.98 3.1901642687258495e-14
4378.71 3.16577500966726e-14
4381.44 3.169254278930893e-14
4384.18 3.183223058788164e-14
4386.91 3.069561423822954e-14
4389.65 3.142749125851055e-14
4392.38 3.185942382659068e-14
4395.12 3.1769429428416734e-14
4397.85 3.15908760605092e-14
4400.59 3.203792141861526e-14
4403.32 3.251086368668531e-14
4406.06 3.26203026896771e-14
4408.79 3.265237553280797e-14
4411.53 3.299786449357284e-14
4414.26 3.324179307750942e-14
4417.0 3.349960758592829e-14
4419.73 3.299839370414614e-14
4422.47 3.278709553814621e-14
4425.2 3.3583240487894236e-14
4427.94 3.353936262767659e-14
4430.67 3.340520542044409e-14
4433.41 3.379406315391645e-14
4436.14 3.3862790960861414e-14
4438.88 3.308373337182349e-14
4441.61 3.297144336182609e-14
4444.35 3.308563455541108e-14
4447.08 3.3744448705555216e-14
4449.82 3.408189684482823e-14
4452.55 3.4350811447098397e-14
4455.29 3.381697385510028e-14
4458.02 3.264009341506312e-14
4460.76 3.2885700466643825e-14
4463.49 3.377091793999278e-14
4466.23 3.3243227209259755e-14
4468.96 3.350595164629966e-14
4471.7 3.41534184105085e-14
4474.43 3.396151496486866e-14
4477.17 3.446392159734983e-14
4479.9 3.409721431023977e-14
4482.64 3.334696134664063e-14
4485.37 3.282782734019927e-14
4488.11 3.3200163643325455e-14
4490.84 3.3555779270674276e-14
4493.58 3.368229578943543e-14
4496.31 3.37934400868142e-14
4499.05 3.393356056867706e-14
4501.78 3.41411553951709e-14
4504.52 3.4512759007766144e-14
4507.25 3.430370810125028e-14
4509.99 3.427467462850614e-14
4512.72 3.441888959462831e-14
4515.46 3.426157982095997e-14
4518.19 3.4074281372666095e-14
4520.93 3.38929451764775e-14
4523.66 3.378066214148195e-14
4526.4 3.2789447447536036e-14
4529.13 3.306261500806661e-14
4531.87 3.2507805823317525e-14
4534.6 3.284889997292462e-14
4537.34 3.326847367188424e-14
4540.07 3.309403122340179e-14
4542.81 3.352434786319965e-14
4545.54 3.341573910957015e-14
4548.28 3.3144414306434425e-14
4551.01 3.288502546588123e-14
4553.75 3.309334019126279e-14
4556.48 3.3123297810799614e-14
4559.22 3.366360431130422e-14
4561.95 3.372957189111471e-14
4564.69 3.3416761059646607e-14
4567.42 3.3664764725800134e-14
4570.16 3.414383168740729e-14
4572.89 3.391623073442331e-14
4575.63 3.407468337678577e-14
4578.36 3.3772615559512774e-14
4581.1 3.44455251630159e-14
4583.83 3.4300830685107166e-14
4586.57 3.474688440100121e-14
4589.3 3.4144751809772475e-14
4592.04 3.406080990838368e-14
4594.77 3.4371334289957844e-14
4597.51 3.3407578103089334e-14
4600.24 3.3579057541724125e-14
4602.98 3.453459197271253e-14
4605.71 3.402770227694286e-14
4608.45 3.448145328608591e-14
4611.18 3.4546378777092196e-14
4613.92 3.5207315262294036e-14
4616.65 3.510417735765079e-14
4619.39 3.422722794506489e-14
4622.12 3.5066619522756096e-14
4624.86 3.575896786116072e-14
4627.59 3.4390760480016435e-14
4630.33 3.4328085408831236e-14
4633.06 3.463853960205897e-14
4635.8 3.489646826306011e-14
4638.53 3.4633043762905256e-14
4641.27 3.475490151923783e-14
4644.0 3.4449403929196964e-14
4646.74 3.435932275376504e-14
4649.47 3.4318318998361655e-14
4652.21 3.3598734165884805e-14
4654.94 3.3186268703172055e-14
4657.68 3.3870688707182595e-14
4660.41 3.411616662680552e-14
4663.15 3.427908128068905e-14
4665.88 3.4002939617002144e-14
4668.62 3.426182787390958e-14
4671.35 3.330694572785434e-14
4674.09 3.368854068155076e-14
4676.82 3.4037293446742786e-14
4679.56 3.3720438919376324e-14
4682.29 3.385579977249229e-14
4685.03 3.443450316367306e-14
4687.76 3.483423546018884e-14
4690.5 3.4815604389674744e-14
4693.23 3.473208570972485e-14
4695.97 3.469187756967048e-14
4698.7 3.4678496626713395e-14
4701.44 3.436264837652774e-14
4704.17 3.320760927814075e-14
4706.91 3.320950585716175e-14
4709.64 3.3333259055716705e-14
4712.38 3.352513388421422e-14
4715.11 3.351650872041074e-14
4717.85 3.282467424796434e-14
4720.58 3.328151984649779e-14
4723.32 3.39054891296543e-14
4726.05 3.496794502322381e-14
4728.79 3.36632149187202e-14
4731.52 3.356217190518563e-14
4734.26 3.298306074434491e-14
4736.99 3.286289569121922e-14
4739.73 3.29445608056497e-14
4742.46 3.3045323812694663e-14
4745.2 3.424675162769056e-14
4747.93 3.451131886256558e-14
4750.67 3.4431509182288714e-14
4753.4 3.428648539097745e-14
4756.14 3.3771258624008563e-14
4758.87 3.477913974803234e-14
4761.61 3.428320077329592e-14
4764.34 3.4082787542900476e-14
4767.08 3.327272145383406e-14
4769.81 3.362850575499758e-14
4772.55 3.4796977674063716e-14
4775.28 3.452676908274119e-14
4778.02 3.4619326135253645e-14
4780.75 3.449955009720647e-14
4783.48 3.374017715992293e-14
4786.22 3.426521303320033e-14
4788.95 3.406031983664491e-14
4791.69 3.404789744459003e-14
4794.42 3.4693624684983284e-14
4797.16 3.494795865516612e-14
4799.89 3.484365557855458e-14
4802.63 3.479204491867696e-14
4805.36 3.415332551107313e-14
4808.1 3.342818263389699e-14
4810.83 3.3581000666721436e-14
4813.57 3.506216977004176e-14
4816.3 3.424774897944118e-14
4819.04 3.42816048315174e-14
4821.77 3.378012250414763e-14
4824.51 3.380987446703949e-14
4827.24 3.35566036677135e-14
4829.98 3.3796521547242624e-14
4832.71 3.3484335350927994e-14
4835.45 3.353549059162544e-14
4838.18 3.2460791508849215e-14
4840.92 3.221876840287438e-14
4843.65 3.219456417984019e-14
4846.39 3.176417678735177e-14
4849.12 3.112060795894046e-14
4851.86 3.062223360341473e-14
4854.59 2.9949796808062524e-14
4857.33 3.114401114968055e-14
4860.06 3.8317854591743525e-14
4862.8 5.148069384016499e-14
4865.53 5.83719651828856e-14
4868.27 5.084342231447746e-14
4871.0 3.8556041839545333e-14
4873.74 3.032869305810659e-14
4876.47 2.948537237428129e-14
4879.21 2.9212735829363115e-14
4881.94 3.009491867666252e-14
4884.68 3.0245055235560364e-14
4887.41 3.0108059176322365e-14
4890.15 3.0230879184562333e-14
4892.88 3.1171726422199025e-14
4895.62 3.092384986974784e-14
4898.35 3.196350919339006e-14
4901.09 3.2070772869044333e-14
4903.82 3.257079273987783e-14
4906.56 3.2581481957101255e-14
4909.29 3.312496537671716e-14
4912.03 3.207623082503218e-14
4914.76 3.252158269116818e-14
4917.5 3.274475842878592e-14
4920.23 3.179843326456666e-14
4922.97 3.14803557211763e-14
4925.7 3.224371363250708e-14
4928.44 3.202936085934109e-14
4931.17 3.28238827698235e-14
4933.91 3.255649577104843e-14
4936.64 3.246561882997319e-14
4939.38 3.227329085963976e-14
4942.11 3.177285064227814e-14
4944.85 3.2443375612582297e-14
4947.58 3.3257304053710915e-14
4950.32 3.329360009094735e-14
4953.05 3.4184297779731414e-14
4955.79 3.5217583112577936e-14
4958.52 3.981529458134446e-14
4961.26 4.674570510716143e-14
4963.99 4.8895866224133134e-14
4966.73 4.344154182583441e-14
4969.46 3.8812475628561e-14
4972.2 3.4718623662729624e-14
4974.93 3.3117684718335916e-14
4977.67 3.2792080339992445e-14
4980.4 3.275030265048632e-14
4983.14 3.2236717006424295e-14
4985.87 3.2478623365799206e-14
4988.61 3.229236706410545e-14
4991.34 3.207354915475153e-14
4994.08 3.2305964364530565e-14
4996.81 3.286957158347679e-14
4999.55 3.319252518689565e-14
5002.28 3.4911185973714916e-14
5005.02 4.3226373656880537e-14
5007.75 6.193437208072731e-14
5010.49 7.730393626671037e-14
5013.22 7.239264125121682e-14
5015.96 5.327742029425332e-14
5018.69 3.852328696983007e-14
5021.43 3.3018027172435934e-14
5024.16 3.1391414596779564e-14
5026.9 3.138229024911017e-14
5029.63 3.1366851883718686e-14
5032.37 3.2172530395409987e-14
5035.1 3.188535951463933e-14
5037.84 3.233234778607242e-14
5040.57 3.1665107185320507e-14
5043.31 3.178548112847475e-14
5046.04 3.1586017024544e-14
5048.78 3.24313874799941e-14
5051.51 3.2578093619846366e-14
5054.25 3.227001082132761e-14
5056.98 3.2104800966019826e-14
5059.72 3.2416776641210134e-14
5062.45 3.314464988568847e-14
5065.19 3.237282567220144e-14
5067.92 3.2657433056639145e-14
5070.66 3.20075767038448e-14
5073.39 3.190947043959278e-14
5076.13 3.211658609595716e-14
5078.86 3.2110030197882775e-14
5081.6 3.1836153937347636e-14
5084.33 3.119246051773774e-14
5087.07 3.233812723067425e-14
5089.8 3.227220065756606e-14
5092.54 3.273018627357599e-14
5095.27 3.276881233599346e-14
5098.01 3.3004380677833666e-14
5100.74 3.203985278085433e-14
5103.48 3.110517750838685e-14
5106.21 3.1641561494873115e-14
5108.95 3.2529106568643484e-14
5111.68 3.187144063140354e-14
5114.42 3.1986079754891107e-14
5117.15 3.21161155437159e-14
5119.89 3.2676683818887864e-14
5122.62 3.1905251506424805e-14
5125.36 3.225397026528163e-14
5128.09 3.1657288673474016e-14
5130.83 3.124489435571419e-14
5133.56 3.1299188320473806e-14
5136.3 3.197543983847324e-14
5139.03 3.183235656847509e-14
5141.77 3.153584814093515e-14
5144.5 3.1376534251653186e-14
5147.24 3.135877909713933e-14
5149.97 3.120058214819516e-14
5152.71 3.1603514427915563e-14
5155.44 3.1725764165556484e-14
5158.18 3.192774854392633e-14
5160.91 3.152056065157395e-14
5163.65 3.168435970774613e-14
5166.38 3.129490196477525e-14
5169.12 3.064362118966033e-14
5171.85 2.948440343845993e-14
5174.59 2.915004574412383e-14
5177.32 2.986687941380809e-14
5180.06 2.999652286849243e-14
5182.79 3.077731162337132e-14
5185.52 3.0481198088312485e-14
5188.26 2.950807734168905e-14
5190.99 3.037556211716417e-14
5193.73 3.1572210667516526e-14
5196.46 3.1789255170364273e-14
5199.2 3.1930530337584904e-14
5201.93 3.222161106877318e-14
5204.67 3.25303832676484e-14
5207.4 3.212616979632993e-14
5210.14 3.0990737647221134e-14
5212.87 3.0862112388436327e-14
5215.61 3.1178569674164504e-14
5218.34 3.098101619321022e-14
5221.08 3.152650067468775e-14
5223.81 3.2111440912098095e-14
5226.55 3.174991947074227e-14
5229.28 3.1102431300997634e-14
5232.02 3.1303299368677453e-14
5234.75 3.1299446103189086e-14
5237.49 3.174505133457065e-14
5240.22 3.1505484995015486e-14
5242.96 3.231791185946504e-14
5245.69 3.16850680640865e-14
5248.43 3.16292174401498e-14
5251.16 3.2067929164340076e-14
5253.9 3.2160810772567455e-14
5256.63 3.225139622710255e-14
5259.37 3.1829238294804944e-14
5262.1 3.181942766538841e-14
5264.84 3.1336589922940063e-14
5267.57 3.0565079462990826e-14
5270.31 3.0408947145856456e-14
5273.04 2.989843139524209e-14
5275.78 3.0523261435165386e-14
5278.51 3.1537329112365655e-14
5281.25 3.130015736758176e-14
5283.98 3.122736314451697e-14
5286.72 3.1379562181453424e-14
5289.45 3.242624950028992e-14
5292.19 3.2708596723396305e-14
5294.92 3.268358819235571e-14
5297.66 3.217945401003849e-14
5300.39 3.170180334664535e-14
5303.13 3.205867544643062e-14
5305.86 3.23818117212547e-14
5308.6 3.2975705740522726e-14
5311.33 3.255574357668123e-14
5314.07 3.277978957755027e-14
5316.8 3.273549434833242e-14
5319.54 3.2691662791136007e-14
5322.27 3.305961708433633e-14
5325.01 3.213387398132201e-14
5327.74 3.109292793899001e-14
5330.48 3.095160903324876e-14
5333.21 3.0796096042695684e-14
5335.95 3.1536536300530777e-14
5338.68 3.1742104221372203e-14
5341.42 3.1672335795229034e-14
5344.15 3.155190426551101e-14
5346.89 3.177599382234678e-14
5349.62 3.230839862313568e-14
5352.36 3.201377400406572e-14
5355.09 3.2036198463294183e-14
5357.83 3.227955182195848e-14
5360.56 3.3046606999985624e-14
5363.3 3.284373272991739e-14
5366.03 3.265236725203065e-14
5368.77 3.160880900629531e-14
5371.5 3.1553030233143864e-14
5374.24 3.175109303333365e-14
5376.97 3.1364682618554054e-14
5379.71 3.1493639650237213e-14
5382.44 3.2026006954302786e-14
5385.18 3.287620101344785e-14
5387.91 3.194831885987766e-14
5390.65 3.1504629617796346e-14
5393.38 3.182518869174201e-14
5396.12 3.1634796632621817e-14
5398.85 3.1218661522730197e-14
5401.59 3.158528173542432e-14
5404.32 3.160318333357811e-14
5407.06 3.1743952269212094e-14
5409.79 3.153412127604083e-14
5412.53 3.0748795523083977e-14
5415.26 3.129415333396197e-14
5418.0 3.159914923402308e-14
5420.73 3.1549800050041606e-14
5423.47 3.142467898950238e-14
5426.2 3.131171400072666e-14
5428.94 3.116788634932145e-14
5431.67 3.176299931850277e-14
5434.41 3.111409484508128e-14
5437.14 3.154688939988115e-14
5439.88 3.151394095858405e-14
5442.61 3.216564526475895e-14
5445.35 3.2476820897707304e-14
5448.08 3.1997871355651654e-14
5450.82 3.160272225127534e-14
5453.55 3.125475955711455e-14
5456.29 3.1521285412002326e-14
5459.02 3.191886027833012e-14
5461.76 3.139537844918019e-14
5464.49 3.1371606627889986e-14
5467.23 3.113673329453089e-14
5469.96 3.1642475594894796e-14
5472.7 3.19578770062042e-14
5475.43 3.204635779988461e-14
5478.17 3.151968735458241e-14
5480.9 3.1296707964993763e-14
5483.64 3.122453319552465e-14
5486.37 3.107100381522752e-14
5489.11 3.111386900942833e-14
5491.84 3.161822310132522e-14
5494.58 3.189048380219952e-14
5497.31 3.17397910929987e-14
5500.05 3.15569308917792e-14
5502.78 3.11559206152617e-14
5505.52 3.1324866606013235e-14
5508.25 3.133185587379252e-14
5510.99 3.1284211051837993e-14
5513.72 3.101434320394594e-14
5516.46 3.1682586786927305e-14
5519.19 3.1560996983573925e-14
5521.93 3.129284597789348e-14
5524.66 3.160343837321018e-14
5527.4 3.067699575815199e-14
5530.13 3.244800290345824e-14
5532.87 3.065665777241842e-14
5535.6 3.0362975023634554e-14
5538.34 3.082929454841404e-14
5541.07 3.112349582582508e-14
5543.81 3.167380252416713e-14
5546.54 3.1865384144578336e-14
5549.28 3.225002326494791e-14
5552.01 3.215300419747623e-14
5554.75 3.255346805149516e-14
5557.48 3.120178804771547e-14
5560.22 3.145824959897366e-14
5562.95 3.206463542185706e-14
5565.69 3.173051000386268e-14
5568.42 3.063310528843587e-14
5571.16 3.1752103939021724e-14
5573.89 3.1412062993592244e-14
5576.63 3.1560207119593106e-14
5579.36 3.146241078872462e-14
5582.1 3.1589831209405203e-14
5584.83 3.1756061373555317e-14
5587.56 3.230346173831586e-14
5590.3 3.092590222766625e-14
5593.03 3.061655716866201e-14
5595.77 3.145779939007368e-14
5598.5 3.107022146371908e-14
5601.24 3.096604598554094e-14
5603.97 3.1511895105241355e-14
5606.71 3.1164730164336145e-14
5609.44 3.130450706225999e-14
5612.18 3.2380889850956774e-14
5614.91 3.2299779209551074e-14
5617.65 3.149420824048234e-14
5620.38 3.123539170470725e-14
5623.12 3.113524197213742e-14
5625.85 3.127330033472377e-14
5628.59 3.159580310264885e-14
5631.32 3.185557113299711e-14
5634.06 3.196137222162225e-14
5636.79 3.112702955903761e-14
5639.53 3.090347356366881e-14
5642.26 3.053948892351852e-14
5645.0 3.11570562686165e-14
5647.73 3.0879887957830385e-14
5650.47 3.117964196670526e-14
5653.2 3.1803941929047305e-14
5655.94 3.187518903951469e-14
5658.67 3.1488635401593675e-14
5661.41 3.0970062486796176e-14
5664.14 3.110665277915027e-14
5666.88 3.083996063291747e-14
5669.61 3.0786319744288416e-14
5672.35 3.1367434065220847e-14
5675.08 3.211724941788925e-14
5677.82 3.1602574150296704e-14
5680.55 3.231912912652736e-14
5683.29 3.132118752133761e-14
5686.02 3.1123531376909245e-14
5688.76 3.0821527505393986e-14
5691.49 3.1502909746160885e-14
5694.23 3.178039354800889e-14
5696.96 3.133498540564137e-14
5699.7 3.1154670308763374e-14
5702.43 3.1677060464410256e-14
5705.17 3.09679904479723e-14
5707.9 3.104703385611456e-14
5710.64 3.057239331486336e-14
5713.37 3.02936799941231e-14
5716.11 3.107232841449147e-14
5718.84 3.1700931924045685e-14
5721.58 3.1995200868802935e-14
5724.31 3.170173043341589e-14
5727.05 3.15247083049405e-14
5729.78 3.233382992099863e-14
5732.52 3.229091822255013e-14
5735.25 3.198668137381834e-14
5737.99 3.202277580993261e-14
5740.72 3.105421711152566e-14
5743.46 3.1274225571431054e-14
5746.19 3.190758711574409e-14
5748.93 3.066182447248281e-14
5751.66 3.0903175418640053e-14
5754.4 3.05603915683223e-14
5757.13 3.122662994938824e-14
5759.87 3.1047007924738385e-14
5762.6 3.125603202126306e-14
5765.34 3.08636446799151e-14
5768.07 3.0161808718509094e-14
5770.81 3.079032895813422e-14
5773.54 3.076577657120649e-14
5776.28 3.112680059042404e-14
5779.01 3.109187775982311e-14
5781.75 3.1252122846214737e-14
5784.48 3.0954226333349647e-14
5787.22 3.024908704774155e-14
5789.95 3.1136306425343365e-14
5792.69 3.1674687771638034e-14
5795.42 3.0304593691977774e-14
5798.16 3.043140009487914e-14
5800.89 3.104590471187792e-14
5803.63 3.1231470280279147e-14
5806.36 3.108095299925645e-14
5809.1 3.129962121926861e-14
5811.83 3.120048139471949e-14
5814.57 3.117230547834732e-14
5817.3 3.1483208984547576e-14
5820.04 3.125492840803644e-14
5822.77 3.1069479896778364e-14
5825.51 3.1316590917807504e-14
5828.24 3.1163568549596627e-14
5830.98 3.098841521089837e-14
5833.71 3.2876479031173515e-14
5836.45 3.2810617874696965e-14
5839.18 3.049364991227505e-14
5841.92 3.088806030228131e-14
5844.65 3.148200945160789e-14
5847.39 3.141600368781371e-14
5850.12 3.1925138652068525e-14
5852.86 3.243215626656016e-14
5855.59 3.1531267049769226e-14
5858.33 3.202691526733642e-14
5861.06 2.921186471553133e-14
5863.8 2.695700631383651e-14
5866.53 2.554834080933763e-14
5869.27 2.8155343352241707e-14
5872.0 2.7920517390366302e-14
5874.74 3.121415948267824e-14
5877.47 3.1709299244492334e-14
5880.21 3.4919870071268486e-14
5882.94 3.43570938066531e-14
5885.68 3.095885874873692e-14
5888.41 3.057702817228563e-14
5891.15 2.9324174379880015e-14
5893.88 2.925271737718506e-14
5896.62 2.7697230892346542e-14
5899.35 2.8505933869286205e-14
5902.09 2.8905024893548806e-14
5904.82 3.028698123681413e-14
5907.56 2.887842579036059e-14
5910.29 3.0098285912683844e-14
5913.03 2.9848083964386456e-14
5915.76 3.0192527341236314e-14
5918.5 2.9654249562341747e-14
5921.23 3.014031646296618e-14
5923.97 3.1141604524525167e-14
5926.7 3.0429481495935963e-14
5929.44 2.9977790836005684e-14
5932.17 3.04834008512824e-14
5934.91 3.08679931006765e-14
5937.64 3.097231462704913e-14
5940.38 3.0176515448661074e-14
5943.11 3.0341156078704924e-14
5945.85 3.093118799151706e-14
5948.58 3.0726762740245e-14
5951.32 3.1099967101593244e-14
5954.05 2.9866843495799486e-14
5956.79 3.0062720460438524e-14
5959.52 3.0606204933876925e-14
5962.26 3.0636281150454874e-14
5964.99 3.070559172656363e-14
5967.73 3.0982076856850595e-14
5970.46 3.076323078926201e-14
5973.2 3.0310474627801606e-14
5975.93 3.0143304598486e-14
5978.67 3.055989522458615e-14
5981.4 3.0153534405343325e-14
5984.13 3.012104915817194e-14
5986.87 3.0855573457702205e-14
5989.6 3.023913886104445e-14
5992.34 3.046659451503895e-14
5995.07 3.1029943687702475e-14
5997.81 3.062901776668264e-14
6000.54 3.112364126349583e-14
6003.28 3.119180636279827e-14
6006.01 3.0602332924948556e-14
6008.75 3.0635475519781305e-14
6011.48 3.0478807436336416e-14
6014.22 3.0824903833226e-14
6016.95 2.951482344159794e-14
6019.69 2.972216994223612e-14
6022.42 3.029891608808809e-14
6025.16 3.008584107025959e-14
6027.89 3.021283244057449e-14
6030.63 2.986896183648975e-14
6033.36 3.0050465354092334e-14
6036.1 3.058971139532821e-14
6038.83 3.077362369348473e-14
6041.57 3.075791954751344e-14
6044.3 3.042385606253396e-14
6047.04 3.053113837384805e-14
6049.77 3.109199689156153e-14
6052.51 3.075152434412163e-14
6055.24 3.1269496496528956e-14
6057.98 3.137768769942313e-14
6060.71 3.078142192315261e-14
6063.45 3.0625679976851236e-14
6066.18 3.0247707831760575e-14
6068.92 3.046673047243582e-14
6071.65 3.0814538257228924e-14
6074.39 3.0480194459821446e-14
6077.12 3.0596535848121754e-14
6079.86 3.094733513594062e-14
6082.59 3.020172535520723e-14
6085.33 3.0473919548987057e-14
6088.06 3.056655325316918e-14
6090.8 2.962839091696617e-14
6093.53 2.9660150854886097e-14
6096.27 3.103353474535368e-14
6099.0 3.137742262879901e-14
6101.74 3.032358473187804e-14
6104.47 3.016773645820117e-14
6107.21 3.080081589360417e-14
6109.94 3.015482359003636e-14
6112.68 3.0195112687647624e-14
6115.41 3.054610618311599e-14
6118.15 2.99123771383085e-14
6120.88 2.9944238552208595e-14
6123.62 3.0495237987628845e-14
6126.35 2.9671395008845064e-14
6129.09 3.00508939279991e-14
6131.82 3.007134964923999e-14
6134.56 3.066892252206457e-14
6137.29 3.079638324652026e-14
6140.03 2.973150662246873e-14
6142.76 2.936917247509687e-14
6145.5 2.981602706383393e-14
6148.23 3.031373808574902e-14
6150.97 3.082694205937584e-14
6153.7 2.966519824652201e-14
6156.44 2.972835476785321e-14
6159.17 2.960658038152191e-14
6161.91 3.079534710405096e-14
6164.64 2.788657921811321e-14
6167.38 2.8614857240846164e-14
6170.11 2.913277059013201e-14
6172.85 2.8321972609393665e-14
6175.58 2.9510631168976466e-14
6178.32 2.914865660093785e-14
6181.05 2.9451597494540694e-14
6183.79 2.9054239550789854e-14
6186.52 3.0173394108423107e-14
6189.26 3.0177606023258856e-14
6191.99 2.935153562264452e-14
6194.73 2.947035621341616e-14
6197.46 2.9359864695280816e-14
6200.2 3.038540576116339e-14
6202.93 3.0349170706483855e-14
6205.67 2.99042269623879e-14
6208.4 2.960924031660009e-14
6211.14 2.8431992705070946e-14
6213.87 2.923587003834912e-14
6216.61 2.8818341697880844e-14
6219.34 2.89335344079296e-14
6222.08 2.9330436256554e-14
6224.81 2.989183473348007e-14
6227.55 2.971411835527698e-14
6230.28 2.8385519021008393e-14
6233.02 2.9346149910431e-14
6235.75 2.984603630590623e-14
6238.49 3.031515813282822e-14
6241.22 3.051494909242527e-14
6243.96 3.0361833813930634e-14
6246.69 3.071695871395192e-14
6249.43 2.906137124692687e-14
6252.16 2.87395816522994e-14
6254.9 2.96203241006601e-14
6257.63 2.9883125639296235e-14
6260.37 2.956023842326398e-14
6263.1 2.9937424946226015e-14
6265.84 2.9913808853905647e-14
6268.57 3.0981530914857826e-14
6271.31 2.948419445744569e-14
6274.04 3.0098553628222857e-14
6276.78 3.0034125844411204e-14
6279.51 3.0839831936458797e-14
6282.25 2.9945902467886555e-14
6284.98 2.884664847300079e-14
6287.72 2.941244664826667e-14
6290.45 2.9619839485075936e-14
6293.19 2.9474919656460136e-14
6295.92 3.032549017523592e-14
6298.66 3.1741801371426155e-14
6301.39 3.261760028835712e-14
6304.13 3.400991070573481e-14
6306.86 3.4264079795727247e-14
6309.6 3.1130304951477656e-14
6312.33 2.9675462964569974e-14
6315.07 3.000681415189575e-14
6317.8 2.8667691497161074e-14
6320.54 2.8818096040309845e-14
6323.27 3.164121375062164e-14
6326.01 2.975902001254295e-14
6328.74 2.9553742774880276e-14
6331.48 2.9904776515480006e-14
6334.21 3.062938145158965e-14
6336.95 3.037584312755792e-14
6339.68 3.059297870165807e-14
6342.42 2.9682084499536875e-14
6345.15 2.975178392236933e-14
6347.89 2.9972121502119036e-14
6350.62 2.8982302834274853e-14
6353.36 3.102010646339024e-14
6356.09 2.954263578915977e-14
6358.83 2.9420056496585016e-14
6361.56 2.972742819178731e-14
6364.3 3.022802402059856e-14
6367.03 3.1007294297708614e-14
6369.77 3.124029838529431e-14
6372.5 3.129036212952729e-14
6375.24 2.9975442161300607e-14
6377.97 3.060877779329915e-14
6380.71 2.951654440948193e-14
6383.44 2.93758021707936e-14
6386.17 2.994966974290018e-14
6388.91 2.986139682564632e-14
6391.64 3.024268221126065e-14
6394.38 2.9120595231860104e-14
6397.11 2.925402624969232e-14
6399.85 2.9220505172859277e-14
6402.58 3.020196658336259e-14
6405.32 2.9115816421940256e-14
6408.05 3.029084064979841e-14
6410.79 2.8843114076893814e-14
6413.52 2.994801077709234e-14
6416.26 2.975040150828429e-14
6418.99 2.907600017708794e-14
6421.73 2.8562243590838946e-14
6424.46 2.9996635864919925e-14
6427.2 2.899606108372464e-14
6429.93 2.961999480241555e-14
6432.67 3.090187800026631e-14
6435.4 3.034636826262316e-14
6438.14 2.8667216814159695e-14
6440.87 2.90308202025131e-14
6443.61 2.900601107890469e-14
6446.34 2.9331710777252736e-14
6449.08 3.003796637212658e-14
6451.81 2.855898803946077e-14
6454.55 2.9690201448478336e-14
6457.28 2.9494003154666146e-14
6460.02 2.985382444127972e-14
6462.75 2.9805372721323464e-14
6465.49 3.008562665921566e-14
6468.22 2.9471342853151887e-14
6470.96 2.935682462143134e-14
6473.69 2.981759469257482e-14
6476.43 2.97960529840198e-14
6479.16 3.033455905140014e-14
6481.9 3.0384538638831876e-14
6484.63 2.989891279590746e-14
6487.37 3.00158650131636e-14
6490.1 2.980532718000709e-14
6492.84 2.93157874388147e-14
6495.57 2.910106925158247e-14
6498.31 2.909486010437651e-14
6501.04 2.9075591705031635e-14
6503.78 2.8090609484421784e-14
6506.51 2.8378528898374515e-14
6509.25 2.994988391500341e-14
6511.98 3.007411364995647e-14
6514.72 2.9705999729300356e-14
6517.45 3.111794113592088e-14
6520.19 3.0822162699524386e-14
6522.92 2.8997364624483236e-14
6525.66 2.8982292941593664e-14
6528.39 2.940929281105928e-14
6531.13 2.94362105494254e-14
6533.86 2.9029394895030166e-14
6536.6 2.8614175066664164e-14
6539.33 2.9391147650119334e-14
6542.07 3.06752131985107e-14
6544.8 3.1019061918427215e-14
6547.54 3.294761130009661e-14
6550.27 3.618370166704522e-14
6553.01 3.710177518093866e-14
6555.74 3.605959359295291e-14
6558.48 4.004365018931658e-14
6561.21 6.885160116088924e-14
6563.95 1.3080094326133288e-13
6566.68 1.801489745943704e-13
6569.42 1.5747444884087536e-13
6572.15 8.560047513781938e-14
6574.89 4.248035010272233e-14
6577.62 3.197567379665281e-14
6580.36 3.3311034674520814e-14
6583.09 4.136876233041724e-14
6585.83 5.519779025465617e-14
6588.56 5.6365354972962797e-14
6591.3 4.638415285087431e-14
6594.03 3.540246756278747e-14
6596.77 3.06713614255826e-14
6599.5 2.969838631095515e-14
6602.24 2.969297352199242e-14
6604.97 2.90883299099823e-14
6607.71 2.9628281410089975e-14
6610.44 2.9063844383977585e-14
6613.18 2.941297844079059e-14
6615.91 2.9955674317902055e-14
6618.65 3.0292098254186834e-14
6621.38 2.978099097589873e-14
6624.12 2.9201947194911166e-14
6626.85 2.9958099009466186e-14
6629.59 2.961093461261625e-14
6632.32 3.023666513752268e-14
6635.06 2.963992733155137e-14
6637.79 2.9645316809606706e-14
6640.53 2.952236291578353e-14
6643.26 2.9628001284078035e-14
6646.0 2.9809806613537407e-14
6648.73 3.079736319598189e-14
6651.47 2.946429358348614e-14
6654.2 3.0441852162228016e-14
6656.94 3.081231850112432e-14
6659.67 3.031389213419039e-14
6662.41 3.029293441511409e-14
6665.14 2.9363076081098033e-14
6667.88 3.0045324438631255e-14
6670.61 3.027518292260194e-14
6673.35 2.9508146045268144e-14
6676.08 2.988455055720608e-14
6678.82 3.018429623857228e-14
6681.55 3.078473998117707e-14
6684.29 3.052626040635244e-14
6687.02 2.9782400344018704e-14
6689.76 2.97023813603163e-14
6692.49 3.011217773145572e-14
6695.23 2.945066110984124e-14
6697.96 2.871383275741435e-14
6700.7 2.991360638170006e-14
6703.43 3.032947825339674e-14
6706.17 3.0600761593969334e-14
6708.9 3.006543907343513e-14
6711.64 3.142534094216566e-14
6714.37 3.77026822084789e-14
6717.11 4.8783118022372924e-14
6719.84 5.976962655096055e-14
6722.58 5.863125768259228e-14
6725.31 4.5929165233697353e-14
6728.05 3.814575357526142e-14
6730.78 4.1729391032198145e-14
6733.52 5.004084141730489e-14
6736.25 5.2597724065405124e-14
6738.99 4.357679491342804e-14
6741.72 3.3956310871963826e-14
6744.46 3.034062615127607e-14
6747.19 2.7916494090872844e-14
6749.93 2.8465406490749073e-14
6752.66 2.891362608695794e-14
6755.4 2.86081612744643e-14
6758.13 2.8213708330624917e-14
6760.87 2.887446181203533e-14
6763.6 2.8578703051384534e-14
6766.34 2.910696018408263e-14
6769.07 2.925933453869256e-14
6771.81 2.8821417082040683e-14
6774.54 2.8271342774573287e-14
6777.28 2.9538553764043507e-14
6780.01 2.7716376646602154e-14
6782.75 2.992736828151366e-14
6785.48 2.855270433539677e-14
6788.21 2.916668861390979e-14
6790.95 2.8249288367033097e-14
6801.73 2.9166497563670806e-14
6817.41 2.915210495729023e-14
6833.12 2.9205548597205845e-14
6848.88 2.8724545759344247e-14
6864.66 2.857825510664639e-14
6880.49 2.889518957215375e-14
6896.35 2.888092311957118e-14
6912.25 2.899981158701617e-14
6928.18 2.885166645334632e-14
6944.15 2.930537498979243e-14
6960.16 2.9088994647327316e-14
6976.2 2.947850604658065e-14
6992.28 2.932768669584038e-14
7008.41 2.911085701487341e-14
7024.56 2.896140221595625e-14
7040.75 2.9825908443749496e-14
7056.99 3.029442234299581e-14
7073.25 2.884889288279396e-14
7089.56 2.9369542571241494e-14
7105.9 2.8950857427126935e-14
7122.28 2.9001516392731784e-14
7138.7 2.8391145554874425e-14
7155.16 2.824521847680003e-14
7171.65 2.7649905695706668e-14
7188.18 2.7255618514017757e-14
7204.75 2.755559202809633e-14
7221.36 2.88377652191412e-14
7238.01 2.85573378268817e-14
7254.69 2.887088590053927e-14
7271.42 2.839333267898215e-14
7288.18 2.890410370737743e-14
7304.98 2.9492467922332365e-14
7321.82 2.947478288845128e-14
7338.7 2.959364367026581e-14
7355.62 2.978090315067717e-14
7372.57 2.976302596136679e-14
7389.57 2.995137934270661e-14
7406.61 2.986426350509784e-14
7423.68 2.9572567350580817e-14
7440.79 3.024270557781243e-14
7457.95 3.001621029179119e-14
7475.14 2.999745702537412e-14
7492.37 3.0186842880039515e-14
7509.64 3.030747118992454e-14
7526.95 3.0498166646220987e-14
7544.31 3.033878603150773e-14
7561.7 3.038957995433726e-14
7579.13 2.981584639622056e-14
7596.6 2.972806296091697e-14
7614.11 2.9166993222851674e-14
7631.66 2.92824718202321e-14
7649.25 2.91290259415624e-14
7666.89 2.851277488274766e-14
7684.56 2.8428809649054115e-14
7702.28 2.8344449771162754e-14
7720.04 2.819535677317302e-14
7737.83 2.856888843946732e-14
7755.67 2.789961321490971e-14
7773.54 2.846484401970148e-14
7791.47 2.8380335963470708e-14
7809.43 2.8360802144777612e-14
7827.43 2.9001708272201395e-14
7845.48 2.851853458309609e-14
7863.56 2.8961653911319194e-14
7881.69 2.880876953281912e-14
7899.86 2.892196739290288e-14
7918.07 2.8439522756416685e-14
7936.32 2.828907127694992e-14
7954.62 2.7817099710446888e-14
7972.95 2.8379711398251874e-14
7991.33 2.8687699077667464e-14
8009.75 2.8273970332187012e-14
8028.22 2.9045260056568245e-14
8046.73 2.929282345648607e-14
8065.27 2.9474780199837965e-14
8083.87 2.898224085287247e-14
8102.5 2.882856361835999e-14
8121.18 2.927523427667919e-14
8139.9 2.905282194128407e-14
8158.67 2.883153942833194e-14
8177.47 2.821876292928164e-14
8196.32 2.717788853035209e-14
8215.22 2.936954376010177e-14
8234.16 2.726295406650169e-14
8253.14 2.925808932369409e-14
8272.17 2.943861367866084e-14
8291.23 2.854894797245478e-14
8310.35 2.872483850709285e-14
8329.51 2.8049841709936017e-14
8348.71 2.854945233465635e-14
8367.95 2.8857675313418374e-14
8387.24 2.8309268658776323e-14
8406.58 2.848337626942419e-14
8425.96 2.885705212584916e-14
8445.38 2.7034340379068993e-14
8464.85 2.8416741104370668e-14
8484.36 2.859136205434108e-14
8503.92 2.747195301225109e-14
8523.53 2.7831777491878445e-14
8543.17 2.813175785089803e-14
8562.87 2.8239125850634184e-14
8582.61 2.8674930878840376e-14
8602.39 2.78714583940813e-14
8622.22 2.8171269060034884e-14
8642.1 2.8605707205044665e-14
8662.02 2.7803743705798983e-14
8681.99 2.7211502688574908e-14
8702.0 2.7440949056930035e-14
8722.06 2.8057060258688694e-14
8742.17 2.8293278182614306e-14
8762.32 2.6750160946289167e-14
8782.52 2.7987760461357448e-14
8802.77 2.815805774056274e-14
8823.06 2.8460230017548914e-14
8843.4 2.84370310293324e-14
8863.79 2.770208511721118e-14
8884.22 2.673958505052185e-14
8904.7 2.7847228421784195e-14
8925.23 2.8081425052962295e-14
8945.8 2.838238905203518e-14
8966.42 2.7585572017400143e-14
8987.1 2.6748984333420638e-14
9007.81 2.6057995120704537e-14
9028.57 2.5915779265685142e-14
9049.39 2.92539087027019e-14
9070.25 2.7403598034633106e-14
9091.16 2.7760927191533166e-14
9112.11 2.8187367925479092e-14
9133.12 2.862088352004952e-14
9154.17 2.743476276958657e-14
9175.28 2.7347216818438766e-14
9196.43 2.776732554871848e-14
9217.63 2.704917895678988e-14
9238.88 2.453397028643451e-14
9260.18 2.7630446361259565e-14
9281.52 2.818375247556133e-14
9302.92 2.6460837947042343e-14
9324.36 2.7303663574627704e-14
9345.86 2.7216145333802642e-14
9367.4 2.706714146133126e-14
9389.0 2.710473274591183e-14
9410.64 2.6831727740739114e-14
9432.34 2.705572451873364e-14
9454.08 2.690669416669236e-14
9475.87 2.688227654520698e-14
9497.72 2.679611191418335e-14
9519.61 2.6526008692236215e-14
9541.56 2.4505729287790396e-14
9563.55 2.593419051497518e-14
9585.6 2.63918401046712e-14
9607.69 2.6306748754070668e-14
9629.85 2.6282008978565773e-14
9652.04 2.619705239542115e-14
9674.29 2.6112492687870126e-14
9696.6 2.62088125882771e-14
9718.95 2.6063609215512005e-14
9741.35 2.5859748542738023e-14
9763.81 2.5835730367963572e-14
9786.32 2.5692760323529374e-14
9808.87 2.57864770624549e-14
9831.48 2.5702777686624345e-14
9854.15 2.5619491142782687e-14
9876.87 2.5535900561726053e-14
9899.63 2.5452700218875496e-14
9922.46 2.5311180848554086e-14
9945.33 2.5286851203617162e-14
9968.26 2.520490261943381e-14
9991.23 2.5064399031047324e-14
10014.26 2.4414298181851677e-14
10083.69 2.3953700492824112e-14
10130.23 2.4520070858356045e-14
10176.99 2.4359589474160638e-14
10223.96 2.4255467182591583e-14
10271.15 2.415121732468407e-14
10294.83 2.3961438234756148e-14
10510.4 2.3257601618307246e-14
10705.8 2.2428103415092543e-14
10904.84 2.12090984124183e-14
11107.57 2.099766258156966e-14
11288.05 2.0291532280549893e-14
11497.92 1.990034412002292e-14
11711.68 1.9289700985941296e-14
11901.98 1.8677163904150082e-14
12095.37 1.8164933684747845e-14
12291.91 1.7788172729684735e-14
12491.63 1.7336935946776657e-14
12694.6 1.6895430571118668e-14
12900.87 1.6501507378214476e-14
13110.5 1.618914692255723e-14
13292.88 1.5794854111465546e-14
13508.87 1.5564358876626657e-14
13696.8 1.5253380436119475e-14
13887.34 1.494675722636495e-14
14112.99 1.4623803774043786e-14
14309.33 1.4394521424804036e-14
14508.39 1.429795048730033e-14
14710.22 1.4039712623990943e-14
14914.87 1.3976581508128725e-14
15087.58 1.3869827825242212e-14
15297.45 1.3901281512456674e-14
15510.26 1.3868135292005896e-14
15689.86 1.3602455666495507e-14
15908.13 1.3320637147261156e-14
16092.35 1.3338860138885595e-14
16316.21 1.3334031852988833e-14
16505.13 1.2986924154550819e-14
16696.26 1.2794072476112476e-14
16889.6 1.245960643337566e-14
17085.17 1.2217625384769984e-14
17283.0 1.1734437218136689e-14
17483.13 1.1532103599662283e-14
17685.58 1.1228815548458078e-14
17890.37 1.093363405393821e-14
18097.54 1.0522977029961468e-14
18307.08 1.0364544653081535e-14
18519.07 1.0136554813954304e-14
18690.43 9.749685832329184e-15
18906.84 9.578916105425731e-15
19081.79 9.362143691246321e-15
19302.76 9.071663175675213e-15
19481.35 8.724255814099614e-15
19706.94 8.570629443229851e-15
19889.29 8.356627862558823e-15
20119.61 8.208883777593182e-15
20305.76 7.98517287019539e-15
20493.65 7.839119063667282e-15
20683.26 7.64271219566609e-15
20922.77 7.472274582770208e-15
21116.37 7.335214036031727e-15
21311.75 7.167386358079605e-15
21508.95 7.0033012549045035e-15
21707.98 6.76441574124188e-15
21908.83 6.6858559709248724e-15
22111.56 6.51731180121526e-15
22316.14 6.367602683370388e-15
22522.64 6.221164780580466e-15
22678.75 6.074927233180244e-15
22888.6 5.5773088614994235e-15
23100.39 5.53732597309025e-15
23314.12 4.990797273881467e-15
23475.74 4.762212606979648e-15
23692.95 4.804653522256664e-15
23912.19 4.482429407534058e-15
24077.92 4.376583166847273e-15
24300.73 4.344845068776266e-15
24525.59 4.128514202924279e-15
24695.58 4.0964805955028576e-15
24924.09 3.632649600684022e-15
25096.85 3.596055053593106e-15
25329.08 3.594383974258812e-15
25504.64 3.5745042879022706e-15
25681.44 3.587574480007135e-15
25919.05 3.5284943846382066e-15
26098.73 3.4926992712777467e-15
26279.62 3.4098936870565387e-15
26522.8 3.392356683958855e-15
26706.63 3.3194940598411525e-15
26891.77 3.2857868058207856e-15
27078.16 3.2374141875158347e-15
27328.72 3.183686894758287e-15
27518.14 3.1223326475657116e-15
27708.91 3.0692209632605018e-15
27900.96 3.0379262374012653e-15
28094.38 2.9793056274186076e-15
28289.11 2.928477944941411e-15
28485.18 2.871979722654326e-15
28682.65 2.8035798576080524e-15
28881.45 2.7747777794414057e-15
29081.67 2.7211653848158334e-15
29283.24 2.6684864354889186e-15
29486.24 2.6228909260299847e-15
29690.61 2.5721025389279693e-15
29896.43 2.5281240177895023e-15
30103.65 2.4791464298705037e-15
30312.34 2.4255530152787677e-15
30522.44 2.394936770676829e-15
30733.99 2.359339382382163e-15
30875.88 2.3126843527566704e-15
31089.88 2.272992868459627e-15
31305.41 2.2374e-15
31522.39 2.1966e-15
31667.88 2.1614e-15
31887.41 2.1269e-15
32108.43 2.0977e-15
32331.01 2.0832e-15
32480.24 2.1025e-15
32705.4 2.2067e-15
32932.08 2.5453e-15
33084.08 2.5104e-15
33313.43 2.0881e-15
33467.18 1.9131e-15
33699.19 1.8228e-15
33932.76 1.7609e-15
34089.38 1.7129e-15
34325.69 1.6739e-15
34484.12 1.6358e-15
34723.18 1.6023e-15
34883.44 1.5694e-15
35125.22 1.5372e-15
35287.38 1.5057e-15
35531.96 1.4782e-15
35695.96 1.4479e-15
35860.75 1.4215e-15
36109.31 1.3955e-15
36275.97 1.3701e-15
36527.44 1.342e-15
36696.04 1.3175e-15
36865.4 1.2875e-15
37120.97 1.2669e-15
37292.29 1.2409e-15
37464.46 1.2127e-15
37724.13 1.1988e-15
37898.24 1.1796e-15
38073.2 1.1581e-15
38337.09 1.1369e-15
38514.04 1.1188e-15
38691.84 1.0984e-15
38870.42 1.0783e-15
39139.84 1.0586e-15
39320.53 1.0441e-15
39502.01 1.025e-15
39684.33 1.0087e-15
39867.54 9.8796e-16
40143.86 9.7217e-16
40329.15 9.5662e-16
40515.33 9.3916e-16
40702.33 9.2841e-16
40890.18 9.1568e-16
41078.95 9.0103e-16
41268.55 8.8867e-16
41459.03 8.7446e-16
41746.43 8.585e-16
41939.11 8.4868e-16
42132.68 8.3511e-16
42327.19 8.2555e-16
42522.55 8.1235e-16
42718.81 8.012e-16
42916.02 7.7578e-16
43114.1 7.5464e-16
43313.09 7.5118e-16
43513.0 7.2735e-16
43713.88 7.1407e-16
43915.64 7.059e-16
44118.33 6.835e-16
44322.0 6.788e-16
44526.57 6.6795e-16
44732.08 6.4974e-16
44938.59 6.4974e-16
45146.0 6.3935e-16
45250.07 6.248e-16
45458.92 6.2193e-16
45668.78 6.1623e-16
45879.56 6.0082e-16
46091.32 6.0082e-16
46304.1 5.9257e-16
46517.82 5.8444e-16
46732.51 5.8042e-16
46948.21 5.751e-16
47056.48 5.6851e-16
47273.66 5.6721e-16
47491.86 5.5942e-16
47711.1 5.543e-16
47931.31 5.4921e-16
48152.54 5.4168e-16
48263.53 5.4168e-16
48486.34 5.3548e-16
48710.13 5.2813e-16
48934.95 5.2449e-16
49047.75 5.1969e-16
49274.18 5.1611e-16
49501.6 5.102e-16
49730.08 5.0793e-16
49844.71 5.0586e-16
50074.82 5.087e-16
50305.93 5.0918e-16
50538.12 5.0846e-16
50654.61 5.0867e-16
50771.43 5.1005e-16
50888.46 5.1261e-16
51005.77 5.1162e-16
51123.33 5.1181e-16
51241.18 5.1199e-16
51359.3 5.1216e-16
51477.74 5.1351e-16
51596.4 5.1486e-16
51715.33 5.1739e-16
51834.54 5.1754e-16
51954.02 5.1768e-16
52073.78 5.1901e-16
52193.81 5.1914e-16
52314.18 5.2046e-16
52434.77 5.2178e-16
52555.63 5.2309e-16
52676.78 5.2561e-16
52798.2 5.2692e-16
52919.9 5.258e-16
53041.95 5.2711e-16
53164.21 5.284e-16
53286.76 5.2969e-16
53409.59 5.3221e-16
53532.7 5.335e-16
53656.1 5.3479e-16
53779.78 5.3731e-16
53903.8 5.3859e-16
54028.06 5.4112e-16
54152.6 5.424e-16
54277.42 5.4368e-16
54402.54 5.4621e-16
54527.94 5.4875e-16
54653.63 5.5129e-16
54779.67 5.5257e-16
54905.94 5.564e-16
55032.5 5.5896e-16
55159.36 5.6153e-16
55286.5 5.667e-16
55413.94 5.6929e-16
55541.73 5.7058e-16
55669.76 5.7449e-16
55798.09 5.7977e-16
55926.7 5.8239e-16
56055.62 5.8638e-16
56184.83 5.9174e-16
56314.34 5.944e-16
56444.21 5.9983e-16
56574.32 6.053e-16
56704.73 6.1081e-16
56835.43 6.1637e-16
56966.45 6.2197e-16
57097.75 6.2907e-16
57229.43 6.3624e-16
57361.35 6.4496e-16
57493.58 6.523e-16
57626.1 6.6124e-16
57758.93 6.7029e-16
57892.07 6.7946e-16
58025.52 6.9034e-16
58159.33 7.03e-16
58293.39 7.1424e-16
58427.76 7.29e-16
58562.45 7.4235e-16
58697.43 7.5769e-16
58832.74 7.7511e-16
58968.35 7.9476e-16
59229.23 7.9083e-16
59537.38 8.8038e-16
59845.54 9.3559e-16
60153.71 1.1271e-15
60461.86 1.0496e-15
60770.02 1.2558e-15
61078.19 1.45e-15
61386.34 1.9783e-15
61694.49 2.7155e-15
62002.66 3.1579e-15
62310.82 3.1675e-15
62618.97 2.6564e-15
62927.14 2.2469e-15
63235.3 1.7158e-15
63543.46 1.4182e-15
63851.62 1.1531e-15
64159.77 1.0775e-15
64467.94 9.5063e-16
64776.09 8.7479e-16
65084.25 9.922e-16
65392.42 9.3111e-16
65700.57 9.8051e-16
66008.73 9.0765e-16
66316.9 9.5581e-16
66625.05 1.0294e-15
66933.21 1.0278e-15
67241.37 9.7599e-16
67549.53 8.5323e-16
67857.7 9.7545e-16
68165.85 9.3797e-16
68474.01 1.0786e-15
68782.18 9.3007e-16
69090.33 8.9343e-16
69398.49 9.7111e-16
69706.65 1.3025e-15
70014.81 1.1938e-15
70322.97 1.0343e-15
70631.13 7.8997e-16
70939.29 9.1335e-16
71247.45 8.2916e-16
71555.6 1.1334e-15
71863.78 1.2201e-15
72171.93 1.1461e-15
72480.08 1.1772e-15
72788.26 1.4934e-15
73096.41 1.3798e-15
73404.57 1.3839e-15
73712.73 1.4574e-15
74020.89 1.8061e-15
74329.05 2.0165e-15
74637.2 2.2087e-15
74925.2 2.231e-15
74945.37 2.5614e-15
75253.53 2.5872e-15
75542.73 2.8072e-15
75561.68 2.8577e-15
76160.28 2.845e-15
76777.83 2.7082e-15
77395.38 2.6042e-15
78012.92 2.4813e-15
78630.48 2.2222e-15
79248.02 2.0297e-15
79865.56 1.7344e-15
80483.12 1.3994e-15
81100.67 1.2342e-15
81718.21 1.1233e-15
82335.76 1.0746e-15
82953.3 1.125e-15
83570.86 1.1607e-15
84188.4 1.1685e-15
84805.95 1.2617e-15
85423.5 1.3865e-15
86041.06 1.4725e-15
86658.59 1.2947e-15
87276.14 1.0621e-15
87893.69 8.0663e-16
88511.23 6.5021e-16
89128.78 6.433e-16
89746.33 6.313e-16
90363.87 5.8358e-16
90981.43 4.089e-16
91598.97 3.6009e-16
92216.52 3.5516e-16
92834.07 3.4492e-16
93451.62 3.1716e-16
94069.16 3.59e-16
94686.7 4.138e-16
95304.26 3.8127e-16
95921.8 3.8124e-16
96539.35 3.7375e-16
97156.91 3.9011e-16
97774.46 3.5285e-16
98392.0 3.1043e-16
99009.55 3.3609e-16
99627.05 2.8161e-16
100244.65 3.187e-16
100862.15 3.0826e-16
101479.77 2.8997e-16
102097.27 2.7321e-16
102714.87 2.7324e-16
103332.39 2.7945e-16
103949.89 3.3203e-16
104567.49 3.6565e-16
105184.99 4.0499e-16
105802.61 4.0815e-16
106420.11 4.1251e-16
107037.61 3.6931e-16
107655.22 3.955e-16
108272.73 4.0684e-16
108890.33 4.6552e-16
109507.83 5.3051e-16
110125.44 6.4639e-16
110742.95 7.0783e-16
111360.45 1.076e-15
111978.06 1.6736e-15
112595.56 1.8162e-15
113213.17 1.4947e-15
113830.67 1.102e-15
114448.28 8.5844e-16
115065.78 7.0888e-16
115683.28 5.9636e-16
116300.9 5.2478e-16
116918.4 5.3068e-16
117536.0 4.7596e-16
118153.5 4.8104e-16
118771.12 4.732e-16
119388.62 5.1346e-16
120006.12 5.6439e-16
120623.74 5.2434e-16
121241.24 4.8229e-16
121858.84 4.9247e-16
122476.34 4.9821e-16
123093.86 5.4128e-16
123711.46 5.441e-16
124328.96 5.7016e-16
124946.57 6.2929e-16
125564.08 6.5585e-16
126181.68 6.9362e-16
126799.19 7.3626e-16
127416.69 8.7462e-16
128034.3 1.1142e-15
128651.8 8.3941e-16
129269.41 4.7579e-16
129886.91 3.8001e-16
130504.41 3.6972e-16
131122.02 3.4599e-16
131739.53 3.2055e-16
132357.14 3.5619e-16
132974.63 3.1966e-16
133592.24 3.2023e-16
134209.75 3.5839e-16
134827.26 3.4857e-16
135444.87 3.6866e-16
136062.36 3.4708e-16
136679.97 3.2326e-16
137297.48 2.8904e-16
137915.08 2.8642e-16
138532.58 2.8067e-16
139150.09 2.8665e-16
139767.7 2.7112e-16
140385.21 3.0868e-16
141002.8 3.1911e-16
141620.31 3.1071e-16
142237.92 2.8481e-16
142855.43 2.7046e-16
143472.92 2.5733e-16
144090.54 2.6615e-16
144621.92 2.5312e-16
145533.8 2.5798e-16
146445.78 2.3045e-16
147357.68 2.1456e-16
148269.56 2.2679e-16
149181.45 2.249e-16
150093.44 2.2694e-16
151005.33 2.0807e-16
151917.21 2.1976e-16
152829.19 2.2396e-16
153741.09 2.2561e-16
154652.97 3.5356e-16
155564.86 5.6722e-16
156476.85 4.1273e-16
157388.74 2.5031e-16
158300.62 2.5258e-16
159212.61 2.5439e-16
160124.5 2.4536e-16
161036.38 2.5488e-16
161948.36 2.9218e-16
162860.26 3.2982e-16
163772.14 4.3407e-16
164684.03 4.7149e-16
165596.03 4.0375e-16
166507.89 3.7523e-16
167419.79 3.5833e-16
168331.68 3.5455e-16
169243.67 3.7677e-16
170155.56 4.3732e-16
171067.45 4.2592e-16
171979.44 3.8665e-16
172891.32 3.9674e-16
173803.21 3.875e-16
174715.2 3.458e-16
175627.08 3.2652e-16
176538.97 3.1859e-16
177450.85 3.2536e-16
178362.84 3.2875e-16
179274.73 2.9933e-16
180186.61 2.7803e-16
181098.59 2.7486e-16
182010.49 2.9843e-16
182922.37 2.6271e-16
183834.35 2.7927e-16
184746.25 2.7123e-16
185658.14 3.0411e-16
186570.02 5.8069e-16
187482.01 6.6047e-16
188393.9 3.7566e-16
189305.78 3.0534e-16
190217.78 3.2123e-16
191129.67 3.0176e-16
192041.54 2.9614e-16
192953.43 2.8031e-16
193865.43 2.8156e-16
194777.31 2.8829e-16
195689.2 2.7229e-16
196601.19 2.9339e-16
197513.07 2.8762e-16
198424.96 2.7696e-16
199336.85 2.7676e-16
200248.84 2.741e-16
201160.72 2.9739e-16
202072.61 2.693e-16
202984.6 2.7511e-16
204078.68 2.4824e-16
205834.34 2.8496e-16
207591.07 2.7814e-16
209348.71 2.5999e-16
211107.43 2.6747e-16
212867.17 2.8394e-16
214627.99 2.6877e-16
216389.69 2.7422e-16
218152.5 2.8639e-16
219916.32 2.7835e-16
221681.22 2.7495e-16
223447.12 2.8076e-16
225214.0 2.9529e-16
226981.97 2.8077e-16
228750.95 2.8179e-16
230520.92 2.9032e-16
232291.98 2.9348e-16
234064.05 2.9664e-16
235837.2 2.862e-16
237611.44 2.8982e-16
239386.69 2.9367e-16
241162.92 2.9079e-16
242940.26 2.9018e-16
244718.58 2.9253e-16
246498.11 2.9332e-16
248278.53 2.9476e-16
250060.01 3.0057e-16
251842.62 2.9815e-16
253626.32 2.9974e-16
255411.01 2.9993e-16
257196.78 3.1046e-16
258983.66 3.2554e-16
260771.63 3.2487e-16
262560.61 3.0688e-16
264350.65 3.0318e-16
266141.83 3.0549e-16
267933.95 2.981e-16
269727.31 3.0885e-16
271521.63 3.139e-16
273317.08 3.0722e-16
275113.61 3.0128e-16
276911.23 3.0303e-16
278709.93 3.1092e-16
280509.73 3.1579e-16
282310.64 3.3022e-16
284112.64 3.1354e-16
285915.73 3.1021e-16
287719.9 3.0791e-16
289525.17 3.0596e-16
291331.55 3.192e-16
293139.02 3.2177e-16
294947.58 3.2178e-16
296757.32 3.231e-16
298568.18 3.2576e-16
300380.0 3.2749e-16
302193.03 3.3022e-16
304007.15 3.2316e-16
305822.49 3.3424e-16
307638.82 3.3563e-16
309456.32 3.3779e-16
311275.01 3.3809e-16
313094.73 3.3597e-16
314915.63 3.3981e-16
316737.67 3.5095e-16
318560.75 3.466e-16
320385.03 3.5331e-16
322210.53 3.5726e-16
324037.05 3.5809e-16
325864.69 3.595e-16
327693.57 3.6055e-16
329523.61 3.7069e-16
331354.73 3.9097e-16
333186.97 4.9134e-16
335020.39 6.3028e-16
336855.03 4.9092e-16
338690.81 4.0516e-16
340527.71 3.7245e-16
342365.73 3.8409e-16
344205.0 3.9294e-16
346045.41 4.5674e-16
347886.98 6.7805e-16
