100.09 2.1985e-19
101.96 3.0417e-19
104.09 3.8382e-19
106.03 4.9331e-19
108.0 6.4584e-19
110.0 9.4869e-19
113.87 1.4359e-18
117.87 2.0423e-18
120.9 7.8727e-18
125.14 1.0307e-17
126.88 1.1458e-17
128.06 1.2278e-17
131.04 1.4097e-17
131.95 1.6909e-17
134.09 1.8371e-17
136.9 2.405e-17
140.09 2.711e-17
143.02 8.0006e-17
147.03 2.1386e-16
151.15 2.372e-16
155.03 2.6554e-16
159.0 2.9794e-16
161.96 3.2146e-16
166.12 3.6151e-16
169.98 3.973e-16
173.14 4.2768e-16
177.18 4.6572e-16
180.06 4.9673e-16
182.14 5.1895e-16
185.96 5.625e-16
191.17 6.1962e-16
193.82 6.6088e-16
197.88 7.0815e-16
202.03 7.623e-16
204.84 8.0375e-16
210.09 8.32e-16
215.98 9.5526e-16
219.99 1.0189e-15
223.05 1.0523e-15
227.2 1.1249e-15
229.83 1.7343e-15
234.1 3e-15
240.11 3.7681e-15
246.27 3.6402e-15
252.01 3.9366e-15
257.28 3.3738e-15
260.26 3.9095e-15
263.88 4.1412e-15
268.79 4.1891e-15
273.78 4.2182e-15
278.87 4.2572e-15
284.06 4.2966e-15
290.01 4.1316e-15
296.08 4.2474e-15
300.89 4.2376e-15
307.9 4.3264e-15
317.99 4.4578e-15
327.65 4.4887e-15
338.38 4.4784e-15
347.86 4.4578e-15
356.79 4.4373e-15
365.94 4.4476e-15
375.33 4.4068e-15
384.95 4.2376e-15
394.83 4.3264e-15
404.96 4.3065e-15
414.39 4.2474e-15
422.09 4.1699e-15
429.94 4.1127e-15
440.97 4.0656e-15
451.24 3.973e-15
459.63 3.9005e-15
470.34 3.8293e-15
480.19 3.7855e-15
490.24 3.6654e-15
500.51 3.6402e-15
506.3 3.5655e-15
512.16 3.6654e-15
520.49 3.6068e-15
530.16 3.5085e-15
540.02 3.3738e-15
550.06 3.3123e-15
560.29 3.3199e-15
569.39 3.3199e-15
579.97 3.2146e-15
589.4 3.1924e-15
600.36 3.0558e-15
610.11 2.7235e-15
620.03 3.0417e-15
630.1 2.9657e-15
640.34 2.9385e-15
650.74 2.8849e-15
658.28 2.8127e-15
664.37 2.8387e-15
675.16 2.7998e-15
684.56 2.6676e-15
695.68 2.7424e-15
705.36 2.5889e-15
716.82 2.6799e-15
726.79 2.6432e-15
735.21 2.6189e-15
745.43 2.5949e-15
755.8 2.5711e-15
764.56 2.3775e-15
775.19 2.5417e-15
784.17 2.4896e-15
795.08 2.5011e-15
804.28 2.4953e-15
815.47 2.4724e-15
824.92 2.4953e-15
834.47 2.2291e-15
844.13 2.4385e-15
855.87 2.4106e-15
865.78 2.4329e-15
875.81 2.4611e-15
885.95 2.4953e-15
894.15 2.5126e-15
904.5 2.4611e-15
914.97 3.2072e-15
925.57 1.3186e-14
934.13 2.6985e-14
944.95 4.9788e-14
955.89 7.0652e-14
964.74 7.623e-14
975.91 1.3186e-14
984.94 5.9583e-14
994.05 6.5936e-14
1005.56 1.0095e-13
1014.87 9.8883e-14
1024.26 4.3564e-14
1036.12 6.624e-14
1045.71 1.3247e-13
1055.38 1.2946e-13
1065.15 9.8203e-14
1075.0 1.1943e-13
1084.95 9.0599e-14
1094.99 1.2593e-13
1105.12 1.2054e-13
1115.35 1.1406e-13
1125.67 1.0095e-13
1136.08 1.3339e-13
1143.96 1.1971e-13
1154.54 1.2886e-13
1165.22 1.3217e-13
1176.01 8.7725e-14
1184.16 1.2768e-13
1195.11 8.3009e-14
1206.17 5.7033e-14
1214.53 4.1507e-14
1225.77 8.5531e-14
1234.27 1.3401e-13
1245.69 1.4761e-13
1254.32 1.3903e-13
1265.93 1.1698e-13
1274.7 1.5636e-13
1283.54 1.6448e-13
1295.42 1.242e-13
1304.4 1.2193e-13
1316.46 1.589e-13
1325.59 1.5105e-13
1334.78 1.3005e-13
1344.03 1.6074e-13
1356.47 1.5457e-13
1365.87 1.3556e-13
1375.34 1.4359e-13
1384.87 1.4492e-13
1394.47 1.2506e-13
1404.14 1.2975e-13
1413.87 1.3186e-13
1423.67 1.3681e-13
1433.54 1.3525e-13
1443.48 1.4392e-13
1446.8 1.4693e-13
1453.48 1.4195e-13
1463.56 1.2916e-13
1473.7 1.2886e-13
1483.92 1.3217e-13
1494.2 1.3525e-13
1504.56 1.2709e-13
1511.5 1.1095e-13
1518.48 1.1998e-13
1525.49 1.1698e-13
1536.06 1.0049e-13
1546.71 1.1538e-13
1553.85 1.0718e-13
1564.62 1.0793e-13
1575.47 1.1807e-13
1586.39 1.2564e-13
1593.71 1.3005e-13
1604.76 1.2651e-13
1615.88 1.2593e-13
1623.34 1.1645e-13
1634.59 1.2593e-13
1645.92 1.3065e-13
1653.52 1.1564e-13
1664.98 1.3126e-13
1672.67 1.0993e-13
1676.52 1.3968e-13
1684.26 1.4795e-13
1695.94 1.3401e-13
1703.76 1.2886e-13
1715.57 1.2564e-13
1723.49 1.2564e-13
1735.44 1.3744e-13
1743.45 1.3308e-13
1755.53 1.466e-13
1763.64 1.2739e-13
1775.86 1.3618e-13
1784.06 1.3681e-13
1796.43 1.5386e-13
1804.72 1.4898e-13
1813.05 1.3936e-13
1825.62 1.3968e-13
1834.04 1.3126e-13
1846.75 1.1861e-13
1855.28 1.2306e-13
1863.84 1.3035e-13
1876.76 1.3808e-13
1885.43 1.2916e-13
1894.13 1.2827e-13
1902.87 1.3156e-13
1916.06 1.2975e-13
1924.91 1.2651e-13
1933.79 1.1998e-13
1947.19 1.3744e-13
1956.18 1.3096e-13
1965.21 1.4559e-13
1974.28 1.466e-13
1983.4 1.4032e-13
1997.14 1.3618e-13
2006.36 1.3618e-13
2015.62 1.3126e-13
2024.93 1.337e-13
2034.27 1.3278e-13
2043.66 1.4129e-13
2053.1 1.337e-13
2067.33 1.3217e-13
2072.09 1.466e-13
2076.87 1.4829e-13
2086.46 1.528e-13
2096.09 1.4359e-13
2105.76 1.3936e-13
2115.48 1.4195e-13
2125.25 1.4392e-13
2135.06 1.2768e-13
2144.91 1.3903e-13
2154.81 1.4326e-13
2164.76 1.3493e-13
2174.75 1.3401e-13
2184.79 1.3681e-13
2194.87 1.4425e-13
2205.0 1.3871e-13
2215.18 1.2593e-13
2225.41 1.2363e-13
2235.68 1.4032e-13
2246.0 1.3156e-13
2256.37 1.2054e-13
2266.78 1.225e-13
2277.24 1.2857e-13
2282.49 1.3744e-13
2293.03 1.2622e-13
2303.61 1.3041e-13
2314.25 1.215e-13
2324.93 8.9098e-14
2335.66 1.0499e-13
2346.44 9.5157e-14
2357.27 1.1661e-13
2362.7 9.6132e-14
2373.61 1.0499e-13
2384.57 8.8399e-14
2395.57 9.8342e-14
2406.63 9.4631e-14
2417.74 9.9615e-14
2423.31 1.1708e-13
2434.5 1.1318e-13
2445.73 1.2304e-13
2457.02 1.2285e-13
2462.69 1.1926e-13
2474.06 1.1215e-13
2485.47 1.0942e-13
2496.95 1.0481e-13
2502.7 1.2751e-13
2514.26 9.928e-14
2520.05 9.7727e-14
2525.86 9.4009e-14
2537.52 1.0034e-13
2543.37 1.0061e-13
2555.11 1.2076e-13
2566.9 1.1072e-13
2572.82 1.2342e-13
2584.7 1.1959e-13
2596.63 1.1482e-13
2602.61 1.0819e-13
2614.62 1.0387e-13
2626.69 1.1852e-13
2632.75 1.3739e-13
2644.9 1.6379e-13
2657.11 1.8604e-13
2663.23 1.4513e-13
2675.53 1.5852e-13
2687.88 1.6497e-13
2694.07 1.444e-13
2706.51 1.5918e-13
2712.75 1.3773e-13
2725.27 1.3133e-13
2737.85 1.4578e-13
2744.16 1.0811e-13
2756.83 1.1945e-13
2763.18 1.3285e-13
2775.94 1.4245e-13
2782.33 1.1664e-13
2795.18 7.659e-14
2808.08 8.5804e-14
2814.55 1.3698e-13
2827.54 1.6368e-13
2834.06 1.5746e-13
2847.14 1.4175e-13
2853.71 1.2237e-13
2866.88 1.6331e-13
2873.49 1.8038e-13
2886.75 1.7359e-13
2893.4 1.8437e-13
2906.76 2.2597e-13
2926.91 2.068e-13
2947.2 1.9864e-13
2967.63 2.0778e-13
2988.2 2.1044e-13
3008.91 2.1362e-13
3029.77 2.1988e-13
3050.77 2.2373e-13
3071.92 2.3619e-13
3093.21 2.3702e-13
3107.49 2.536e-13
3129.03 2.4305e-13
3150.72 2.4618e-13
3172.56 2.5811e-13
3187.2 2.313e-13
3209.29 2.5045e-13
3231.54 2.2299e-13
3246.46 2.7521e-13
3268.96 3.0636e-13
3291.62 3.0255e-13
3306.81 2.9388e-13
3322.07 2.8877e-13
3329.73 3.1171e-13
3337.41 2.9644e-13
3345.1 2.9726e-13
3352.81 2.7882e-13
3360.54 3.0515e-13
3368.29 3.0459e-13
3376.05 2.5698e-13
3383.84 2.5769e-13
3391.64 3.0995e-13
3399.46 3.1731e-13
3407.29 3.0108e-13
3415.15 2.9777e-13
3423.02 3.3812e-13
3430.91 3.1642e-13
3438.82 3.2097e-13
3446.75 2.4192e-13
3454.69 3.1395e-13
3462.66 2.6919e-13
3470.64 3.0009e-13
3478.64 2.5495e-13
3486.66 2.8884e-13
3494.69 2.7093e-13
3502.75 3.2141e-13
3510.83 3.1861e-13
3518.92 2.9407e-13
3527.03 2.7584e-13
3535.16 3.1685e-13
3543.31 3.4999e-13
3551.48 3.4455e-13
3559.67 3.2996e-13
3567.87 3.1165e-13
3576.1 2.7661e-13
3584.34 2.3717e-13
3592.6 2.6685e-13
3600.89 3.5033e-13
3609.19 3.0108e-13
3617.51 3.2425e-13
3625.85 3.3581e-13
3633.65 2.9951e-13
3636.4 3.0106e-13
3639.15 3.2359e-13
3641.89 3.362e-13
3644.64 3.3915e-13
3647.39 3.4409e-13
3650.13 3.3115e-13
3652.88 3.5802e-13
3655.62 3.4572e-13
3658.37 3.7308e-13
3661.12 3.5769e-13
3663.86 3.8246e-13
3666.61 3.8919e-13
3669.36 3.7365e-13
3672.1 3.7607e-13
3674.85 3.7538e-13
3677.59 3.5313e-13
3680.34 3.4436e-13
3683.09 3.564e-13
3685.83 3.6019e-13
3688.58 3.2798e-13
3691.33 3.5611e-13
3694.07 3.7083e-13
3696.82 3.7857e-13
3699.56 3.8016e-13
3702.31 3.9144e-13
3705.06 3.8544e-13
3707.8 3.3229e-13
3710.55 3.3104e-13
3713.3 3.484e-13
3716.04 3.9647e-13
3718.79 3.6727e-13
3721.54 3.7641e-13
3724.28 3.897e-13
3727.03 4.1266e-13
3729.77 4.7179e-13
3732.52 4.6799e-13
3735.27 4.0611e-13
3738.01 3.5362e-13
3740.76 3.05e-13
3743.51 3.3633e-13
3746.25 3.2154e-13
3749.0 3.0771e-13
3751.74 3.0145e-13
3754.49 3.3587e-13
3757.24 3.5852e-13
3759.98 3.6718e-13
3762.73 3.7637e-13
3765.48 3.7796e-13
3768.22 3.755e-13
3770.97 3.6964e-13
3773.71 3.9016e-13
3776.46 4.258e-13
3779.21 4.3858e-13
3781.95 4.6156e-13
3784.7 4.6374e-13
3787.45 4.5758e-13
3790.19 4.4519e-13
3792.94 3.9695e-13
3795.68 3.7312e-13
3798.43 3.5296e-13
3801.18 3.5469e-13
3803.92 3.4838e-13
3806.67 3.9654e-13
3809.42 4.1727e-13
3812.16 4.3805e-13
3814.91 4.3114e-13
3817.65 4.0926e-13
3820.4 3.8254e-13
3823.15 3.5563e-13
3825.89 3.4736e-13
3828.64 3.3848e-13
3831.39 3.081e-13
3834.13 2.9778e-13
3836.88 2.8845e-13
3839.62 2.9406e-13
3842.37 3.0648e-13
3845.12 3.4086e-13
3847.86 3.784e-13
3850.61 3.98e-13
3853.36 4.02e-13
3856.1 3.9586e-13
3858.85 3.9679e-13
3861.59 3.8201e-13
3864.34 4.0238e-13
3867.09 4.0833e-13
3869.83 4.253e-13
3872.58 4.2637e-13
3875.33 4.0662e-13
3878.07 3.9405e-13
3880.82 4.0022e-13
3883.56 3.8919e-13
3886.31 3.6801e-13
3889.06 3.6451e-13
3891.8 3.7453e-13
3894.55 3.8943e-13
3897.3 4.1172e-13
3900.04 4.4854e-13
3902.79 4.5334e-13
3905.53 4.5151e-13
3908.28 4.7136e-13
3911.03 4.6991e-13
3913.77 5.0466e-13
3916.52 4.9711e-13
3919.27 4.9271e-13
3922.01 4.6045e-13
3924.76 4.4314e-13
3927.5 4.0242e-13
3930.25 3.5953e-13
3933.0 3.0889e-13
3935.74 2.8508e-13
3938.49 3.0735e-13
3941.24 3.3881e-13
3943.98 3.7437e-13
3946.73 4.1956e-13
3949.47 4.495e-13
3952.22 4.7188e-13
3954.97 4.727e-13
3957.71 4.7841e-13
3960.46 4.5328e-13
3963.21 4.0117e-13
3965.95 3.3789e-13
3968.7 2.9621e-13
3971.44 2.7899e-13
3974.19 3.0238e-13
3976.94 3.6215e-13
3979.68 4.2653e-13
3982.43 4.7678e-13
3985.18 5.0962e-13
3987.92 5.3691e-13
3990.67 5.4535e-13
3993.42 5.58e-13
3996.16 5.6777e-13
3998.91 5.798e-13
4001.65 5.8213e-13
4004.4 5.8963e-13
4007.15 5.9868e-13
4009.89 6.0657e-13
4012.64 6.1036e-13
4015.39 6.2449e-13
4018.13 6.2932e-13
4020.88 6.2684e-13
4023.62 6.2347e-13
4026.37 6.1934e-13
4029.12 6.1746e-13
4031.86 6.0101e-13
4034.61 5.9243e-13
4037.36 6.0012e-13
4040.1 6.0855e-13
4042.85 6.1798e-13
4045.59 6.1047e-13
4048.34 5.839e-13
4051.09 5.8616e-13
4053.83 5.9173e-13
4056.58 5.9989e-13
4059.33 5.9547e-13
4062.07 5.7867e-13
4064.82 5.8178e-13
4067.56 5.7521e-13
4070.31 5.8224e-13
4073.06 5.8582e-13
4075.8 5.9523e-13
4078.55 5.8572e-13
4081.3 5.81e-13
4084.04 5.9663e-13
4086.79 6.0971e-13
4089.53 6.1386e-13
4092.28 6.1132e-13
4095.03 6.0032e-13
4097.77 5.6962e-13
4100.52 5.3443e-13
4103.27 5.195e-13
4106.01 5.2148e-13
4108.76 5.3936e-13
4111.5 5.6296e-13
4114.25 5.81e-13
4117.0 5.8925e-13
4119.74 6.1063e-13
4122.49 6.1204e-13
4125.24 6.0938e-13
4127.98 6.0677e-13
4130.73 6.0126e-13
4133.47 5.9744e-13
4136.22 5.9722e-13
4138.97 6.0634e-13
4141.71 6.1854e-13
4144.46 6.098e-13
4147.21 5.947e-13
4149.95 5.9195e-13
4152.7 5.9432e-13
4155.44 5.9373e-13
4158.19 5.9298e-13
4160.94 5.9923e-13
4163.68 6.1259e-13
4166.43 6.1532e-13
4169.18 6.044e-13
4171.92 5.9018e-13
4174.67 5.6826e-13
4177.41 5.6448e-13
4180.16 5.7009e-13
4182.91 5.824e-13
4185.65 5.8988e-13
4188.4 5.8948e-13
4191.15 5.9099e-13
4193.89 5.972e-13
4196.64 5.9122e-13
4199.38 5.8454e-13
4202.13 5.9015e-13
4204.88 5.8731e-13
4207.62 5.9828e-13
4210.37 6.0509e-13
4213.12 6.1557e-13
4215.86 6.1722e-13
4218.61 6.2261e-13
4221.35 6.1182e-13
4224.1 6.0205e-13
4226.85 5.8196e-13
4229.59 5.6919e-13
4232.34 5.8171e-13
4235.09 5.9993e-13
4237.83 6.0972e-13
4240.58 6.0957e-13
4243.32 6.2183e-13
4246.07 6.3492e-13
4248.82 6.3033e-13
4251.56 6.2536e-13
4254.31 6.0818e-13
4257.06 6.0705e-13
4259.8 6.0312e-13
4262.55 6.1186e-13
4265.3 6.1864e-13
4268.04 6.2843e-13
4270.79 6.2062e-13
4273.53 5.8161e-13
4276.28 5.6739e-13
4279.03 5.7918e-13
4281.77 5.9238e-13
4284.52 6.0054e-13
4287.27 6.0228e-13
4290.01 5.8596e-13
4292.76 5.8293e-13
4295.5 5.7201e-13
4298.25 5.5824e-13
4301.0 5.3292e-13
4303.74 5.0307e-13
4306.49 4.8803e-13
4309.24 4.8034e-13
4311.98 4.9563e-13
4314.73 5.474e-13
4317.47 6.073e-13
4320.22 6.3926e-13
4322.97 6.5166e-13
4325.71 6.2481e-13
4328.46 6.2081e-13
4331.21 6.1658e-13
4333.95 6.4104e-13
4336.7 6.4025e-13
4339.44 6.1533e-13
4342.19 6.0094e-13
4344.94 6.0225e-13
4347.68 6.132e-13
4350.43 6.3918e-13
4353.18 6.4511e-13
4355.92 6.4964e-13
4358.67 6.5294e-13
4361.41 6.7444e-13
4364.16 7.0074e-13
4366.91 7.0417e-13
4369.65 7.0448e-13
4372.4 6.8977e-13
4375.15 6.7004e-13
4377.89 6.6669e-13
4380.64 6.513e-13
4383.38 6.344e-13
4386.13 6.123e-13
4388.88 6.0438e-13
4391.62 6.2177e-13
4394.37 6.482e-13
4397.12 6.5713e-13
4399.86 6.6983e-13
4402.61 6.6612e-13
4405.35 6.6023e-13
4408.1 6.5967e-13
4410.85 6.5463e-13
4413.59 6.7422e-13
4416.34 6.9252e-13
4419.09 6.9633e-13
4421.83 7.0029e-13
4424.58 6.9251e-13
4427.32 6.9933e-13
4430.07 6.957e-13
4432.82 6.9729e-13
4435.56 7.0416e-13
4438.31 7.0102e-13
4441.06 6.9814e-13
4443.8 7.1692e-13
4446.55 7.2234e-13
4449.29 7.2595e-13
4452.04 7.27e-13
4454.79 7.228e-13
4457.53 6.9757e-13
4460.28 6.7709e-13
4463.03 6.7113e-13
4465.77 6.8344e-13
4468.52 6.936e-13
4471.26 7.1839e-13
4474.01 7.2809e-13
4476.76 7.3767e-13
4479.5 7.5231e-13
4482.25 7.5144e-13
4485.0 7.5492e-13
4487.74 7.5043e-13
4490.49 7.5332e-13
4493.23 7.5738e-13
4495.98 7.4582e-13
4498.73 7.4505e-13
4501.47 7.59e-13
4504.22 7.7846e-13
4506.97 8.0179e-13
4509.71 8.1897e-13
4512.46 8.1337e-13
4515.2 7.8622e-13
4517.95 7.7396e-13
4520.7 7.7981e-13
4523.44 7.7255e-13
4526.19 7.548e-13
4528.94 7.3027e-13
4531.68 7.1154e-13
4534.43 7.0631e-13
4537.18 7.1512e-13
4539.92 7.3056e-13
4542.67 7.4622e-13
4545.41 7.538e-13
4548.16 7.5252e-13
4550.91 7.4581e-13
4553.65 7.374e-13
4556.4 7.4366e-13
4559.15 7.548e-13
4561.89 7.6709e-13
4564.64 7.7677e-13
4567.38 7.8236e-13
4570.13 7.8533e-13
4572.88 7.8405e-13
4575.62 7.8244e-13
4578.37 7.7472e-13
4581.12 7.6361e-13
4583.86 7.5461e-13
4586.61 7.5488e-13
4589.35 7.5896e-13
4592.1 7.5517e-13
4594.85 7.5785e-13
4597.59 7.571e-13
4600.34 7.5414e-13
4603.09 7.5472e-13
4605.83 7.6705e-13
4608.58 7.7961e-13
4611.32 7.9532e-13
4614.07 8.0086e-13
4616.82 8.0718e-13
4619.56 8.1333e-13
4622.31 8.1265e-13
4625.06 8.1208e-13
4627.8 8.1124e-13
4630.55 8.0906e-13
4633.29 8.0187e-13
4636.04 7.8879e-13
4638.79 7.7456e-13
4641.53 7.6619e-13
4644.28 7.6363e-13
4647.03 7.5242e-13
4649.77 7.4892e-13
4652.52 7.5321e-13
4655.26 7.5805e-13
4658.01 7.6528e-13
4660.76 7.7044e-13
4663.5 7.7095e-13
4666.25 7.5932e-13
4669.0 7.4119e-13
4671.74 7.3382e-13
4674.49 7.3918e-13
4677.23 7.415e-13
4679.98 7.4448e-13
4682.73 7.4753e-13
4685.47 7.5428e-13
4688.22 7.5872e-13
4690.97 7.5453e-13
4693.71 7.5347e-13
4696.46 7.5167e-13
4699.2 7.4968e-13
4701.95 7.3906e-13
4704.7 7.3029e-13
4707.44 7.3156e-13
4710.19 7.3369e-13
4712.94 7.3764e-13
4715.68 7.4679e-13
4718.43 7.6198e-13
4721.17 7.7334e-13
4723.92 7.7224e-13
4726.67 7.7054e-13
4729.41 7.6884e-13
4732.16 7.5424e-13
4734.91 7.4863e-13
4737.65 7.5811e-13
4740.4 7.6658e-13
4743.14 7.7566e-13
4745.89 7.8551e-13
4748.64 7.9364e-13
4751.38 7.9815e-13
4754.13 7.9161e-13
4756.88 7.8452e-13
4759.62 7.7285e-13
4762.37 7.6472e-13
4765.11 7.5713e-13
4767.86 7.5936e-13
4770.61 7.5713e-13
4773.35 7.663e-13
4776.1 7.8635e-13
4778.85 7.982e-13
4781.59 7.9836e-13
4784.34 7.9029e-13
4787.08 7.8385e-13
4789.83 7.7818e-13
4792.58 7.8415e-13
4795.32 7.9185e-13
4798.07 8.0671e-13
4800.82 8.125e-13
4803.56 8.0944e-13
4806.31 8.0731e-13
4809.05 8.0082e-13
4811.8 7.9329e-13
4814.55 7.9823e-13
4817.29 8.1483e-13
4820.04 8.1946e-13
4822.79 8.1485e-13
4825.53 8.079e-13
4828.28 7.9951e-13
4831.03 7.9322e-13
4833.77 7.9717e-13
4836.52 7.9881e-13
4839.26 7.9695e-13
4842.01 7.8243e-13
4844.76 7.8079e-13
4847.5 7.8286e-13
4850.25 7.7957e-13
4853.0 7.6372e-13
4855.74 7.5164e-13
4858.49 7.3876e-13
4861.23 7.3858e-13
4863.98 7.4813e-13
4866.73 7.5274e-13
4869.47 7.3664e-13
4872.22 7.2227e-13
4874.97 7.128e-13
4877.71 7.2685e-13
4880.46 7.4649e-13
4883.2 7.565e-13
4885.95 7.5445e-13
4888.7 7.4579e-13
4891.44 7.3834e-13
4894.19 7.5137e-13
4896.94 7.7604e-13
4899.68 7.9328e-13
4902.43 8.0603e-13
4905.17 8.0906e-13
4907.92 8.0802e-13
4910.67 7.9543e-13
4913.41 7.8225e-13
4916.16 7.7819e-13
4918.91 7.643e-13
4921.65 7.4578e-13
4924.4 7.4133e-13
4927.14 7.5742e-13
4929.89 7.7727e-13
4932.64 7.9367e-13
4935.38 7.9492e-13
4938.13 7.8802e-13
4940.88 7.7523e-13
4943.62 7.8412e-13
4946.37 8.0258e-13
4949.11 8.1828e-13
4951.86 8.2239e-13
4954.61 8.1953e-13
4957.35 8.0804e-13
4960.1 7.9534e-13
4962.85 8.0026e-13
4965.59 8.0585e-13
4968.34 7.9486e-13
4971.08 7.886e-13
4973.83 7.9102e-13
4976.58 7.9571e-13
4979.32 7.8651e-13
4982.07 7.628e-13
4984.82 7.4438e-13
4987.56 7.381e-13
4990.31 7.53e-13
4993.05 7.6898e-13
4995.8 7.706e-13
4998.55 7.6807e-13
5001.29 7.6766e-13
5004.04 7.6031e-13
5006.79 7.7172e-13
5009.53 7.8515e-13
5012.28 7.7854e-13
5015.02 7.5638e-13
5017.77 7.2761e-13
5020.52 7.1378e-13
5023.26 7.2313e-13
5026.01 7.3143e-13
5028.76 7.4592e-13
5031.5 7.5694e-13
5034.25 7.6297e-13
5036.99 7.5697e-13
5039.74 7.5118e-13
5042.49 7.3455e-13
5045.23 7.386e-13
5047.98 7.4289e-13
5050.73 7.48e-13
5053.47 7.6315e-13
5056.22 7.7015e-13
5058.96 7.7712e-13
5061.71 7.9344e-13
5064.46 7.9272e-13
5067.2 7.7674e-13
5069.95 7.7001e-13
5072.7 7.5984e-13
5075.44 7.5521e-13
5078.19 7.4921e-13
5080.93 7.3997e-13
5083.68 7.2396e-13
5086.43 7.3094e-13
5089.17 7.4575e-13
5091.92 7.6219e-13
5094.67 7.6745e-13
5097.41 7.5995e-13
5100.16 7.4749e-13
5102.91 7.4786e-13
5105.65 7.3385e-13
5108.4 7.345e-13
5111.14 7.3702e-13
5113.89 7.401e-13
5116.64 7.525e-13
5119.38 7.6068e-13
5122.13 7.5763e-13
5124.88 7.3417e-13
5127.62 7.1968e-13
5130.37 7.1498e-13
5133.11 7.1798e-13
5135.86 7.3428e-13
5138.61 7.3747e-13
5141.35 7.221e-13
5144.1 7.2516e-13
5146.85 7.208e-13
5149.59 7.1894e-13
5152.34 7.1197e-13
5155.08 7.2172e-13
5157.83 7.2868e-13
5160.58 7.3537e-13
5163.32 7.3085e-13
5166.07 6.9482e-13
5168.82 6.5176e-13
5171.56 6.1995e-13
5174.31 6.0656e-13
5177.05 6.2276e-13
5179.8 6.5108e-13
5182.55 6.611e-13
5185.29 6.5356e-13
5188.04 6.5678e-13
5190.79 6.7805e-13
5193.53 6.9949e-13
5196.28 7.1328e-13
5199.02 7.2578e-13
5201.77 7.4227e-13
5204.52 7.3288e-13
5207.26 7.1957e-13
5210.01 7.0617e-13
5212.76 7.0802e-13
5215.5 7.228e-13
5218.25 7.4177e-13
5220.99 7.5774e-13
5223.74 7.5586e-13
5226.49 7.4635e-13
5229.23 7.3177e-13
5231.98 7.3686e-13
5234.73 7.4644e-13
5237.47 7.5976e-13
5240.22 7.7864e-13
5242.96 7.8861e-13
5245.71 7.8987e-13
5248.46 7.7785e-13
5251.2 7.7044e-13
5253.95 7.6701e-13
5256.7 7.7292e-13
5259.44 7.6901e-13
5262.19 7.603e-13
5264.93 7.3508e-13
5267.68 7.0885e-13
5270.43 6.8996e-13
5273.17 6.8791e-13
5275.92 7.0899e-13
5278.67 7.4521e-13
5281.41 7.7105e-13
5284.16 7.8037e-13
5286.9 7.968e-13
5289.65 8.149e-13
5292.4 8.2629e-13
5295.14 8.2263e-13
5297.89 8.1188e-13
5300.64 8.0439e-13
5303.38 7.9623e-13
5306.13 8.0941e-13
5308.87 8.2667e-13
5311.62 8.4747e-13
5314.37 8.4818e-13
5317.11 8.3803e-13
5319.86 8.262e-13
5322.61 8.1083e-13
5325.35 7.9462e-13
5328.1 7.8045e-13
5330.84 7.6874e-13
5333.59 7.7194e-13
5336.34 7.8877e-13
5339.08 8.0848e-13
5341.83 8.1528e-13
5344.58 8.0791e-13
5347.32 8.097e-13
5350.07 8.1974e-13
5352.81 8.3292e-13
5355.56 8.4488e-13
5358.31 8.5574e-13
5361.05 8.6467e-13
5363.8 8.5819e-13
5366.55 8.3241e-13
5369.29 8.1208e-13
5372.04 8.0767e-13
5374.79 8.0289e-13
5377.53 8.1437e-13
5380.28 8.2758e-13
5383.02 8.3651e-13
5385.77 8.3773e-13
5388.52 8.3159e-13
5391.26 8.2117e-13
5394.01 8.0346e-13
5396.76 7.8824e-13
5399.5 7.8357e-13
5402.25 7.7938e-13
5404.99 7.6811e-13
5407.74 7.6202e-13
5410.49 7.619e-13
5413.23 7.7488e-13
5415.98 7.945e-13
5418.73 8.125e-13
5421.47 8.1834e-13
5424.22 8.1559e-13
5426.96 8.1647e-13
5429.71 8.0906e-13
5432.46 7.9761e-13
5435.2 7.9181e-13
5437.95 7.9518e-13
5440.7 8.1116e-13
5443.44 8.2252e-13
5446.19 8.2104e-13
5448.93 8.1191e-13
5451.68 8.0264e-13
5454.43 7.9351e-13
5457.17 7.9766e-13
5459.92 8.069e-13
5462.67 8.062e-13
5465.41 8.1131e-13
5468.16 8.1337e-13
5470.9 8.0996e-13
5473.65 8.069e-13
5476.4 7.9805e-13
5479.14 7.8474e-13
5481.89 7.8563e-13
5484.64 7.9331e-13
5487.38 8.0481e-13
5490.13 8.0789e-13
5492.87 8.0794e-13
5495.62 8.1486e-13
5498.37 8.1822e-13
5501.11 8.1709e-13
5503.86 8.1525e-13
5506.61 8.1131e-13
5509.35 8.0333e-13
5512.1 7.9943e-13
5514.84 8.0232e-13
5517.59 8.0843e-13
5520.34 8.1494e-13
5523.08 8.2492e-13
5525.83 8.3023e-13
5528.58 8.1634e-13
5531.32 8.0446e-13
5534.07 8.0079e-13
5536.81 8.1094e-13
5539.56 8.1866e-13
5542.31 8.4066e-13
5545.05 8.2729e-13
5547.8 8.4532e-13
5550.55 8.2753e-13
5553.29 8.4471e-13
5556.04 8.4009e-13
5558.78 8.1878e-13
5561.53 8.4001e-13
5564.28 8.3068e-13
5567.02 8.1319e-13
5569.77 8.0758e-13
5572.52 8.1325e-13
5575.26 7.8491e-13
5578.01 8.0824e-13
5580.75 8.3347e-13
5583.5 8.2683e-13
5586.25 7.8839e-13
5588.99 7.7376e-13
5591.74 7.7959e-13
5594.49 7.745e-13
5597.23 7.8147e-13
5599.98 7.9015e-13
5602.72 7.9009e-13
5605.47 7.9927e-13
5608.22 8.1273e-13
5610.96 8.2612e-13
5613.71 8.3115e-13
5616.46 8.1936e-13
5619.2 8.0486e-13
5621.95 8.0101e-13
5624.69 8.013e-13
5627.44 8.019e-13
5630.19 8.1038e-13
5632.93 8.115e-13
5635.68 8.1388e-13
5638.43 8.1323e-13
5641.17 8.1058e-13
5643.92 8.0917e-13
5646.66 8.1131e-13
5649.41 8.1423e-13
5652.16 8.1407e-13
5654.9 8.1125e-13
5657.65 8.0528e-13
5660.4 8.0195e-13
5663.14 7.9659e-13
5665.89 8.0248e-13
5668.64 8.0476e-13
5671.38 8.1363e-13
5674.13 8.3114e-13
5676.87 8.3362e-13
5679.62 8.3243e-13
5682.37 8.268e-13
5685.11 8.2751e-13
5687.86 8.2047e-13
5690.61 8.1804e-13
5693.35 8.1999e-13
5696.1 8.2872e-13
5698.84 8.3367e-13
5701.59 8.218e-13
5704.34 8.1174e-13
5707.08 8.025e-13
5709.83 7.9908e-13
5712.58 7.898e-13
5715.32 7.9875e-13
5718.07 8.162e-13
5720.81 8.348e-13
5723.56 8.4858e-13
5726.31 8.5579e-13
5729.05 8.6025e-13
5731.8 8.5154e-13
5734.55 8.4794e-13
5737.29 8.4561e-13
5740.04 8.5014e-13
5742.78 8.3708e-13
5745.53 8.4602e-13
5748.28 8.4463e-13
5751.02 8.4012e-13
5753.77 8.4212e-13
5756.52 8.3182e-13
5759.26 8.3922e-13
5762.01 8.3126e-13
5764.75 8.3382e-13
5767.5 8.3476e-13
5770.25 8.3939e-13
5772.99 8.3491e-13
5775.74 8.4206e-13
5778.49 8.2709e-13
5781.23 8.122e-13
5783.98 8.0136e-13
5786.72 7.971e-13
5789.47 7.9845e-13
5792.22 8.0518e-13
5794.96 8.2682e-13
5797.71 8.3769e-13
5800.46 8.4244e-13
5803.2 8.4439e-13
5805.95 8.5055e-13
5808.69 8.4822e-13
5811.44 8.4128e-13
5814.19 8.3938e-13
5816.93 8.4667e-13
5819.68 8.4593e-13
5822.43 8.4395e-13
5825.17 8.5189e-13
5827.92 8.5507e-13
5830.66 8.552e-13
5833.41 8.5699e-13
5836.16 8.5078e-13
5838.9 8.5566e-13
5841.65 8.5496e-13
5844.4 8.5885e-13
5847.14 8.5609e-13
5849.89 8.4983e-13
5852.63 8.3474e-13
5855.38 8.1918e-13
5858.13 8.1968e-13
5860.87 8.0816e-13
5863.62 8.0634e-13
5866.37 8.1835e-13
5869.11 8.2164e-13
5871.86 8.3457e-13
5874.6 8.4477e-13
5877.35 8.3337e-13
5880.1 8.2407e-13
5882.84 8.2419e-13
5885.59 8.0313e-13
5888.34 7.5878e-13
5891.08 6.9958e-13
5893.83 6.6707e-13
5896.57 6.576e-13
5899.32 6.9136e-13
5902.07 7.2996e-13
5904.81 7.717e-13
5907.56 7.9853e-13
5910.31 8.1537e-13
5913.05 7.9154e-13
5915.8 8.1346e-13
5918.54 8.0602e-13
5921.29 8.1684e-13
5924.04 8.3046e-13
5926.78 8.2379e-13
5929.53 8.2882e-13
5932.28 8.1862e-13
5935.02 8.1445e-13
5937.77 8.2376e-13
5940.52 8.2624e-13
5943.26 8.2593e-13
5946.01 8.2053e-13
5948.75 8.228e-13
5951.5 8.2528e-13
5954.25 8.1653e-13
5956.99 8.0996e-13
5959.74 8.1701e-13
5962.49 8.2498e-13
5965.23 8.2914e-13
5967.98 8.3569e-13
5970.72 8.3505e-13
5973.47 8.2928e-13
5976.22 8.2462e-13
5978.96 8.2612e-13
5981.71 8.2257e-13
5984.46 8.1558e-13
5987.2 8.1464e-13
5989.95 8.1851e-13
5992.69 8.2024e-13
5995.44 8.2739e-13
5998.19 8.2585e-13
6000.93 8.2111e-13
6003.68 8.1393e-13
6006.43 8.1164e-13
6009.17 8.0936e-13
6011.92 8.051e-13
6014.66 8.0483e-13
6017.41 8.0423e-13
6020.16 8.0778e-13
6022.9 8.0691e-13
6025.65 8.1002e-13
6028.4 8.0942e-13
6031.14 8.1852e-13
6033.89 8.3009e-13
6036.63 8.3353e-13
6039.38 8.4135e-13
6042.13 8.4079e-13
6044.87 8.3959e-13
6047.62 8.4741e-13
6050.37 8.4568e-13
6053.11 8.4107e-13
6055.86 8.3474e-13
6058.6 8.3137e-13
6061.35 8.2511e-13
6064.1 8.2726e-13
6066.84 8.2522e-13
6069.59 8.2673e-13
6072.34 8.3929e-13
6075.08 8.4409e-13
6077.83 8.4003e-13
6080.57 8.3474e-13
6083.32 8.2495e-13
6086.07 8.1928e-13
6088.81 8.1833e-13
6091.56 8.1108e-13
6094.31 8.1614e-13
6097.05 8.2099e-13
6099.8 8.1942e-13
6102.54 8.1068e-13
6105.29 8.0467e-13
6108.04 8.0724e-13
6110.78 8.1815e-13
6113.53 8.2606e-13
6116.28 8.3105e-13
6119.02 8.2672e-13
6121.77 8.1143e-13
6124.51 8.0113e-13
6127.26 8.0677e-13
6130.01 8.0851e-13
6132.75 8.1549e-13
6135.5 8.1514e-13
6138.25 8.0125e-13
6140.99 7.9591e-13
6143.74 8.0584e-13
6146.48 8.1173e-13
6149.23 8.1632e-13
6151.98 8.1776e-13
6154.72 8.1311e-13
6157.47 7.9741e-13
6160.22 7.8357e-13
6162.96 7.6643e-13
6165.71 7.5446e-13
6168.45 7.5068e-13
6171.2 7.5038e-13
6173.95 7.5739e-13
6176.69 7.6702e-13
6179.44 7.8737e-13
6182.19 7.9467e-13
6184.93 7.9303e-13
6187.68 7.873e-13
6190.42 7.8146e-13
6193.17 7.821e-13
6195.92 7.8127e-13
6198.66 7.7978e-13
6201.41 7.8795e-13
6204.16 7.9513e-13
6206.9 7.9957e-13
6209.65 8.0438e-13
6212.4 7.9737e-13
6215.14 7.8163e-13
6217.89 7.6997e-13
6220.63 7.5884e-13
6223.38 7.6398e-13
6226.13 7.6884e-13
6228.87 7.6325e-13
6231.62 7.7102e-13
6234.37 7.5687e-13
6237.11 7.4853e-13
6239.86 7.6293e-13
6242.6 7.6057e-13
6245.35 7.5685e-13
6248.1 7.613e-13
6250.84 7.6346e-13
6253.59 7.6376e-13
6256.34 7.5286e-13
6259.08 7.4768e-13
6261.83 7.5337e-13
6264.57 7.6922e-13
6267.32 7.7603e-13
6270.07 7.8303e-13
6272.81 7.8389e-13
6275.56 7.7659e-13
6278.31 7.8233e-13
6281.05 7.6821e-13
6283.8 7.7459e-13
6286.54 7.7151e-13
6289.29 8.0066e-13
6292.04 8.1518e-13
6294.78 8.0301e-13
6297.53 7.904e-13
6300.28 7.7852e-13
6303.02 7.8786e-13
6305.77 7.9106e-13
6308.51 7.9089e-13
6311.26 7.9585e-13
6314.01 7.9025e-13
6316.75 7.6316e-13
6319.5 7.8903e-13
6322.25 7.8091e-13
6324.99 7.8148e-13
6327.74 8.0778e-13
6330.48 8.0526e-13
6333.23 8.0597e-13
6335.98 7.9602e-13
6338.72 7.8901e-13
6341.47 7.9702e-13
6344.22 7.9568e-13
6346.96 7.9612e-13
6349.71 7.9805e-13
6352.45 7.9972e-13
6355.2 8.1484e-13
6357.95 7.9966e-13
6360.69 7.8478e-13
6363.44 7.8391e-13
6366.19 7.716e-13
6368.93 7.77e-13
6371.68 7.9767e-13
6374.42 8.1666e-13
6377.17 8.0954e-13
6379.92 8.1237e-13
6382.66 8.3702e-13
6385.41 8.0991e-13
6388.16 8.133e-13
6390.9 8.0586e-13
6393.65 8.0817e-13
6396.39 8.0815e-13
6399.14 8.038e-13
6401.89 7.9664e-13
6404.63 7.9945e-13
6407.38 8.0684e-13
6410.13 8.1006e-13
6412.87 8.1013e-13
6415.62 8.0356e-13
6418.36 8.0664e-13
6421.11 8.0683e-13
6423.86 7.9454e-13
6426.6 8.0622e-13
6429.35 8.0723e-13
6432.1 8.126e-13
6434.84 8.1075e-13
6437.59 8.0531e-13
6440.33 8.0346e-13
6443.08 8.0452e-13
6445.83 8.1923e-13
6448.57 8.1356e-13
6451.32 8.0679e-13
6454.07 7.9935e-13
6456.81 8.0723e-13
6459.56 8.0883e-13
6462.3 8.1021e-13
6465.05 8.0874e-13
6467.8 8.1133e-13
6470.54 8.1337e-13
6473.29 8.2137e-13
6476.04 8.2304e-13
6478.78 8.2363e-13
6481.53 8.2821e-13
6484.27 8.1776e-13
6487.02 8.1911e-13
6489.77 8.2174e-13
6492.51 8.0579e-13
6495.26 7.8784e-13
6498.01 7.6161e-13
6500.75 7.6475e-13
6503.5 7.7945e-13
6506.25 7.9366e-13
6508.99 8.1041e-13
6511.74 8.1849e-13
6514.48 8.1825e-13
6517.23 8.2172e-13
6519.98 8.2194e-13
6522.72 8.2213e-13
6525.47 8.2055e-13
6528.22 8.2236e-13
6530.96 8.1804e-13
6533.71 8.2116e-13
6536.45 8.2492e-13
6539.2 8.2418e-13
6541.95 8.3022e-13
6544.69 8.4815e-13
6547.44 8.6059e-13
6550.19 8.7833e-13
6552.93 8.8013e-13
6555.68 8.5772e-13
6558.42 8.6002e-13
6561.17 9.171e-13
6563.92 1.0346e-12
6566.66 1.1382e-12
6569.41 1.1015e-12
6572.16 9.7457e-13
6574.9 8.5292e-13
6577.65 8.1853e-13
6580.39 8.5982e-13
6583.14 9.5838e-13
6585.89 1.041e-12
6588.63 1.0562e-12
6591.38 9.8321e-13
6594.13 8.8598e-13
6596.87 8.2046e-13
6599.62 7.9878e-13
6602.36 8.0207e-13
6605.11 8.0331e-13
6607.86 8.0514e-13
6610.6 8.0464e-13
6613.35 8.0215e-13
6616.1 8.123e-13
6618.84 8.1126e-13
6621.59 8.2596e-13
6624.33 8.1626e-13
6627.08 8.1519e-13
6629.83 8.0623e-13
6632.57 7.9402e-13
6635.32 8.0088e-13
6638.07 7.9833e-13
6640.81 7.9538e-13
6643.56 8.074e-13
6646.3 8.0341e-13
6649.05 8.026e-13
6651.8 8.0701e-13
6654.54 8.1159e-13
6657.29 8.0011e-13
6660.04 8.0618e-13
6662.78 7.9769e-13
6665.53 7.939e-13
6668.27 7.9318e-13
6671.02 8.0186e-13
6673.77 7.9925e-13
6676.51 7.9678e-13
6679.26 7.9218e-13
6682.01 7.9076e-13
6684.75 7.9024e-13
6687.5 7.9201e-13
6690.24 8.0089e-13
6692.99 8.0144e-13
6695.74 7.9216e-13
6698.48 7.9323e-13
6701.23 7.9647e-13
6703.98 7.932e-13
6706.72 7.9499e-13
6709.47 8.0062e-13
6712.21 8.0495e-13
6714.96 8.203e-13
6717.71 8.5777e-13
6720.45 8.7224e-13
6723.2 8.5863e-13
6725.95 8.3254e-13
6728.69 8.142e-13
6731.44 8.3006e-13
6734.18 8.4848e-13
6736.93 8.5013e-13
6739.68 8.2763e-13
6742.42 8.0123e-13
6745.17 7.7899e-13
6747.92 7.7368e-13
6750.66 7.6842e-13
6753.41 7.6243e-13
6756.15 7.721e-13
6758.9 7.7838e-13
6761.65 7.9118e-13
6764.39 7.8561e-13
6767.14 7.8696e-13
6769.89 7.7611e-13
6772.63 7.7322e-13
6775.38 7.7368e-13
6778.13 7.8634e-13
6780.87 7.9024e-13
6783.62 7.8185e-13
6786.36 7.7843e-13
6789.11 7.6943e-13
6791.86 7.6915e-13
6794.6 7.7372e-13
6797.35 7.7253e-13
6800.1 7.7828e-13
6802.84 7.73e-13
6805.59 7.7838e-13
6808.33 7.769e-13
6811.08 7.7047e-13
6813.83 7.6852e-13
6816.57 7.7404e-13
6819.32 7.8933e-13
6829.82 7.9137e-13
6845.57 7.715e-13
6861.34 7.6787e-13
6877.16 7.6426e-13
6893.02 7.5023e-13
6908.91 7.6763e-13
6924.83 7.6402e-13
6940.8 7.8897e-13
6956.8 8.017e-13
6972.84 7.9793e-13
6988.91 7.869e-13
7005.02 7.941e-13
7021.17 7.706e-13
7037.35 7.9943e-13
7053.58 8.2363e-13
7069.83 7.5629e-13
7086.13 7.8458e-13
7102.47 7.3383e-13
7118.84 7.2535e-13
7135.25 7.1039e-13
7151.7 7.2519e-13
7168.19 7.3182e-13
7184.71 7.2503e-13
7201.27 7.0195e-13
7217.87 7.4005e-13
7234.51 7.5199e-13
7251.19 7.3818e-13
7267.91 7.381e-13
7284.66 7.5174e-13
7301.45 7.6387e-13
7318.29 7.6027e-13
7335.15 7.7432e-13
7352.07 7.7781e-13
7369.01 7.7236e-13
7386.0 8.2371e-13
7403.03 8.0858e-13
7420.09 7.9556e-13
7437.2 8.1213e-13
7454.34 7.9355e-13
7471.53 7.9164e-13
7488.75 8.0626e-13
7506.01 8.1738e-13
7523.32 8.2675e-13
7540.66 8.1908e-13
7558.04 8.1898e-13
7575.47 8.1325e-13
7592.93 8.0016e-13
7610.43 7.9822e-13
7627.97 7.7459e-13
7645.56 7.8167e-13
7663.19 7.8699e-13
7680.85 7.5322e-13
7698.56 7.6185e-13
7716.3 7.5651e-13
7734.09 7.3751e-13
7751.92 7.3572e-13
7769.79 7.4759e-13
7787.7 7.3048e-13
7805.65 7.3208e-13
7823.65 7.6649e-13
7841.68 7.2519e-13
7859.76 7.4714e-13
7877.88 7.557e-13
7896.04 7.6436e-13
7914.24 7.4859e-13
7932.49 7.3314e-13
7950.77 7.1472e-13
7969.1 7.3805e-13
7987.47 7.3626e-13
8005.89 7.2942e-13
8024.34 7.6546e-13
8042.84 7.7423e-13
8061.38 7.688e-13
8079.96 7.392e-13
8098.59 7.3741e-13
8117.26 7.5972e-13
8135.97 7.6313e-13
8154.72 7.4911e-13
8173.53 7.3196e-13
8192.37 7.1357e-13
8211.25 7.471e-13
8230.18 7.3337e-13
8249.15 7.7494e-13
8268.17 7.6246e-13
8287.23 7.4672e-13
8306.33 7.3808e-13
8325.48 7.4998e-13
8344.67 7.2442e-13
8363.91 7.4462e-13
8383.19 7.394e-13
8402.51 7.5305e-13
8421.89 7.2238e-13
8441.3 7.4423e-13
8460.76 7.2053e-13
8480.26 7.0242e-13
8499.81 7.2868e-13
8519.41 7.2025e-13
8539.04 7.0864e-13
8558.73 6.6737e-13
8578.46 7.1666e-13
8598.23 7.1491e-13
8618.06 7.0339e-13
8637.92 7.2133e-13
8657.83 6.8719e-13
8677.79 6.6684e-13
8697.8 6.4115e-13
8717.85 7.127e-13
8737.94 7.0932e-13
8758.09 7.0111e-13
8778.28 7.2232e-13
8798.51 7.156e-13
8818.8 6.9121e-13
8839.13 7.2369e-13
8859.5 7.2192e-13
8879.92 6.7209e-13
8900.4 6.7978e-13
8920.91 6.844e-13
8941.48 6.8116e-13
8962.09 6.7794e-13
8982.75 6.5032e-13
9003.46 6.7619e-13
9024.22 6.2807e-13
9045.02 7.1771e-13
9065.87 7.3602e-13
9086.77 6.9315e-13
9107.71 6.8197e-13
9128.71 6.3198e-13
9149.75 6.7242e-13
9170.85 6.864e-13
9191.98 6.7845e-13
9213.17 6.8306e-13
9234.42 6.4475e-13
9255.7 6.4466e-13
9277.04 7.1494e-13
9298.43 6.4447e-13
9319.86 6.9365e-13
9341.34 6.9515e-13
9362.87 6.8237e-13
9384.46 6.9335e-13
9406.09 6.806e-13
9427.78 6.9956e-13
9449.51 6.8986e-13
9471.29 7.0746e-13
9493.13 7.0735e-13
9515.01 6.8956e-13
9536.95 6.9424e-13
9558.93 6.7677e-13
9580.97 6.9084e-13
9603.05 6.9392e-13
9625.19 6.9863e-13
9647.38 6.8578e-13
9669.62 6.8567e-13
9691.91 6.9671e-13
9714.25 6.8232e-13
9736.65 6.744e-13
9759.09 6.7275e-13
9781.59 6.6648e-13
9804.14 6.8505e-13
9826.74 6.7867e-13
9849.39 6.8326e-13
9872.09 6.7846e-13
9894.85 6.7679e-13
9917.66 6.6894e-13
9940.52 6.7503e-13
9963.44 6.796e-13
9986.41 6.7637e-13
10032.5 6.7772e-13
10078.82 6.6821e-13
10125.33 6.8356e-13
10172.07 6.7708e-13
10219.03 6.8155e-13
10266.19 6.8606e-13
10289.86 6.828e-13
10505.32 6.5865e-13
10700.63 6.2679e-13
10899.57 6.1252e-13
11102.21 5.7959e-13
11308.61 5.7296e-13
11492.36 5.7428e-13
11706.02 5.5863e-13
11896.24 5.3103e-13
12089.53 5.2617e-13
12285.97 5.2014e-13
12514.38 5.0364e-13
12688.48 4.9218e-13
12894.64 4.8208e-13
13104.17 4.7329e-13
13286.46 4.5722e-13
13502.35 4.4681e-13
13690.19 4.3865e-13
13912.63 4.1988e-13
14106.18 3.9822e-13
14302.42 3.9276e-13
14501.39 3.9639e-13
14703.12 3.8205e-13
14907.65 3.8826e-13
15115.03 3.9095e-13
15290.06 3.9914e-13
15502.77 3.9548e-13
15682.29 3.8826e-13
15900.45 3.7422e-13
16084.56 3.7422e-13
16308.32 3.725e-13
16497.16 3.6823e-13
16688.2 3.6654e-13
16881.44 3.6235e-13
17116.29 3.5491e-13
17314.47 3.4129e-13
17514.96 3.2894e-13
17717.78 3.1414e-13
17881.71 3e-13
18088.78 2.8453e-13
18298.24 2.7614e-13
18510.13 2.6615e-13
18681.39 2.5358e-13
18897.71 2.4667e-13
19116.54 2.4273e-13
19293.42 2.3503e-13
19516.83 2.2601e-13
19697.42 2.1783e-13
19879.67 2.1044e-13
20109.87 2.0755e-13
20295.95 2.005e-13
20483.73 1.9821e-13
20720.93 1.937e-13
20912.67 1.8972e-13
21106.16 1.8669e-13
21301.46 1.8286e-13
21498.57 1.7952e-13
21697.48 1.7383e-13
21898.25 1.7066e-13
22100.86 1.6562e-13
22305.36 1.6111e-13
22511.76 1.5744e-13
22720.04 1.5315e-13
22877.55 1.3681e-13
23089.21 1.3493e-13
23302.87 1.1752e-13
23518.5 1.1044e-13
23681.51 1.1172e-13
23900.64 1.0236e-13
24121.77 9.8429e-14
24288.99 9.641e-14
24513.72 8.915e-14
24683.65 8.6921e-14
24912.03 7.2464e-14
25084.73 7.1141e-14
25316.82 7.147e-14
25492.32 7.0652e-14
25728.18 7.1965e-14
25906.54 7.0815e-14
26086.1 7.0652e-14
26327.48 6.8726e-14
26509.96 6.794e-14
26693.74 6.67e-14
26878.76 6.5784e-14
27127.47 6.4584e-14
27315.5 6.3259e-14
27504.86 6.2248e-14
27695.5 6.0831e-14
27887.49 5.9996e-14
28080.78 5.8766e-14
28275.45 5.7826e-14
28471.43 5.664e-14
28668.8 5.5478e-14
28867.51 5.4591e-14
29067.62 5.3595e-14
29269.1 5.2496e-14
29471.97 5.1537e-14
29676.27 5.0713e-14
29881.97 4.9673e-14
30089.12 4.8879e-14
30297.67 4.8098e-14
30507.7 4.7547e-14
30719.15 4.6895e-14
30932.11 4.6251e-14
31074.87 4.5722e-14
31290.26 4.5198e-14
31507.17 4.4476e-14
31725.55 4.3865e-14
31872.01 4.3363e-14
32092.93 4.2867e-14
32315.4 4.2474e-14
32464.55 4.2182e-14
32689.57 4.2376e-14
32916.18 4.3664e-14
33068.1 4.3164e-14
33297.31 4.0469e-14
33528.13 3.9185e-14
33682.88 3.8293e-14
33916.38 3.7508e-14
34072.92 3.6739e-14
34309.08 3.6151e-14
34467.47 3.5573e-14
34706.37 3.4924e-14
34866.6 3.4286e-14
35108.26 3.3738e-14
35270.3 3.3123e-14
35514.8 3.2518e-14
35678.72 3.1924e-14
35926.06 3.1414e-14
36091.87 3.0912e-14
36258.45 3.0348e-14
36509.81 2.9725e-14
36678.32 2.9183e-14
36932.54 2.8584e-14
37103.04 2.8062e-14
37274.29 2.7614e-14
37532.64 2.7047e-14
37705.91 2.6676e-14
37879.95 2.6189e-14
38142.49 2.5711e-14
38318.58 2.53e-14
38495.44 2.4838e-14
38673.12 2.4329e-14
38941.21 2.394e-14
39120.94 2.3503e-14
39301.5 2.3127e-14
39482.94 2.2601e-14
39665.17 2.2239e-14
39940.14 2.1733e-14
40124.48 2.1386e-14
40309.67 2.1044e-14
40495.72 2.066e-14
40682.67 2.0329e-14
40870.44 2.0004e-14
41059.08 1.9639e-14
41343.71 1.937e-14
41534.53 1.9016e-14
41726.23 1.8712e-14
41918.86 1.8371e-14
42112.33 1.8077e-14
42306.7 1.787e-14
42502.01 1.7544e-14
42698.18 1.7263e-14
42895.25 1.6601e-14
43093.28 1.589e-14
43292.18 1.5853e-14
43491.99 1.5245e-14
43692.73 1.4898e-14
43894.44 1.466e-14
44097.03 1.4227e-14
44300.55 1.3968e-14
44505.07 1.3744e-14
44710.48 1.3431e-14
44916.84 1.3308e-14
45124.2 1.3096e-14
45332.47 1.2857e-14
45541.7 1.2739e-14
45751.9 1.2564e-14
45857.41 1.2221e-14
46069.06 1.2193e-14
46281.69 1.1998e-14
46495.35 1.1861e-14
46709.95 1.1779e-14
46925.54 1.1591e-14
47142.12 1.1432e-14
47250.84 1.1379e-14
47468.92 1.1146e-14
47688.01 1.1069e-14
47908.17 1.0943e-14
48129.29 1.0718e-14
48351.42 1.0718e-14
48462.88 1.0523e-14
48686.61 1.0354e-14
48911.32 1.0236e-14
49137.07 1.0095e-14
49250.33 1.0026e-14
49477.7 9.8656e-15
49706.06 9.8203e-15
49935.48 9.6409e-15
50050.58 9.5274e-15
50281.64 9.412e-15
50513.72 9.2767e-15
50746.86 9.1854e-15
50863.84 9.1191e-15
50981.14 9.0532e-15
51098.65 8.9672e-15
51216.44 8.9024e-15
51334.49 8.8584e-15
51452.82 8.7944e-15
51571.43 8.7309e-15
51690.36 8.6878e-15
51809.51 8.6449e-15
51928.93 8.5824e-15
52048.63 8.5203e-15
52168.61 8.4587e-15
52288.86 8.3975e-15
52409.39 8.356e-15
52530.26 8.3147e-15
52651.34 8.2926e-15
52772.71 8.2326e-15
52894.35 8.1731e-15
53016.28 8.0953e-15
53138.48 8.0552e-15
53261.03 8.0153e-15
53383.8 7.9756e-15
53506.85 7.9361e-15
53630.19 7.8968e-15
53753.81 7.8396e-15
53877.72 7.8008e-15
54001.91 7.7621e-15
54126.45 7.7236e-15
54251.21 7.6676e-15
54376.27 7.6121e-15
54501.61 7.5743e-15
54627.24 7.5367e-15
54753.16 7.4821e-15
54879.37 7.445e-15
55005.93 7.391e-15
55132.72 7.3543e-15
55259.81 7.3515e-15
55387.18 7.3319e-15
55514.85 7.2452e-15
55642.82 7.2258e-15
55771.14 7.2065e-15
55899.7 7.1707e-15
56028.55 7.135e-15
56157.7 7.1159e-15
56287.15 7.0642e-15
56416.9 7.0291e-15
56546.94 7.0264e-15
56677.35 6.9914e-15
56807.99 6.9566e-15
56938.94 6.922e-15
57070.19 6.9193e-15
57201.74 6.9166e-15
57333.59 6.898e-15
57465.81 6.8794e-15
57598.28 6.8609e-15
57731.05 6.8425e-15
57864.12 6.8398e-15
57997.5 6.8371e-15
58131.19 6.8344e-15
58265.19 6.8316e-15
58399.55 6.8447e-15
58534.17 6.8419e-15
58669.09 6.855e-15
58804.33 6.868e-15
58939.88 6.8969e-15
59164.43 5.9213e-15
59473.86 5.9629e-15
59783.3 6.4209e-15
60092.72 7.2474e-15
60402.16 7.7015e-15
60711.59 7.7072e-15
61021.02 8.3795e-15
61330.46 1.0298e-14
61639.89 1.3382e-14
61949.32 1.6253e-14
62258.75 1.6799e-14
62568.18 1.521e-14
62877.61 1.2954e-14
63187.05 1.1003e-14
63496.48 9.9164e-15
63805.92 8.7195e-15
64115.35 8.0213e-15
64424.77 7.1073e-15
64734.22 6.7847e-15
65043.64 6.4116e-15
65353.07 6.3235e-15
65662.52 6.1745e-15
65971.94 6.2942e-15
66281.37 6.3301e-15
66590.82 6.339e-15
66900.24 6.3424e-15
67209.67 6.6851e-15
67519.11 6.321e-15
67828.54 6.4987e-15
68137.98 6.6042e-15
68447.41 6.4357e-15
68756.84 6.5588e-15
69066.27 7.1811e-15
69375.7 6.9754e-15
69685.14 8.3555e-15
69994.57 8.4854e-15
70304.0 7.267e-15
70613.43 6.8417e-15
70922.86 6.8932e-15
71232.3 7.5119e-15
71541.73 7.8206e-15
71851.16 8.0429e-15
72160.6 8.2717e-15
72470.02 8.7373e-15
72779.45 9.2121e-15
73088.9 9.7948e-15
73398.32 1.0478e-14
73707.75 1.0996e-14
74017.19 1.2036e-14
74326.62 1.311e-14
74636.05 1.4183e-14
74945.48 1.5353e-14
75234.67 1.6369e-14
75854.75 1.8451e-14
76474.86 1.8443e-14
77094.95 1.7348e-14
77715.05 1.6883e-14
78335.14 1.6067e-14
78955.25 1.4988e-14
79575.35 1.3046e-14
80195.44 1.1182e-14
80815.55 9.8437e-15
81435.64 8.7959e-15
82055.74 8.4835e-15
82675.84 8.2397e-15
83295.93 8.2154e-15
83916.04 8.33e-15
84536.13 8.5241e-15
85156.24 9.0129e-15
85776.33 9.1947e-15
86396.44 8.7844e-15
87016.52 7.5333e-15
87636.62 6.2275e-15
88256.73 5.0727e-15
88876.82 4.2721e-15
89496.91 3.8532e-15
90117.01 3.5322e-15
90737.11 3.1842e-15
91357.22 3.0452e-15
91977.31 2.8845e-15
92597.41 2.9273e-15
93217.51 2.7994e-15
93837.61 2.7316e-15
94457.7 2.691e-15
95077.79 2.5942e-15
95697.9 2.6234e-15
96318.0 2.9133e-15
96938.09 2.8714e-15
97558.2 2.4361e-15
98178.3 2.28e-15
98798.39 2.2019e-15
99418.5 2.2313e-15
100038.55 2.2346e-15
100658.7 2.2405e-15
101278.75 2.1381e-15
101898.92 2.0976e-15
102518.97 2.0281e-15
103139.12 2.0072e-15
103759.19 2.0525e-15
104379.24 2.2806e-15
104999.39 2.3966e-15
105619.45 2.5264e-15
106239.61 2.65e-15
106859.67 2.6906e-15
107479.72 2.7202e-15
108099.88 2.7591e-15
108719.94 2.9033e-15
109340.09 3.3161e-15
109960.14 4.0617e-15
110580.3 4.5031e-15
111200.36 5.6381e-15
111820.41 8.7928e-15
112440.57 1.0653e-14
113060.62 9.5789e-15
113680.78 7.7015e-15
114300.84 6.2638e-15
114920.99 5.2436e-15
115541.05 4.5937e-15
116161.1 4.1147e-15
116781.26 3.7961e-15
117401.32 3.6751e-15
118021.47 3.7021e-15
118641.52 3.7779e-15
119261.68 4.008e-15
119881.74 4.0411e-15
120501.79 3.8911e-15
121121.96 3.726e-15
121742.01 3.6371e-15
122362.16 3.936e-15
122982.21 4.1881e-15
123602.29 4.1574e-15
124222.43 4.1719e-15
124842.49 4.3941e-15
125462.64 4.6011e-15
126082.71 4.8124e-15
126702.85 4.9267e-15
127322.92 5.1771e-15
127942.97 6.2235e-15
128563.13 5.3389e-15
129183.18 3.3924e-15
129803.34 2.8936e-15
130423.39 2.7443e-15
131043.45 2.6976e-15
131663.6 2.6626e-15
132283.67 2.6144e-15
132903.82 2.5461e-15
133523.87 2.4827e-15
134144.02 2.443e-15
134764.09 2.4329e-15
135384.15 2.4302e-15
136004.3 2.3644e-15
136624.35 2.2801e-15
137244.51 2.138e-15
137864.57 2.0225e-15
138484.73 2.0301e-15
139104.77 1.9864e-15
139724.83 1.982e-15
140344.99 2.0377e-15
140965.05 2.0223e-15
141585.19 2.0296e-15
142205.26 2.0599e-15
142472.19 1.9935e-15
143387.85 1.8958e-15
144303.6 1.7575e-15
145219.26 1.6868e-15
146134.91 1.6157e-15
147050.66 1.5493e-15
147966.32 1.5139e-15
148881.97 1.4878e-15
149797.63 1.4522e-15
150713.38 1.4517e-15
151629.04 1.4483e-15
152544.68 1.4524e-15
153460.44 1.4547e-15
154376.1 1.5181e-15
155291.74 1.773e-15
156207.4 1.7562e-15
157123.16 1.5488e-15
158038.82 1.5617e-15
158954.46 1.6385e-15
159870.21 1.6401e-15
160785.87 1.6371e-15
161701.52 1.6521e-15
162617.27 1.8175e-15
163532.93 2.1983e-15
164448.58 2.5144e-15
165364.24 2.3715e-15
166280.01 2.1838e-15
167195.63 2.2153e-15
168111.29 2.2389e-15
169026.95 2.3543e-15
169942.71 2.8958e-15
170858.37 2.9217e-15
171774.03 2.4085e-15
172689.78 2.2994e-15
173605.43 2.2875e-15
174521.09 2.1174e-15
175436.84 1.8601e-15
176352.48 1.7241e-15
177268.14 1.71e-15
178183.79 1.6831e-15
179099.54 1.6342e-15
180015.2 1.5128e-15
180930.85 1.435e-15
181846.6 1.4104e-15
182762.26 1.387e-15
183677.9 1.3844e-15
184593.66 1.3834e-15
185509.32 1.4278e-15
186424.98 1.778e-15
187340.62 2.1185e-15
188256.38 1.6403e-15
189172.04 1.4237e-15
190087.68 1.378e-15
191003.45 1.3751e-15
191919.11 1.3308e-15
192834.74 1.331e-15
193750.4 1.3097e-15
194666.17 1.2951e-15
195581.81 1.3013e-15
196497.47 1.2945e-15
197413.23 1.2802e-15
198328.87 1.2642e-15
199244.53 1.2567e-15
200160.19 1.2652e-15
201075.95 1.2664e-15
201991.59 1.2571e-15
202907.25 1.2373e-15
203823.0 1.2205e-15
204738.65 1.2164e-15
204921.6 1.2007e-15
206684.51 1.2615e-15
208448.5 1.2083e-15
210213.4 1.1756e-15
211979.39 1.2335e-15
213746.39 1.2243e-15
215514.48 1.1755e-15
217283.46 1.2075e-15
219053.56 1.2288e-15
220824.66 1.1957e-15
222596.84 1.1716e-15
224370.04 1.2184e-15
226144.22 1.2435e-15
227919.49 1.2369e-15
229695.77 1.2254e-15
231473.06 1.2532e-15
233251.44 1.2632e-15
235030.83 1.281e-15
236811.29 1.2703e-15
238592.87 1.2609e-15
240375.44 1.2656e-15
242159.02 1.2762e-15
243943.7 1.2653e-15
245729.36 1.2438e-15
247516.24 1.2595e-15
249304.01 1.2728e-15
251092.86 1.2989e-15
252882.83 1.3072e-15
254673.89 1.2818e-15
256465.95 1.3291e-15
258259.1 1.4064e-15
260053.36 1.4313e-15
261848.72 1.3424e-15
263645.09 1.2965e-15
265442.51 1.3056e-15
267241.1 1.3133e-15
269040.62 1.3066e-15
270841.38 1.3178e-15
272643.12 1.3231e-15
274445.98 1.3189e-15
276249.93 1.3229e-15
278054.97 1.3328e-15
279861.11 1.3645e-15
281668.34 1.4181e-15
283476.69 1.4042e-15
285286.13 1.3604e-15
287096.67 1.3568e-15
288908.3 1.3717e-15
290721.02 1.391e-15
292534.86 1.4028e-15
294349.8 1.4144e-15
296165.82 1.4195e-15
297983.04 1.4114e-15
299801.38 1.4185e-15
301620.68 1.4284e-15
303441.2 1.4623e-15
305262.82 1.4743e-15
307085.65 1.5168e-15
308909.48 1.4895e-15
310734.5 1.5115e-15
312560.7 1.5038e-15
314387.93 1.5056e-15
316216.35 1.5409e-15
318045.92 1.5736e-15
319876.52 1.5774e-15
321708.34 1.6326e-15
323541.38 1.7144e-15
325375.45 1.6262e-15
327210.64 1.6662e-15
329047.07 1.6785e-15
330884.67 1.7245e-15
332723.35 1.8652e-15
334563.16 2.2696e-15
336404.15 2.1738e-15
338246.37 1.7671e-15
340089.73 1.7875e-15
341934.22 1.7475e-15
343779.83 1.7425e-15
345626.7 1.9585e-15
347474.71 2.6733e-15
349323.88 2.9e-15
