102.05 4.270847762614772e-20
103.94 5.009090412393383e-20
106.12 6.000859539934726e-20
108.09 7.337125235304763e-20
110.1 1.0277110125244158e-19
113.97 1.3817991344224158e-19
117.98 1.7583830931001611e-19
121.0 5.958348787749821e-19
124.97 7.157541729051716e-19
127.0 7.658020033437014e-19
127.88 8.048234168227471e-19
130.86 8.763600634099641e-19
132.07 1.0197438905098395e-18
133.91 1.0732809568580165e-18
137.03 1.323709159557974e-18
139.9 1.4246286178530806e-18
143.15 3.629563474187111e-18
147.16 8.404801659434328e-18
150.94 8.893048441442534e-18
155.17 9.525047508391162e-18
159.15 1.0221454208173754e-17
162.11 1.0727210889486983e-17
165.88 1.1560998704931864e-17
170.14 1.2241387674726214e-17
172.9 1.2813335669697286e-17
176.93 1.3531572654126695e-17
179.81 1.403672865602256e-17
181.89 1.444265017156316e-17
186.12 1.5186581681454067e-17
190.9 1.6130366004956493e-17
194.0 1.6854060288031557e-17
198.06 1.7555435777069876e-17
202.21 1.8457373583550358e-17
205.02 1.9056384011944055e-17
209.8 1.9196491613155032e-17
216.17 2.130397890790532e-17
220.19 2.2240064842046972e-17
223.26 2.2603892897389398e-17
226.88 2.3637050440392954e-17
230.04 3.5868035859998866e-17
233.78 6.097926388201914e-17
239.77 7.467484896162205e-17
245.93 7.067613136237129e-17
252.23 7.438156251945305e-17
256.92 6.231298135297334e-17
259.9 7.170755073535303e-17
264.12 7.488260672039197e-17
269.03 7.441184588490037e-17
274.03 7.378616715627086e-17
279.13 7.334466567185561e-17
284.32 7.291521081778855e-17
290.27 6.91484061074806e-17
295.67 6.9884675532542e-17
301.16 6.855202306023814e-17
308.18 6.881869499657105e-17
318.28 6.925112073291279e-17
327.95 6.836768160329022e-17
337.91 6.690823757462717e-17
348.18 6.536237532628501e-17
357.11 6.430924294645422e-17
366.27 6.373155022576532e-17
374.8 6.238016326727938e-17
385.3 5.929626744060858e-17
395.19 5.978695761453639e-17
405.32 5.90692896517476e-17
413.81 5.767559161081559e-17
422.48 5.646374421905785e-17
430.33 5.533516541527389e-17
441.37 5.436796343883806e-17
450.61 5.2784292503288566e-17
460.05 5.161478203316391e-17
469.68 5.048977934736885e-17
479.52 4.97425341662969e-17
489.56 4.813139443288861e-17
499.81 4.7668368179469087e-17
505.6 4.667582432012757e-17
511.45 4.764152955489688e-17
519.76 4.693883098183421e-17
529.42 4.5596431525497375e-17
540.51 4.3885833092054446e-17
550.56 4.2858160655772866e-17
559.5 4.285002494450825e-17
569.91 4.274657889887343e-17
580.5 4.149031977142633e-17
589.93 4.104134451167295e-17
599.52 3.9500591906155703e-17
610.67 3.523910634548879e-17
620.59 3.9050441676801824e-17
630.67 3.804818415167081e-17
639.45 3.7772891450383377e-17
649.84 3.6991124769121785e-17
657.36 3.6066331778139856e-17
664.97 3.6321489742035964e-17
675.78 3.6004913180824576e-17
685.18 3.44837175600872e-17
694.71 3.48304377442212e-17
704.37 3.32191492795872e-17
715.82 3.3963167013168776e-17
725.78 3.3468588272783914e-17
734.18 3.313068644524673e-17
744.39 3.2510309942895866e-17
754.75 3.205660743430453e-17
765.25 2.9437904566484785e-17
774.11 3.124691097890533e-17
784.88 3.033694178620297e-17
795.8 3.042552140606892e-17
805.01 3.0294643379449036e-17
814.34 2.9962885477429666e-17
825.66 2.979278044976201e-17
835.22 2.7763895886305375e-17
844.9 2.90345483548151e-17
854.68 2.8604355534826577e-17
864.58 2.8445400192264306e-17
874.59 2.8358176902232534e-17
884.71 2.814594211352936e-17
894.96 2.800533514919621e-17
905.32 2.7613818197389673e-17
915.81 3.207130007009596e-17
924.28 5.751069021395929e-17
934.98 8.828345343291544e-17
945.81 1.2766591525884006e-16
954.56 1.5881860695369355e-16
965.61 1.7630183172987342e-16
974.55 6.937570619201416e-17
985.83 1.5765949034335368e-16
994.95 1.60246530770824e-16
1004.16 2.0889263553502306e-16
1015.79 2.0590004939147755e-16
1025.19 1.0962723876179157e-16
1034.67 1.6642640326141977e-16
1044.25 2.6399720515936293e-16
1053.91 2.606305285574844e-16
1066.11 2.193547522301527e-16
1075.98 2.5160522513060966e-16
1085.93 2.057456594231821e-16
1095.98 2.6547995847055503e-16
1106.12 2.57503414117833e-16
1113.79 2.505454286508485e-16
1124.1 2.289551831416077e-16
1134.5 2.796814318284373e-16
1144.99 2.6160770732091077e-16
1155.59 2.752362014821992e-16
1166.28 2.823728685542022e-16
1174.37 2.0615823697235774e-16
1185.23 2.769631345889827e-16
1196.2 2.1317183540565092e-16
1204.49 1.7033302513901918e-16
1215.64 1.1916497566793567e-16
1224.06 2.1471178201524876e-16
1235.39 2.959840563023671e-16
1243.95 3.1965289783313137e-16
1255.46 3.116763553978713e-16
1264.16 2.8042682716126267e-16
1275.86 3.447291053431139e-16
1284.7 3.592069737122404e-16
1293.61 2.9724211511477427e-16
1305.58 2.9736806164365726e-16
1314.63 3.5878590948517824e-16
1323.74 3.461570347260372e-16
1335.99 3.14808595718593e-16
1345.25 3.6415628328613254e-16
1354.58 3.5517259197571554e-16
1363.97 3.239777880849547e-16
1373.42 3.3690637081457757e-16
1386.13 3.409828408920909e-16
1395.74 2.941595132557283e-16
1405.41 3.0224129190812666e-16
1415.15 3.2214135345783195e-16
1424.96 3.2711729379729854e-16
1434.84 3.2830879899153843e-16
1441.46 3.4328612926380553e-16
1448.12 3.4832325550249716e-16
1454.8 3.3986080261024934e-16
1464.88 3.1749485467155004e-16
1475.04 3.185085368098638e-16
1485.26 3.2391931334413567e-16
1495.56 3.278874891652715e-16
1505.92 3.1330583716066997e-16
1512.88 2.8387365373437054e-16
1516.36 2.9935611682778234e-16
1523.36 2.966754136250855e-16
1533.92 2.638923672670813e-16
1544.55 2.8414855680638375e-16
1555.26 2.707760658108008e-16
1566.04 2.777345754919164e-16
1573.27 3.0175574114371665e-16
1584.18 3.166879460776343e-16
1595.16 3.277902570963152e-16
1606.21 3.1953405420244653e-16
1613.63 3.17282437442473e-16
1624.81 2.9878017521002254e-16
1636.08 3.200449498007097e-16
1643.63 3.327367134170797e-16
1655.02 2.9917788707671356e-16
1666.49 3.370780971252552e-16
1670.33 2.901793502155218e-16
1678.04 3.7801575588422394e-16
1685.79 3.93879129388992e-16
1693.57 3.582575201716983e-16
1705.31 3.52324047103331e-16
1713.18 3.57906844239418e-16
1725.06 3.609779114534721e-16
1733.02 3.947309223603085e-16
1745.03 3.854700464287118e-16
1753.09 4.2538102289305437e-16
1765.24 3.7107934671631434e-16
1773.39 4.0200781629710727e-16
1785.68 4.091648144011639e-16
1793.92 4.673657890971916e-16
1806.36 4.480195349930608e-16
1814.69 4.305824131220956e-16
1823.07 4.3033926324577184e-16
1835.71 4.0965548024235923e-16
1844.18 3.6405375098220227e-16
1856.96 3.9791129599416916e-16
1865.53 4.350260473013262e-16
1874.15 4.459142021885038e-16
1887.14 4.323620957848989e-16
1895.85 4.493299244589284e-16
1904.6 4.490578049751186e-16
1913.39 4.560550228597487e-16
1926.65 4.3312115452772536e-16
1935.54 3.7438897677664117e-16
1944.48 4.920869156088198e-16
1953.45 4.816698875700139e-16
1966.99 5.461785325198406e-16
1976.07 5.321677675942779e-16
1985.2 5.44201375775877e-16
1994.36 5.400976845553069e-16
2003.56 5.238331493460275e-16
2012.81 5.222807794179596e-16
2026.76 4.94840723731504e-16
2036.12 5.51036132400009e-16
2045.52 5.99632419454238e-16
2054.96 5.696331211145185e-16
2064.44 5.550304857246958e-16
2073.97 6.295281128323454e-16
2078.76 8.489420398354555e-16
2083.55 9.632341131667264e-16
2093.16 8.962878660877388e-16
2102.83 8.494952237574029e-16
2117.4 9.198572407111506e-16
2127.18 8.618559957101979e-16
2136.99 7.801033285747499e-16
2146.86 9.547069228130613e-16
2156.77 9.695662642719313e-16
2166.72 8.635717509054467e-16
2176.72 8.770267004008545e-16
2186.77 1.0273814160534958e-15
2196.86 1.0506262286235256e-15
2207.0 1.009644841840084e-15
2217.19 8.201263660284736e-16
2227.43 8.94558846426754e-16
2232.56 1.1441103824377822e-15
2242.87 1.0769502681345643e-15
2253.22 8.667927892073311e-16
2263.62 8.406964600690008e-16
2274.07 9.29744058526372e-16
2284.56 1.1589998338699095e-15
2295.11 9.903392952104755e-16
2305.7 1.1600564605376945e-15
2316.35 1.0096851273761882e-15
2327.04 7.653888784367172e-16
2332.4 7.357560711569109e-16
2343.17 5.437869428693141e-16
2353.98 9.335483508023556e-16
2364.85 5.899835810586143e-16
2375.76 7.439422289018651e-16
2386.73 4.855715766452464e-16
2397.75 5.942289849240306e-16
2403.27 5.858862190963408e-16
2414.37 6.800307178094877e-16
2425.51 1.0770525576285168e-15
2436.71 1.0788189294154121e-15
2442.32 1.264145714851695e-15
2453.6 1.3289610088958371e-15
2464.92 1.18640316254602e-15
2476.3 1.0639989880347397e-15
2487.73 7.79223729935846e-16
2493.47 8.680112857178516e-16
2504.97 1.297889177695357e-15
2510.75 6.458015045705568e-16
2516.54 5.431959897811124e-16
2522.34 5.778510503303984e-16
2533.98 8.270741907733366e-16
2545.68 8.836243183541768e-16
2557.43 1.4520851653140232e-15
2563.32 1.1216310957664831e-15
2575.15 1.3982128735194804e-15
2587.04 1.2656304943971451e-15
2593.0 1.143328846214954e-15
2604.97 1.0043662331857718e-15
2617.0 9.112276902047698e-16
2623.03 1.2402033926845304e-15
2635.14 1.9825366712272466e-15
2647.3 2.6912454958822582e-15
2653.4 3.5467371187655714e-15
2665.65 2.3257107409473513e-15
2677.95 2.6747173724961096e-15
2684.13 3.0141174065412767e-15
2696.52 2.300889656909704e-15
2702.73 2.7974409080567613e-15
2715.21 2.091701045784303e-15
2727.74 1.799858123747953e-15
2734.03 2.2034758367149907e-15
2746.65 1.235520620176327e-15
2752.98 1.6357434502309112e-15
2765.69 2.1059888134402657e-15
2772.06 2.2873256607169894e-15
2784.86 1.4192854368096279e-15
2797.71 6.409211551686652e-16
2804.16 7.792626354181254e-16
2817.11 2.076975577876478e-15
2823.6 3.02909178654185e-15
2836.63 2.937948975005078e-15
2843.17 2.327643170475591e-15
2856.3 1.4711657231054004e-15
2862.88 3.1082850404885336e-15
2876.09 3.884017917133615e-15
2882.73 3.524968852865342e-15
2896.03 4.119978376976881e-15
2909.4 5.478529246505558e-15
2929.57 4.844912384755794e-15
2949.87 4.580440886547733e-15
2970.32 4.903783873796768e-15
2990.91 5.002113954191834e-15
3011.64 5.161545303832172e-15
3032.52 5.412720473837077e-15
3046.51 5.6643231014979545e-15
3067.63 6.078338356757095e-15
3088.9 6.101281112993628e-15
3110.31 6.8397729546889724e-15
3131.87 6.46660732298841e-15
3153.58 6.505638493801706e-15
3168.13 7.0800824316002115e-15
3190.09 6.203929319879778e-15
3212.2 6.93890582271265e-15
3227.03 5.889207591496426e-15
3249.4 8.029407949011411e-15
3271.92 9.317494109710923e-15
3287.03 9.163352690572815e-15
3309.81 8.803922145044431e-15
3325.09 8.441549831944419e-15
3332.75 8.655696444696005e-15
3340.44 8.056963832896296e-15
3348.14 9.955227614082927e-15
3355.86 9.2452586869679e-15
3363.59 6.543257593345924e-15
3371.34 7.390502514854849e-15
3379.12 9.56181235595598e-15
3386.91 9.107786185090571e-15
3394.71 8.87747567507034e-15
3402.54 1.0818152037594187e-14
3410.38 8.790706902654356e-15
3418.24 8.277573975678336e-15
3426.13 9.306395859012358e-15
3434.02 1.0584026974491772e-14
3441.94 9.047391821758643e-15
3449.87 8.47988966902903e-15
3457.83 9.555831230045407e-15
3465.8 8.455198287773118e-15
3473.79 1.0232972539301171e-14
3481.8 8.971550186717255e-15
3489.82 9.87984256552731e-15
3497.87 8.884221936445914e-15
3505.93 1.0801377619632094e-14
3514.01 9.579853519190894e-15
3522.11 1.0671340897338406e-14
3530.23 8.792229646015587e-15
3538.37 1.0838359601950684e-14
3546.53 1.1113142365247205e-14
3554.7 1.108415163842819e-14
3562.9 1.034118482520816e-14
3571.11 8.500408292156918e-15
3579.34 9.42540470038874e-15
3587.59 7.314347461858464e-15
3595.86 9.977720494957242e-15
3604.15 1.1426263378795636e-14
3612.46 8.625338578715963e-15
3620.79 1.0014861461869547e-14
3629.14 1.2574744450381772e-14
3637.5 1.0241778133452351e-14
3645.89 1.2196402094947403e-14
3654.29 1.1670683649244457e-14
3662.72 1.4620510046057137e-14
3671.16 1.3207664713300902e-14
3679.62 1.3052524259694586e-14
3688.1 1.229022881804025e-14
3696.61 1.3317443145312282e-14
3705.13 1.436419806897364e-14
3713.67 1.1327881473653037e-14
3722.23 1.1722339284060795e-14
3730.81 1.1745638633388206e-14
3739.41 7.340754291868554e-15
3748.03 1.0036760606124568e-14
3756.67 1.245824812175124e-14
3765.33 1.1516285688214348e-14
3774.01 1.0969250916590966e-14
3782.71 1.469044363523468e-14
3791.43 1.171919957888456e-14
3800.17 9.857251324056469e-15
3808.93 1.388716413694019e-14
3817.71 1.1441284422569535e-14
3826.51 1.087256511116634e-14
3835.33 8.753511955475148e-15
3844.18 8.690636762699303e-15
3853.04 1.2703107292534518e-14
3861.92 1.1239777628160899e-14
3870.82 1.3170916604310509e-14
3872.26 1.1401746668407279e-14
3876.3 1.1156870451401421e-14
3880.34 1.1680129459370237e-14
3884.37 1.2434057269098015e-14
3888.41 1.2555975777128333e-14
3892.45 1.3552271693034124e-14
3896.49 1.4261931510660155e-14
3900.52 1.4452813676225095e-14
3904.56 1.5240636901201507e-14
3908.6 1.5163272489308615e-14
3912.63 1.5024929233886228e-14
3916.67 1.4974524105253518e-14
3920.71 1.3545262229323018e-14
3924.75 1.175711292730613e-14
3928.78 9.363302151883876e-15
3932.82 8.29671103441661e-15
3936.86 9.358190865998921e-15
3940.9 9.871848546716755e-15
3944.93 1.3041126146808748e-14
3948.97 1.4369287992384673e-14
3953.01 1.3952568075527043e-14
3957.04 1.279011707966684e-14
3961.08 1.2470057110622809e-14
3965.12 1.0682345872512682e-14
3969.16 1.0381627826568133e-14
3973.19 1.2022401430151061e-14
3977.23 1.4338122626013817e-14
3981.27 1.7170992773814455e-14
3985.31 1.794575337537549e-14
3989.34 1.9599381541238657e-14
3993.38 2.0253128602328402e-14
3997.42 2.0460193368040422e-14
4001.45 2.1072097663188156e-14
4005.49 2.0626736781385284e-14
4009.53 2.1005789660991858e-14
4013.57 2.1598769593053614e-14
4017.6 2.2809233863067405e-14
4021.64 2.271033729365279e-14
4025.68 2.181515078815607e-14
4029.72 2.150624148823988e-14
4033.75 2.1185622610797024e-14
4037.79 2.1412336130403137e-14
4041.83 2.0933043086053583e-14
4045.86 2.0608741835497254e-14
4049.9 2.0598204800277e-14
4053.94 2.0723022505678547e-14
4057.98 2.0618549906958934e-14
4062.01 2.1818248309100916e-14
4066.05 2.1049412326062817e-14
4070.09 2.0363336947124247e-14
4074.13 2.0553885636488827e-14
4078.16 2.1769480493471003e-14
4082.2 2.2315340776382633e-14
4086.24 2.2477701995946305e-14
4090.27 2.2643994146338638e-14
4094.31 2.1572307256491457e-14
4098.35 2.0664653965738706e-14
4102.39 2.012163757971967e-14
4106.42 2.0248055593100877e-14
4110.46 2.1074632034795084e-14
4114.5 2.2082984257791166e-14
4118.54 2.2197048684282373e-14
4122.57 2.2455031814683344e-14
4126.61 2.214677608634438e-14
4130.65 2.1414839848915554e-14
4134.68 2.177083316321528e-14
4138.72 2.2072666246942945e-14
4142.76 2.1583294407494902e-14
4146.8 2.1194083979552257e-14
4150.83 2.192966287371315e-14
4154.87 2.1699963349124977e-14
4158.91 2.247663902564308e-14
4162.95 2.159807600363355e-14
4166.98 2.265553019124897e-14
4171.02 2.150782012804198e-14
4175.06 2.0903966614270554e-14
4179.09 2.1658635951314132e-14
4183.13 2.1747736056090253e-14
4187.17 2.2228461301546732e-14
4191.21 2.219590248808228e-14
4195.24 2.1415182001409238e-14
4199.28 2.1748678169843817e-14
4203.32 2.2424595997901507e-14
4207.36 2.2329097920423163e-14
4211.39 2.2885316753145854e-14
4215.43 2.305365475202367e-14
4219.47 2.1641099785597294e-14
4223.5 2.189122255099967e-14
4227.54 2.2286060414902095e-14
4231.58 2.2083072481654482e-14
4235.62 2.284633638765314e-14
4239.65 2.36316051738375e-14
4243.69 2.418886285724565e-14
4247.73 2.3800392672628646e-14
4251.77 2.3677671116222608e-14
4255.8 2.315024056930678e-14
4259.84 2.331874642376351e-14
4263.88 2.3374687105019236e-14
4267.91 2.3687072787277735e-14
4271.95 2.3000561719474808e-14
4275.99 2.2652130155874145e-14
4280.03 2.223814476416008e-14
4284.06 2.2668798332030783e-14
4288.1 2.2213177047537295e-14
4292.14 2.1312340500534047e-14
4296.18 1.9631997880588336e-14
4300.21 1.890516846603764e-14
4304.25 1.888687293514944e-14
4308.29 1.9375411602314374e-14
4312.32 2.1461734630718267e-14
4316.36 2.2864689459443176e-14
4320.4 2.5171239141654982e-14
4324.44 2.6088892490209895e-14
4328.47 2.551291981991561e-14
4332.51 2.5632455102688018e-14
4336.55 2.5520076434813123e-14
4340.59 2.5623588368878743e-14
4344.62 2.518941889529039e-14
4348.66 2.5922802615111983e-14
4352.7 2.724012723987393e-14
4356.73 2.8057928015853643e-14
4360.77 2.7669254714946436e-14
4364.81 2.8499742737654935e-14
4368.85 2.7957124954762842e-14
4372.88 2.761558916380797e-14
4376.92 2.6188767059643916e-14
4380.96 2.521079086883304e-14
4385.0 2.4794318563917584e-14
4389.03 2.543820197139698e-14
4393.07 2.5917656199808828e-14
4397.11 2.5959979331957955e-14
4401.14 2.7487348862176895e-14
4405.18 2.7407704103979945e-14
4409.22 2.713837521746786e-14
4413.26 2.7626443982155917e-14
4417.29 2.8294205639989554e-14
4421.33 2.931855305757549e-14
4425.37 2.909453146834231e-14
4429.4 2.869542193137955e-14
4433.44 2.907015765381613e-14
4437.48 2.920673775863037e-14
4441.52 3.051019171316219e-14
4445.55 3.0534650752164427e-14
4449.59 2.938943749191319e-14
4453.63 2.9286673065947857e-14
4457.67 2.956508877652997e-14
4461.7 2.960926530600205e-14
4465.74 2.979671178757348e-14
4469.78 3.0604024053177566e-14
4473.82 3.122872868326608e-14
4477.85 3.302266764663601e-14
4481.89 3.28032860455745e-14
4485.93 3.176925414992354e-14
4489.96 3.1855568522503635e-14
4494.0 3.304384131479714e-14
4498.04 3.309998053591418e-14
4502.08 3.336126060089643e-14
4506.11 3.443086130400393e-14
4510.15 3.4885451023592907e-14
4514.19 3.3882130667142525e-14
4518.23 3.359300822865505e-14
4522.26 3.148583224634379e-14
4526.3 3.140610630882289e-14
4530.34 3.155772717674262e-14
4534.37 3.1910923214585045e-14
4538.41 3.214198777020743e-14
4542.45 3.202877500662402e-14
4546.49 3.258331936655622e-14
4550.52 3.325990959377139e-14
4554.56 3.3814072900085215e-14
4558.6 3.3854697592363374e-14
4562.64 3.3823036908687656e-14
4566.67 3.494268149790482e-14
4570.71 3.4607256984184284e-14
4574.75 3.3995025033264264e-14
4578.78 3.422804237078087e-14
4582.82 3.373532419824354e-14
4586.86 3.278586672681729e-14
4590.9 3.380465435676735e-14
4594.93 3.4261184275828187e-14
4598.97 3.454554351565342e-14
4603.01 3.5129082138882e-14
4607.04 3.53033498835291e-14
4611.08 3.571662639320484e-14
4615.12 3.727068928541926e-14
4619.16 3.6734974313338555e-14
4623.19 3.637779844359898e-14
4627.23 3.662204029974321e-14
4631.27 3.571551134953383e-14
4635.31 3.4717258125927416e-14
4639.34 3.4656475016738e-14
4643.38 3.427584001620168e-14
4647.42 3.373188064404982e-14
4651.45 3.4461738353008107e-14
4655.49 3.44351416653247e-14
4659.53 3.503608928161442e-14
4663.57 3.5465048389653996e-14
4667.6 3.442637836583341e-14
4671.64 3.3995937758400303e-14
4675.68 3.479187440306716e-14
4679.72 3.452213086528038e-14
4683.75 3.4489169770724606e-14
4687.79 3.455452023496395e-14
4691.83 3.434822484716477e-14
4695.86 3.423243365753547e-14
4699.9 3.3551258652747614e-14
4703.94 3.457946069146669e-14
4707.98 3.4598481881630684e-14
4712.01 3.51661481336124e-14
4716.05 3.582926391739394e-14
4720.09 3.643452949399317e-14
4724.13 3.611423025153641e-14
4728.16 3.6075707252712846e-14
4732.2 3.6670445951993773e-14
4736.24 3.6434265061324745e-14
4740.27 3.665578909841122e-14
4744.31 3.684241030203311e-14
4748.35 3.679474686329133e-14
4752.39 3.746755404010217e-14
4756.42 3.6112342650532314e-14
4760.46 3.585402910121942e-14
4764.5 3.6165330881274844e-14
4768.54 3.658275735616095e-14
4772.57 3.671268489210662e-14
4776.61 3.672711308443551e-14
4780.65 3.69085634007122e-14
4784.68 3.659164853229952e-14
4788.72 3.6740647862920455e-14
4792.76 3.760009340281159e-14
4796.8 3.741830334067623e-14
4800.83 3.8296420921874964e-14
4804.87 3.818727538097736e-14
4808.91 3.7835778629003774e-14
4812.95 3.8080084816891125e-14
4816.98 3.808685973500991e-14
4821.02 3.8646092586068105e-14
4825.06 3.7852000795326426e-14
4829.09 3.791320266663847e-14
4833.13 3.8249143986362486e-14
4837.17 3.756040004109987e-14
4841.21 3.7794576198827026e-14
4845.24 3.677259404455352e-14
4849.28 3.6370916116113276e-14
4853.32 3.602790729313671e-14
4857.36 3.5182171892963997e-14
4861.39 3.3660618120715245e-14
4865.43 3.389279318317298e-14
4869.47 3.494996105623157e-14
4873.5 3.544584750124694e-14
4877.54 3.6571483820922295e-14
4881.58 3.621403008567054e-14
4885.62 3.647290566265165e-14
4889.65 3.6560947166602864e-14
4893.69 3.8070553140727254e-14
4897.73 3.85599507633462e-14
4901.77 3.854788602496919e-14
4905.8 3.902633150542068e-14
4909.84 3.786391807619788e-14
4913.88 3.7480983860216026e-14
4917.91 3.803083740058246e-14
4921.95 3.7723126104681686e-14
4925.99 3.790156485808066e-14
4930.03 3.8453624837846315e-14
4934.06 3.862123954720199e-14
4938.1 3.92393946094348e-14
4942.14 3.927642213776211e-14
4946.18 3.8976812384752664e-14
4950.21 3.9798547246072154e-14
4954.25 3.93214433703766e-14
4958.29 3.9393224924584736e-14
4962.32 3.941431425906404e-14
4966.36 3.963917116911814e-14
4970.4 3.8752332279910223e-14
4974.44 3.808503194490701e-14
4978.47 3.7477705500619674e-14
4982.51 3.741075845272768e-14
4986.55 3.7369338442220917e-14
4990.59 3.734951230703483e-14
4994.62 3.645548023899574e-14
4998.66 3.824541851324287e-14
5002.7 3.747320183140018e-14
5006.73 3.6971966365653916e-14
5010.77 3.5944159019854637e-14
5014.81 3.614484554606354e-14
5018.85 3.6208762508104167e-14
5022.88 3.681698815421764e-14
5026.92 3.726614584574954e-14
5030.96 3.694307595015564e-14
5035.0 3.743429605921762e-14
5039.03 3.787473888221454e-14
5043.07 3.799292940341851e-14
5047.11 3.735921209566678e-14
5051.14 3.8483101376692455e-14
5055.18 3.9193276002066726e-14
5059.22 3.8246466859057365e-14
5063.26 3.851649285464865e-14
5067.29 3.877062602162827e-14
5071.33 3.7856544248721595e-14
5075.37 3.736945720152844e-14
5079.41 3.6938738174248177e-14
5083.44 3.7724944788975216e-14
5087.48 3.792031611124638e-14
5091.52 3.7111402900051007e-14
5095.55 3.83084757988838e-14
5099.59 3.779293980527229e-14
5103.63 3.775962478595292e-14
5107.67 3.825593984342712e-14
5111.7 3.853065420282444e-14
5115.74 3.7640131361514657e-14
5119.78 3.777463473791277e-14
5123.82 3.846748971329279e-14
5127.85 3.7491731795011556e-14
5131.89 3.724217394065761e-14
5135.93 3.722249900469177e-14
5139.96 3.689838304726969e-14
5144.0 3.6943276321454024e-14
5148.04 3.643009136740831e-14
5152.08 3.6331073257396425e-14
5156.11 3.58126145383321e-14
5160.15 3.4731623844482496e-14
5164.19 3.312885775786259e-14
5168.23 3.324053004396268e-14
5172.26 3.241186270716022e-14
5176.3 3.2184704442014366e-14
5180.34 3.226347753334836e-14
5184.37 3.399872260918596e-14
5188.41 3.5571199407606473e-14
5192.45 3.6297827702967156e-14
5196.49 3.668902128881169e-14
5200.52 3.7463833006630145e-14
5204.56 3.739207533052373e-14
5208.6 3.8390158738392454e-14
5212.64 3.800642550621526e-14
5216.67 3.797462581257036e-14
5220.71 3.925361607498232e-14
5224.75 3.940314677600577e-14
5228.78 3.9581272539637365e-14
5232.82 4.067073441020352e-14
5236.86 4.070296954827912e-14
5240.9 4.1083046653408194e-14
5244.93 4.142845257557805e-14
5248.97 4.145509169837639e-14
5253.01 4.0260841270723416e-14
5257.05 3.959528947558098e-14
5261.08 3.8986580888850776e-14
5265.12 3.922062297933546e-14
5269.16 3.846052357630238e-14
5273.19 3.846844196038103e-14
5277.23 4.017713299441988e-14
5281.27 4.189159540606604e-14
5285.31 4.221004383446616e-14
5289.34 4.400986516735784e-14
5293.38 4.420451994428204e-14
5297.42 4.3257561969438425e-14
5301.46 4.32789234656284e-14
5305.49 4.366777468477325e-14
5309.53 4.344815940607018e-14
5313.57 4.336053295252322e-14
5317.6 4.372250978371713e-14
5321.64 4.3308827798424105e-14
5325.68 4.241016093444919e-14
5329.72 4.219169000287028e-14
5333.75 4.252983144534071e-14
5337.79 4.2943211459310224e-14
5341.83 4.2982313133408796e-14
5345.87 4.370580644835291e-14
5349.9 4.485021861284466e-14
5353.94 4.428159270704243e-14
5357.98 4.4741145143043393e-14
5362.01 4.4477091189090726e-14
5366.05 4.447145172716505e-14
5370.09 4.3761043738369746e-14
5374.13 4.415398735318365e-14
5378.16 4.442969862271593e-14
5382.2 4.434570952448841e-14
5386.24 4.362345452981977e-14
5390.28 4.218922161133145e-14
5394.31 4.1899860575734465e-14
5398.35 4.127709715022868e-14
5402.39 4.148957264520574e-14
5406.42 4.2339861497448813e-14
5410.46 4.3038051553299835e-14
5414.5 4.326790803971126e-14
5418.54 4.366834137866442e-14
5422.57 4.4572435074414533e-14
5426.61 4.4211300244826624e-14
5430.65 4.397436312265846e-14
5434.69 4.423464885341294e-14
5438.72 4.3726307134271695e-14
5442.76 4.434993860705738e-14
5446.8 4.354883053603741e-14
5450.83 4.320022777333531e-14
5454.87 4.315901569625131e-14
5458.91 4.424198104785731e-14
5462.95 4.367593255264639e-14
5466.98 4.4041701831213324e-14
5471.02 4.349529176110709e-14
5475.06 4.269056853572992e-14
5479.1 4.2995237472546475e-14
5483.13 4.3247138951919353e-14
5487.17 4.3430054969189006e-14
5491.21 4.4364408947370136e-14
5495.24 4.475618229233621e-14
5499.28 4.369155257121944e-14
5503.32 4.426348976941657e-14
5507.36 4.423066759534741e-14
5511.39 4.5052343239246785e-14
5515.43 4.5169096343846644e-14
5519.47 4.528834252510625e-14
5523.51 4.540816415265531e-14
5527.54 4.552801635723189e-14
5531.58 4.564802879847223e-14
5535.62 4.576813658373762e-14
5539.65 4.588827441073904e-14
5543.69 4.600809074322843e-14
5547.73 4.612800163912588e-14
5551.77 4.6248007022871947e-14
5555.8 4.636804118775395e-14
5559.84 4.547121754609048e-14
5563.88 4.472118272078781e-14
5567.92 4.51784310873643e-14
5571.95 4.4347893536971865e-14
5575.99 4.458029975668588e-14
5580.03 4.470008956545167e-14
5584.06 4.4425959512563915e-14
5588.1 4.428438657315684e-14
5592.14 4.353621782828643e-14
5596.18 4.365649528707719e-14
5600.21 4.4829727976717384e-14
5604.25 4.520882638418891e-14
5608.29 4.479724329556414e-14
5612.33 4.562569747316703e-14
5616.36 4.546685550794567e-14
5620.4 4.574959752579287e-14
5624.44 4.571684045540746e-14
5628.47 4.584386852535687e-14
5632.51 4.643208448675514e-14
5636.55 4.53002659593117e-14
5640.59 4.608362650939193e-14
5644.62 4.6150872860365856e-14
5648.66 4.48183613068352e-14
5652.7 4.471715558481332e-14
5656.74 4.6185110811641757e-14
5660.77 4.6430183896165536e-14
5664.81 4.520348062384008e-14
5668.85 4.6018982736374325e-14
5672.88 4.612786805950334e-14
5676.92 4.582408923314613e-14
5680.96 4.6249253850267094e-14
5685.0 4.7003101841656455e-14
5689.03 4.714653409610225e-14
5693.07 4.7284244602271807e-14
5697.11 4.738564207441625e-14
5701.15 4.6866582231444264e-14
5705.18 4.552197809921197e-14
5709.22 4.594538021059174e-14
5713.26 4.657145874499506e-14
5717.29 4.728400079055021e-14
5721.33 4.787339445000118e-14
5725.37 4.8274150209857565e-14
5729.41 4.810924221005877e-14
5733.44 4.775410333492985e-14
5737.48 4.8282520221358173e-14
5741.52 4.8790674648423247e-14
5745.56 4.8960449574910053e-14
5749.59 4.7017521850308174e-14
5753.63 4.7065906739473126e-14
5757.67 4.9368830928479596e-14
5761.7 4.935285533499253e-14
5765.74 4.8793882365441955e-14
5769.78 4.799119425337728e-14
5773.82 4.794007114014228e-14
5777.85 4.860484575249875e-14
5781.89 4.812076482372023e-14
5785.93 4.782242683547745e-14
5789.97 4.831969304737454e-14
5794.0 4.922431302213665e-14
5798.04 4.869994106347444e-14
5802.08 4.911898421833891e-14
5806.11 4.9416995740716e-14
5810.15 5.05699272260577e-14
5814.19 5.050200367632235e-14
5818.23 5.1359496770468623e-14
5822.26 5.066107223334635e-14
5826.3 5.0502814193077447e-14
5830.34 4.97400327134809e-14
5834.38 4.829004115756137e-14
5838.41 4.9742290011849116e-14
5842.45 5.013862850961509e-14
5846.49 4.923175324331127e-14
5850.52 4.8402690892082575e-14
5854.56 4.8688738648213694e-14
5858.6 4.8905139101744365e-14
5862.64 4.823807589051067e-14
5866.67 4.826753124604831e-14
5870.71 4.816606641507824e-14
5874.75 4.807302344107435e-14
5878.79 4.6888074196541964e-14
5882.82 4.4857169066716064e-14
5886.86 4.237537428045623e-14
5890.9 4.231934362823287e-14
5894.93 4.2575465629589266e-14
5898.97 4.291833551953319e-14
5903.01 4.516107344693896e-14
5907.05 4.647078559732317e-14
5911.08 4.7686565483070754e-14
5915.12 4.876683851809974e-14
5919.16 4.8433365639936956e-14
5923.2 4.828767432470625e-14
5927.23 4.9167296873015155e-14
5931.27 4.9159350213269895e-14
5935.31 4.9431254417004495e-14
5939.34 4.85928219960746e-14
5943.38 4.864496049356696e-14
5947.42 4.9822518199052525e-14
5951.46 4.896918714074691e-14
5955.49 4.9470623521465196e-14
5959.53 4.988699556237941e-14
5963.57 4.9025631033123554e-14
5967.61 4.960178223077413e-14
5971.64 5.011156857829627e-14
5975.68 5.076130017422463e-14
5979.72 5.037663223499809e-14
5983.75 4.96111826938004e-14
5987.79 4.906487348416473e-14
5991.83 4.988051127123462e-14
5995.87 4.9698190094573104e-14
5999.9 4.8722213360914844e-14
6003.94 4.921238650025027e-14
6007.98 4.9074447405256666e-14
6012.02 5.0527033610523106e-14
6016.05 4.911925121619614e-14
6020.09 4.89578335216172e-14
6024.13 4.964441055609056e-14
6028.16 5.1498380034455175e-14
6032.2 5.151934635984424e-14
6036.24 5.125164419462167e-14
6040.28 5.159211190213792e-14
6044.31 5.1772639831059146e-14
6048.35 5.2025518598647734e-14
6052.39 5.1721799530328206e-14
6056.43 5.0711050519770226e-14
6060.46 5.1069909932353304e-14
6064.5 5.126392433171116e-14
6068.54 5.137027211205678e-14
6072.57 5.188804841771513e-14
6076.61 5.137625845323875e-14
6080.65 5.124005414809201e-14
6084.69 5.181595018104152e-14
6088.72 5.088937305337885e-14
6092.76 5.016967746119249e-14
6096.8 5.034816114089835e-14
6100.83 5.1389798233798955e-14
6104.87 5.222544307614572e-14
6108.91 5.027278490132142e-14
6112.95 5.0742417661560194e-14
6116.98 5.080340746618558e-14
6121.02 5.037103642441482e-14
6125.06 5.097552225958673e-14
6129.1 5.044592388398576e-14
6133.13 5.019377637474091e-14
6137.17 4.970852036042084e-14
6141.21 5.010209852991372e-14
6145.24 4.976898593971097e-14
6149.28 4.899572277094258e-14
6153.32 4.938107025775076e-14
6157.36 4.8433386908217495e-14
6161.39 4.788075928932971e-14
6165.43 4.7545093628471546e-14
6169.47 4.767143665617305e-14
6173.51 4.8363034993582476e-14
6177.54 4.871909238683204e-14
6181.58 4.790479930980747e-14
6185.62 4.852876892397707e-14
6189.65 4.814078426528834e-14
6193.69 4.832476123877377e-14
6197.73 4.800451678459298e-14
6201.77 4.886065242618663e-14
6205.8 4.98824839004636e-14
6209.84 4.9240232963384714e-14
6213.88 4.8395395759324624e-14
6217.92 4.764545688636566e-14
6221.95 4.776899010455118e-14
6225.99 4.789266609767227e-14
6230.03 4.8016954587469834e-14
6234.06 4.814127169322839e-14
6238.1 4.826573215236882e-14
6242.14 4.8390806172073165e-14
6246.18 4.8515966558197174e-14
6250.21 4.8641155423064427e-14
6254.25 4.726003851798619e-14
6258.29 4.62962510127497e-14
6262.33 5.101295272713649e-14
6266.36 5.2430042087509964e-14
6270.4 5.123695294145118e-14
6274.44 5.053844785684197e-14
6278.47 4.967808862340214e-14
6282.51 4.904066265086795e-14
6286.55 4.903485101638976e-14
6290.59 5.0692645902205955e-14
6294.62 4.989216821645198e-14
6298.66 4.954404496999619e-14
6302.7 4.975053209764566e-14
6306.74 4.894711072557303e-14
6310.77 5.1082345612597764e-14
6314.81 5.0592352244923806e-14
6318.85 5.03133226031335e-14
6322.88 5.046668061958976e-14
6326.92 5.2947590537894227e-14
6330.96 4.996475121201994e-14
6335.0 4.8780059252778736e-14
6339.03 5.0420817484850553e-14
6343.07 5.1022689021817774e-14
6347.11 5.036698581252221e-14
6351.15 5.022951940562173e-14
6355.18 4.9915011151133644e-14
6359.22 4.9672663128078395e-14
6363.26 5.0283445313360965e-14
6367.29 5.056834122796327e-14
6371.33 5.073721854546274e-14
6375.37 5.1404306258179585e-14
6379.41 5.2449639765457367e-14
6383.44 5.238331134219939e-14
6387.48 5.164701438302612e-14
6391.52 5.204022394761584e-14
6395.56 5.226037908198759e-14
6399.59 5.1418307739213476e-14
6403.63 5.1769532421750276e-14
6407.67 5.1163260014252924e-14
6411.71 5.11397798364365e-14
6415.74 5.0865618515582425e-14
6419.78 5.1691060367644084e-14
6423.82 5.096146337386791e-14
6427.85 5.055181331159117e-14
6431.89 5.154268434010034e-14
6435.93 5.19477090675784e-14
6439.97 5.2362772701825916e-14
6444.0 5.104892191726714e-14
6448.04 5.1104062580608826e-14
6452.08 5.1871621926316834e-14
6456.11 5.241338089463864e-14
6460.15 5.165300697260084e-14
6464.19 5.117463775295557e-14
6468.23 5.3393284660820225e-14
6472.26 5.36719628768937e-14
6476.3 5.259545578055396e-14
6480.34 5.165412266622947e-14
6484.38 5.060201486066395e-14
6488.41 5.120607913590466e-14
6492.45 5.061022621701918e-14
6496.49 4.9476865190572863e-14
6500.52 5.020146626213275e-14
6504.56 5.190235773684656e-14
6508.6 5.219964157894295e-14
6512.64 5.2565561559674814e-14
6516.67 5.3372154299499305e-14
6520.71 5.34362658982693e-14
6524.75 5.3826547251227465e-14
6528.79 5.455869301467478e-14
6532.82 5.330979636579816e-14
6536.86 5.4180573609046165e-14
6540.9 5.4013539288051476e-14
6544.93 5.332206342031736e-14
6548.97 5.2893253746023786e-14
6553.01 5.151391167315946e-14
6557.05 5.0675603498822184e-14
6561.08 5.0085885495714444e-14
6565.12 5.087853365736505e-14
6569.16 5.092437514347113e-14
6573.2 5.1798447488789153e-14
6577.23 5.403239052477856e-14
6581.27 5.387719232430298e-14
6585.31 5.418659516550983e-14
6589.34 5.3928205294068967e-14
6593.38 5.380658542923604e-14
6597.42 5.1871833283882056e-14
6601.46 5.2875083225146544e-14
6605.49 5.3959280884376595e-14
6609.53 5.344859308919505e-14
6613.57 5.485974741355957e-14
6617.61 5.365105241925588e-14
6621.64 5.2838055897050694e-14
6625.68 5.359790369930843e-14
6629.72 5.387308052440177e-14
6633.75 5.3725610275239524e-14
6637.79 5.366559654394145e-14
6641.83 5.4055123254249207e-14
6645.87 5.3247587056956703e-14
6649.9 5.29024942477577e-14
6653.94 5.293176700253606e-14
6657.98 5.338885667785959e-14
6662.02 5.3564655509454964e-14
6666.05 5.2334286902149814e-14
6670.09 5.3340537322667644e-14
6674.13 5.1523793800587445e-14
6678.16 5.247069767994395e-14
6682.2 5.2437032788988473e-14
6686.24 5.303962007989394e-14
6690.28 5.279777811695672e-14
6694.31 5.230285303639775e-14
6698.35 5.189567374115279e-14
6702.39 5.323851372248885e-14
6706.43 5.3732175225364776e-14
6710.46 5.235533734997289e-14
6714.5 5.3537863200095166e-14
6718.54 5.3107336102307075e-14
6722.57 5.24950466580091e-14
6726.61 5.264381776073474e-14
6730.65 5.2641298686461575e-14
6734.69 5.2196629997460955e-14
6738.72 5.2917394069823637e-14
6742.76 5.183313938965015e-14
6746.8 5.263521283042301e-14
6750.84 5.3178583712057865e-14
6754.87 5.334174733243337e-14
6758.91 5.261737255314086e-14
6762.95 5.342442382043792e-14
6766.99 5.495077130473205e-14
6771.02 5.352436336924538e-14
6775.06 5.18914501792593e-14
6779.1 5.335356477196475e-14
6783.13 5.4549295138872783e-14
6787.17 5.372268715733708e-14
6791.21 5.310093500891433e-14
6795.25 5.338665669040701e-14
6799.28 5.315437530341847e-14
6803.32 5.231319921225008e-14
6807.36 5.007592990936358e-14
6811.39 4.8160603853564904e-14
6815.43 4.5691969500744244e-14
6819.47 4.388824348640849e-14
6823.51 4.549015881468829e-14
6827.54 4.545089852623739e-14
6836.02 5.2392171135951164e-14
6851.78 5.221812904998062e-14
6867.57 5.027773897549591e-14
6883.4 5.163289643817058e-14
6899.27 5.217663687036538e-14
6915.17 5.2122818626262524e-14
6931.12 5.254968687774762e-14
6947.1 5.347093722398044e-14
6963.11 5.3414537695296385e-14
6979.16 5.42246928899477e-14
6995.25 5.342383201698834e-14
7011.38 5.215202641425524e-14
7027.54 5.442553474032051e-14
7043.74 5.3744233461674845e-14
7059.98 5.30713021609746e-14
7076.25 5.133189284134241e-14
7092.56 5.045607507540999e-14
7108.91 5.0749846589631775e-14
7125.3 5.0810487608878296e-14
7141.73 5.0173193819229395e-14
7158.19 4.954336369624818e-14
7174.69 5.029211159053792e-14
7191.23 4.909231151408376e-14
7207.81 4.869944982192472e-14
7224.42 5.1883233163606054e-14
7241.08 5.11134055134758e-14
7257.77 5.10546985015147e-14
7274.5 5.3646321770939346e-14
7291.27 5.105486531553306e-14
7308.08 5.242426583766426e-14
7324.93 5.284797533695652e-14
7341.81 5.464144852037021e-14
7358.73 5.40768409816681e-14
7375.7 5.5271271991749864e-14
7392.7 5.3825074584340555e-14
7409.74 5.64246096362015e-14
7426.83 5.532906942807805e-14
7443.95 5.694174815269408e-14
7461.1 5.753208763136072e-14
7478.31 5.615445066732451e-14
7495.55 5.739290758420983e-14
7512.82 5.6276515246062526e-14
7530.15 5.6467552685752383e-14
7547.5 5.771178019458531e-14
7564.9 5.6328656274513044e-14
7582.34 5.691063622974238e-14
7599.82 5.5036994491092315e-14
7617.34 5.496846169944061e-14
7634.9 5.6567973066647315e-14
7652.5 5.5465603423842424e-14
7670.14 5.0989121937552274e-14
7687.82 5.394195768931806e-14
7705.54 5.36261623474865e-14
7723.31 5.2459355356560434e-14
7741.11 5.324363626783216e-14
7758.95 5.184533590428097e-14
7776.84 5.322930529532538e-14
7794.77 5.2310696189418126e-14
7812.74 5.370628704016166e-14
7830.75 5.450792879229442e-14
7848.8 5.406167067427555e-14
7866.89 5.499455400790238e-14
7885.03 5.36722325229785e-14
7903.2 5.202044982688418e-14
7921.42 5.100312779506453e-14
7939.69 5.15248865286306e-14
7957.99 5.217212637699671e-14
7976.33 5.368536824964779e-14
7994.72 5.263456976473462e-14
8013.15 5.3664292315366104e-14
8031.62 5.4087341272553007e-14
8050.13 5.527189663214184e-14
8068.7 5.545162640595025e-14
8087.29 5.4615705560696396e-14
8105.94 5.268917606494747e-14
8124.63 5.334845993085472e-14
8143.35 5.3891435512509127e-14
8162.12 5.3446479054404914e-14
8180.94 5.5247493447447984e-14
8199.8 5.504380448424374e-14
8218.7 5.522029369907562e-14
8237.65 4.7916988216629837e-14
8256.64 5.6347145318202234e-14
8275.67 5.6657801386575525e-14
8294.75 5.403095792388492e-14
8313.87 5.128866539528628e-14
8333.04 5.4001184179856915e-14
8352.24 5.4296900767892625e-14
8371.5 5.3970106060522023e-14
8390.8 5.123008558273429e-14
8410.14 5.369028071002291e-14
8429.53 5.3735741665892665e-14
8448.96 5.183591939343801e-14
8468.44 5.235920466380169e-14
8487.96 5.2523699581163973e-14
8507.53 3.852282926734214e-14
8527.14 5.082518388243729e-14
8546.79 4.617752287959691e-14
8566.5 5.1616408367218224e-14
8586.24 5.273996683127747e-14
8606.04 5.099080844690388e-14
8625.87 5.2340360432758243e-14
8645.76 5.286710267782076e-14
8665.69 4.9719959955859423e-14
8685.67 4.9759406252978416e-14
8705.69 5.1905541225563547e-14
8725.76 5.29115427886307e-14
8745.87 5.1390956741354143e-14
8766.04 5.214622970540624e-14
8786.24 5.364831991766138e-14
8806.5 5.3319433812902604e-14
8826.8 5.385347348883914e-14
8847.15 5.170587652756428e-14
8867.54 5.234331312712479e-14
8887.98 4.9111945335465695e-14
8908.47 5.064118442943776e-14
8929.01 5.0098209215873765e-14
8949.59 5.059858973442942e-14
8970.23 5.0403157780669454e-14
8990.9 5.0092083753339415e-14
9011.63 4.798178935612397e-14
9032.4 4.6922975037012474e-14
9053.22 5.403739774167994e-14
9074.09 5.260109417781999e-14
9095.01 4.957919464021789e-14
9115.98 4.893304139373457e-14
9136.99 5.174849456370704e-14
9158.05 5.0721653918542143e-14
9179.17 4.8027554942224594e-14
9200.33 5.0907686578565703e-14
9221.53 4.8202434188939504e-14
9242.8 4.92449859165255e-14
9264.1 4.9277295032635e-14
9285.45 5.1277690749735307e-14
9306.86 4.5416608951741884e-14
9328.32 5.181948704808299e-14
9349.82 5.173351538140262e-14
9371.37 5.093875351878786e-14
9392.98 5.167997899088337e-14
9414.63 5.076840460049781e-14
9436.33 5.198314751932121e-14
9458.09 5.1301963224900426e-14
9479.89 5.240790956150984e-14
9501.74 5.136449684081609e-14
9523.65 5.1752109797065096e-14
9545.6 5.072086352316174e-14
9567.6 5.1456885245267794e-14
9589.66 5.2323861584433285e-14
9611.77 5.1636391031372646e-14
9633.92 5.1904935301820915e-14
9656.13 5.1104571205142365e-14
9678.39 5.113370148107837e-14
9700.7 5.17553203956625e-14
9723.06 5.0488891186098345e-14
9745.48 5.0401042089143005e-14
9767.95 5.054519540044429e-14
9790.46 4.9878863345898645e-14
9813.03 5.1068946915896034e-14
9835.65 5.062746112646984e-14
9858.33 5.088885158994072e-14
9881.05 5.05650572467002e-14
9903.83 4.9898045343805695e-14
9926.66 5.0385423418553444e-14
9949.54 5.0411575940199885e-14
9972.48 5.043760428786895e-14
9995.47 5.023115786266684e-14
10018.52 5.025664200495592e-14
10064.76 4.96162961843218e-14
10134.52 5.014787095353934e-14
10181.3 4.9621361342984575e-14
10228.29 4.9781570595086026e-14
10275.5 4.9826492601313574e-14
10299.19 4.962016007648358e-14
10490.67 4.821074935763285e-14
10710.34 4.653448920814176e-14
10909.46 4.523737893777132e-14
11112.28 4.366696281285471e-14
11292.85 4.29830500630142e-14
11502.79 4.2837645896072496e-14
11689.7 4.1866581696644844e-14
11907.02 4.0764049938912635e-14
12100.5 4.010592250877831e-14
12297.11 3.963647323209802e-14
12496.92 3.872028439964086e-14
12699.98 3.799599183011043e-14
12906.34 3.728077237423578e-14
13085.88 3.6796566558610095e-14
13298.51 3.584884140443396e-14
13514.6 3.5407846111158283e-14
13702.6 3.485970717030836e-14
13893.23 3.37683316227454e-14
14086.5 3.255916440088501e-14
14315.39 3.2147697848510684e-14
14514.54 3.2451842724709354e-14
14716.46 3.142756632384359e-14
14886.87 3.184250501081677e-14
15093.97 3.1990501040282926e-14
15303.95 3.258382935956352e-14
15516.83 3.235719485272704e-14
15696.51 3.1884686946586014e-14
15914.87 3.093800378355557e-14
16099.16 3.112153111936076e-14
16285.59 3.094657128436901e-14
16512.14 3.051039574447835e-14
16703.33 3.0196957936232156e-14
16896.75 2.974887869150948e-14
17092.41 2.910355342824777e-14
17290.34 2.801659781019766e-14
17490.53 2.721798518210922e-14
17693.07 2.6198713417549678e-14
17897.95 2.5333844674883656e-14
18105.2 2.4271653925581957e-14
18314.83 2.363101676875242e-14
18484.31 2.2885794473108502e-14
18698.35 2.192447692926732e-14
18914.87 2.1343533539726087e-14
19089.88 2.095678556349926e-14
19310.93 2.0259293082448367e-14
19489.62 1.9483377112949575e-14
19715.29 1.8921838005467598e-14
19897.72 1.832178559102633e-14
20081.84 1.802948097873623e-14
20314.36 1.7427108875189628e-14
20502.33 1.7147642668917347e-14
20692.03 1.6679375180777356e-14
20883.49 1.6299097770143573e-14
21076.74 1.60000322876528e-14
21320.78 1.5641877169803146e-14
21518.06 1.528411560125331e-14
21717.18 1.4796718665921043e-14
21918.11 1.4524550041666647e-14
22120.92 1.4125431692526271e-14
22325.62 1.37374384888145e-14
22480.36 1.3414865433662122e-14
22688.38 1.307615942577519e-14
22898.29 1.1731920485213071e-14
23110.18 1.1620391426856422e-14
23324.0 1.0164947503529384e-14
23485.69 9.588091216211662e-15
23702.98 9.740962528157876e-15
23922.31 8.96279965426036e-15
24088.15 8.671061824496489e-15
24311.02 8.588204299674612e-15
24479.55 8.026377503132996e-15
24706.04 7.931258053496501e-15
24877.31 6.6826446552874286e-15
25107.48 6.603186409479463e-15
25281.53 6.658150492479292e-15
25515.44 6.6243760295216045e-15
25692.32 6.741210801459762e-15
25870.4 6.611843360313709e-15
26109.78 6.5932064401835304e-15
26290.76 6.4368602419442615e-15
26473.01 6.35690567532389e-15
26717.95 6.237338366105344e-15
26903.16 6.145606978654174e-15
27089.63 6.055133827864536e-15
27277.42 5.92488144439862e-15
27529.8 5.839946476177791e-15
27720.65 5.714283209128156e-15
27912.78 5.629857534885126e-15
28106.28 5.521286830324005e-15
28301.09 5.427148635080826e-15
28497.28 5.322382339330852e-15
28694.8 5.207542249661004e-15
28893.72 5.118640005327631e-15
29093.99 5.0312523240473576e-15
29295.64 4.922622252493834e-15
29498.73 4.82736383972242e-15
29703.19 4.744830968946161e-15
29909.1 4.65292215589041e-15
30116.4 4.573285215219435e-15
30325.18 4.484661318445938e-15
30465.14 4.426504656083911e-15
30676.3 4.3606163951725855e-15
30888.96 4.2859514642085365e-15
31103.05 4.222075888300412e-15
31318.67 4.1556e-15
31535.74 4.0798e-15
31681.33 4.0053e-15
31900.92 3.9413e-15
32122.06 3.8782e-15
32270.32 3.8075e-15
32493.99 3.7466e-15
32719.25 3.6782e-15
32870.26 3.6028e-15
33098.1 3.5452e-15
33327.54 3.4724e-15
33481.36 3.4169e-15
33713.46 3.3546e-15
33869.06 3.2858e-15
34103.82 3.2184e-15
34261.26 3.1669e-15
34498.73 3.102e-15
34737.88 3.0453e-15
34898.21 2.9898e-15
35140.1 2.9284e-15
35302.33 2.8684e-15
35465.26 2.816e-15
35711.12 2.7583e-15
35875.94 2.7079e-15
36124.6 2.6585e-15
36291.38 2.61e-15
36458.88 2.5564e-15
36711.58 2.504e-15
36881.06 2.447e-15
37136.69 2.3968e-15
37308.09 2.3585e-15
37480.33 2.3048e-15
37740.11 2.268e-15
37914.3 2.2266e-15
38089.33 2.1859e-15
38265.13 2.146e-15
38530.4 2.1069e-15
38708.23 2.0636e-15
38886.89 2.026e-15
39066.37 1.989e-15
39337.19 1.9527e-15
39518.74 1.9082e-15
39701.18 1.8734e-15
39884.42 1.8308e-15
40068.51 1.8057e-15
40346.27 1.7727e-15
40532.49 1.7363e-15
40719.57 1.7086e-15
40907.51 1.6774e-15
41096.36 1.6506e-15
41286.04 1.6242e-15
41476.59 1.5945e-15
41668.07 1.5654e-15
41860.38 1.5404e-15
42053.59 1.5088e-15
42345.12 1.4915e-15
42540.56 1.4643e-15
42736.9 1.4409e-15
42934.2 1.3792e-15
43132.36 1.3202e-15
43331.44 1.3171e-15
43531.48 1.2637e-15
43732.4 1.2349e-15
43934.24 1.2124e-15
44137.02 1.1712e-15
44340.78 1.1498e-15
44545.43 1.1314e-15
44751.03 1.1006e-15
44854.23 1.093e-15
45061.26 1.0706e-15
45269.23 1.0487e-15
45478.17 1.039e-15
45688.12 1.0248e-15
45899.0 9.9457e-16
46110.84 9.9228e-16
46323.71 9.7417e-16
46537.52 9.608e-16
46752.31 9.5419e-16
46860.08 9.3677e-16
47076.41 9.218e-16
47293.69 9.1756e-16
47511.97 8.9874e-16
47731.31 8.8845e-16
47951.62 8.7828e-16
48062.15 8.5829e-16
48283.98 8.5829e-16
48506.88 8.4069e-16
48730.76 8.2725e-16
48955.68 8.1402e-16
49068.52 8.0285e-16
49295.05 7.9366e-16
49522.57 7.8097e-16
49751.14 7.7381e-16
49865.88 7.5969e-16
50096.03 7.5099e-16
50327.24 7.4069e-16
50443.25 7.2717e-16
50676.13 7.1884e-16
50792.94 7.139e-16
50910.02 7.1225e-16
51027.37 7.041e-16
51144.99 6.9765e-16
51262.89 6.9444e-16
51381.11 6.8807e-16
51499.54 6.8177e-16
51618.25 6.7863e-16
51737.24 6.7551e-16
51856.49 6.6778e-16
51976.03 6.6166e-16
52095.83 6.5711e-16
52215.98 6.5258e-16
52336.34 6.466e-16
52456.98 6.4215e-16
52577.89 6.392e-16
52699.09 6.3626e-16
52820.57 6.3043e-16
52942.38 6.2321e-16
53064.42 6.175e-16
53186.73 6.1325e-16
53309.33 6.1043e-16
53432.22 6.0623e-16
53555.38 6.0067e-16
53678.83 5.9653e-16
53802.62 5.9243e-16
53926.64 5.8835e-16
54050.95 5.843e-16
54175.54 5.7894e-16
54300.41 5.7363e-16
54425.58 5.6837e-16
54551.04 5.6576e-16
54676.84 5.6058e-16
54802.87 5.5544e-16
54929.2 5.5161e-16
55055.81 5.4656e-16
55182.72 5.4279e-16
55309.92 5.4155e-16
55437.47 5.3658e-16
55565.26 5.2922e-16
55693.35 5.28e-16
55821.72 5.2437e-16
55950.4 5.1836e-16
56079.37 5.148e-16
56208.63 5.1125e-16
56338.26 5.054e-16
56468.12 5.0308e-16
56598.29 4.9961e-16
56728.75 4.9618e-16
56859.51 4.905e-16
56990.57 4.86e-16
57122.01 4.8377e-16
57253.68 4.8154e-16
57385.65 4.7713e-16
57517.93 4.7275e-16
57650.51 4.6842e-16
57783.4 4.6519e-16
57916.6 4.6199e-16
58050.16 4.5881e-16
58183.97 4.5356e-16
58318.09 4.5044e-16
58452.52 4.4734e-16
58587.25 4.4426e-16
58722.3 4.3917e-16
58857.66 4.3615e-16
58993.4 4.3215e-16
59129.38 4.2918e-16
59265.68 4.2622e-16
59402.29 4.2231e-16
59539.21 4.1844e-16
59676.46 4.1556e-16
59814.08 4.127e-16
59951.96 4.0986e-16
60090.15 4.0517e-16
60228.66 4.0238e-16
60367.49 3.9961e-16
60506.64 3.9594e-16
60646.12 3.9232e-16
60785.98 3.8961e-16
60926.09 3.8604e-16
61066.53 3.825e-16
61207.3 3.7987e-16
61348.38 3.7639e-16
61489.8 3.7466e-16
61631.6 3.7122e-16
61773.67 3.6867e-16
61916.06 3.6529e-16
62058.78 3.6277e-16
62201.83 3.5945e-16
62345.21 3.5615e-16
62488.92 3.5289e-16
62633.03 3.4965e-16
62777.4 3.4724e-16
62922.11 3.4485e-16
63067.15 3.4169e-16
63212.52 3.3934e-16
63358.23 3.37e-16
63504.35 3.3315e-16
63650.73 3.3085e-16
63797.45 3.2858e-16
63944.51 3.2556e-16
64091.9 3.2258e-16
64239.64 3.1962e-16
64387.72 3.1742e-16
64536.21 3.1379e-16
64684.97 3.1163e-16
64834.07 3.0948e-16
64983.52 3.0664e-16
65133.31 3.0383e-16
65283.44 3.0174e-16
65433.93 2.9897e-16
65584.83 2.9692e-16
65736.01 2.9419e-16
65887.54 2.915e-16
66039.41 2.8883e-16
66191.63 2.8684e-16
66344.21 2.8421e-16
66497.21 2.816e-16
66650.49 2.7902e-16
66804.13 2.771e-16
66958.12 2.7456e-16
67112.46 2.7267e-16
67267.16 2.7017e-16
67422.21 2.6769e-16
67577.7 2.6585e-16
67733.48 2.6341e-16
67889.6 2.61e-16
68046.1 2.586e-16
68202.94 2.5682e-16
68360.16 2.5447e-16
68517.81 2.5272e-16
68675.75 2.504e-16
68834.05 2.481e-16
68992.71 2.464e-16
69151.75 2.4414e-16
69311.15 2.419e-16
69470.91 2.3968e-16
69631.13 2.3748e-16
69791.63 2.3585e-16
69952.5 2.3369e-16
70113.75 2.3208e-16
70275.37 2.2995e-16
70437.36 2.2784e-16
70599.8 2.2575e-16
70762.53 2.242e-16
70925.65 2.2214e-16
71089.14 2.2011e-16
71253.0 2.1809e-16
71417.24 2.1659e-16
71581.87 2.146e-16
71746.95 2.1313e-16
71912.33 2.1117e-16
72078.1 2.0924e-16
72244.24 2.0732e-16
72410.76 2.0589e-16
72577.68 2.04e-16
72744.97 2.0213e-16
72912.73 2.0074e-16
73080.81 1.989e-16
73249.26 1.9708e-16
73418.11 1.9527e-16
73587.34 1.9393e-16
73756.97 1.9215e-16
73927.06 1.9039e-16
74097.47 1.8908e-16
74268.27 1.8734e-16
74439.46 1.8562e-16
74611.05 1.8392e-16
74783.03 1.8224e-16
74955.42 1.8098e-16
75128.27 1.7932e-16
75301.45 1.7809e-16
75475.02 1.7646e-16
75649.0 1.7484e-16
75823.38 1.7363e-16
75998.16 1.7204e-16
76173.42 1.7086e-16
76349.0 1.6929e-16
76524.99 1.6774e-16
76701.39 1.662e-16
76878.2 1.6506e-16
77055.4 1.6354e-16
77233.02 1.6204e-16
77411.13 1.6056e-16
77589.57 1.5909e-16
77768.42 1.5799e-16
77947.69 1.5654e-16
78127.36 1.5511e-16
78307.45 1.5369e-16
78487.95 1.5263e-16
78668.96 1.5123e-16
78850.3 1.4984e-16
79032.05 1.4847e-16
79214.23 1.4711e-16
79396.82 1.4609e-16
79579.84 1.4673e-16
79763.36 1.4583e-16
79947.22 1.4492e-16
80131.5 1.44e-16
80316.21 1.4309e-16
80501.35 1.4217e-16
80686.91 1.4125e-16
80872.89 1.4033e-16
81059.41 1.3943e-16
81246.25 1.3857e-16
81433.53 1.3771e-16
81621.24 1.3685e-16
81809.38 1.3599e-16
81997.96 1.3512e-16
82187.06 1.3425e-16
82376.5 1.3338e-16
82566.39 1.3251e-16
82756.71 1.3168e-16
82947.47 1.3087e-16
83138.67 1.3005e-16
83330.32 1.2923e-16
83522.49 1.2841e-16
83715.01 1.2759e-16
83907.98 1.2677e-16
84101.39 1.2595e-16
84295.26 1.2513e-16
84489.56 1.2436e-16
84684.41 1.2359e-16
84879.61 1.2281e-16
85075.27 1.2204e-16
85271.37 1.2126e-16
85467.93 1.2049e-16
85664.94 1.1971e-16
85862.4 1.1892e-16
86060.41 1.1817e-16
86258.79 1.1744e-16
86457.62 1.1671e-16
86656.91 1.1598e-16
86856.66 1.1525e-16
87056.87 1.1451e-16
87257.54 1.1377e-16
87458.78 1.1303e-16
87660.37 1.1229e-16
87862.44 1.116e-16
88064.97 1.1091e-16
88267.96 1.1022e-16
88471.43 1.0952e-16
88675.46 1.0883e-16
88879.86 1.0813e-16
89084.73 1.0743e-16
89290.08 1.0673e-16
89495.91 1.0605e-16
89702.19 1.0539e-16
89908.96 1.0474e-16
90116.31 1.0408e-16
90324.04 1.0343e-16
90532.24 1.0277e-16
90740.93 1.0211e-16
90950.08 1.0144e-16
91159.73 1.0078e-16
91369.97 1.0015e-16
91580.57 9.9531e-17
91791.68 9.8911e-17
92003.26 9.829e-17
92215.34 9.7667e-17
92427.9 9.7043e-17
92640.95 9.6417e-17
92854.6 9.579e-17
93068.64 9.5166e-17
93283.17 9.4581e-17
93498.19 9.3995e-17
93713.71 9.3407e-17
93929.73 9.2818e-17
94146.35 9.2228e-17
94363.36 9.1636e-17
94580.87 9.1043e-17
94798.89 9.0449e-17
95017.41 8.9875e-17
95236.43 8.9321e-17
95455.96 8.8766e-17
95676.09 8.8209e-17
95896.63 8.7651e-17
96117.68 8.7091e-17
96339.24 8.6531e-17
96561.31 8.5969e-17
96783.89 8.5406e-17
97006.98 8.4878e-17
97230.7 8.4353e-17
97454.82 8.3826e-17
97679.46 8.3299e-17
97904.62 8.277e-17
98130.29 8.224e-17
98356.49 8.1709e-17
98583.32 8.1176e-17
98810.57 8.0654e-17
99038.33 8.0158e-17
99266.62 7.966e-17
99495.44 7.9161e-17
99724.78 7.8661e-17
99954.65 7.816e-17
100185.17 7.7658e-17
100416.09 7.7154e-17
100647.56 7.665e-17
100879.56 7.617e-17
101112.1 7.5699e-17
101345.17 7.5228e-17
101578.89 7.4755e-17
101813.03 7.4281e-17
102047.72 7.3806e-17
102282.95 7.3331e-17
102518.72 7.2854e-17
102755.03 7.2379e-17
102991.89 7.1934e-17
103229.4 7.1488e-17
103467.36 7.1042e-17
103705.85 7.0594e-17
103944.91 7.0145e-17
104184.5 6.9695e-17
104424.66 6.9244e-17
104665.37 6.8792e-17
104906.74 6.8355e-17
105148.56 6.7934e-17
105390.93 6.7511e-17
105633.87 6.7088e-17
105877.36 6.6663e-17
106121.41 6.6238e-17
106366.15 6.5811e-17
106611.33 6.5384e-17
106857.08 6.4956e-17
107103.39 6.4554e-17
107350.27 6.4155e-17
107597.72 6.3755e-17
107845.74 6.3353e-17
108094.45 6.2951e-17
108343.62 6.2548e-17
108593.36 6.2144e-17
108843.68 6.1739e-17
109094.56 6.1342e-17
109346.03 6.0965e-17
109598.21 6.0586e-17
109850.84 6.0207e-17
110104.05 5.9826e-17
110357.85 5.9445e-17
110612.23 5.9063e-17
110867.2 5.868e-17
111122.76 5.8297e-17
111379.03 5.7931e-17
111635.77 5.7574e-17
111893.09 5.7215e-17
112151.01 5.6856e-17
112409.53 5.6495e-17
112668.64 5.6134e-17
112928.47 5.5772e-17
113188.78 5.5409e-17
113449.69 5.5048e-17
113711.2 5.471e-17
113973.31 5.4371e-17
114236.03 5.4031e-17
114499.35 5.3691e-17
114763.41 5.3349e-17
115027.95 5.3007e-17
115293.09 5.2664e-17
115558.85 5.232e-17
115825.22 5.1988e-17
116092.21 5.1668e-17
116359.81 5.1346e-17
116628.16 5.1024e-17
116896.99 5.0701e-17
117166.44 5.0378e-17
117436.52 5.0053e-17
117707.22 4.9728e-17
117978.55 4.9403e-17
118250.62 4.9097e-17
118523.2 4.8794e-17
118796.4 4.8489e-17
119070.24 4.8184e-17
119344.7 4.7878e-17
119619.8 4.7571e-17
119895.53 4.7264e-17
120172.04 4.6956e-17
120449.04 4.6654e-17
120726.68 4.6367e-17
121004.97 4.6079e-17
121283.89 4.5791e-17
121563.46 4.5501e-17
121843.8 4.5211e-17
122124.66 4.4921e-17
122406.17 4.463e-17
122688.32 4.4338e-17
122971.13 4.406e-17
123254.59 4.3788e-17
123538.69 4.3515e-17
123823.6 4.3242e-17
124109.02 4.2968e-17
124395.1 4.2693e-17
124681.84 4.2418e-17
124969.24 4.2142e-17
125257.3 4.1868e-17
125546.17 4.161e-17
125835.56 4.1352e-17
126125.62 4.1094e-17
126416.35 4.0835e-17
126707.75 4.0575e-17
126999.82 4.0315e-17
127292.56 4.0054e-17
127586.12 3.9792e-17
127880.21 3.954e-17
128174.99 3.9296e-17
128470.44 3.9052e-17
128766.57 3.8807e-17
129063.39 3.8561e-17
129360.89 3.8315e-17
129659.22 3.8068e-17
129958.1 3.7821e-17
130257.66 3.7574e-17
130557.91 3.7341e-17
130858.86 3.711e-17
131160.49 3.6879e-17
131462.97 3.6647e-17
131766.0 3.6414e-17
132069.74 3.6181e-17
132374.16 3.5947e-17
132679.3 3.5713e-17
132985.13 3.5483e-17
133291.66 3.5265e-17
133599.06 3.5046e-17
133907.02 3.4826e-17
134215.68 3.4606e-17
134525.07 3.4386e-17
134835.15 3.4165e-17
135145.95 3.3944e-17
135457.63 3.3722e-17
135769.87 3.351e-17
136082.82 3.3303e-17
136396.51 3.3096e-17
136710.9 3.2888e-17
137026.04 3.268e-17
137341.9 3.2471e-17
137658.62 3.2261e-17
137975.93 3.2051e-17
138293.99 3.1843e-17
138612.76 3.1647e-17
138932.27 3.1451e-17
139252.51 3.1254e-17
139573.5 3.1057e-17
139895.39 3.086e-17
140217.85 3.0662e-17
140541.07 3.0463e-17
140865.02 3.0264e-17
141189.73 3.0072e-17
141515.19 2.9887e-17
141841.54 2.9701e-17
142168.49 2.9515e-17
142496.21 2.9328e-17
142824.67 2.9141e-17
143153.89 2.8953e-17
143483.86 2.8765e-17
143814.61 2.8577e-17
144146.27 2.84e-17
144478.53 2.8225e-17
144811.57 2.8048e-17
145145.37 2.7872e-17
145479.94 2.7695e-17
145815.28 2.7518e-17
146151.56 2.734e-17
146488.45 2.7162e-17
146826.11 2.6987e-17
147164.56 2.6821e-17
147503.79 2.6654e-17
147843.79 2.6487e-17
148184.59 2.632e-17
148526.31 2.6152e-17
148868.69 2.5984e-17
149211.84 2.5816e-17
149555.78 2.5647e-17
149900.52 2.5487e-17
150246.04 2.5329e-17
150592.55 2.5171e-17
150939.67 2.5013e-17
151287.6 2.4855e-17
151636.32 2.4696e-17
151985.85 2.4537e-17
152336.2 2.4377e-17
152687.34 2.4218e-17
153039.45 2.4069e-17
153392.22 2.392e-17
153745.81 2.3771e-17
154100.21 2.3621e-17
154455.41 2.3471e-17
154811.44 2.332e-17
155168.3 2.3169e-17
155526.14 2.3018e-17
155884.64 2.2872e-17
156243.97 2.2731e-17
156604.12 2.2589e-17
156965.11 2.2448e-17
157326.92 2.2306e-17
157689.74 2.2163e-17
158053.22 2.2021e-17
158417.55 2.1878e-17
158782.71 2.1734e-17
159148.72 2.16e-17
159515.56 2.1466e-17
159883.27 2.1332e-17
160251.98 2.1198e-17
160621.38 2.1064e-17
160991.63 2.0929e-17
161362.71 2.0794e-17
161734.67 2.0658e-17
162107.47 2.0525e-17
162481.32 2.0399e-17
162855.85 2.0272e-17
163231.25 2.0145e-17
163607.5 2.0018e-17
163984.64 1.9891e-17
164362.63 1.9763e-17
164741.5 1.9635e-17
165121.43 1.9506e-17
165502.04 1.9384e-17
165883.53 1.9264e-17
166265.91 1.9144e-17
166649.16 1.9024e-17
167033.3 1.8903e-17
167418.5 1.8783e-17
167804.42 1.8661e-17
168191.22 1.854e-17
168578.91 1.8419e-17
168967.5 1.8306e-17
169356.98 1.8193e-17
169747.36 1.8079e-17
170138.83 1.7965e-17
170531.01 1.7851e-17
170924.09 1.7736e-17
171318.08 1.7621e-17
171712.99 1.7506e-17
172108.8 1.7395e-17
172505.51 1.7288e-17
172903.34 1.718e-17
173301.9 1.7073e-17
173701.38 1.6965e-17
174101.77 1.6856e-17
174503.08 1.6748e-17
174905.33 1.6639e-17
175308.69 1.653e-17
175712.79 1.6428e-17
176117.83 1.6326e-17
176523.78 1.6225e-17
176930.68 1.6122e-17
177338.53 1.602e-17
177747.3 1.5918e-17
178157.21 1.5815e-17
178567.88 1.5712e-17
178979.5 1.5611e-17
179392.06 1.5514e-17
179805.57 1.5418e-17
180220.03 1.5322e-17
180635.65 1.5225e-17
181052.03 1.5128e-17
181469.37 1.5031e-17
181887.67 1.4933e-17
182306.93 1.4836e-17
182727.15 1.4743e-17
183148.35 1.4652e-17
183570.73 1.456e-17
183993.87 1.4469e-17
184417.99 1.4377e-17
184843.08 1.4285e-17
185269.17 1.4193e-17
185696.22 1.4101e-17
186124.26 1.4009e-17
186553.49 1.3923e-17
186983.52 1.3837e-17
187414.52 1.375e-17
187846.53 1.3663e-17
188279.52 1.3577e-17
188713.53 1.3489e-17
189148.73 1.3402e-17
189584.74 1.3315e-17
190021.74 1.323e-17
190459.76 1.3149e-17
190898.78 1.3067e-17
191338.81 1.2985e-17
191779.86 1.2903e-17
192222.14 1.282e-17
192665.23 1.2738e-17
193109.34 1.2655e-17
193554.46 1.2572e-17
194000.61 1.2494e-17
194447.81 1.2417e-17
194896.23 1.234e-17
195345.49 1.2262e-17
195795.77 1.2184e-17
196247.1 1.2106e-17
196699.46 1.2028e-17
197152.86 1.195e-17
197607.31 1.1873e-17
198063.02 1.18e-17
198519.57 1.1726e-17
198977.18 1.1653e-17
199435.83 1.1579e-17
199895.55 1.1506e-17
200356.33 1.1432e-17
200818.39 1.1358e-17
201281.28 1.1283e-17
201745.24 1.1213e-17
202210.29 1.1143e-17
202676.39 1.1074e-17
203143.58 1.1004e-17
203611.84 1.0935e-17
204081.4 1.0865e-17
204551.82 1.0795e-17
205023.33 1.0724e-17
205495.92 1.0655e-17
205969.61 1.0589e-17
206444.38 1.0524e-17
206920.26 1.0458e-17
207397.45 1.0392e-17
207875.51 1.0326e-17
208354.68 1.0259e-17
208834.96 1.0193e-17
209316.32 1.0127e-17
209798.82 1.0062e-17
210282.65 1e-17
210767.37 9.938e-18
211253.2 9.8757e-18
211740.15 9.8132e-18
212228.23 9.7506e-18
212717.43 9.6878e-18
213207.76 9.6249e-18
213699.45 9.5619e-18
214192.05 9.5028e-18
214685.78 9.444e-18
215180.64 9.385e-18
215676.64 9.326e-18
216173.8 9.2668e-18
216672.33 9.2074e-18
217171.77 9.1479e-18
217672.37 9.0883e-18
218174.11 9.0299e-18
218677.02 8.9743e-18
219181.1 8.9186e-18
219686.32 8.8628e-18
220192.95 8.8068e-18
220700.51 8.7507e-18
221209.25 8.6944e-18
221719.14 8.6381e-18
222230.23 8.5816e-18
222742.49 8.5278e-18
223256.16 8.4752e-18
223770.78 8.4224e-18
224286.6 8.3694e-18
224803.59 8.3164e-18
225321.78 8.2633e-18
225841.16 8.21e-18
226361.75 8.1566e-18
226883.77 8.1034e-18
227406.75 8.0536e-18
227930.94 8.0037e-18
228456.34 7.9537e-18
228982.95 7.9036e-18
229510.77 7.8533e-18
230039.81 7.8029e-18
230570.33 7.7524e-18
231101.81 7.7018e-18
231634.51 7.6529e-18
232168.44 7.6057e-18
232703.6 7.5584e-18
233240.01 7.511e-18
233777.9 7.4635e-18
234316.77 7.4159e-18
234856.89 7.3681e-18
235398.25 7.3203e-18
235940.85 7.2724e-18
236484.73 7.2274e-18
237029.84 7.1827e-18
237576.46 7.1379e-18
238124.1 7.0929e-18
238672.98 7.0479e-18
239223.15 7.0028e-18
239774.58 6.9576e-18
240327.27 6.9122e-18
240881.51 6.8677e-18
241436.75 6.8255e-18
241993.28 6.7831e-18
242551.1 6.7406e-18
243110.2 6.6981e-18
243670.57 6.6554e-18
244232.25 6.6126e-18
244795.5 6.5698e-18
245359.77 6.5268e-18
245925.34 6.4859e-18
246492.21 6.4459e-18
247060.39 6.4057e-18
247629.89 6.3655e-18
248200.7 6.3251e-18
248773.08 6.2847e-18
249346.53 6.2442e-18
249921.28 6.2035e-18
255742.56 5.8205e-18
261699.72 5.4628e-18
267795.62 5.1266e-18
274033.22 4.8106e-18
280416.41 4.5136e-18
286948.0 4.2344e-18
293632.02 3.9726e-18
300471.43 3.7286e-18
307470.47 3.4992e-18
314632.18 3.2835e-18
321961.07 3.0808e-18
329460.32 2.8903e-18
337134.62 2.7114e-18
344987.3 5.6576e-18
