91.0 0.0
94.0 0.0
96.0 0.0
98.0 0.0
100.0 0.0
102.0 0.0
104.0 2.9814767252714142e-09
106.0 3.8895373718462165e-09
108.0 5.306010451403708e-09
110.0 8.020193514585006e-09
114.0 1.3279320959654693e-08
118.0 2.119225490881855e-08
121.0 8.068105787744937e-08
125.0 1.1275807757134042e-07
127.0 1.2845156081949036e-07
128.0 1.380418819470411e-07
131.0 1.656880926974936e-07
132.0 2.0132040557925242e-07
134.0 2.289612782183965e-07
137.0 3.072195086576864e-07
140.0 3.924960085941614e-07
143.0 1.0690150467210226e-06
147.0 3.0547017648908082e-06
151.0 3.6165123421191734e-06
155.0 4.193624217501711e-06
159.0 4.914701711748809e-06
162.0 5.485279475435068e-06
166.0 6.4576436278792835e-06
170.0 7.301569611073938e-06
173.0 8.138633614660211e-06
177.0 9.19602750048498e-06
180.0 9.964982982604739e-06
182.0 1.0681106811903262e-05
186.0 1.1901622460969184e-05
191.0 1.3698863484489374e-05
194.0 1.4907101270968402e-05
198.0 1.6424437063162362e-05
202.0 1.8144639151127597e-05
205.0 1.960677244430316e-05
210.0 2.0964836196794076e-05
216.0 2.503018503545745e-05
220.0 2.7438378892716122e-05
223.0 2.8854635051776202e-05
227.0 3.2860501639205314e-05
230.0 5.059358602526449e-05
234.0 8.567050700927437e-05
240.0 0.00011273149109955317
246.0 0.00011380677909384836
252.0 0.00012651391003439002
257.0 0.00011312928982896154
260.0 0.00013181070493022932
264.0 0.0001419075145964338
269.0 0.00014748121641707513
274.0 0.00015210623409911306
279.0 0.00015716221393143008
284.0 0.00016230952233559925
290.0 0.0001611074097180065
296.0 0.00016951980423824564
301.0 0.00017309731381126358
308.0 0.0001819470400105245
318.0 0.00019478163342281107
328.0 0.0002045745701134598
338.0 0.00021214646072085052
348.0 0.00021889920143876266
357.0 0.00022616019477710004
366.0 0.00023408406508535178
375.0 0.00023952171211717816
385.0 0.00023854046231032232
395.0 0.0002518413217103477
405.0 0.0002599434069794027
414.0 0.00026363435345625217
422.0 0.00026525520282603477
430.0 0.00026792355075124543
441.0 0.0002750310354106869
451.0 0.00027697780896352765
460.0 0.0002788315406303165
470.0 0.0002819708674709283
480.0 0.00028702039856655793
490.0 0.00028589346799371996
500.0 0.0002918551851941257
506.0 0.0002905376679746809
512.0 0.00030302771676712144
520.0 0.0003060958000480786
530.0 0.00030634792812801894
540.0 0.0003014200923837742
550.0 0.00030449344024383436
560.0 0.0003139751724007464
570.0 0.0003234716633692753
580.0 0.00032221144131803575
590.0 0.00032987320183996114
600.0 0.00032606148651227913
610.0 0.0003015015923722144
620.0 0.0003421560376191185
630.0 0.0003444416822349496
640.0 0.00035041017585694695
650.0 0.00035584517512043696
658.0 0.0003573977459316221
665.0 0.0003669031404468944
675.0 0.0003703144434929693
685.0 0.00036258936278863997
695.0 0.00039090054571439795
705.0 0.0003812004864872903
716.0 0.00040857423324572203
726.0 0.00041506072243533375
735.0 0.00042180879470783266
745.0 0.00043767347713702756
755.0 0.0004495685884462915
765.0 0.00043714004582196106
775.0 0.000478013049257485
785.0 0.0004903170209480356
795.0 0.0005075882234023907
805.0 0.0005245671396220973
815.0 0.0005361380180334708
825.0 0.0005657960725822608
835.0 0.0005030236181052268
845.0 0.0005888179362424452
855.0 0.0006021649701097779
865.0 0.000634853261340717
875.0 0.0006695882390249011
885.0 0.000712500142775714
895.0 0.0007423796807835459
905.0 0.0007424566620634352
915.0 0.0010867424298947048
925.0 0.007334274057149752
935.0 0.014931837073810062
945.0 0.028026203872038722
955.0 0.04307427149225016
965.0 0.045803339207876846
975.0 0.008824274353392595
985.0 0.03372613574991934
995.0 0.042285152763236265
1005.0 0.06591285809229634
1015.0 0.06925960987818879
1025.0 0.03097432182972887
1035.0 0.04948884186375361
1045.0 0.09956933320005763
1055.0 0.09979368161398726
1065.0 0.07636981644219845
1075.0 0.09308457379848041
1085.0 0.07185447441168241
1095.0 0.10225578314157653
1105.0 0.10225395104956903
1115.0 0.09752558743421066
1125.0 0.08835450591210069
1135.0 0.1201634851884445
1145.0 0.11022295295560616
1155.0 0.1218557465400714
1165.0 0.12742302026259425
1175.0 0.08801637409939848
1185.0 0.1270373508730456
1195.0 0.08309158891894451
1205.0 0.05275005269700993
1208.72 0.049096610821875004
1208.8 0.04901748553884599
1208.87 0.04894823176790232
1208.94 0.04887896012933288
1209.02 0.04879977066870868
1209.09 0.048730460755592335
1209.16 0.04866113298718893
1209.23 0.04859178736742326
1209.31 0.04851251337676993
1209.38 0.04844312951729488
1209.45 0.04837372781878565
1209.53 0.048294389753232025
1209.6 0.048224949841422435
1209.67 0.04815549210289822
1209.75 0.04807609000669579
1209.82 0.048006594081262656
1209.89 0.04793708034142683
1209.96 0.04786754879110436
1210.04 0.04778806235842697
1210.11 0.04771849265595732
1210.18 0.047648905155301714
1210.26 0.047569354794446086
1210.33 0.047499729167994414
1210.4 0.047430085755649824
1210.47 0.047360424561322445
1210.55 0.04728078999896305
1210.62 0.04721109071354787
1210.69 0.047141373658431726
1210.77 0.04706167527020726
1210.84 0.04699192015031378
1210.91 0.0469221472729934
1210.99 0.04684238510299015
1211.06 0.046772574187185285
1211.13 0.04670274552621931
1211.2 0.046632899123993814
1211.28 0.04655305294531907
1211.35 0.04648316853924062
1211.42 0.04641326640415723
1211.5 0.04633335654579083
1211.57 0.04626341643310672
1211.64 0.04619345860366447
1211.72 0.04611348510959507
1211.79 0.04604348932878659
1211.86 0.04597347584345876
1211.93 0.04590344465750376
1212.01 0.045823387347167614
1212.08 0.04575331824440116
1212.15 0.04568323145323531
1212.23 0.04560311060905604
1212.3 0.04553298592727217
1212.37 0.04546284356930864
1212.44 0.04539268353905139
1212.52 0.04531247901277055
1212.59 0.0452422811263961
1212.66 0.045172065579936645
1212.74 0.045091797621513365
1212.81 0.04502154424508912
1212.88 0.04495127322078014
1212.96 0.04487094187403611
1213.03 0.044800633045897036
1213.1 0.04473030658206561
1213.17 0.04465996248641913
1213.25 0.044579547649247576
1213.32 0.044509165784194046
1213.39 0.04443876629950659
1213.47 0.044358288175486225
1213.54 0.044287850947485316
1213.61 0.04421739611202345
1213.69 0.04413685474487673
1213.76 0.04406636219217679
1213.83 0.04399585204418046
1213.9 0.043925324304756194
1213.98 0.04384469963842389
1214.05 0.04377413421610704
1214.12 0.04370355121451597
1214.2 0.043622863406299645
1214.27 0.043552242747850065
1214.34 0.043481604522271476
1214.41 0.043410948733426255
1214.49 0.043330177759373964
1214.56 0.043259484347961036
1214.63 0.04318877338541562
1214.71 0.04310793937056071
1214.78 0.04303719081144028
1214.85 0.04296642471331349
1214.93 0.042885527701209486
1215.0 0.04281472403248234
1215.07 0.04274390283686615
1215.14 0.042673064118214504
1215.22 0.042728237704423425
1215.29 0.04313396708525953
1215.36 0.043539784914336244
1215.44 0.04400368499777449
1215.51 0.04440969229267665
1215.58 0.0448157879741187
1215.66 0.045280005527584814
1215.73 0.0456862905426867
1215.8 0.04609266388267449
1215.87 0.04649912552794074
1215.95 0.04696376122629827
1216.02 0.04737041203115786
1216.09 0.047777151079703
1216.17 0.04824210373497837
1216.24 0.04864903181118194
1216.31 0.0490560480695247
1216.38 0.04946315249043471
1216.46 0.0499285226148192
1216.53 0.050335815889624456
1216.6 0.050743197265510666
1216.68 0.05120888383460194
1216.75 0.051616453932680814
1216.82 0.05202411207040221
1216.9 0.05249011486352202
1216.97 0.05289796159183241
1217.04 0.053305896298393406
1217.11 0.05371391896368129
1217.19 0.05418033826067861
1217.26 0.05458854934323023
1217.33 0.0549968483231783
1217.41 0.055463583333279595
1217.48 0.05587207059911952
1217.55 0.0562806457010723
1217.63 0.056747696204156886
1217.7 0.05715645946072972
1217.77 0.0575653104921785
1217.84 0.05797424927902882
1217.92 0.05844171532319118
1217.99 0.05885084209177438
1218.06 0.059260056554584065
1218.14 0.05972783758209644
1218.21 0.060137239895599756
1218.28 0.06054672984220103
1218.35 0.060956307402460316
1218.43 0.061424503299856784
1218.5 0.06183426853822953
1218.57 0.06224412132919377
1218.65 0.0627126317012113
1218.72 0.06312267203948242
1218.79 0.06353279986932567
1218.87 0.06400162449679062
1218.94 0.06441193974323635
1219.01 0.06482234242028029
1219.08 0.065232832508533
1219.16 0.06570207104723172
1219.23 0.06611274837994557
1219.3 0.06652351306295771
1219.38 0.06699306534967335
1219.45 0.06740401714667416
1219.52 0.06781505623310996
1219.6 0.06828492204922931
1219.67 0.06869614811928373
1219.74 0.06910746141795508
1219.81 0.0695188619259041
1219.89 0.06998914069705642
1219.96 0.07040072801692375
1220.03 0.07081240248531438
1220.11 0.07128299427973912
1220.18 0.07169485542991208
1220.25 0.07210680366789983
1220.32 0.07251883897439768
1220.4 0.07298984305728226
1220.47 0.0734020648741711
1220.54 0.07381437369892514
1220.62 0.07428569029986132
1220.69 0.07469818550510499
1220.76 0.07511076765761479
1220.84 0.07558239655894713
1220.91 0.0759951649621451
1220.98 0.07640802025205884
1221.05 0.0768209624094337
1221.13 0.07729300264720215
1221.2 0.07770613088431678
1221.27 0.07811934592840447
1221.35 0.07859169796265292
1221.42 0.0790050989569154
1221.49 0.07941858669770906
1221.57 0.07989125031134614
1221.64 0.08030492387284976
1221.71 0.08071868412049123
1221.78 0.08113253103506582
1221.86 0.08160560503558119
1221.93 0.08201963760036296
1222.0 0.08243375677174584
1222.08 0.08290714184904423
1222.15 0.08332144654140504
1222.22 0.08373583778008381
1222.29 0.08415031554591099
1222.37 0.08462411034816573
1222.44 0.08503877346477871
1222.51 0.08545352304831796
1222.59 0.08592762842566659
1222.66 0.08634256323099877
1222.73 0.08675758444308414
1222.81 0.08723200017939513
1222.88 0.08764720648438201
1222.95 0.08806249913599679
1223.02 0.08847787811512009
1223.1 0.0889527026310352
1223.17 0.08936826653331391
1223.24 0.08978391670303695
1225.0 0.09936576740576747
1235.0 0.153077424636941
1245.0 0.17049518111082695
1255.0 0.16337673978681286
1265.0 0.14261525840509381
1275.0 0.1907204262310907
1285.0 0.2035756452204649
1295.0 0.1583351150809529
1305.0 0.151638976502127
1315.0 0.20613695763006284
1325.0 0.19957979481332638
1335.0 0.17092584558078855
1345.0 0.21851454579701973
1355.0 0.2102115351333666
1365.0 0.18765685039605862
1375.0 0.20014104510391484
1385.0 0.2054211152341755
1395.0 0.18016013334660141
1405.0 0.1883304099316959
1415.0 0.19206065101415906
1425.0 0.20277797678979592
1435.0 0.20285376942859495
1442.0 0.21791614661887593
1447.0 0.22300344001689906
1455.0 0.21480625563141276
1465.0 0.1970188614506136
1475.0 0.19928074576371357
1485.0 0.20717914058101758
1495.0 0.2139050705106714
1505.0 0.2016190151581631
1512.0 0.17575057867513336
1517.0 0.1908866318841743
1525.0 0.1850145357416862
1535.0 0.1600701030510344
1545.0 0.1802022202751967
1555.0 0.17074176044846268
1565.0 0.1733199920265152
1575.0 0.18582229108660853
1585.0 0.20216364704718046
1595.0 0.2070034312971225
1605.0 0.20525900323920923
1615.0 0.20791110706349716
1625.0 0.19564038357500826
1635.0 0.21095210459398228
1645.0 0.21619319237561951
1655.0 0.19864699042809392
1665.0 0.21956118815975603
1672.0 0.19736241475818614
1677.0 0.21961227223288282
1685.0 0.23836030935298474
1695.0 0.22568620833680234
1705.0 0.21272986000988334
1715.0 0.2017699451486133
1725.0 0.20128599072779266
1735.0 0.21606313255857051
1745.0 0.21453261606666477
1755.0 0.2309784291208308
1765.0 0.2101573449096742
1775.0 0.21687537600744197
1785.0 0.22355556547693634
1795.0 0.24492119130757994
1805.0 0.24429639111908666
1815.0 0.22271079244100078
1825.0 0.22875829602664124
1835.0 0.21934233571061346
1845.0 0.19912588483059085
1855.0 0.20042243639046287
1865.0 0.20979238171406195
1875.0 0.23040623213300052
1885.0 0.21525420502842113
1895.0 0.20532911225495107
1905.0 0.21854591869629877
1915.0 0.21238281969000117
1925.0 0.20879894112271924
1935.0 0.21492240843478752
1945.0 0.22536579058756023
1955.0 0.21729323642634268
1967.0 0.23985963685824543
1976.0 0.24602642761366053
1984.0 0.2342416816151572
1995.0 0.22770852840337244
2005.0 0.23341267499366236
2015.0 0.2267559829850391
2025.0 0.23729781745832437
2035.0 0.22737174788693404
2045.0 0.23933556912413345
2055.0 0.2286827950889587
2065.0 0.2317391550450944
2074.0 0.24813798995978623
2078.0 0.24238561959723545
2085.0 0.253835356325312
2095.0 0.24375117849675537
2105.0 0.24178975412822393
2115.0 0.2459314585864332
2125.0 0.24956461144471953
2135.0 0.23207416039332252
2145.0 0.2403959923170813
2155.0 0.251880509314128
2165.0 0.24409148484146148
2175.0 0.2419953436267657
2185.0 0.24172773994113614
2195.0 0.25328031945404345
2205.0 0.24794871907359992
2215.0 0.2326910359360883
2225.0 0.22542492657796895
2235.0 0.243794112836773
2245.0 0.23887449715868458
2255.0 0.22199610427262975
2265.0 0.2289228873145928
2275.0 0.23885129461059962
2285.0 0.24746541085852897
2295.0 0.23328221706862198
2305.0 0.23642243197389978
2315.0 0.22233018081620343
2325.0 0.17198049272912846
2335.0 0.19285659038310055
2345.0 0.1951222703250104
2355.0 0.2108361979435144
2365.0 0.19000790690746594
2375.0 0.199447871676532
2385.0 0.18098616083979058
2395.0 0.19350321616681382
2405.0 0.18953059172779596
2415.0 0.19919300901368137
2425.0 0.21864903467406488
2435.0 0.21225681769205723
2445.0 0.22598802470565055
2455.0 0.22711047403704274
2465.0 0.22233435279603175
2475.0 0.21330961616570934
2485.0 0.2127542010731863
2495.0 0.2110630484365198
2505.0 0.23450801772476235
2513.0 0.20574052796040862
2518.0 0.19526917462810223
2525.0 0.19246437090708002
2535.0 0.20114920087578947
2545.0 0.20043869375489654
2555.0 0.22723433335710153
2565.0 0.22038679799079344
2575.0 0.23647897266707157
2585.0 0.23085319853985306
2595.0 0.22122231982745788
2605.0 0.2126995556830276
2615.0 0.20889129836804504
2625.0 0.23482584494299216
2635.0 0.25935372827600656
2645.0 0.29263075425146473
2655.0 0.31591886426741733
2665.0 0.2674415413040066
2675.0 0.2859431799396609
2685.0 0.29301447774861894
2695.0 0.27118038784256243
2705.0 0.28690725438621095
2715.0 0.259298776099243
2725.0 0.2525191751914441
2735.0 0.2650325023720502
2745.0 0.21779775903473683
2755.0 0.2348305823736156
2765.0 0.2515240354012453
2775.0 0.2644181228386803
2785.0 0.2270798753518947
2795.0 0.17955009836357844
2805.0 0.19823517605872784
2815.0 0.2555693744419987
2825.0 0.3004414147470096
2835.0 0.29389087362637745
2845.0 0.2660679004558761
2855.0 0.24110439212630966
2865.0 0.31853905956609224
2875.0 0.3358454846618264
2885.0 0.32545808089796935
2895.0 0.3354704239174907
2910.0 0.39521863646516603
2930.0 0.36968517433702075
2950.0 0.362431868486365
2970.0 0.38058788880376343
2990.0 0.38524830247668196
3010.0 0.39683387205572324
3030.0 0.4034663009315668
3050.0 0.41002754353926574
3070.0 0.42521371693230386
3090.0 0.4339013926809503
3110.0 0.4493409293611867
3130.0 0.44013571946678737
3150.0 0.44190009991999085
3170.0 0.45195920163207043
3190.0 0.4199374577258298
3210.0 0.451995050188479
3230.0 0.4152277466653436
3250.0 0.4885715570299525
3270.0 0.5305011243866772
3290.0 0.5262469601152399
3310.0 0.5209782140736011
3330.0 0.5328022080892482
3350.0 0.5546502044666101
3370.0 0.49277186961679414
3390.0 0.5394873540908939
3410.0 0.5322869356944882
3430.0 0.6084099077358065
3450.0 0.5095723763076041
3470.0 0.5534155393867706
3490.0 0.5484843099151476
3510.0 0.578312037246929
3530.0 0.5111187587480314
3550.0 0.6327034517681033
3570.0 0.5194257655563923
3590.0 0.5944159887252584
3610.0 0.45958264601710985
3630.0 0.712064978371366
3640.0 0.5952210317664641
3650.0 0.6691536349499777
3670.0 0.7668596742832937
3690.0 0.5466549255667782
3704.66 0.7285254879178517
3704.88 0.7226135946035783
3705.11 0.7164323068317987
3705.33 0.7105191279012781
3705.55 0.7046053204681665
3705.78 0.6984220316168966
3706.0 0.6925069386531593
3706.22 0.6865912172287166
3706.45 0.6819056856391166
3706.67 0.677423384859891
3706.89 0.6729406069803002
3707.12 0.6682535563583146
3707.34 0.6637698026240637
3707.56 0.6592855718212086
3707.79 0.6545970022679589
3708.01 0.6501117956754318
3708.24 0.6454222060012792
3708.46 0.6409360236627623
3708.68 0.6364493643087844
3708.91 0.6324750610969528
3709.13 0.6358727368560999
3709.35 0.6392707667158912
3709.58 0.6428236310794856
3709.8 0.6462223852113844
3710.0 0.6493124689516067
3710.02 0.6496214934197859
3710.25 0.6531754851220184
3710.47 0.6565753175531232
3710.7 0.6601300663799219
3710.92 0.663530623000541
3711.14 0.6669315336572701
3711.37 0.6704874096941013
3711.59 0.673590086627364
3711.81 0.6747995865804767
3712.04 0.6760641954391157
3712.26 0.6772739472126357
3712.48 0.6784838220940418
3712.71 0.6797488229139546
3712.93 0.680958949598135
3713.16 0.6822242136602102
3713.38 0.6834345921353202
3713.6 0.6846450937039004
3713.83 0.6859107496813509
3714.05 0.6871215030232105
3714.27 0.6874591253660759
3714.5 0.6820298089498826
3714.72 0.6768359864552056
3714.94 0.6716416131769483
3715.17 0.6662105431295973
3715.39 0.6610150432863942
3715.62 0.6555827954931399
3715.84 0.6503861691357684
3716.06 0.6451889920566479
3716.29 0.6397549908290338
3716.51 0.6345566873114211
3716.73 0.6293578331090701
3716.96 0.627241430989943
3717.18 0.6366475434260214
3717.4 0.6460546408398705
3717.63 0.6558903867196642
3717.85 0.6652994987921164
3718.08 0.6751373508577446
3718.3 0.6845484774966588
3718.52 0.6939605890011415
3718.75 0.7038015767648448
3718.97 0.7132157026984461
3719.19 0.7226308134304956
3719.42 0.7324749366784484
3719.64 0.7398621170615611
3719.86 0.7418365988556241
3720.09 0.7439010466168379
3720.31 0.7458759431437643
3720.53 0.7478510424219282
3720.76 0.7499161357196098
3720.98 0.751891649701762
3721.21 0.7539571765434757
3721.43 0.7559331052102158
3721.65 0.7579092366045836
3721.88 0.7599754089075905
3722.1 0.7619519549576356
3722.32 0.7683676563222664
3722.55 0.7850206478999944
3722.77 0.800951301396018
3722.99 0.8168836219949025
3723.22 0.8335419214352419
3723.44 0.8494776519007751
3723.67 0.866139516119837
3723.89 0.8820786562953895
3724.11 0.8980194633833317
3724.34 0.9146866348584622
3724.56 0.9306308514231886
3724.78 0.9465767347862402
3725.01 0.9635490175736352
3725.23 0.9803228312929557
3725.45 0.9970983981690236
3725.68 1.0146383652706747
3725.9 1.031417518026382
3726.13 1.048961233915893
3726.35 1.0657439723861093
3726.57 1.082528463812264
3726.8 1.1000777609105399
3727.02 1.11686583780531
3727.24 1.133655667535729
3727.47 1.1512105454598924
3727.69 1.1634432788326496
3727.91 1.1690892906011785
3728.14 1.1749925640720669
3728.36 1.1806397711036063
3728.59 1.1865442941385462
3728.81 1.1921926963774303
3729.03 1.1978416829196628
3729.26 1.2037480663088211
3729.48 1.209398247975506
3729.7 1.2150490139049899
3729.93 1.220957257519297
3730.0 1.2227555453653258
3730.15 1.2266092184903117
3730.37 1.2286207919184926
3730.6 1.2261560028979102
3730.82 1.2237981182737168
3731.05 1.2213327849043774
3731.27 1.2189743796103816
3731.49 1.2166157197751573
3731.72 1.2141495759759988
3731.94 1.211790395505556
3732.16 1.2094309605108091
3732.39 1.2069640063356981
3732.61 1.204604050740352
3732.83 1.202243840637631
3733.06 1.1919501524973186
3733.28 1.1739363463347139
3733.51 1.1551017077725958
3733.73 1.1370840315126733
3733.95 1.1190644632698967
3734.18 1.1002238008532883
3734.4 1.082200362778021
3734.62 1.0641750328494854
3734.85 1.0453283469908587
3735.07 1.027299147494909
3735.29 1.0092680562753285
3735.52 0.9904153473874292
3735.74 0.9799857596204471
3735.96 0.9758932172473984
3736.19 0.9716141862479144
3736.41 0.9675207562841607
3736.64 0.9632407973700776
3736.86 0.9591464798560614
3737.08 0.9550517284433264
3737.31 0.9507703880459009
3737.53 0.9466747491431756
3737.75 0.9425786763712081
3737.98 0.9382959545842906
3738.2 0.934198994382654
3738.42 0.9243143902192507
3738.65 0.9097905018649785
3738.87 0.8958965969961049
3739.1 0.8813695933880076
3739.32 0.8674727087798755
3739.54 0.853574367460447
3739.77 0.8390427258520436
3739.99 0.8251414049982787
3740.21 0.8112386275333638
3740.44 0.7967023482436891
3740.66 0.7827965914494956
3740.88 0.768889378144421
3741.11 0.7617747575344828
3741.33 0.7587574218998966
3741.56 0.7556025928733178
3741.78 0.7525846034209995
3742.0 0.7495662943353508
3742.23 0.7464104476332132
3742.45 0.7433914847743783
3742.67 0.7403722023039827
3742.9 0.737215337995639
3743.12 0.7341954017966329
3743.34 0.7311751460078633
3743.57 0.7280172641627116
3743.79 0.7213193886831715
3744.02 0.7125223011328963
3744.24 0.7041067936642941
3744.46 0.6956904042743309
3744.69 0.6868905087885424
3744.91 0.6784723155307761
3745.13 0.6700532404124764
3745.36 0.661250537184842
3745.58 0.6528296583231993
3745.8 0.64440789766189
3746.03 0.6356023868862036
3746.25 0.6271788226060933
3746.48 0.6219829717602162
3746.7 0.6182318003519357
3746.92 0.6144802342347451
3747.15 0.6105577203660015
3747.37 0.6068053469174577
3747.59 0.6030525787871489
3747.82 0.5991288082973566
3748.04 0.5953752328912353
3748.26 0.5916212628305106
3748.49 0.5876962358061585
3748.71 0.5839414585251914
3748.93 0.5801862866168166
3749.16 0.5849889150310612
3750.0 0.6113905344655723
3770.0 0.7234810081707979
3790.0 0.8566764962438688
3810.0 0.8136954620846809
3830.0 0.6213479767992032
3850.0 0.6662407867519169
3870.0 0.8346986428298985
3890.0 0.799280441705821
3910.0 0.9856904961788131
3930.0 0.7545264057912822
3950.0 0.9871140286212022
3970.0 0.6347393762257271
3990.0 1.0
4010.0 1.2368618592428193
4030.0 1.1771767792169088
4050.0 1.1950656594164313
4070.0 1.2089356921069832
4078.2 1.2852043472380317
4078.45 1.2818606538405553
4078.7 1.278516593542918
4078.94 1.2753059504881947
4079.19 1.2719611710996233
4079.43 1.2687498377388307
4079.68 1.265404339303541
4079.93 1.262058474024718
4080.17 1.2588460982413379
4080.42 1.2554995139825933
4080.66 1.261207710263205
4080.91 1.267154363206454
4081.16 1.2731016438347822
4081.4 1.2788116237453233
4081.65 1.2847601345777107
4081.9 1.2907092730352767
4082.14 1.2964210364055153
4082.39 1.3023714049497146
4082.63 1.3080843491657996
4082.88 1.314035947718852
4083.13 1.3194930000107088
4083.37 1.3222365067618034
4083.62 1.325094616902137
4083.86 1.3278386816116194
4084.11 1.3306973729400091
4084.36 1.3335563607785876
4084.6 1.3363012680514188
4084.85 1.339160837021879
4085.1 1.3420207024738635
4085.34 1.3447664522285965
4085.59 1.3476268987562667
4085.83 1.348780740255266
4086.08 1.345006052955392
4086.33 1.3412309531189575
4086.57 1.3376064691736511
4086.82 1.33383056080328
4087.06 1.3302053006893826
4087.31 1.3264285838350396
4087.56 1.3226514545081285
4087.8 1.3190250223121762
4088.05 1.3152470845767765
4088.3 1.311468734407329
4088.54 1.306465717559985
4088.79 1.2992477703809209
4089.03 1.2923178077352495
4089.28 1.2850983327598147
4089.53 1.277878078333128
4089.77 1.2709459007987942
4090.0 1.2643018899673548
4090.02 1.263724118719586
4090.26 1.2567904746845506
4090.51 1.249567165048103
4090.76 1.242343076082434
4091.0 1.2354072175054984
4091.25 1.2336076697152
4091.5 1.236071488520583
4091.74 1.2384369939035345
4091.99 1.2409013113045646
4092.23 1.2432672953239452
4092.48 1.2457321112885438
4092.73 1.2481971816099484
4092.97 1.2505638884096222
4093.22 1.2530294572461322
4093.47 1.2554952804147181
4093.71 1.257862709924422
4093.96 1.2569354951100544
4094.2 1.2545121093965808
4094.45 1.251987477199009
4094.7 1.2494625673780482
4094.94 1.2470383927699473
4095.19 1.2445129388324856
4095.43 1.2420882418886607
4095.68 1.2395622438682667
4095.93 1.2370359682674754
4096.17 1.23461048255119
4096.42 1.2320836629181793
4096.67 1.2335357465617587
4096.91 1.235657543295849
4097.16 1.2378679706650302
4097.4 1.2399901944729073
4097.65 1.242201066696233
4097.9 1.2444121658748748
4098.14 1.2465350345989845
4098.39 1.248746578588316
4098.63 1.2508698743168662
4098.88 1.2530818630881055
4099.13 1.2552940787777982
4099.37 1.2462022834519553
4099.62 1.2367306672454412
4099.87 1.2272580346675612
4100.11 1.2181633512208518
4100.36 1.2086887266495607
4100.6 1.1995921309491997
4100.85 1.1901155145096252
4101.1 1.18063788185894
4101.34 1.1715383984931234
4101.59 1.1620587741631854
4101.83 1.1536459717245442
4102.08 1.1527722611057325
4102.33 1.1518984497406217
4102.57 1.1510594960508558
4102.82 1.1501854872319295
4103.07 1.149311377675819
4103.31 1.1484721377312674
4103.56 1.1475978307392107
4103.8 1.146758401261835
4104.05 1.1458838968456702
4104.3 1.1450092917074806
4104.54 1.1459038425954553
4104.79 1.152255626833213
4105.03 1.1583539672927319
4105.28 1.1647070589913182
4105.53 1.1710608177296131
4105.77 1.177161053649188
4106.02 1.1835161197222983
4106.27 1.1898718527708119
4106.51 1.1959739839676686
4106.76 1.2023310242249365
4107.0 1.2084344103021207
4107.25 1.2125686347032452
4107.5 1.213366928266183
4107.74 1.2141333620831365
4107.99 1.2149318056362863
4108.23 1.2156983834389496
4108.48 1.216496976972115
4108.73 1.2172956470217682
4108.97 1.2180624422536845
4109.22 1.2188612622679516
4109.47 1.2196601587908467
4109.71 1.2204271714296777
4109.96 1.2212706678014742
4110.0 1.2214112227927088
4110.2 1.2221140303581968
4110.45 1.2229926162414102
4110.7 1.2238712870400583
4110.94 1.2247148908924819
4111.19 1.225593728116884
4111.44 1.226472650248049
4111.68 1.2273164953715305
4111.93 1.2281955839114476
4112.17 1.2290395887819232
4112.42 1.2299188437193305
4112.67 1.2354293566975674
4112.91 1.2428122978787906
4113.16 1.2505036522437802
4113.4 1.2578881114192049
4113.65 1.2655810469775577
4113.9 1.2732747892282266
4114.14 1.280661540700561
4114.39 1.2883568639917309
4114.64 1.2960529938972123
4114.88 1.3034420374447424
4115.13 1.311139748237806
4115.37 1.310053572553466
4115.62 1.3071559330722033
4115.87 1.3042579778690402
4116.11 1.301475643852179
4116.36 1.2985770698632695
4116.6 1.2957941418306322
4116.85 1.2928949490946275
4117.1 1.2899954406862226
4117.34 1.2872116156389053
4117.59 1.2843114885417946
4117.84 1.28141104580208
4118.08 1.2832815909178426
4118.33 1.2852302690192292
4118.57 1.2871011858520758
4118.82 1.2890502511460653
4119.07 1.2909995139775192
4119.31 1.292870992132831
4119.56 1.294820642118539
4119.81 1.2967704896221428
4120.05 1.2986425290442989
4120.3 1.300592763663795
4120.54 1.3020557061210938
4120.79 1.2988876782501984
4121.04 1.2957193066143142
4121.28 1.2926773464399763
4121.53 1.2895083010566186
4121.77 1.2864656941049781
4122.02 1.2832959750164077
4122.27 1.2801259122169724
4122.51 1.2770823285765511
4122.76 1.2739115921357458
4123.01 1.2707405120166544
4123.25 1.2661793150587703
4123.5 1.2566878277017475
4123.74 1.247575048357691
4123.99 1.238081578779601
4124.24 1.2285870979127356
4124.48 1.2194714448905013
4124.73 1.2099749819927268
4124.97 1.2008574262812393
4125.22 1.1913589814785095
4125.47 1.1818595255483182
4125.71 1.1727390966170714
4125.96 1.1703364917747403
4126.21 1.1785824367028463
4126.45 1.1864993554281245
4126.7 1.194746991150317
4126.94 1.2026655329857034
4127.19 1.2109148593931987
4130.0 1.339949483979587
4150.0 1.2782556057715186
4170.0 1.2621720567226775
4190.0 1.3262440563988815
4210.0 1.353751926186149
4230.0 1.1826959521985858
4250.0 1.3629052624573952
4270.0 1.382588175680237
4290.0 1.2736362540111519
4310.0 1.1669868766845333
4315.65 1.3013489343174087
4315.91 1.3085465460567318
4316.17 1.3157448962461362
4316.43 1.3229439848583715
4316.69 1.3301438118661588
4316.95 1.3373443772422937
4317.21 1.3445456809594931
4317.47 1.3517477229904962
4317.73 1.3589505033080154
4317.99 1.3661540218848356
4318.25 1.3733582786936647
4318.52 1.3805250430970797
4318.78 1.3873403216867732
4319.04 1.3941562979297302
4319.3 1.4009729718001356
4319.56 1.4077903432721939
4319.82 1.414608412320088
4320.08 1.4214271789180652
4320.34 1.4282466430403025
4320.6 1.4350668046609958
4320.86 1.4418876637543165
4321.12 1.4466109345143687
4321.38 1.4495360613564743
4321.64 1.4524614817349666
4321.9 1.455387195638858
4322.16 1.4583132030571908
4322.42 1.4612395039789752
4322.68 1.4641660983932296
4322.94 1.4670929862889648
4323.2 1.470020167655217
4323.46 1.472947642480993
4323.73 1.4722947158385102
4323.99 1.4615038889077088
4324.25 1.4507119347790165
4324.51 1.4399188534936862
4324.77 1.4291246450929722
4325.03 1.4183293096181742
4325.29 1.4075328471104773
4325.55 1.3967352576111884
4325.81 1.3859365411615783
4326.07 1.375136697802959
4326.33 1.3643357275765342
4326.59 1.3635712130689455
4326.85 1.3628066104165193
4327.11 1.3620419196223208
4327.37 1.3612771406894073
4327.63 1.3605122736208437
4327.89 1.359747318419694
4328.15 1.3589822750890235
4328.41 1.3582171436318924
4328.67 1.3574519240513665
4328.94 1.3566571796791838
4329.2 1.3633536474924182
4329.46 1.3722894745536585
4329.72 1.381226216454755
4329.98 1.390163873161791
4330.0 1.3908514231065954
4330.24 1.3991024446409377
4330.5 1.4080419308582712
4330.76 1.4169823317798953
4331.02 1.4259236473719112
4331.28 1.4348658776003853
4331.54 1.4438090224314764
4331.8 1.4443856534606285
4332.06 1.4365944739056304
4332.32 1.4288024799069063
4332.58 1.421009671494243
4332.84 1.413216048697515
4333.1 1.4054216115465699
4333.36 1.3976263600712855
4333.62 1.3898302943014622
4333.88 1.3820334142669841
4334.15 1.3739357924194806
4334.41 1.3673196231457494
4334.67 1.3646442002582138
4334.93 1.3619684921635036
4335.19 1.359292498871975
4335.45 1.3566162203939571
4335.71 1.3539396567398077
4335.97 1.3512628079198759
4336.23 1.3485856739445217
4336.49 1.345908254824078
4336.75 1.3432305505689066
4337.01 1.3405525611893603
4337.27 1.3481468860060548
4337.53 1.3561529105192616
4337.79 1.3641597519194832
4338.05 1.3721674101763321
4338.31 1.3801758852594428
4338.57 1.3881851771384226
4338.83 1.3961952857829587
4339.09 1.4042062111626517
4339.35 1.4122179532471277
4339.62 1.4205387036517825
4339.88 1.4241978354857476
4340.14 1.4262530458794667
4340.4 1.428308458718972
4340.66 1.4303640739966037
4340.92 1.43241989170468
4341.18 1.4344759118355246
4341.44 1.4365321343814554
4341.7 1.4385885593348087
4341.96 1.4406451866879
4342.22 1.4427020164330517
4342.48 1.4460951965681563
4342.74 1.4513108305319204
4343.0 1.4565269921280988
4343.26 1.4617436813369702
4343.52 1.4669608981388134
4343.78 1.4721786425138834
4344.04 1.4773969144424934
4344.3 1.482615713904896
4344.57 1.4880357947610052
4344.83 1.493255669519656
4345.09 1.4967588270384828
4345.35 1.4930495363475096
4345.61 1.4893398541138698
4345.87 1.4856297803518494
4346.13 1.481919315075773
4346.39 1.4782084582999533
4346.65 1.4744972100387188
4346.91 1.4707855703063588
4347.17 1.4670735391172038
4347.43 1.463361116485573
4347.69 1.4596483024257982
4347.95 1.4635141315588813
4348.21 1.4680119673297563
4348.47 1.472510255977803
4348.73 1.4770089974860197
4348.99 1.4815081918374486
4349.25 1.4860078390150846
4349.51 1.4905079390019371
4349.78 1.4951815990070292
4350.0 1.4989901274335133
4350.04 1.4996826219754276
4350.3 1.504184097701406
4350.56 1.50264724926173
4350.82 1.4984261943227732
4351.08 1.494204695858086
4351.34 1.4899827538839516
4351.6 1.4857603684166387
4351.86 1.481537539472434
4352.12 1.4773142670675807
4352.38 1.4730905512183674
4352.64 1.4688663919410703
4352.9 1.46464178925198
4353.16 1.4622943432977664
4353.42 1.4629509611736606
4353.68 1.4636076368949547
4353.94 1.4642643704593072
4354.2 1.4649211618643845
4354.46 1.4655780111078434
4354.72 1.4662349181873446
4354.99 1.4669171521367568
4355.25 1.4675741771055608
4355.51 1.4682312599032998
4355.77 1.4681155837027113
4356.03 1.4637491754648866
4356.29 1.4593823097001613
4356.55 1.4550149864253754
4356.81 1.4506472056573527
4357.07 1.4462789674129368
4357.33 1.441910271708926
4357.59 1.4375411185621656
4357.85 1.4331715079894862
4358.11 1.4288014400077365
4358.37 1.4244309146337204
4358.63 1.434335354891286
4358.89 1.4461029082736674
4359.15 1.4578716584778446
4359.41 1.4696416054591641
4359.67 1.4814127491728455
4359.93 1.493185089574146
4360.2 1.5054114788629862
4360.46 1.5171862585273916
4360.72 1.528962234743442
4360.98 1.540739407466339
4361.24 1.5430943402565114
4361.5 1.5395595548341698
4361.76 1.5360243973134975
4362.02 1.532488867708162
4362.28 1.5289529660318395
4362.54 1.5254166922981724
4362.8 1.5218800465208417
4363.06 1.5183430287135167
4363.32 1.5148056388898812
4363.58 1.5112678770635801
4363.84 1.5080550512667006
4364.1 1.5054563889382127
4364.36 1.5028574508338264
4364.62 1.5002582369636115
4364.88 1.497658747337669
4365.15 1.49495898548365
4365.41 1.4923589337715164
4365.67 1.4897586063343213
4365.93 1.4871580031821592
4366.19 1.484557124325134
4366.45 1.482784107342288
4366.71 1.4873602787396738
4366.97 1.4919369084849714
4367.23 1.496513996560867
4367.49 1.5010915429500935
4370.0 1.5471957223897241
4390.0 1.395769634018919
4410.0 1.4805511767737158
4430.0 1.5326231920712103
4450.0 1.6533855246378055
4470.0 1.5873865590008396
4490.0 1.6826259889747914
4510.0 1.8643543475124653
4530.0 1.6577327023530017
4550.0 1.7430030127806861
4570.0 1.7895952474197327
4590.0 1.8288968447575509
4610.0 1.9331157679543354
4630.0 1.919175133011621
4650.0 1.8793346310640175
4670.0 1.8024144743339992
4690.0 1.7778684597327032
4710.0 1.7575195305923423
4730.0 1.8440742479798626
4750.0 1.937701829530731
4770.0 1.7497850268471147
4790.0 1.9242965807824555
4810.0 1.9419938953803653
4830.0 1.944121840122586
4834.84 1.9334061288671938
4835.13 1.9315955798411657
4835.42 1.9297848375699997
4835.71 1.9279739020625646
4836.0 1.926162773327729
4836.29 1.9243514513743636
4836.59 1.9224774667252686
4836.88 1.9202282080564224
4837.17 1.914186478629902
4837.46 1.9081441343397052
4837.75 1.9021011752145407
4838.05 1.8958491912167506
4838.34 1.8898049813090725
4838.63 1.8837601566535533
4838.92 1.8777147172789075
4839.21 1.871668663213849
4839.5 1.865621994487095
4839.8 1.8636654901358112
4840.09 1.8620708709419143
4840.38 1.8604760807456533
4840.67 1.8588811195548671
4840.96 1.8572859873773955
4841.26 1.855635670717942
4841.55 1.8540401906952073
4841.84 1.8524445397095788
4842.13 1.8508487177688975
4842.42 1.852994289348411
4842.72 1.8564456710635868
4843.01 1.8597823322561553
4843.3 1.863119313450301
4843.59 1.8664566146307433
4843.88 1.8697942357822006
4844.17 1.873132176889391
4844.47 1.8765855560931983
4844.76 1.879924148097639
4845.05 1.879460863598695
4845.34 1.876673840735616
4845.63 1.8738865284262267
4845.93 1.8710027973238106
4846.22 1.868214896182347
4846.51 1.865426705635323
4846.8 1.8626382256961687
4847.09 1.8598494563783137
4847.38 1.8570603976951903
4847.68 1.851384081554851
4847.97 1.8428131098083629
4848.26 1.8342412741372305
4848.55 1.8256685745819778
4848.84 1.8170950111831288
4849.14 1.8082248986714633
4849.43 1.7996495779228057
4849.72 1.7910733934535286
4850.0 1.7827921199622907
4850.01 1.782496345304162
4850.3 1.7783098450592871
4850.59 1.7856509452020637
4850.89 1.793245941835214
4851.18 1.800588501814819
4851.47 1.8079317792896838
4851.76 1.8152757742257606
4852.05 1.8226204865890008
4852.35 1.8302192198215619
4852.64 1.837565391672892
4852.93 1.8444557462436642
4853.22 1.8484932899103939
4853.51 1.8525312223242563
4853.81 1.8567088028529941
4854.1 1.8607475261089301
4854.39 1.864786638055704
4854.68 1.8688261386747613
4854.97 1.8728660279475484
4855.26 1.876906305855512
4855.56 1.8810863126396402
4855.85 1.8821414936805652
4856.14 1.883196767179817
4856.43 1.8842521331328206
4856.72 1.885307591535001
4857.02 1.8863995423356237
4857.31 1.8874551888099396
4857.6 1.8885109277195493
4857.89 1.8895667590598797
4858.18 1.8906226828263542
4858.47 1.9022796861681979
4858.77 1.916624670542762
4859.06 1.9304928740390548
4859.35 1.944362439258507
4859.64 1.958233366136571
4859.93 1.9721056546086986
4860.23 1.9864577306178344
4860.52 2.000332789030389
4860.81 2.0142092088410766
4861.1 2.020850474749588
4861.39 2.023683504496804
4861.68 2.0265168017097066
4861.98 2.029448080271936
4862.27 2.0322819215994605
4862.56 2.0351160303536213
4862.85 2.037950406521561
4863.14 2.0407850500904114
4863.44 2.0437177213664905
4863.73 2.0401255733416233
4864.02 2.030533913313191
4864.31 2.0209412910466344
4864.6 2.011347706587203
4864.9 2.0014222963852455
4865.19 1.9918267545007748
4865.48 1.9822302505608367
4865.77 1.9726327846106866
4866.06 1.9630343566956723
4866.35 1.958997599346686
4866.65 1.9657552193604597
4866.94 1.9722882295454849
4867.23 1.9788218729535185
4867.52 1.9853561495544017
4867.81 1.9918910593179164
4868.11 1.9986519770541538
4868.4 2.0051881748830063
4868.69 2.011725005782929
4868.98 2.018047602437256
4869.27 2.023339396941439
4869.56 2.0286317012899837
4869.86 2.0341070353847477
4870.0 2.0366623779997957
4870.15 2.0394003769277096
4870.44 2.044694228241141
4870.73 2.0499885893006846
4871.02 2.0552834600819962
4871.32 2.060761448978147
4871.61 2.065317882363782
4871.9 2.0491684486486976
4872.19 2.033017407217798
4872.48 2.016864758146999
4872.77 2.000710501512168
4873.07 1.983997509956416
4873.36 1.9678399829947861
4873.65 1.9516808486995616
4873.94 1.9355201071466719
4874.23 1.9193577584120445
4874.53 1.9123692421628051
4874.82 1.907060506232122
4875.11 1.901751234312059
4875.4 1.896441426427806
4875.69 1.8911310826045529
4875.98 1.885820202867491
4876.28 1.8803256254210983
4876.57 1.8750136554543975
4876.86 1.8697011496503357
4877.15 1.8671885981546035
4877.44 1.865742692926161
4877.74 1.86424676629764
4878.03 1.8628005467182724
4878.32 1.861354172638239
4878.61 1.8599076440646631
4878.9 1.8584609610046672
4879.2 1.8569642297605495
4879.49 1.8555172324225837
4879.78 1.8543610901913585
4880.07 1.8534412790940102
4880.36 1.8525213655051485
4880.65 1.8516013494294326
4880.95 1.850649500817581
4881.24 1.8497292762485134
4881.53 1.848808949206734
4881.82 1.8478885196969033
4882.11 1.8469679877236822
4882.41 1.8485187155763392
4882.7 1.853647578911178
4882.99 1.8587769352600607
4883.28 1.8639067845993882
4883.57 1.8690371269055646
4883.86 1.8741679621549918
4884.16 1.8794762414661172
4884.45 1.884608079527243
4884.74 1.8897404104600086
4885.03 1.8926069758227533
4885.32 1.8883509343064593
4885.62 1.8839476794723693
4885.91 1.8796907616635958
4886.2 1.8754334131655084
4886.49 1.8711756339983547
4886.78 1.8669174241823832
4887.07 1.8626587837378414
4887.37 1.858252840485866
4887.66 1.8540286755964452
4887.95 1.8502813536574712
4888.24 1.8465336515567292
4888.53 1.8427855693120785
4888.83 1.8389078428385703
4889.12 1.8351589872528198
4889.41 1.8314097515773549
4889.7 1.8276601358300362
4890.0 1.8237808230502852
4890.29 1.8200304341084699
4890.58 1.8202256511949528
4890.87 1.8207131854607679
4891.16 1.821200755995939
4891.45 1.8216883627985465
4891.74 1.8221760058666714
4892.04 1.8226805023738446
4892.33 1.823168219217613
4892.62 1.8236559723210741
4892.91 1.8241437616823077
4910.0 1.911492643755007
4928.77 1.9190834333123983
4929.07 1.9279952945982166
4929.36 1.9366109331415904
4929.66 1.945524530868295
4929.96 1.954439011465864
4930.0 1.9556276755823099
4930.26 1.9633543748903641
4930.55 1.9634572447124945
4930.85 1.955340752759782
4931.15 1.9472234321572255
4931.45 1.9391052829455862
4931.74 1.9312569511070925
4932.04 1.9231371724166944
4932.34 1.9150165652383142
4932.64 1.9068951296127659
4932.93 1.8990436210613837
4933.23 1.8957885189862123
4933.53 1.8974012844542412
4933.83 1.8990141991414018
4934.12 1.9005734918395771
4934.42 1.9021866999688306
4934.72 1.9038000572946399
4935.02 1.905413563809395
4935.31 1.9069734285788844
4935.61 1.9085872284763583
4935.91 1.9107195003595936
4936.21 1.9133055286243208
4936.5 1.915805590405913
4936.8 1.9183921037461757
4937.1 1.9209788637165568
4937.4 1.9235658703046037
4937.69 1.9260668777518237
4937.99 1.9286543693183322
4938.29 1.9312421074655945
4938.59 1.9314564764070523
4938.88 1.9299090088398807
4939.18 1.9283080098240022
4939.48 1.9267068374285006
4939.78 1.9251054916617458
4940.07 1.923557359296089
4940.37 1.9219556725903213
4940.67 1.920353812538163
4940.97 1.9187517791479942
4941.26 1.9238320393219286
4941.56 1.9339289193550564
4941.86 1.9440267979949015
4942.16 1.9541256751917613
4942.45 1.9638888722858303
4942.75 1.973989713166254
4943.05 1.9840915524560265
4943.35 1.9941943901053811
4943.64 2.0039614154492145
4943.94 2.0082926778578556
4944.24 2.0082090806275894
4944.54 2.0081254616406627
4944.83 2.0080446092731856
4945.13 2.007960947500645
4945.43 2.0078772639739717
4945.73 2.007793558694018
4946.02 2.007712622913164
4946.32 2.0076288748542486
4946.62 2.014684449382512
4946.92 2.026500517287911
4947.21 2.0379238269818174
4947.51 2.0497421928692474
4947.81 2.0615617271357056
4948.11 2.0733824297228995
4948.4 2.0848102193895834
4948.7 2.0966332195043753
4949.0 2.108457387767103
4949.3 2.1106210129199945
4949.59 2.107305280045968
4949.89 2.10387486062522
4950.0 2.102616950756506
4950.19 2.100444084343433
4950.49 2.097012951218081
4950.78 2.0936958500137304
4951.08 2.0902640151470857
4951.38 2.086831823488784
4951.68 2.0833992750563217
4951.97 2.083650453514626
4952.27 2.0861670917647377
4952.57 2.0886839675285254
4952.87 2.0912010807939634
4953.16 2.0936345160310745
4953.46 2.0961520963479536
4953.76 2.098669914130756
4954.06 2.1011879693674405
4954.35 2.1036223151313562
4954.65 2.1023361015246906
4954.95 2.0988468938701272
4955.25 2.095357324031602
4955.54 2.0919837289284264
4955.84 2.0884934468466283
4956.14 2.0850028026335994
4956.44 2.081511796307128
4956.73 2.078136812665952
4957.03 2.07464509423487
4957.33 2.0702778507471695
4957.63 2.0654725546102246
4957.92 2.0608269664351404
4958.22 2.056020700854147
4958.52 2.0512139423715356
4958.82 2.046406691011616
4959.11 2.0417592128792417
4959.41 2.036950992264778
4959.71 2.0321422788450665
4960.01 2.0247306174342583
4960.3 2.016487084513519
4960.6 2.00795844297864
4960.9 1.999428938240379
4961.2 1.9908985703414248
4961.49 1.9826517275971187
4961.79 1.9741196622735422
4962.09 1.9655867339161048
4962.39 1.9570529425675511
4962.68 1.962265101513363
4962.98 1.9739247552598116
4963.28 1.9855855571220893
4963.58 1.9972475070427695
4963.87 2.0085218165387655
4964.17 2.0201860241402168
4964.47 2.031851379629809
4964.77 2.043517882950146
4965.06 2.0547965938494053
4965.36 2.055264686865861
4965.66 2.0509322879533536
4965.96 2.0465994443597446
4966.25 2.0424106062124436
4966.55 2.038076888143295
4966.85 2.0337427254580906
4967.15 2.029408118178769
4967.44 2.025217575217941
4967.74 2.0208820936341176
4968.04 2.0207603324462915
4968.34 2.0221710456218815
4968.63 2.02353485569268
4968.93 2.024945818519269
4969.23 2.0263569082773225
4969.53 2.0277681249602986
4969.82 2.029132421730201
4970.0 2.0299792862708985
4970.12 2.03054388801307
4970.42 2.0319554812014213
4970.72 2.0300501139850997
4971.02 2.026938270550767
4971.31 2.0239298486107367
4971.61 2.020817370805262
4971.91 2.017704570461701
4972.21 2.0145914475959246
4972.5 2.0115817889319674
4972.8 2.0084680318187695
4973.1 2.0053539522304122
4973.4 2.003734998414641
4973.69 2.00260983069416
4973.99 2.001445737479995
4974.29 2.0002815155193154
4974.58 1.9991559785824413
4974.88 1.9979915034383762
4975.18 1.9968268995661969
4975.48 1.9956621669721093
4975.78 1.994497305662309
4976.07 1.9871191182771208
4976.37 1.9777984641831832
4976.48 1.9743806560421928
4976.67 1.968476872290198
4976.78 1.9650587203012306
4976.97 1.959154342644753
4977.08 1.9557358468248875
4977.26 1.9501416726454743
4977.38 1.9464120356597527
4977.56 1.9408172988894241
4977.68 1.9370872868524103
4977.86 1.9314919875191494
4977.98 1.9277616004494786
4978.16 1.922165738581182
4978.28 1.9184349764974904
4978.45 1.913149473441462
4978.58 1.9101880766686603
4978.75 1.9075266104203186
4978.88 1.9054912679105962
4979.05 1.902829530675474
4979.18 1.900793980945694
4979.35 1.8981319727372026
4979.48 1.8960962157976344
4979.64 1.893590545536371
4979.78 1.8913979724900565
4979.94 1.888892047220082
4980.08 1.8866992510466418
4980.24 1.8841930707805656
4980.39 1.8818434032719915
4980.54 1.879493616241504
4980.69 1.877143709692047
4980.83 1.8749503557491505
4980.99 1.8724435380480473
4981.13 1.8702499610166985
4981.29 1.8717578475787788
4981.43 1.8751852131404652
4981.59 1.8791023931205748
4981.73 1.8825300925199802
4981.89 1.8864476540193753
4982.02 1.8896308225578966
4982.19 1.8937936302392213
4982.32 1.8969771087390428
4982.49 1.901140321744217
4982.62 1.904324110189767
4982.79 1.9084877284984023
4982.92 1.9116718268741073
4983.09 1.9158358504658384
4983.21 1.9187752995044671
4983.39 1.923184687610583
4983.51 1.9261244227100724
4983.69 1.9305342398966738
4983.81 1.9334742610426685
4983.99 1.9341396030485405
4984.11 1.9336229329403163
4984.29 1.9328478856135562
4984.4 1.9323742206728447
4984.59 1.9315560276341293
4984.7 1.9310823111621633
4984.89 1.9302640291170727
4985.0 1.9297902611163498
4985.19 1.9289718900692039
4985.3 1.9284980705422174
4985.49 1.9276796104973257
4985.59 1.9272488194136528
4985.79 1.9263871904082563
4985.89 1.9259563524870338
4986.09 1.9250946298088087
4986.19 1.9246637450523112
4986.39 1.923801928705796
4986.49 1.923370997116291
4986.69 1.9238095304960356
4986.78 1.9241531801809815
4986.99 1.9249550647040237
4987.08 1.9252987446099163
4987.29 1.9261006996466663
4987.38 1.9264444097719327
4987.59 1.9272464353187162
4987.68 1.9275901756617826
4987.9 1.9284304679961002
4987.97 1.9286978450977754
4988.2 1.9295764084684364
4988.5 1.9307224496542692
4988.8 1.9318685915483504
4989.1 1.9330148341454358
4989.4 1.9346201871328086
4989.7 1.9364914417782093
4990.0 1.938362868755002
4990.3 1.9402344680543568
4990.6 1.9421062396674453
4990.9 1.9439781835854293
4991.2 1.9458502997994913
4991.5 1.947722588300795
4991.8 1.9495950490805094
4992.1 1.9452344405997328
4992.4 1.9386066433978904
4992.7 1.9319781788344825
4993.0 1.9253490469427137
4993.3 1.918719247755768
4993.6 1.9120887813068315
4993.9 1.9054576476291107
4994.2 1.898825846755751
4994.5 1.8921933787199607
4994.8 1.8880490959639347
4995.1 1.8844021868370557
4995.41 1.8806333229869105
4995.71 1.8769856569388899
4996.01 1.8733376186625272
4996.31 1.869689208176255
4996.61 1.8660404254985166
4996.91 1.8623912706477268
4997.21 1.858741743642328
4997.51 1.8676941066358284
4997.81 1.8770819227528832
4998.11 1.886470652616756
4998.41 1.8958602961815385
4998.71 1.9052508534012371
4999.01 1.9146423242298827
4999.31 1.924034708621508
4999.61 1.9334280065301161
4999.91 1.9430458382788833
5000.21 1.9591499158165002
5000.51 1.975255567988719
5000.81 1.991362794716437
5001.11 2.0074715959205003
5001.41 2.0235819715218977
5001.71 2.0396939214414744
5002.01 2.0558074456001183
5002.31 2.0719225439187188
5002.61 2.0868834013577824
5002.92 2.0945808691261925
5003.22 2.1020307635941045
5003.52 2.1094813781348583
5003.82 2.1169327127121105
5004.12 2.124384767289586
5004.42 2.1318375418309397
5004.72 2.139291036299848
5005.02 2.14674525065999
5005.32 2.1587726942457772
5005.62 2.1833763272832662
5005.92 2.207982367718249
5006.22 2.232590815429768
5006.52 2.2572016702968662
5006.82 2.2818149321985084
5007.12 2.3064306010138798
5007.42 2.331048676621944
5007.72 2.35566915890173
5008.02 2.3673542552148383
5008.32 2.353163628020114
5008.62 2.338971589928736
5008.92 2.324778141011276
5009.22 2.310583281338268
5009.52 2.296387010980245
5009.82 2.282189330007786
5010.0 2.273670044358668
5010.12 2.2679902384913393
5010.42 2.2537897365014876
5010.73 2.2443217910801048
5011.03 2.241277914860219
5011.33 2.2382337249909354
5011.63 2.2351892214877584
5011.93 2.23214440436619
5012.23 2.2290992736417454
5012.53 2.226053829329909
5012.83 2.2230080714461966
5013.13 2.2199620000061118
5013.43 2.214588157894896
5013.73 2.2074338661379596
5014.03 2.2002788575328007
5014.33 2.193123132115202
5014.63 2.1859666899209222
5014.93 2.178809530985723
5015.23 2.171651655345388
5015.53 2.164493063035636
5015.83 2.1573337540922526
5016.13 2.1505475882810705
5016.43 2.1439771983224514
5016.73 2.137406149762858
5017.03 2.1308344426351074
5017.33 2.1242620769720757
5017.63 2.117689052806621
5017.93 2.111115370171602
5018.23 2.1045410290998983
5018.54 2.0977468516363453
5018.84 2.0968671035097346
5019.14 2.097720884998274
5019.44 2.098574736676104
5019.74 2.0994286585394835
5020.04 2.1002826505846595
5020.34 2.101136712807883
5020.64 2.101990845205405
5020.94 2.102845047773474
5021.24 2.103699320508346
5021.54 2.092025787589675
5021.84 2.0784236373331004
5022.14 2.064820140885519
5022.44 2.051215298314435
5022.74 2.0376091096872293
5023.04 2.024001575071409
5023.34 2.0103926945344397
5023.64 1.9967824681437887
5023.94 1.983170895966967
5024.24 1.9733036060116447
5024.54 1.9635645030599884
5024.84 1.9538244338996846
5025.14 1.9440833985791233
5025.44 1.9343413971467283
5025.74 1.9245984296508327
5026.04 1.9148544961398615
5026.35 1.9047847500440864
5026.65 1.895800377326634
5026.95 1.8974769831031646
5027.25 1.899153740733782
5027.55 1.9008306502106471
5027.85 1.9025077115259201
5028.15 1.9041849246717544
5028.45 1.9058622896403208
5028.75 1.9075398064237739
5029.05 1.909217475014273
5029.35 1.9105307417154933
5029.65 1.9100212670094856
5029.95 1.9095117302270332
5030.0 1.9094268013949536
5030.25 1.9090021313710641
5030.55 1.9084924704445012
5030.85 1.9079827474502715
5031.15 1.9074729623912998
5031.45 1.9069631152705098
5031.75 1.9064532060908272
5032.05 1.9059679403498009
5032.35 1.9055505583987546
5032.65 1.9051331234490543
5032.95 1.904715635503167
5033.25 1.904298094563564
5033.55 1.9038805006327146
5033.85 1.9034628537130909
5034.16 1.9030312295644525
5034.46 1.9026134749086032
5034.76 1.9017015837616795
5035.06 1.8999361327667972
5035.36 1.8981704972432114
5035.66 1.8964046772000096
5035.96 1.8946386726462956
5036.26 1.8928724835911683
5050.0 1.947658769695034
5070.0 1.9207787747741925
5090.0 1.9683324997475038
5110.0 1.919956516603336
5130.0 1.9417714530112218
5150.0 1.8817229957815123
5170.0 1.6737665501132282
5190.0 1.8373585170647908
5210.0 1.93540054780003
5230.0 1.9632517256827922
5250.0 2.0661775872324757
5270.0 1.8896028112420007
5290.0 2.1232820302423554
5310.0 2.2881874597134235
5330.0 2.0425770908825167
5350.0 2.1100732957543746
5370.0 2.2217186871930776
5390.0 2.21522208952718
5410.0 2.0254983759120284
5430.0 2.2075611705109544
5450.0 2.155009047124557
5470.0 2.087985829978624
5490.0 2.1337501760335407
5510.0 2.2303246843229743
5530.0 2.2121848692243593
5550.0 2.2514322951393493
5570.0 2.1385623562587384
5590.0 2.061284780054451
5610.0 2.204251697808186
5630.0 2.1990676073403237
5650.0 2.1817681726562683
5670.0 2.2786524401657915
5690.0 2.2572133110649037
5710.0 2.1590219600116654
5730.0 2.3607551331133156
5750.0 2.347702619350729
5770.0 2.339148011301593
5790.0 2.285620936236691
5810.0 2.4188011201101336
5830.0 2.302038587333911
5850.0 2.295368017844796
5870.0 2.3636607416736166
5890.0 2.0991413834029635
5910.0 2.255188211048228
5930.0 2.2542584157610235
5950.0 2.3046619864357782
5970.0 2.3769485023803574
5990.0 2.324517049866379
6010.0 2.2957861747691863
6030.0 2.418491628261727
6050.0 2.444640178458696
6070.0 2.3430478024072445
6090.0 2.314585347721588
6110.0 2.4274883124622564
6130.0 2.4308612229504054
6150.0 2.4375420225964413
6170.0 2.280500226100288
6190.0 2.3240354074228216
6210.0 2.3668090234102883
6230.0 2.207740644928641
6250.0 2.294266471527687
6270.0 2.384060704453051
6290.0 2.3544578860544103
6310.0 2.4254487962047966
6330.0 2.3107553880707306
6350.0 2.299840666409141
6370.0 2.3977766679796035
6390.0 2.277182327170905
6410.0 2.341710641251368
6430.0 2.396982556809656
6450.0 2.441399019695713
6470.0 2.500268570206456
6490.0 2.4508711226583104
6510.0 2.4174361508836224
6523.64 2.5111066458400977
6524.04 2.5137332682219213
6524.43 2.516294444755579
6524.82 2.518855838195218
6525.22 2.52148313368439
6525.61 2.5240449664240887
6526.0 2.526607015997109
6526.4 2.5262090598448506
6526.79 2.5245565344520497
6527.19 2.522861458468802
6527.58 2.5212085857134334
6527.97 2.519555541503671
6528.37 2.517859933459443
6528.76 2.5162065420021213
6529.15 2.513928441895721
6529.55 2.511538309448346
6529.94 2.509207693683939
6530.0 2.50884911667749
6530.34 2.5068170758723975
6530.73 2.5044859869304696
6531.12 2.502154664433308
6531.52 2.500485212124206
6531.91 2.5037844529302045
6532.3 2.5070839781565346
6532.7 2.5104684020139105
6533.09 2.513768503277359
6533.49 2.5171535178758813
6533.88 2.520454195047455
6534.27 2.5228035723339954
6534.67 2.523261334990291
6535.06 2.523707675710753
6535.46 2.5241654837604246
6535.85 2.524611868734241
6536.24 2.5250582755508253
6536.64 2.525516151383449
6537.03 2.5293145469142972
6537.42 2.5357035299246866
6537.82 2.5422569224597757
6538.21 2.5486470548288938
6538.6 2.5550377545082656
6539.0 2.561592907532779
6539.39 2.5679847561873137
6539.79 2.565632671254953
6540.18 2.560443787523182
6540.57 2.5552544083243984
6540.97 2.5499314534911863
6541.36 2.5447410708208174
6541.76 2.539417086900464
6542.15 2.5342257009817377
6542.54 2.5480196785071403
6542.94 2.562681104371887
6543.33 2.576977302181867
6543.72 2.591274790888447
6544.12 2.6059402226913764
6544.51 2.620240325855326
6544.91 2.636552580955393
6545.3 2.658870933174909
6545.69 2.681191309769644
6546.09 2.7040861063808315
6546.48 2.726410582950123
6546.87 2.7487370832203974
6547.27 2.771638159823986
6547.66 2.7830528082417834
6548.06 2.778666418581853
6548.45 2.7743892709703912
6548.84 2.770111710998761
6549.24 2.7657240416939
6549.63 2.761445646567238
6550.0 2.757386275262298
6550.02 2.757166839217275
6550.42 2.7751686472688775
6550.81 2.8072766721163296
6551.21 2.8402110078748186
6551.6 2.8723249374288082
6551.99 2.904441781479107
6552.39 2.937385161565746
6552.78 2.969507908356611
6553.17 3.0205116398906027
6553.57 3.0770636407285172
6553.96 3.1322069208747925
6554.36 3.1887693402665778
6554.75 3.2439227773709276
6555.14 3.299081227835217
6555.54 3.3562287698739173
6555.93 3.422504426057771
6556.33 3.4904857175409103
6556.72 3.556773579072304
6557.11 3.6230674650255548
6557.51 3.691067451625245
6557.9 3.7573735388641643
6558.29 3.8105180633889373
6558.69 3.8200107841339688
6559.08 3.829267013028446
6559.48 3.838761428382218
6559.87 3.8480193093358346
6560.26 3.8572780057270073
6560.66 3.866774951564208
6561.05 3.8815732108544716
6561.44 3.902833981238089
6561.84 3.924641882383319
6562.23 3.9459065190182283
6562.63 3.9677183851074527
6563.02 3.9889868871319623
6563.41 4.01025729706906
6563.81 4.0272965064227115
6564.2 4.041667858910056
6564.59 4.0560404900586855
6564.99 4.070782978324504
6565.38 4.085158199150519
6565.78 4.099903343199595
6566.17 4.114281153125614
6566.56 4.130505767626023
6566.96 4.1473642352856395
6567.35 4.163802724826383
6567.75 4.18066423554152
6568.14 4.19710569173072
6568.53 4.213548612224054
6568.93 4.230339780315164
6569.32 4.246055484692205
6569.71 4.261772586492208
6570.0 4.273460567988677
6570.11 4.277894142370674
6570.5 4.293614074376687
6570.9 4.3097385327070485
6571.29 4.325461294288287
6571.68 4.33408037910978
6572.08 4.3265241588799
6572.47 4.319156133510603
6572.86 4.3117874065692305
6573.26 4.304229009205674
6573.65 4.296858861366678
6574.05 4.289299006833973
6574.44 4.288485370697633
6574.83 4.2932929687284265
6575.23 4.298224258679501
6575.62 4.303032676007723
6576.01 4.30784149773171
6576.41 4.312774042612448
6576.8 4.31758368336034
6577.2 4.300403980229716
6577.59 4.275473797398184
6577.98 4.25054132142442
6578.38 4.22496716936463
6578.77 4.200030049078941
6579.16 4.175090636412429
6579.56 4.149509370586814
6579.95 4.092811958909182
6580.35 4.032894907682562
6580.74 3.974470389911931
6581.13 3.916040548169503
6581.53 3.8561069754792716
6581.92 3.797666351072525
6582.31 3.743076149762354
6582.71 3.7088324027421113
6583.1 3.675441658966305
6583.5 3.6411915729542237
6583.89 3.607794649348397
6584.28 3.5743946754470066
6584.68 3.540135123691592
6585.07 3.5190415597290317
6585.46 3.517647092420458
6585.86 3.5162167113963796
6586.25 3.5148219357249
6586.65 3.5133912384659993
6587.04 3.511996154499521
6587.43 3.510600918361807
6587.83 3.5025355274301293
6588.22 3.489889842571839
6588.62 3.476918694862486
6589.01 3.4642706418184304
6589.4 3.4516214198639403
6589.8 3.438646644766383
6590.0 3.4321587962027107
6590.19 3.4259950554115965
6590.58 3.410231259417055
6590.98 3.3932382852913268
6591.37 3.3766685941889762
6591.77 3.3596724585374966
6592.16 3.343099685289952
6592.55 3.326525390729396
6592.95 3.3096294116904668
6593.34 3.297142451136154
6593.73 3.2846543390031875
6594.13 3.2718448227502863
6594.52 3.259354378319056
6594.92 3.246542470230985
6595.31 3.234049694019317
6595.7 3.2183765123724934
6596.1 3.1896638777985586
6596.49 3.1616664778045185
6596.88 3.133666529482251
6597.28 3.1049459868814435
6597.67 3.076940877417464
6598.07 3.048215041925911
6598.46 3.018921275376121
6598.85 2.9879637751462274
6599.25 2.956209571791098
6599.64 2.9252463757933604
6600.04 2.8934863312738672
6600.43 2.862517440773382
6600.82 2.831545739529081
6601.22 2.81152455130942
6601.61 2.798169847806806
6602.0 2.784813921174678
6610.0 2.494853192027528
6630.0 2.581220317822522
6650.0 2.4876927814412513
6670.0 2.48892502460141
6690.0 2.4779930978458258
6710.0 2.450062980930434
6730.0 2.3745375665298054
6750.0 2.4092086472946783
6770.0 2.4645894583876036
6790.0 2.4990429777445753
6810.0 2.4509704831956896
6830.0 2.487482384205812
6850.0 2.3823820489229957
6870.0 2.3953130869848906
6890.0 2.4487667150129573
6910.0 2.4631452114375394
6930.0 2.442285649433531
6950.0 2.508191310094345
6970.0 2.5362340967514636
6990.0 2.5873235137550212
7010.0 2.5125182393778935
7030.0 2.493959498850038
7050.0 2.6116607117515174
7070.0 2.4607946512671455
7090.0 2.4835711570397785
7110.0 2.4336342005679485
7130.0 2.360626499941879
7150.0 2.2933750604288963
7170.0 2.2891902271500473
7190.0 2.305698519529712
7210.0 2.3747266749395717
7230.0 2.457796515251762
7250.0 2.5270473087862064
7270.0 2.4913536889789225
7290.0 2.4732519107718507
7310.0 2.5732461680881373
7330.0 2.585358781867585
7350.0 2.6177861209348947
7370.0 2.6122503753801993
7390.0 2.640126080412358
7410.0 2.6174865354684047
7430.0 2.618217498149711
7450.0 2.7029760450382954
7470.0 2.7158248215216343
7490.0 2.7244426927549643
7510.0 2.7476190087133614
7530.0 2.777798399723799
7550.0 2.7690605701953217
7570.0 2.711604396313519
7590.0 2.6597616690325685
7610.0 2.6291692136498703
7630.0 2.6412276726920507
7650.0 2.658323006942249
7670.0 2.5468869180071527
7690.0 2.585048216588293
7710.0 2.5320143553919947
7730.0 2.5429806329759295
7750.0 2.4669851979567463
7770.0 2.529711872063928
7790.0 2.5676585092174986
7810.0 2.5598137448593374
7830.0 2.623229310383558
7850.0 2.5871009636916926
7870.0 2.607291398287013
7890.0 2.589410374779734
7910.0 2.5562321353837167
7930.0 2.5309640045146065
7950.0 2.505783269906357
7970.0 2.557623261732511
7990.0 2.6242056180761524
8010.0 2.5803369728408443
8030.0 2.676757646718422
8050.0 2.7211746108990384
8070.0 2.7042296642671437
8090.0 2.605885645112579
8110.0 2.5851572933714215
8130.0 2.6463746367156014
8150.0 2.6196812192123105
8170.0 2.6065340996497977
8190.0 2.5659786646881537
8210.0 2.64182791492429
8230.0 2.568870068413105
8250.0 2.7043314332174497
8270.0 2.75495782051204
8290.0 2.6525976723105833
8310.0 2.6217834831230764
8330.0 2.5528223309820337
8350.0 2.6116141372723076
8370.0 2.6698548446277366
8390.0 2.627417294724237
8410.0 2.6307824120557264
8430.0 2.6336571739068044
8450.0 2.5062952556555382
8470.0 2.584904755372111
8490.0 2.577335883264509
8510.0 2.414909065362779
8530.0 2.4700700445015937
8550.0 2.547953670345104
8570.0 2.591351720057484
8590.0 2.5904221933929787
8610.0 2.566954269112769
8630.0 2.5592234289919236
8650.0 2.575736646737102
8670.0 2.498381581266475
8690.0 2.478955019999045
8710.0 2.5447542109574086
8730.0 2.582129247100295
8750.0 2.6000170743403954
8770.0 2.5664686898670874
8790.0 2.577719615193575
8810.0 2.628109286414641
8830.0 2.6688607858635836
8850.0 2.64654283075565
8870.0 2.602667297630079
8890.0 2.4987474862866867
8910.0 2.5602838552638842
8930.0 2.592045602032172
8950.0 2.6084808246092646
8970.0 2.556206803782949
8990.0 2.507646850672878
9010.0 2.3840048675424055
9030.0 2.4481030435715314
9050.0 2.7067179860022996
9070.0 2.5310438597563545
9090.0 2.53123697870982
9110.0 2.606605348291149
9130.0 2.665288594061213
9150.0 2.557827722391757
9170.0 2.5291228760013644
9190.0 2.5568700466646317
9210.0 2.507644469718746
9230.0 2.4262074263089275
9250.0 2.4662545097025217
9270.0 2.574489164241753
9290.0 2.5641484466657603
9310.0 2.5233088351129918
9330.0 2.639832842362115
9350.0 2.6309739622808563
9370.0 2.6020060631951067
9390.0 2.642048780557068
9410.0 2.5890670222118692
9430.0 2.6611038677115593
9450.0 2.646683954925471
9470.0 2.6887100812923745
9490.0 2.7154942901481562
9510.0 2.6811387246881577
9530.0 2.62217385307295
9550.0 2.6145960884334305
9570.0 2.6747040997008398
9590.0 2.710986632412132
9610.0 2.678795649227033
9630.0 2.69807521225259
9650.0 2.66309408335614
9670.0 2.6602859137288593
9690.0 2.687722461997494
9710.0 2.67412964114443
9730.0 2.6356518494616865
9750.0 2.6217169438660215
9770.0 2.6269301048087548
9790.0 2.61164890296563
9810.0 2.6766325641563093
9830.0 2.6519337076929395
9850.0 2.665778876605165
9870.0 2.659747792121185
9890.0 2.6559624355850153
9910.0 2.6609158987359978
9930.0 2.6704701145487393
9950.0 2.6824386228247383
9970.0 2.6893228575413537
9990.0 2.6808419896779667
10025.0 2.697104417024627
10075.0 2.676017016370353
10125.0 2.7420272337336438
10175.0 2.7393268976608613
10225.0 2.7821973383388827
10275.0 2.8134100377416504
10325.0 2.804544252367761
10375.0 2.7854881724710583
10425.0 2.7662646736761385
10475.0 2.74687555928753
10525.0 2.724470477785014
10575.0 2.6944514990842214
10625.0 2.664226053032719
10675.0 2.6337963410517578
10725.0 2.612187719899701
10775.0 2.605868712432104
10825.0 2.599457487003668
10875.0 2.5929550078994987
10925.0 2.5755732032088523
10975.0 2.5410032379863354
11025.0 2.5062290113379806
11075.0 2.4712526491456903
11125.0 2.4499947415752263
11175.0 2.4565053590130446
11225.0 2.4629879012510743
11275.0 2.4694426484699283
11325.0 2.478687712527811
11375.0 2.4889971628289556
11425.0 2.4992947278589384
11475.0 2.5095805198744587
11525.0 2.509927144039288
11575.0 2.50125458268062
11625.0 2.4924999100640988
11675.0 2.483663945411001
11725.0 2.4679468977336647
11775.0 2.431708138784681
11825.0 2.3952920862974882
11875.0 2.3587004976413537
11925.0 2.3413655115543115
11975.0 2.3483016196476125
12025.0 2.355220405450664
12075.0 2.362122033021876
12125.0 2.364193535824021
12175.0 2.362682744962499
12225.0 2.3611270119297867
12275.0 2.3595267675538336
12325.0 2.34769780189403
12375.0 2.3301718922226526
12425.0 2.312551029925205
12475.0 2.2948361211525934
12525.0 2.28347845230043
12575.0 2.275527976264938
12625.0 2.267517563537176
12675.0 2.2594477779896875
12725.0 2.252297669940436
12775.0 2.245772787010298
12825.0 2.239195275239606
12875.0 2.2325656238037563
12925.0 2.2271722895358583
12975.0 2.223218117981205
13025.0 2.219221498604987
13075.0 2.2151828209394253
13125.0 2.206766011596087
13175.0 2.1866602353278575
13225.0 2.1664674117503546
13275.0 2.146188334602782
13325.0 2.132001675814575
13375.0 2.1214787849158214
13425.0 2.1108997205509414
13475.0 2.100264988274734
13525.0 2.090619505682295
13575.0 2.0833189231825107
13625.0 2.075973516109598
13675.0 2.0685836829991815
13725.0 2.0527599892168364
13775.0 2.029856633722321
13825.0 2.0068693364772363
13875.0 1.9837988379549878
13925.0 1.9615268753438566
13975.0 1.9394954610023367
14025.0 1.9173860971989767
14075.0 1.8951994640134409
14125.0 1.8771656955840874
14175.0 1.8740459107362448
14225.0 1.870898790672675
14275.0 1.8677245701545235
14325.0 1.8677310761364623
14375.0 1.8754456740162115
14425.0 1.883160393221361
14475.0 1.8908752310428723
14525.0 1.890930377855428
14570.0 1.8757748088137622
14620.0 1.85888033507325
14675.0 1.8402301671564558
14725.0 1.8313541583519104
14775.0 1.8438781601074206
14825.0 1.856414210286921
14875.0 1.8689622065626017
14925.0 1.8810014213406379
14975.0 1.8907117585568363
15025.0 1.9004273447753195
15075.0 1.910148135170811
15125.0 1.922052729947553
15175.0 1.934782933903062
15225.0 1.9475247267107625
15275.0 1.9602780120775298
15325.0 1.9651513009855845
15375.0 1.9630079035486638
15425.0 1.9608441129444374
15475.0 1.9586600935208134
15525.0 1.9545671064641128
15575.0 1.9454199651678672
15625.0 1.9362387724080208
15675.0 1.9270238006347953
15725.0 1.9132130048051255
15775.0 1.897218450621243
15825.0 1.8811774162044907
15875.0 1.8650902701301135
15925.0 1.8542683223135434
15975.0 1.8549614119193176
16050.0 1.855978774925115
16150.0 1.8575005127009692
16250.0 1.8591355958612361
16350.0 1.8591451205404628
16450.0 1.8558400565972435
16550.0 1.8564189370395827
16650.0 1.8620396309668856
16750.0 1.8641394776985998
16850.0 1.8630437132488855
16950.0 1.8580380456621521
17050.0 1.8503106357149235
17150.0 1.8266657725607387
17250.0 1.7938361682002169
17350.0 1.7633433547555422
17450.0 1.7340049680609186
17550.0 1.6980979234395353
17650.0 1.6586667880879367
17750.0 1.6195796163629674
17850.0 1.5806294710095616
17950.0 1.540177146626945
18050.0 1.4986066799035895
18150.0 1.4687590426587465
18250.0 1.450123818111453
18350.0 1.4292417200554794
18450.0 1.4052356514298476
18550.0 1.3765005942640958
18650.0 1.33664446600422
18750.0 1.3121861846681162
18850.0 1.2987684578070122
18950.0 1.28958253867589
19050.0 1.2863236692026427
19150.0 1.2758105115106397
19250.0 1.2616654285995048
19350.0 1.2423791059442588
19450.0 1.2170275395259
19550.0 1.1959279234062048
19650.0 1.1768661120561492
19750.0 1.157891364634551
19850.0 1.1390668087108193
19950.0 1.1282601073899303
20050.0 1.1229527763565375
20150.0 1.1144154690374877
20250.0 1.0980028581770298
20350.0 1.0880254436821115
20450.0 1.0866832153851003
20550.0 1.081047205563191
20650.0 1.0718737449973021
20750.0 1.0636656069721937
20850.0 1.0559572277231346
20950.0 1.0511332873557953
21050.0 1.047315162709031
21150.0 1.04234447951458
21250.0 1.034963454933666
21350.0 1.027619122264973
21450.0 1.0203590980603472
21550.0 1.0104424506945657
21650.0 0.9964752212881466
21750.0 0.9853879933126312
21850.0 0.9785570274811235
21950.0 0.9696296023448536
22050.0 0.9575169607824365
22150.0 0.945545729363851
22250.0 0.9338419463985349
22350.0 0.9232310297758696
22450.0 0.9149511913032079
22550.0 0.9049273718506711
22650.0 0.8899331585453606
22750.0 0.8545971882172051
22850.0 0.8103409668962681
22950.0 0.7904198650100058
23050.0 0.7868837062067636
23150.0 0.7629818522553421
23250.0 0.716977470368953
23350.0 0.6774935016565942
23450.0 0.6506363888273963
23550.0 0.6461998758753467
23650.0 0.650218588721818
23750.0 0.6388715460515538
23850.0 0.6151162566688431
23950.0 0.5942261394076367
24050.0 0.5784361585351633
24150.0 0.5695682943088742
24250.0 0.5636070734205101
24350.0 0.5507605682595816
24450.0 0.5303211204123717
24550.0 0.5122635820457252
24650.0 0.5024068590901659
24750.0 0.4792955414163589
24850.0 0.44425456530229585
24950.0 0.4165349227092056
25050.0 0.411907241086886
25150.0 0.40982280628579904
25250.0 0.41014761757703894
25350.0 0.40891245785557506
25450.0 0.4072184480435064
25550.0 0.408261331388349
25650.0 0.4128546120212218
25750.0 0.4127263227950539
25850.0 0.41024459260945395
25950.0 0.40841917460706545
26050.0 0.4082003004647448
26150.0 0.40519415125325703
26250.0 0.3993360649624644
26350.0 0.39666256833715374
26450.0 0.39544996212642075
26550.0 0.3934966156130758
26650.0 0.38937196626267817
26750.0 0.38587741182117935
26850.0 0.3832756238093688
26950.0 0.38044052034115505
27050.0 0.37742328412223897
27150.0 0.37453995149981484
27250.0 0.37171084274606275
27350.0 0.36886959239079364
27450.0 0.36599642271331473
27550.0 0.36262251267043266
27650.0 0.35808325244425293
27750.0 0.3545813263297451
27850.0 0.352695139752956
27950.0 0.350044536598285
28050.0 0.34653442435913795
28150.0 0.3437195708843483
28250.0 0.34150464199388914
28350.0 0.3388504855830797
28450.0 0.3358881798154937
28550.0 0.33273046772690584
28650.0 0.32945479163560165
28750.0 0.32696752748291974
28850.0 0.3248962160975039
28950.0 0.32261068493253203
29050.0 0.32021517293033397
29150.0 0.31737655066909587
29250.0 0.3143103792687597
29350.0 0.3117480971815362
29450.0 0.3094589068263744
29550.0 0.3072020903901015
29650.0 0.30496390376535165
29750.0 0.3025602443325136
29850.0 0.3000321780788632
29950.0 0.2978730364094724
30050.0 0.296061460055534
30150.0 0.2941221915670152
30250.0 0.2920227485562423
30350.0 0.29038558129934966
30450.0 0.28958883011046177
30550.0 0.2885554893924903
30650.0 0.28683197296759533
30750.0 0.2853876069344712
30850.0 0.28399216748406175
30950.0 0.2828348404196665
31050.0 0.2817688439465772
31150.0 0.2807107887055394
31250.0 0.2795140586666717
31350.0 0.2782000133868866
31450.0 0.27672692235645824
31550.0 0.27518703671604816
31650.0 0.2734511816809709
31750.0 0.2726448054388616
31850.0 0.2720719619064972
31950.0 0.27150444049828604
32100.0 0.2706583923954845
32300.0 0.2705982665769787
32500.0 0.27463226520345296
32700.0 0.28492227265522313
32900.0 0.3167326998978381
33100.0 0.3168344974137361
33300.0 0.2792221507862235
33500.0 0.25726480864629475
33700.0 0.24970364449172572
33900.0 0.24434082625759862
34100.0 0.2382814305559785
34300.0 0.23505222433234024
34500.0 0.23010810258343956
34700.0 0.22703183024704723
34900.0 0.2228063277470004
35100.0 0.21985380856625794
35300.0 0.2152949836429883
35500.0 0.21248080992033672
35700.0 0.20857589699060256
35900.0 0.20478616470753064
36100.0 0.20214564009814703
36300.0 0.19844970054930672
36500.0 0.19555928133541814
36700.0 0.19198196712295862
36900.0 0.18769506601744904
37100.0 0.18534291441447617
37300.0 0.18199320866155047
37500.0 0.17811423519329694
37700.0 0.1765386669828194
37900.0 0.17312583623553762
38100.0 0.17008974773651392
38300.0 0.16803065166238035
38500.0 0.16518952232167783
38700.0 0.16183950005145165
38900.0 0.15872451969039483
39100.0 0.1568339446168152
39300.0 0.15424915644388845
39500.0 0.1508555620078538
39700.0 0.14814959305616168
39900.0 0.14499448837243917
40100.0 0.14294646478178058
40300.0 0.14129614693537343
40500.0 0.13871393648432376
40700.0 0.13630873619148828
40900.0 0.13429288593845812
41100.0 0.13205578413267832
41300.0 0.13010454960102033
41500.0 0.12792018931946048
41700.0 0.12594690718648893
41900.0 0.1245518310570321
42100.0 0.12264111525512256
42300.0 0.12108736752423689
42500.0 0.11919225038669344
42700.0 0.11749129093457564
42900.0 0.11370799047561239
43100.0 0.10935099927954897
43300.0 0.10874168267964456
43500.0 0.10532838912336207
43700.0 0.10327653845417387
43900.0 0.10161956363234985
44100.0 0.09899338942930985
44300.0 0.09751444384979543
44500.0 0.09620514321264566
44700.0 0.09420009846498703
44900.0 0.09331046852708356
45100.0 0.09204290916346591
45300.0 0.09003950619756562
45500.0 0.08921206964478189
45700.0 0.08813226733782759
45900.0 0.08652871485334752
46100.0 0.08613323826482541
46300.0 0.08502222287748738
46500.0 0.08410446760240456
46700.0 0.08368734275735903
46900.0 0.08274922281120069
47100.0 0.0813089923683501
47300.0 0.08101972388307281
47500.0 0.0798429337632778
47700.0 0.07917496758736929
47900.0 0.0785152345833706
48100.0 0.07701489235350645
48300.0 0.07696474218075926
48500.0 0.07587817781630744
48700.0 0.07516584950253614
48900.0 0.0745212103334833
49100.0 0.07353677984397099
49300.0 0.07317838473342063
49500.0 0.07256176539150573
49700.0 0.07237906354089166
49900.0 0.07134485649477275
50100.0 0.0710197311018727
50300.0 0.07057352612176807
50500.0 0.06999885180276061
50700.0 0.06937281855995554
50900.0 0.06910089127823758
51100.0 0.0685527817636642
51300.0 0.06816774215511845
51500.0 0.06767782983310028
51700.0 0.06752612175678013
51900.0 0.06708517692179569
52100.0 0.06663436867563698
52300.0 0.06622737704633988
52500.0 0.06603738252954382
52700.0 0.06589327131252738
52900.0 0.06550727154489913
53100.0 0.0650904747567011
53300.0 0.06500542004397801
53500.0 0.06472998264467157
53700.0 0.06459248793002742
53900.0 0.06445654439393658
54100.0 0.0643211323273436
54300.0 0.06403933056277486
54500.0 0.06390660477588213
54700.0 0.06377436443171565
54900.0 0.06364357269372921
55100.0 0.06365947208381192
55300.0 0.0638228794647986
55500.0 0.06369423130844357
55700.0 0.06377344125414246
55900.0 0.06387843700285288
56100.0 0.06399070641259236
56300.0 0.06406658601646578
56500.0 0.06441274158713838
56700.0 0.06483154281377056
56900.0 0.06501296850852815
57100.0 0.0654920431374573
57300.0 0.06605457151851162
57500.0 0.06662078994513568
57700.0 0.06727148407186868
57900.0 0.06808354444785464
58100.0 0.06905274974970255
58300.0 0.07004745215764348
58500.0 0.07144537985616609
58700.0 0.07270453569723612
58900.0 0.07439798211766292
59100.0 0.09122166839014666
59300.0 0.08417703422933008
59500.0 0.08252565618471576
59700.0 0.0856410806174709
59900.0 0.09548828171387429
60100.0 0.0985420606999588
60300.0 0.0958774090731808
60500.0 0.10023115132251045
60700.0 0.10453097561027588
60900.0 0.10900727873883431
61100.0 0.12673504911362424
61300.0 0.15358501845948946
61500.0 0.1892291011595488
61700.0 0.23692227938914667
61900.0 0.27455220054261104
62100.0 0.30208862949602727
62300.0 0.29810129541618396
62500.0 0.28084310238121774
62700.0 0.24985916792667184
62900.0 0.22160083933516053
63100.0 0.19732600897051514
63300.0 0.17738248971676726
63500.0 0.16337083268311997
63700.0 0.14963443147761413
63900.0 0.1360046701690055
64200.0 0.12176185317182595
64600.0 0.10301548767078446
65000.0 0.0962817216761285
65400.0 0.09785472733732384
65800.0 0.09255017991656454
66200.0 0.10038653784000523
66600.0 0.09668184412213622
67000.0 0.0962061042827741
67400.0 0.09710555595364856
67800.0 0.09923520373207909
68200.0 0.09391089046005623
68600.0 0.0947731328810916
69000.0 0.11478957490057023
69400.0 0.12034468044952754
69800.0 0.1538321690823025
70200.0 0.13893116710118825
70600.0 0.12665409689559984
71000.0 0.12189279214537306
71400.0 0.12460565307197351
71800.0 0.12417841659354187
72200.0 0.1363858031398818
72600.0 0.1407334949580395
73000.0 0.14733524416800467
73400.0 0.16053859803454512
73800.0 0.1701531869130349
74200.0 0.19352975680308307
74600.0 0.2128295510560803
75000.0 0.24124400157444437
75400.0 0.2657688341551899
75800.0 0.28470190259471206
76200.0 0.2959040068030343
76600.0 0.2903790598803191
77000.0 0.2831731554593792
77400.0 0.27644906768742283
77800.0 0.2657203672855969
78200.0 0.25427614285537653
78600.0 0.24257294514243372
79000.0 0.22635735346600658
79400.0 0.20839339635222856
79800.0 0.18856049129243083
80200.0 0.1719946741734643
80600.0 0.15728997354569907
81000.0 0.14508510889351584
81400.0 0.13750947040241987
81800.0 0.13043587948153995
82200.0 0.12229224004637375
82600.0 0.12159196849711083
83000.0 0.12320670441368842
83400.0 0.12605314072891782
83800.0 0.12635588900363587
84200.0 0.12661140052333328
84600.0 0.1285113791059554
85000.0 0.13189132866141376
85400.0 0.13555352775247462
85800.0 0.13876713967727183
86200.0 0.13593081908394433
86600.0 0.12867113022338747
87000.0 0.11385977301982397
87400.0 0.1003524247716226
87800.0 0.08752814968134308
88200.0 0.07543276153500988
88600.0 0.06705612425654922
89000.0 0.06065858309072218
89400.0 0.05621242435313577
89800.0 0.05304134236383477
90200.0 0.04989268593821125
90600.0 0.04451995057295141
91000.0 0.041798108566038605
91400.0 0.040136926494372595
91800.0 0.03764015586095433
92200.0 0.03678634641995741
92600.0 0.03650714804498409
93000.0 0.034843132727440794
93400.0 0.03479936757986554
93800.0 0.03532250627203267
94200.0 0.03385763999375559
94600.0 0.03424162943566223
95000.0 0.03534798299114652
95400.0 0.03376445830652877
95800.0 0.034683069628251025
96200.0 0.037093362913517385
96600.0 0.03864225323243613
97000.0 0.03730243770755101
97400.0 0.033972850583998716
97800.0 0.030500260988311687
98200.0 0.028706685521325933
98600.0 0.02817341131564337
99000.0 0.027982729262129913
99400.0 0.028014869195193
99800.0 0.028197397148593033
100200.0 0.027885238392991313
100400.00000000009 0.027735884424794622
100748.43066198383 0.02760790995728046
101098.07052641988 0.027536643070372385
101448.92378975474 0.02758868613097513
101800.9946629978 0.027799433918878975
102154.28737177301 0.028118182921723404
102508.80615636887 0.026649214070218526
102864.55527178946 0.02544828718667178
103221.53898780573 0.026421441623107594
103579.76158900595 0.027484048400776714
103939.22737484834 0.028637423338859092
104299.94065971187 0.030004265320863862
104661.9057729482 0.03164786264180097
105025.12705893395 0.03459909885238038
105389.60887712192 0.03641353013794821
105755.35560209466 0.03702385783769876
106122.37162361621 0.038071383049410976
106490.66134668495 0.03887222478562838
106860.22919158668 0.0382803095929156
107231.07959394684 0.038576769676813734
107603.217004785 0.039569551600094004
107976.64589056744 0.03996612304301115
108351.370733261 0.04062968605043208
108727.39603038708 0.04193114704662766
109104.72629507471 0.04464361850133013
109483.36605611602 0.04829957403176644
109863.31985801981 0.054714507188610345
110244.59226106624 0.060213453791894626
110627.1878413618 0.06491696744289119
111011.11119089334 0.07530064593923297
111396.36691758451 0.0941316056053148
111782.95964535022 0.12598660094937314
112170.89401415233 0.14663610416317455
112560.17468005554 0.157074498948262
112950.80631528242 0.14638944173120666
113342.79360827077 0.13094408941620836
113736.1412637291 0.11421506423209353
114130.85400269323 0.09977998192072624
114526.93656258319 0.08741795819919736
114924.39369725919 0.07693403268047591
115323.23017708007 0.07150816534003215
115723.45078895958 0.06673852852286159
116125.06033642414 0.06257006730002913
116528.06363967061 0.059936961239635426
116932.46553562334 0.058579433715038355
117338.27087799355 0.0580169670019533
117745.48453733666 0.05765173223264408
118154.11140111096 0.058073071262664464
118564.15637373661 0.05914095533674179
118975.62437665339 0.06125213376063208
119388.52034838134 0.06262567157641216
119802.84924457902 0.06314174210379223
120218.61603810318 0.06201479946748713
120635.82571906883 0.06117855586744376
121054.48329490799 0.060374786001177426
121474.59379043133 0.0595031013059046
121896.16224788758 0.05979231320563552
122319.19372702412 0.06237618980886736
122743.69330514787 0.06690296694418443
123169.6660771864 0.06689394175433558
123597.11715574806 0.0667064251221181
124026.0516711849 0.06693115395884912
124456.47477165324 0.06873708029126521
124888.39162317566 0.0713210087789192
125321.80740970328 0.0741722560279218
125756.72733317701 0.0771689444516765
126193.15661359143 0.08009779906799248
126631.1004890565 0.08306428101699369
127070.56421586059 0.0891765104563508
127511.55306853396 0.10264927873576377
127954.0723399109 0.1277166150111843
128398.12734119488 0.12290919245971457
128843.72340202122 0.09425494623049763
129290.86587052139 0.06459717575868244
129739.56011338736 0.05512404418953736
130189.81151593504 0.05144897401731683
130641.62548217046 0.050161494273701146
131095.00743485359 0.04897180412768056
131549.96281556363 0.04831255995543816
132006.49708476473 0.048005965336931286
132464.61572187033 0.047835654671902844
132924.3242253105 0.047277949729327515
133385.628112597 0.04684619193805221
133848.53292038973 0.04633105370266238
134313.04420456337 0.04592742186970704
134779.167540273 0.045986676106269476
135246.90852202274 0.04607142955758633
135716.27276373174 0.04567009300979167
136187.2658988018 0.044667532504472994
136659.8935801853 0.04316418612060653
137134.16148045196 0.04199839433894291
137610.07529185852 0.04173859001931002
138087.64072641605 0.040858914217222236
138566.86351595866 0.04047885939291619
139047.7494122127 0.04181621011211869
139530.30418686455 0.03951209522069076
140014.53363163173 0.03777811560556756
140500.44355833106 0.0370903672715354
140988.03979894897 0.03753723167071077
141477.32820571162 0.03887075666683121
141968.3146511539 0.04017065620284855
142461.00502819192 0.04048518341843829
142955.40525019236 0.039667641736608514
143451.52125104374 0.03896378951877642
143949.35898522806 0.03831669118963135
144448.924427891 0.036649564546119895
144950.2235749154 0.034980204935514805
145453.2624429921 0.03484185393576118
145958.04706969234 0.03441385311619014
146464.58351354074 0.03337213981170517
146972.87785408652 0.03298305478696545
147482.9361919785 0.03310503875879585
147994.76464903704 0.03320602962338695
148508.36936832778 0.033252365262270565
149023.7565142358 0.032686666366669274
149540.9322725382 0.03224700964135204
150059.90285048028 0.03204594270056275
150580.6744768489 0.03169673853551249
151103.25340204738 0.031259929376128974
151627.64589817091 0.030989073967065156
152153.85825908065 0.03080201461016566
152681.89680048096 0.030856311273371018
153211.76785999417 0.031134286809345903
153743.47779723676 0.03160415604578641
154277.0329938962 0.032984925731326484
154812.43985380605 0.03521765274980741
155349.70480302497 0.040362540086935246
155888.8342899124 0.04122236774560286
156429.8347852063 0.03836488999088809
156972.71278210124 0.03458511708455559
157517.47479632485 0.031796272187607305
158064.1273662182 0.0323773338496671
158612.67705281274 0.032393251213966225
159163.1304399096 0.032059528087268155
159715.49413415877 0.03297414900885058
160269.77476513712 0.03321749905923235
160825.97898542997 0.03238611424230501
161384.11347070962 0.03242735073131423
161944.18491981577 0.03302910361783893
162506.2000548363 0.03499558516594126
163070.1656211866 0.03790120141765253
163636.0883876925 0.04141197937799381
164203.97514667013 0.04439309750887976
164773.83271400793 0.04492004828481952
165345.66792924836 0.04255300048884416
165919.48765567035 0.041390136812869
166495.29878037024 0.04072398773966043
167073.10821434658 0.040739188322207465
167652.9228925817 0.040963112495217495
168234.74977412526 0.041272012493378536
168818.59584217807 0.0416734601007309
169404.46810417465 0.04704859152834332
169992.37359186928 0.053193270131276345
170582.3193614191 0.056122027374138676
171174.31249346913 0.05105464565096695
171768.3600932375 0.0438908177127807
172364.46929059955 0.04073731024418945
172962.64724017525 0.0406193422109427
173562.90112141386 0.041310457739211826
174165.23813868032 0.04073142293378308
174769.6655213422 0.038577430300520306
175376.19052385495 0.03612102278269702
175984.8204258511 0.03423311379785015
176595.5625322263 0.03386360682503145
177208.42417322725 0.03375617404066348
177823.4127045401 0.03350172494492945
178440.53550737724 0.03268103827779142
179059.79998856818 0.031946387156964635
179681.21358064678 0.03137270191142661
180304.7837419411 0.030676251823098417
180930.51795666298 0.030254295921637222
181558.42373499667 0.029955891122933374
182188.508613191 0.029393054526622255
182820.7801536484 0.029177437772944452
183455.24594501613 0.02913483828104871
184091.9136022776 0.02921249264788789
184730.79076684228 0.02971087040485859
185371.88510663982 0.031154760682801822
186015.20431621035 0.034979945834309974
186660.7561167974 0.04652432114014048
187308.54825644082 0.0525539908186671
187958.58851006837 0.048369844759267824
188610.8846795912 0.032911594169590976
189265.44459399607 0.030435397119332786
189922.27610943964 0.030351003486493056
190581.38710934314 0.030829177048161873
191242.78550448545 0.03035227040517177
191906.4792331004 0.029715493458953364
192572.47626097052 0.029099041973224275
193240.7845815229 0.02887130633662594
193911.41221592567 0.02946874130835217
194584.36721318262 0.02896592232335917
195259.65765023217 0.02908326443730023
195937.29163204285 0.02960223463738644
196617.27729171072 0.03021059238919743
197299.62279055765 0.029236362205469622
197984.33631822755 0.028935602595821994
198671.42609278703 0.028515454190034872
199360.90036082253 0.027591855061414546
200052.7673975396 0.02751855611613355
200747.03550686277 0.028835833062744134
201443.7130215334 0.030157681520096204
202142.80830321225 0.029992586036580192
202844.3297425782 0.029708747343319856
203548.28575942936 0.02929053537434968
204254.6848027845 0.02873291081677842
204963.53535098286 0.028310889158004775
205674.84591178835 0.02955623325962007
206388.62502249 0.030805899234439754
207104.88125000495 0.031157080161644167
207823.62319098154 0.031082702049179442
208544.8594719008 0.030793538412284105
209268.59874918268 0.03000443236886996
209994.84970928813 0.02921258779217812
210723.62106882382 0.029749738958589917
211454.9215746472 0.030372714839441244
212188.76000396966 0.03065492598500929
212925.1451644646 0.030707631207245716
213664.08589437135 0.030688331526146098
214405.5910626017 0.030477089941841846
215149.66956884676 0.030265115259479128
215896.33034368197 0.029954278404458076
216645.5823486771 0.029638926207983318
217397.43457650184 0.029962639608236863
218151.8960510343 0.030595022446059394
218908.9758274697 0.031170781907577907
219668.68299242735 0.03166098109522344
220431.02666406232 0.032022956340846946
221196.01599217302 0.03162031192384394
221963.66015831166 0.031216270159622212
222733.96837589474 0.030703398108155987
223506.94989031187 0.030177388936563063
224282.61397903945 0.030292500471217572
225060.96995175022 0.03071138632099092
225842.02715042542 0.031179296273439672
226625.79494946744 0.03170236144258827
227412.28275581042 0.032153903708329316
228201.50000903595 0.03241588280206699
228993.45618148448 0.03261280147571064
229788.16077836952 0.03221336519347451
230585.62333789226 0.031812542697610226
231385.85343135396 0.03175472869329209
232188.8606632739 0.031719956392906715
232994.65467150253 0.03176174857772866
233803.24512733784 0.031824245765658725
234614.64173564175 0.03214947558093726
235428.8542349548 0.03261387780919455
236245.89239761574 0.032695736241811046
237065.76602987712 0.03244610471949207
237888.48497202326 0.03224271197712357
238714.05909848903 0.03210052921381807
239542.4983179762 0.03207693546089894
240373.81257357553 0.03228259783405538
241208.01184288395 0.032533691493503686
242045.10613812497 0.03290944424409261
242885.10550626923 0.03317937886275545
243728.0200291531 0.033028731373887205
244573.85982360275 0.032880864144714694
245422.63504155353 0.03275069704124146
246274.3558701723 0.03263170948295794
247129.0325319802 0.03259961576265306
247986.67528497343 0.03258623453293195
248847.29442274923 0.0327524851218848
249710.90027462755 0.032926228067622194
250577.5032057754 0.03317508171969075
251447.1136173319 0.03340503540996069
252319.741946531 0.033430776356218085
253195.39866682977 0.033459173129670866
254074.09428803218 0.033509905473254706
254955.83935641564 0.033551601274798074
255840.64445485763 0.033532590862361954
256728.52020296326 0.03372156978236829
257619.47725719062 0.03491430021272355
258513.52631098175 0.03596880467147573
259410.67809488898 0.03653431412221931
260310.94337670426 0.03656469320375401
261214.33296158884 0.035270855530532906
262120.8576922009 0.03433246203323516
263030.5284488288 0.03401766074993822
263943.3561495196 0.033809298737338914
264859.35175021074 0.033730236014779244
265778.5262448618 0.03362635678726357
266700.8906655845 0.033502207974453364
267626.45608277834 0.033275882993702564
268555.23360526125 0.03299705340867399
269487.23438040353 0.03312634748910755
270422.46959426196 0.033368113439501315
271360.9504717122 0.033773832815889006
272302.6882765867 0.03416239729989576
273247.69431180746 0.03405683367174222
274195.97991952254 0.033977633586358386
275147.55648124265 0.03399446882175493
276102.4354179754 0.03395754522520749
277060.6281903659 0.03383367842006884
278022.1462988321 0.03376288717120449
278987.001283703 0.03373407599544986
279955.20472535834 0.03422621425236102
280926.7682443648 0.03489782735360201
281901.7035016192 0.03551879159370667
282880.0221984859 0.0359776099710122
283861.73607693805 0.03552252145474139
284846.856919699 0.034894964228228485
285835.39655038144 0.03396991865228903
286827.3668336328 0.03379170160674883
287822.7796752752 0.034126188328347726
288821.64702244906 0.03418638248107328
289823.9808637571 0.034199057906776464
290829.79322940577 0.03431200084191
291839.0961913531 0.03431933375536656
292851.90186345164 0.03411473949718242
293868.22240159387 0.034695346594212154
294888.0700038592 0.0358040079680739
295911.45691065746 0.03523712343570005
296938.39540488017 0.034599869694879
297968.8978120446 0.03487757783920116
299002.9765004432 0.03491699771842782
300040.643881292 0.034666403336372914
301081.9124088775 0.03487459315621779
302126.7945807098 0.035186148155151566
303175.3029376698 0.0348400714617219
304227.45006416074 0.03453052003093926
305283.2485882598 0.03427982116840538
306342.71118186694 0.03471749304294995
307405.8505608609 0.035414504928234815
308472.6794852493 0.03582722130042072
309543.21075932245 0.035884671406309264
310617.4572318076 0.03540651872390093
311695.4317960206 0.03536901792422516
312777.1473900245 0.03552038127880681
313862.6169967824 0.03600952250043659
314951.8536443137 0.03553908587787639
316044.87040585116 0.0340628772605823
317141.68039999536 0.0348697738565499
318242.2967908759 0.03573571621873631
319346.7327883069 0.035769590700663004
320455.0016479461 0.03579965479985366
321567.116671454 0.03585857912135401
322683.09120665427 0.03643175128761045
323802.93864769104 0.03658759832663182
324926.672435194 0.03626714861955656
326054.30605643673 0.03783022092939562
327185.8530454994 0.03881988581075605
328321.326983432 0.03803005460741465
329460.74149841425 0.03894998902575581
330604.11026592366 0.04029174893079431
331751.4470088968 0.04098447199365436
332902.76549789455 0.046853778201011054
334058.07955126825 0.05473682508232354
335217.40303532267 0.05436994673388625
336380.74986448674 0.04907822110795773
337548.13400147745 0.04025115264709561
338719.56945746863 0.04016715553819691
339895.07029225933 0.0
341074.65061444003 0.0
342258.32458156615 0.0
343446.10640032514 0.0
344638.0103267076 0.0
345834.0506661794 0.0
347034.2417738501 0.0
348238.5980546498 0.0
349447.1339634991 0.0
350659.8640054834 0.0
351876.8027360276 0.0
353097.96476106776 0.0
354323.3647372312 0.0
355553.01737200917 0.0
356786.93742393394 0.0
358025.13970275706 0.0
359267.6390696242 0.0
360514.4504372573 0.0
361765.5887701314 0.0
363021.06908465445 0.0
364280.90644934855 0.0
365545.1159850277 0.0
366813.7128649837 0.0
368086.7123151656 0.0
369364.1296143627 0.0
370645.98009438923 0.0
371932.2791402647 0.0
373223.04219040385 0.0
374518.28473679814 0.0
375818.0223252031 0.0
377122.2705553253 0.0
378431.04508100665 0.0
379744.36161041673 0.0
381062.23590623855 0.0
382384.6837858583 0.0
383711.7211215558 0.0
385043.36384069227 0.0
386379.62792590604 0.0
387720.529415301 0.0
389066.08440264023 0.0
390416.3090375398 0.0
391771.21952565934 0.0
393130.8321289014 0.0
394495.16316560353 0.0
395864.22901073477 0.0
397238.0460960931 0.0
398616.63091049937 0.0
400000.0000000001 0.0
