91.0 0.0
94.0 0.0
96.0 0.0
98.0 0.0
100.0 0.0
102.0 0.0
104.0 0.0
106.0 0.0
108.0 0.0
110.0 0.0
114.0 0.0
118.0 0.0
121.0 0.0
125.0 0.0
127.0 0.0
128.0 0.0
131.0 0.0
132.0 0.0
134.0 0.0
137.0 0.0
140.0 0.0
143.0 0.0
147.0 0.0
151.0 0.0
155.0 0.0
159.0 0.0
162.0 0.0
166.0 0.0
170.0 0.0
173.0 0.0
177.0 0.0
180.0 0.0
182.0 0.0
186.0 0.0
191.0 0.0
194.0 0.0
198.0 0.0
202.0 5.743800980283431
205.0 5.645935516172346
210.0 5.481132218326427
216.0 5.30384095690828
220.0 5.184105253467905
223.0 5.1055514223448535
227.0 4.9998505399183255
230.0 4.919848657761997
234.0 4.825456976067912
240.0 4.681998181540578
246.0 4.553788378437565
252.0 4.428415139340193
257.0 4.330595390896214
260.0 4.2712782943966525
264.0 4.200680561625539
269.0 4.1113659383439956
274.0 4.028596131721928
279.0 3.9466568319835518
284.0 3.870756013253906
290.0 3.7804728264054734
296.0 3.698533603351876
301.0 3.630633303250239
308.0 3.541975463975957
318.0 3.4224210811955165
328.0 3.3118019297894783
338.0 3.2088951900739255
348.0 3.1131560140692494
357.0 3.032634006789969
366.0 2.957153742613475
375.0 2.8859456888034964
385.0 2.8113967404734983
395.0 2.7412467137123997
405.0 2.6753553556294514
414.0 2.6195635035726297
422.0 2.572215387824636
430.0 2.527022568127195
441.0 2.468168550236345
451.0 2.417918060968175
460.0 2.37540018415156
470.0 2.3296444487400585
480.0 2.286826886458762
490.0 2.24634155468752
500.0 2.20755021722944
506.0 2.185480980191172
512.0 2.1637423203672634
520.0 2.136134854999581
530.0 2.1029274213370424
540.0 2.070972065160751
550.0 2.040329929475916
560.0 2.0118611584560426
570.0 1.9840473546299802
580.0 1.9585569232148112
590.0 1.9330136201249362
600.0 1.9090977527811384
610.0 1.886036846173505
620.0 1.8647284756851288
630.0 1.8435188028562923
640.0 1.8232979512093668
650.0 1.8041126427635998
658.0 1.789685354346556
665.0 1.7771571100715375
675.0 1.7598605641512912
685.0 1.743291235876415
695.0 1.7274847928042039
705.0 1.7124782821558213
716.0 1.6963833095180665
726.0 1.6821583784250769
735.0 1.6701967475335544
745.0 1.6572648743403817
755.0 1.644796060015084
765.0 1.6333211085563355
775.0 1.6218586000593291
785.0 1.6109347519583304
795.0 1.6005760442113148
805.0 1.5902791897398214
815.0 1.5805901996916263
825.0 1.5715375886247789
835.0 1.5626008880920381
845.0 1.554346593697331
855.0 1.5462426060668262
865.0 1.5383001924020037
875.0 1.531107078993473
885.0 1.524112927410324
895.0 1.5173302415667054
905.0 1.510771875225806
915.0 1.5044511089757286
925.0 1.4983815841357309
935.0 1.493195392563673
945.0 1.4883035980844361
955.0 1.4830884261501078
965.0 1.4781829851429047
975.0 1.4736030989472393
985.0 1.4687092870632015
995.0 1.4641578460641977
1005.0 1.460636415349948
1015.0 1.4575067996784925
1025.0 1.4540998468309136
1035.0 1.4504096147777792
1045.0 1.4471330985581679
1055.0 1.4442886208478847
1065.0 1.441679404564296
1075.0 1.439390235448163
1085.0 1.4370673243856298
1095.0 1.4349365787838888
1105.0 1.4330081352586186
1115.0 1.4312159702366878
1125.0 1.4487301771779502
1135.0 1.4856335152956737
1145.0 1.5200915661932877
1155.0 1.5603445528879303
1165.0 1.674568679445393
1175.0 1.8688746714841264
1185.0 2.2360267256247104
1195.0 2.79405062270734
1205.0 3.793811003591871
1208.72 4.307988342126124
1208.8 4.31909367805618
1208.87 4.328812488472113
1208.94 4.3385328305063915
1209.02 4.349643667759535
1209.09 4.359367290461089
1209.16 4.369092443500804
1209.23 4.378819126471566
1209.31 4.38993720844401
1209.38 4.399667168468462
1209.45 4.409398657145513
1209.53 4.420522229788803
1209.6 4.430256992781394
1209.67 4.439993283149512
1209.75 4.451122341876393
1209.82 4.4608619038247
1209.89 4.470602991872717
1209.96 4.480345605614701
1210.04 4.490949931481943
1210.11 4.499764763183507
1210.18 4.5085809610529655
1210.26 4.518658288153538
1210.33 4.527477412302518
1210.4 4.5362979014781635
1210.47 4.54511975531754
1210.55 4.555203544542638
1210.62 4.564028321440144
1210.69 4.572854461861769
1210.77 4.582943148642926
1210.84 4.591772209681739
1210.91 4.60060263310617
1210.99 4.610696213354074
1211.06 4.619529554957324
1211.13 4.628364257808862
1211.2 4.637200321547016
1211.28 4.647300346032959
1211.35 4.656139324739589
1211.42 4.664979663197118
1211.5 4.675084571686352
1211.57 4.683927822679808
1211.64 4.692772432289572
1211.72 4.702882220706843
1211.79 4.711729740422537
1211.86 4.720578617621099
1211.93 4.729428851942179
1212.01 4.739545066772448
1212.08 4.748398208000134
1212.15 4.7572527052184785
1212.23 4.76737379054586
1212.3 4.776231192246659
1212.37 4.7850899488074035
1212.44 4.7939500598686005
1212.52 4.804077559192307
1212.59 4.812940571544347
1212.66 4.821804937267715
1212.74 4.8319372976803345
1212.81 4.840804562276236
1212.88 4.849673179115509
1212.96 4.859810396565618
1213.03 4.868681909861637
1213.1 4.877554774274229
1213.17 4.886428989445143
1213.25 4.896572603170745
1213.32 4.905449711617804
1213.39 4.914328169697956
1213.47 4.924476631085343
1213.54 4.933357980031702
1213.61 4.942240677487066
1213.69 4.95239398249884
1213.76 4.961279568413002
1213.83 4.970166501713302
1213.9 4.979054782042717
1213.98 4.989214465670411
1214.05 4.998105631289016
1214.12 5.0069981428153785
1214.2 5.017162660724211
1214.27 5.026058055138194
1214.34 5.034954794339777
1214.41 5.043852877972823
1214.49 5.054023762196401
1214.56 5.062924725555135
1214.63 5.071827032226719
1214.71 5.082002741410801
1214.78 5.090907925412291
1214.85 5.099814451609172
1214.93 5.10999498174012
1215.0 5.11890438287368
1215.07 5.127815125086355
1215.14 5.136727208023244
1215.22 5.146914086913306
1215.29 5.155829041635933
1215.36 5.164745335968025
1215.44 5.174937026516738
1215.51 5.183856190247161
1215.58 5.19277669247348
1215.66 5.202973190681129
1215.73 5.2118965599208575
1215.8 5.220821266544109
1215.87 5.229747310197197
1215.95 5.239950139669435
1216.02 5.248879047195984
1216.09 5.257809290641522
1216.17 5.268016918516834
1216.24 5.276950023456725
1216.31 5.285884463205938
1216.38 5.2948202374116695
1216.46 5.305034184365521
1216.53 5.313972816933301
1216.6 5.322912782849445
1216.68 5.333131518973124
1216.75 5.342074340878024
1216.82 5.351018495024334
1216.9 5.361242016341794
1216.97 5.370189024106068
1217.04 5.379137363005954
1217.11 5.388087032689867
1217.19 5.398316855694935
1217.26 5.407269375875478
1217.33 5.416223225735789
1217.41 5.426457824733657
1217.48 5.435414522725605
1217.55 5.444372549294235
1217.63 5.454611920322797
1217.7 5.4635727926605675
1217.77 5.472534992473099
1217.84 5.481498519410037
1217.92 5.491744174796135
1217.99 5.500710544391818
1218.06 5.509678240011534
1218.14 5.519928658259587
1218.21 5.52889919418135
1218.28 5.537871055027917
1218.35 5.546844240449792
1218.43 5.55710093098415
1218.5 5.566076953605324
1218.57 5.575054299704123
1218.65 5.585315743954215
1218.72 5.594295924901392
1218.79 5.603277428229691
1218.87 5.613543622256986
1218.94 5.622527958085275
1219.01 5.631513615199313
1219.08 5.640500593250831
1219.16 5.650773042337622
1219.23 5.659762849797281
1219.3 5.6687539771006135
1219.38 5.679031166850586
1219.45 5.688025121219407
1219.52 5.697020394339269
1219.6 5.707302320827773
1219.67 5.716300418673008
1219.74 5.725299834177754
1219.81 5.734300566995002
1219.89 5.744588731376845
1219.96 5.753592285838508
1220.03 5.754925936961571
1220.11 5.744759609796619
1220.18 5.735862341202562
1220.25 5.726963456214577
1220.32 5.718062955254789
1220.4 5.707888975958257
1220.47 5.698985013622706
1220.54 5.690079436641292
1220.62 5.679899657800269
1220.69 5.670990622282954
1220.76 5.662079973444424
1220.84 5.6518943998167375
1220.91 5.642980295279393
1220.98 5.634064578744158
1221.05 5.625147250631789
1221.13 5.614954045683185
1221.2 5.606033265607545
1221.27 5.597110875276364
1221.35 5.586911886552609
1221.42 5.577986047088722
1221.49 5.569058598689617
1221.57 5.558853830932951
1221.64 5.549922936228931
1221.71 5.5409904339086715
1221.78 5.532056324391544
1221.86 5.521843946056513
1221.93 5.512906393957745
1222.0 5.5039672359794025
1222.08 5.493749089586845
1222.15 5.484806491848162
1222.22 5.475862289545862
1222.29 5.466916483098364
1222.37 5.456690740578373
1222.44 5.447741498085247
1222.51 5.438790652761176
1222.59 5.428559153133844
1222.66 5.419604874578977
1222.73 5.41064899450609
1222.81 5.400411742487255
1222.88 5.39145243199559
1222.95 5.382491521297537
1223.02 5.373529010810134
1223.1 5.363284183290766
1223.17 5.354318246087073
1223.24 5.345350710403961
1225.0 5.119357132787837
1235.0 3.8440834034764824
1245.0 2.949793391994336
1255.0 2.42479318903738
1265.0 2.0747878412581917
1275.0 1.8971027557919835
1285.0 1.8072123591977254
1295.0 1.8155972227873534
1305.0 1.799736605320245
1315.0 1.7610198005552322
1325.0 1.726625024015867
1335.0 1.715192718189679
1345.0 1.7170524208149367
1355.0 1.7023095669900656
1365.0 1.6980051186307508
1375.0 1.7343723370190431
1385.0 1.8221007989519626
1395.0 1.9538081374974183
1405.0 1.9749380511295251
1415.0 1.8447054484366172
1425.0 1.7381792623224965
1435.0 1.6821680364793679
1442.0 1.6532209139432223
1447.0 1.649997681573625
1455.0 1.647197039110313
1465.0 1.6474129909800839
1475.0 1.6567176964962866
1485.0 1.6754812040043943
1495.0 1.706231445082343
1505.0 1.750850703799216
1512.0 1.8017169647938416
1517.0 1.8680457590872632
1525.0 2.0217875247708474
1535.0 2.2952374643071676
1545.0 2.6524343562459283
1555.0 2.6678004996146423
1565.0 2.216796785843144
1575.0 1.8786119181122485
1585.0 1.7552516722517435
1595.0 1.6908749462839954
1605.0 1.6713154243364325
1615.0 1.6624464480013963
1625.0 1.6578084188588795
1635.0 1.6566035303387132
1645.0 1.6560191571796892
1655.0 1.6450914564215555
1665.0 1.6176153390847878
1672.0 1.5843035651589836
1677.0 1.5523055847353724
1685.0 1.517972325395703
1695.0 1.4936557110253073
1705.0 1.486145770417965
1715.0 1.499802395784726
1725.0 1.514209504084867
1735.0 1.510426038959823
1745.0 1.4998084031296675
1755.0 1.490060144521945
1765.0 1.4785416661339783
1775.0 1.4645531735300017
1785.0 1.4555076558991065
1795.0 1.4548303277028956
1805.0 1.457067938211337
1815.0 1.4468463366283724
1825.0 1.4342374714345252
1835.0 1.4399194207310377
1845.0 1.4626411228268483
1855.0 1.4900589134504136
1865.0 1.5053738263359877
1875.0 1.545040973701066
1885.0 1.6219542971991199
1895.0 1.7222325491200565
1905.0 1.8165160274118124
1915.0 1.7667420403366856
1925.0 1.6071350594166178
1935.0 1.4992409656696752
1945.0 1.4326552421190502
1955.0 1.3900699455676382
1967.0 1.3495807142352823
1976.0 1.3231193933537397
1984.0 1.3203206678718904
1995.0 1.3277048081577947
2005.0 1.3156868856486024
2015.0 1.303361932579092
2025.0 1.2929605239691493
2035.0 1.2843778092541789
2045.0 1.2930109526952578
2055.0 1.307919540689546
2065.0 1.3227707809596523
2074.0 1.3341160013640068
2078.0 1.336723557361167
2085.0 1.316782191197793
2095.0 1.285633754771896
2105.0 1.265964208175663
2115.0 1.259417760870125
2125.0 1.2479107211915708
2135.0 1.236667595500681
2145.0 1.2235852306215165
2155.0 1.2116978819657092
2165.0 1.2212964044925552
2175.0 1.218219742633844
2185.0 1.2036419033485777
2195.0 1.2041894457674083
2205.0 1.1981183605581982
2215.0 1.1996501198915792
2225.0 1.2114222084997424
2235.0 1.2075254229581593
2245.0 1.2046908702547476
2255.0 1.1914452039497176
2265.0 1.1967935477742828
2275.0 1.2122109783396025
2285.0 1.219275342788887
2295.0 1.2288529651257227
2305.0 1.2415272264848916
2315.0 1.260463661331921
2325.0 1.2636273168335506
2335.0 1.2504849511373541
2345.0 1.2392465980296887
2355.0 1.2327031766715788
2365.0 1.226945193442879
2375.0 1.2266794318991874
2385.0 1.2234769428848535
2395.0 1.222927634848046
2405.0 1.2329017040070285
2415.0 1.2448611984658076
2425.0 1.2544697536697882
2435.0 1.2567605256309295
2445.0 1.2481591634600968
2455.0 1.2371685200505318
2465.0 1.2393779526904187
2475.0 1.2423743417952613
2485.0 1.237277609910626
2495.0 1.2306195491718757
2505.0 1.2249938912086027
2513.0 1.2213052514061775
2518.0 1.2173922666277308
2525.0 1.2141884144252426
2535.0 1.2106214347683735
2545.0 1.2047548203241736
2555.0 1.1944183684780727
2565.0 1.1860292819231248
2575.0 1.1831022328205711
2585.0 1.1805254524001079
2595.0 1.1781073526391501
2605.0 1.1768846429574384
2615.0 1.1699295158020941
2625.0 1.1604755953650194
2635.0 1.1480327043321903
2645.0 1.1351541749604188
2655.0 1.1242133909261174
2665.0 1.1173219194645048
2675.0 1.1198621778267799
2685.0 1.130146180127844
2695.0 1.1423047600031246
2705.0 1.1505369034116684
2715.0 1.1643034850007827
2725.0 1.1831878191418548
2735.0 1.2067235389972701
2745.0 1.2356651031557753
2755.0 1.2692848562790893
2765.0 1.306560720738166
2775.0 1.387148411877006
2785.0 1.5205789761584696
2795.0 1.580671810486222
2805.0 1.550772088712114
2815.0 1.4792405160223348
2825.0 1.3746934698319442
2835.0 1.2991998882486273
2845.0 1.250800056281174
2855.0 1.2135074510638926
2865.0 1.1871934767058185
2875.0 1.1666238108719162
2885.0 1.1491809251559284
2895.0 1.1369328068389313
2910.0 1.127903816522564
2930.0 1.1323900904565851
2950.0 1.1425464399028777
2970.0 1.1310286714575724
2990.0 1.088105722216341
3010.0 1.0604693177272735
3030.0 1.0323011859964284
3050.0 1.0281704939185514
3070.0 1.0412969517216266
3090.0 1.0095701130602481
3110.0 1.0306768321742534
3130.0 1.058102970381751
3150.0 1.0487371569651691
3170.0 1.0744053668419118
3190.0 1.0880543116605168
3210.0 1.092502466140077
3230.0 1.0831958310940104
3250.0 1.0815399895299351
3270.0 1.0880780330607098
3290.0 1.1062618308842624
3310.0 1.0930201183716015
3330.0 1.0737655034529519
3350.0 1.0627385145050048
3370.0 1.0394763151763464
3390.0 1.045698167195645
3410.0 1.0661255188974115
3430.0 1.1012711658351582
3450.0 1.0372755844161001
3470.0 1.037186890707182
3490.0 1.037182794755297
3510.0 1.0274098786665875
3530.0 1.0014778617658098
3550.0 0.9991961931325157
3570.0 0.9743217518620043
3590.0 0.9585324364390266
3610.0 0.9898670907331446
3630.0 1.0021085010372546
3640.0 1.002901196502795
3650.0 1.0056343466129418
3670.0 1.0259267475796041
3690.0 1.004358296162461
3704.66 1.0137698526251406
3704.88 1.0136730450479023
3705.11 1.0135718243420093
3705.33 1.013474992308399
3705.55 1.0133781483189648
3705.78 1.0132768895471111
3706.0 1.0131800211038604
3706.22 1.0130831407060354
3706.45 1.0129818438721998
3706.67 1.0128849390231143
3706.89 1.0127880222207042
3707.12 1.012686687328867
3707.34 1.0125897460777533
3707.56 1.0124927928745655
3707.79 1.0123914199287072
3708.01 1.012294442279374
3708.24 1.0121930437770803
3708.46 1.01209604168332
3708.68 1.0119990276395772
3708.91 1.011897591089919
3709.13 1.0118005526043088
3709.35 1.0117035021699663
3709.58 1.0116020275769295
3709.8 1.0115049527032798
3710.0 1.0114166924504855
3710.02 1.0115342284634063
3710.25 1.0128859507641352
3710.47 1.0141790026497972
3710.7 1.0155309342872043
3710.92 1.0168241863991876
3711.14 1.01811753639321
3711.37 1.0194697796757126
3711.59 1.0207633298699532
3711.81 1.0220569779334705
3712.04 1.0234095328204353
3712.26 1.0247033810580641
3712.48 1.0259973271522056
3712.71 1.0273501936029925
3712.93 1.0286443398451324
3713.16 1.0299974155323866
3713.38 1.031291761904989
3713.6 1.032586206112763
3713.83 1.033939593295893
3714.05 1.035234237608013
3714.27 1.0365289797425363
3714.5 1.037882678380887
3714.72 1.039177620593634
3714.94 1.0404726606160195
3715.17 1.041826670668931
3715.39 1.0431219107434142
3715.62 1.044476129932531
3715.84 1.0457715700415695
3716.06 1.0470671079388894
3716.29 1.048421638474587
3716.51 1.049717376380333
3716.73 1.0510132120615845
3716.96 1.0523680539031874
3717.18 1.0536640895667306
3717.4 1.0549602229930082
3717.63 1.0563153760998365
3717.85 1.0576117094822661
3718.08 1.0589670716249888
3718.3 1.06026360494602
3718.52 1.0615602360084178
3718.75 1.0629159093483513
3718.97 1.064212740323206
3719.19 1.065509669026651
3719.42 1.0668656535231011
3719.64 1.0681627821128548
3719.86 1.0694600084184156
3720.09 1.0708724110270085
3720.31 1.0723069952408206
3720.53 1.0737416879623107
3720.76 1.075241710002292
3720.98 1.0766766246568054
3721.21 1.0781768787075028
3721.43 1.0796120152755764
3721.65 1.0810472603276413
3721.88 1.0825478597788045
3722.1 1.0839833267154397
3722.32 1.0854189021218932
3722.55 1.0869198469284007
3722.77 1.088355644190434
3722.99 1.0897915499081088
3723.22 1.091292840024831
3723.44 1.0927289675690963
3723.67 1.0942304895852526
3723.89 1.0956668389366264
3724.11 1.097103296719947
3724.34 1.098605163970865
3724.56 1.1000418435322925
3724.78 1.1014786315114873
3725.01 1.102980843952022
3725.23 1.1044178536803195
3725.45 1.1058549718122002
3725.68 1.1073575293972002
3725.9 1.1087948692491802
3726.13 1.1102976586222777
3726.35 1.1117352201748663
3726.57 1.1131728901073306
3726.8 1.1146760245494038
3727.02 1.1161139161534608
3727.24 1.117551916123205
3727.47 1.119055395589087
3727.69 1.120493617201411
3727.91 1.1219319471652307
3728.14 1.1234357716097485
3728.36 1.124874323187125
3728.59 1.1263783793083497
3728.81 1.1278171524797829
3729.03 1.1292560339789959
3729.26 1.1307604350033298
3729.48 1.1321995380675696
3729.7 1.1336387494453932
3729.93 1.1351434953276482
3730.0 1.1356014849616856
3730.15 1.1338226613970699
3730.37 1.131213543862875
3730.6 1.1284856059126305
3730.82 1.1258760595510795
3731.05 1.1231476733004393
3731.27 1.1205376981480977
3731.49 1.1179275133780058
3731.72 1.1151984597287015
3731.94 1.11258784622224
3732.16 1.1099770231246475
3732.39 1.107247302161414
3732.61 1.1046360503818935
3732.83 1.1020245890378597
3733.06 1.099294200845444
3733.28 1.0966823108739323
3733.51 1.093951474590096
3733.73 1.0913391560276926
3733.95 1.0887266279452739
3734.18 1.0859951245739532
3734.4 1.0833821679550966
3734.62 1.0807690018428586
3734.85 1.0780368314688367
3735.07 1.0754232368746326
3735.29 1.072809432813681
3735.52 1.070076595521753
3735.74 1.0674623630333204
3735.96 1.0648479211047668
3736.19 1.0621144169797427
3736.41 1.0594995466782022
3736.64 1.0567655947278185
3736.86 1.0541502960898825
3737.08 1.0515347880563723
3737.31 1.0488001694146913
3737.53 1.0461842330992885
3737.75 1.0435680874149593
3737.98 1.0408328021668252
3738.2 1.038216228255119
3738.42 1.0355994450011283
3738.65 1.0328634932313971
3738.87 1.0302462818045548
3739.1 1.0275098824187072
3739.32 1.0248922428556249
3739.54 1.0222743939948296
3739.77 1.019537328229264
3739.99 1.016919051286767
3740.21 1.0152148532892065
3740.44 1.013478562918102
3740.66 1.011817626121065
3740.88 1.0101565550694322
3741.11 1.0084198372472395
3741.33 1.0067584916013474
3741.56 1.005021486715556
3741.78 1.0033598664987788
3742.0 1.001698112055861
3742.23 0.9999606798095585
3742.45 0.9982986508305737
3742.67 0.9966364876424633
3742.9 0.994898628089846
3743.12 0.9932361904004922
3743.34 0.9915736185190374
3743.57 0.9898353317143094
3743.79 0.9881724853664368
3744.02 0.9864339116317694
3744.24 0.9847707908408686
3744.46 0.9831075358863318
3744.69 0.9813685349901823
3744.91 0.9797050056274559
3745.13 0.978041342118125
3745.36 0.9763019141147204
3745.58 0.9746379762320393
3745.8 0.9729739042197886
3746.03 0.9712340491633631
3746.25 0.9695697028126078
3746.48 0.967829560959977
3746.7 0.96616494029412
3746.92 0.9645001855271739
3747.15 0.9627596167122024
3747.37 0.961094587665012
3747.59 0.9594294245337744
3747.82 0.9576884288107195
3748.04 0.9560229914340972
3748.26 0.9543574199904705
3748.49 0.9526159974136005
3748.71 0.9509501517594512
3748.93 0.9492841720553508
3749.16 0.9475423226789326
3750.0 0.941179541309847
3770.0 0.9572949798872432
3790.0 0.955328662951252
3810.0 0.9361705304761514
3830.0 0.8604283991832308
3850.0 0.9085657056420676
3870.0 0.9355864181821463
3890.0 0.9476742871917193
3910.0 0.9632058410181138
3930.0 0.8392451264895119
3950.0 0.9313764445328858
3970.0 0.8728783495380119
3990.0 1.0
4010.0 1.0348735266700475
4030.0 1.0133467734461685
4050.0 1.0045310861559253
4070.0 1.0180044984619194
4078.2 1.0340851006720284
4078.45 1.034575948861044
4078.7 1.0350668316983167
4078.94 1.0355381118174227
4079.19 1.0360290625597899
4079.43 1.0365004078642965
4079.68 1.0369914265044893
4079.93 1.037482479783628
4080.17 1.0381192477047398
4080.42 1.0388535090683213
4080.66 1.0395584509206626
4080.91 1.040292818413316
4081.16 1.041027240049153
4081.4 1.0417323357547654
4081.65 1.0424668635028091
4081.9 1.0432014453854315
4082.14 1.043906694919861
4082.39 1.0446413828978238
4082.63 1.0453467342784217
4082.88 1.046081528340558
4083.13 1.0468163765229697
4083.37 1.0475218816917407
4083.62 1.0482568359414592
4083.86 1.0489624429294848
4084.11 1.049697503235342
4084.36 1.0504326176471703
4084.6 1.051138378382725
4084.85 1.051873598833825
4085.1 1.0526088733822916
4085.34 1.0533147878409235
4085.59 1.0540501684117942
4085.83 1.0547561846465718
4086.08 1.055491671228678
4086.33 1.056227211893846
4086.57 1.056933381811054
4086.82 1.0576690284705899
4087.06 1.0583753001370284
4087.31 1.059111052779762
4087.56 1.0598468594912533
4087.8 1.0605532847994736
4088.05 1.0612891974772949
4088.3 1.0620251642152674
4088.54 1.062731743140811
4088.79 1.0634678158282447
4089.03 1.0641744964599114
4089.28 1.0649106750856367
4089.53 1.0656469077572077
4089.77 1.0663537419655473
4090.0 1.0670311714824923
4090.02 1.0669717524391487
4090.26 1.0662586917968178
4090.51 1.0655158572361467
4090.76 1.0647729583335435
4091.0 1.0640597148571789
4091.25 1.0633166898538384
4091.5 1.062573600518209
4091.74 1.0618601742352127
4091.99 1.0611169588177483
4092.23 1.0604034115021972
4092.48 1.0596600700154148
4092.73 1.0589166642123746
4092.97 1.0582029341357455
4093.22 1.057459402282291
4093.47 1.0567158061222242
4093.71 1.0560018933119222
4093.96 1.0552581711203468
4094.2 1.0545441373258073
4094.45 1.0538002891152427
4094.7 1.0530563766140981
4094.94 1.0523421601314464
4095.19 1.0515981216302202
4095.43 1.0508837841935013
4095.68 1.0501396197047137
4095.93 1.0493953909413813
4096.17 1.0486808708621158
4096.42 1.0479365161301313
4096.67 1.0471920971332505
4096.91 1.0464773944388568
4097.16 1.0457328494922344
4097.4 1.0450180258921
4097.65 1.044273355008259
4097.9 1.0435286198755591
4098.14 1.042813613705865
4098.39 1.0420687526548593
4098.63 1.0413536256096059
4098.88 1.0406086386528175
4099.13 1.03986358746321
4099.37 1.0391482778939776
4099.62 1.038403100817503
4099.87 1.0376578595178596
4100.11 1.0373648811595453
4100.36 1.0375798275882693
4100.6 1.037786187833833
4100.85 1.0380011585826523
4101.1 1.0382161417385924
4101.34 1.0384225372402296
4101.59 1.0386375447119875
4101.83 1.03884396355545
4102.08 1.0390589953401934
4102.33 1.03927403952843
4102.57 1.0394804936176583
4102.82 1.0396955621146022
4103.07 1.0399106430128569
4103.31 1.0401171323416512
4103.56 1.0403322375443362
4103.8 1.0405387502040233
4104.05 1.0407538797083074
4104.3 1.0409690216102747
4104.54 1.0411755694992195
4104.79 1.041390735698509
4105.03 1.0415973069115234
4105.28 1.0418124974053022
4105.53 1.0420277002931382
4105.77 1.0422343067251059
4106.02 1.042449533903155
4106.27 1.0426647734730794
4106.51 1.0428714151177985
4106.76 1.0430866789736601
4107.0 1.0432933439315202
4107.25 1.0435086320704878
4107.5 1.043723932597704
4107.74 1.043930632758012
4107.99 1.0441459575640584
4108.23 1.0443526810306847
4108.48 1.0445680301127303
4108.73 1.0447833915793985
4108.97 1.0449901502381704
4109.22 1.0452055359765626
4109.47 1.0454209340973966
4109.71 1.0456277279421142
4109.96 1.045843150330397
4110.0 1.0458776190614292
4110.2 1.045584062762294
4110.45 1.0452170868309583
4110.7 1.0448500769485103
4110.94 1.0444977155217183
4111.19 1.0441306390999785
4111.44 1.0437635287321143
4111.68 1.043411070844014
4111.93 1.0430438939466347
4112.17 1.0426913721933082
4112.42 1.0423241287728873
4112.67 1.0419568514146336
4112.91 1.0416042332235613
4113.16 1.041236889352044
4113.4 1.040884207311347
4113.65 1.0405167969330409
4113.9 1.0401493526251944
4114.14 1.039796574170314
4114.39 1.0394290633654582
4114.64 1.0390615186360512
4114.88 1.0387086437811686
4115.13 1.0383410325645321
4115.37 1.0379880938850172
4115.62 1.0376204161876272
4115.87 1.0372527045739808
4116.11 1.0368996695180313
4116.36 1.0365318914334123
4116.6 1.0361787925684371
4116.85 1.0358109480193234
4117.1 1.035443069562248
4117.34 1.0350898743444112
4117.59 1.0347219294326233
4117.84 1.0343539506178652
4118.08 1.0340006590613489
4118.33 1.0336326138016612
4118.57 1.0332792584611217
4118.82 1.0329111467629826
4119.07 1.0325430011701708
4119.31 1.0321895495145275
4119.56 1.0318213374930485
4119.81 1.0314530915818887
4120.05 1.031092791645472
4120.3 1.03069071780938
4120.54 1.030304692528688
4120.79 1.0299025470317704
4121.04 1.0295003649759116
4121.28 1.0291142358093313
4121.53 1.0287119821032469
4121.77 1.0283257841558175
4122.02 1.0279234588065267
4122.27 1.027521096907284
4122.51 1.0271347950995127
4122.76 1.0267323615676651
4123.01 1.0263298914912744
4123.25 1.02594348583853
4123.5 1.0255409441401362
4123.74 1.0251544697336383
4123.99 1.0247518564202622
4124.24 1.0243492065713342
4124.48 1.0239626283454135
4124.73 1.0235599068921064
4124.97 1.0231732599293504
4125.22 1.0227704668786852
4125.47 1.0223676373014616
4125.71 1.0219808865448368
4125.96 1.0215779853808595
4126.21 1.021175047695734
4126.45 1.0207881931606142
4126.7 1.0203851838993405
4126.94 1.019998260654489
4127.19 1.0195951798240903
4130.0 1.0150620400924213
4150.0 0.978738005358881
4170.0 0.9817564292706428
4190.0 0.9813094030353454
4210.0 1.001729921082062
4230.0 0.9941992231722292
4250.0 1.0530115145038192
4270.0 1.0475096064168055
4290.0 1.042866275393977
4310.0 1.0343416122197326
4315.65 1.1026580095731275
4315.91 1.1058045019615899
4316.17 1.1089512343552705
4316.43 1.112098206740613
4316.69 1.1152454191040497
4316.95 1.1183928714320461
4317.21 1.121540563711035
4317.47 1.1246884959274597
4317.73 1.1278366680677536
4317.99 1.130985080118382
4318.25 1.1341337320657785
4318.52 1.1374037399110266
4318.78 1.1405528808367646
4319.04 1.143702261618092
4319.3 1.1468518822414426
4319.56 1.1500017426932594
4319.82 1.1531518429599774
4320.08 1.1557492534276161
4320.34 1.1571027207227143
4320.6 1.1584562880720515
4320.86 1.1598099554699133
4321.12 1.161163722910601
4321.38 1.1625175903884015
4321.64 1.1638715578976058
4321.9 1.1652256254325002
4322.16 1.1665797929873858
4322.42 1.1679340605565496
4322.68 1.1692884281342824
4322.94 1.1706428957148718
4323.2 1.1719974632926187
4323.46 1.1733521308618093
4323.73 1.1747590068578315
4323.99 1.1761138782380576
4324.25 1.177468849592383
4324.51 1.178823920915101
4324.77 1.1801790922005018
4325.03 1.1815343634428732
4325.29 1.1828897346365166
4325.55 1.1842452057757193
4325.81 1.1856007768547736
4326.07 1.186956447867967
4326.33 1.1883122188096003
4326.59 1.1896680896739613
4326.85 1.1910240604553426
4327.11 1.192380131148031
4327.37 1.1937363017463292
4327.63 1.1950925722445243
4327.89 1.196448942636909
4328.15 1.1978054129177702
4328.41 1.199161983081411
4328.67 1.200518653122119
4328.94 1.201927608486734
4329.2 1.2032844821053261
4329.46 1.2046414555836438
4329.72 1.2059985289159791
4329.98 1.2073557020966215
4330.0 1.207460104169162
4330.24 1.208055299002599
4330.5 1.2087001362930876
4330.76 1.2093450181841428
4331.02 1.209989944673163
4331.28 1.2106349157575456
4331.54 1.2112799314346938
4331.8 1.211924991702004
4332.06 1.2125700965568753
4332.32 1.2132152459967056
4332.58 1.2138604400188973
4332.84 1.2145056786208475
4333.1 1.215150961799956
4333.36 1.2157962895536194
4333.62 1.2164416618792415
4333.88 1.2170870787742194
4334.15 1.2177573665667676
4334.41 1.218402874306609
4334.67 1.2190484266079047
4334.93 1.2196940234680531
4335.19 1.2203396648844522
4335.45 1.2209853508545063
4335.71 1.221631081375612
4335.97 1.222276856445169
4336.23 1.2229226760605751
4336.49 1.2235685402192342
4336.75 1.224214448918544
4337.01 1.2248604021559037
4337.27 1.2255063999287141
4337.53 1.2261524422343715
4337.79 1.226798529070281
4338.05 1.2274446604338403
4338.31 1.2280908363224488
4338.57 1.2287370567335048
4338.83 1.2293833216644126
4339.09 1.2300296311125696
4339.35 1.2306759850753766
4339.62 1.2313472459189225
4339.88 1.2319936906150788
4340.14 1.2325506195302876
4340.4 1.2330308170989828
4340.66 1.2335110463131296
4340.92 1.2339913071708506
4341.18 1.2344715996702695
4341.44 1.2349519238095095
4341.7 1.235432279586698
4341.96 1.2359126669999574
4342.22 1.236393086047413
4342.48 1.2368735367271864
4342.74 1.2373540190374062
4343.0 1.2378345329761946
4343.26 1.238315078541676
4343.52 1.2387956557319761
4343.78 1.2392762645452167
4344.04 1.239756904979526
4344.3 1.240237577033027
4344.57 1.2407367699379523
4344.83 1.2412175064401523
4345.09 1.241698274555846
4345.35 1.242179074283158
4345.61 1.2426599056202112
4345.87 1.2431407685651346
4346.13 1.2436216631160515
4346.39 1.2441025892710862
4346.65 1.2445835470283617
4346.91 1.2450645363860071
4347.17 1.2455455573421457
4347.43 1.246026609894902
4347.69 1.2465076940423996
4347.95 1.2469888097827673
4348.21 1.2474699571141281
4348.47 1.2479511360346078
4348.73 1.24843234654233
4348.99 1.2489135886354221
4349.25 1.2493948623120088
4349.51 1.2498761675702155
4349.78 1.2503760179941068
4350.0 1.2507833287029377
4350.04 1.250809095773651
4350.3 1.2509765859921274
4350.56 1.251144083592225
4350.82 1.2513115885734332
4351.08 1.2514791009352428
4351.34 1.2516466206771424
4351.6 1.2518141477986213
4351.86 1.2519816822991694
4352.12 1.2521492241782768
4352.38 1.2523167734354324
4352.64 1.2524843300701263
4352.9 1.2526518940818472
4353.16 1.2528194654700866
4353.42 1.2529870442343332
4353.68 1.2531546303740764
4353.94 1.2533222238888058
4354.2 1.2534898247780129
4354.46 1.2536574330411858
4354.72 1.2538250486778153
4354.99 1.2539991188734545
4355.25 1.2541667495390114
4355.51 1.2543343875764748
4355.77 1.2545020329853345
4356.03 1.2546696857650805
4356.29 1.2548373459152034
4356.55 1.2550050134351929
4356.81 1.255172688324539
4357.07 1.2553403705827315
4357.33 1.2555080602092616
4357.59 1.2556757572036188
4357.85 1.2558434615652931
4358.11 1.2560111732937744
4358.37 1.256178892388554
4358.63 1.256346618849122
4358.89 1.2565143526749682
4359.15 1.256682093865583
4359.41 1.256849842420457
4359.67 1.2570175983390803
4359.93 1.257185361620944
4360.2 1.2566202352765348
4360.46 1.2558267934193519
4360.72 1.2550332850672763
4360.98 1.254239710223971
4361.24 1.2534460688930886
4361.5 1.2526523610782943
4361.76 1.251858586783246
4362.02 1.2510647460116047
4362.28 1.2502708387670325
4362.54 1.2494768650531842
4362.8 1.2486828248737223
4363.06 1.2478887182323068
4363.32 1.2470945451326012
4363.58 1.2463003055782587
4363.84 1.2455059995729423
4364.1 1.2447116271203127
4364.36 1.2439171882240319
4364.62 1.2431226828877542
4364.88 1.2423281111151425
4365.15 1.2415029085753253
4365.41 1.240708201386137
4365.67 1.239913427771735
4365.93 1.2391185877357798
4366.19 1.2383236812819338
4366.45 1.2375287084138515
4366.71 1.2367336691351958
4366.97 1.2359385634496265
4367.23 1.2351433913608059
4367.49 1.2343481528723887
4370.0 1.2266676289619771
4390.0 1.1062139432753797
4410.0 1.1222413130814544
4430.0 1.138374165668594
4450.0 1.1478198303339295
4470.0 1.169934970907099
4490.0 1.2144632833365294
4510.0 1.2875499705254712
4530.0 1.2060514173406185
4550.0 1.2462239179308365
4570.0 1.286153112245543
4590.0 1.2646722929095962
4610.0 1.285511489460445
4630.0 1.2978870492583878
4650.0 1.2173163250544345
4670.0 1.2098108839484454
4690.0 1.219651696232724
4710.0 1.1929406940035723
4730.0 1.230751240711972
4750.0 1.260579966450993
4770.0 1.2533566729826484
4790.0 1.2937905861862595
4810.0 1.3643858496632104
4830.0 1.4257478199827467
4834.84 1.4579746182920137
4835.13 1.459906784609591
4835.42 1.4618390890062205
4835.71 1.4637715314727313
4836.0 1.465704111999953
4836.29 1.4676368305787177
4836.59 1.4696363398901722
4836.88 1.4715693393041176
4837.17 1.4735024767417833
4837.46 1.4754357521940018
4837.75 1.4773691656516048
4838.05 1.4793693937546673
4838.34 1.48130308795355
4838.63 1.4832369201300013
4838.92 1.4851708902748546
4839.21 1.487104998378944
4839.5 1.489039244433105
4839.8 1.4910403337847453
4840.09 1.4933085649826383
4840.38 1.4963185523226312
4840.67 1.4993287579031669
4840.96 1.5023391817098002
4841.26 1.5054536428619274
4841.55 1.5084645106012071
4841.84 1.5114755965227544
4842.13 1.5144869006121262
4842.42 1.5174984228548785
4842.72 1.5206140202437157
4843.01 1.5236259862711836
4843.3 1.5266381704082108
4843.59 1.5296505726403573
4843.88 1.5326631929531824
4844.17 1.535676031332248
4844.47 1.5387929901497097
4844.76 1.5418062721362114
4845.05 1.5448197721451407
4845.34 1.5478334901620596
4845.63 1.5508474261725325
4845.93 1.553965520394275
4846.22 1.5569798998643138
4846.51 1.5599944972841011
4846.8 1.5630093126392044
4847.09 1.5660243459151877
4847.38 1.5690395970976196
4847.68 1.5721590517504185
4847.97 1.5751747462152097
4848.26 1.578190658542655
4848.55 1.581206788718322
4848.84 1.5842231367277806
4849.14 1.5873437259527732
4849.43 1.5903605170967823
4849.72 1.5933775260307972
4850.0 1.5962907068149352
4850.01 1.596306609802444
4850.3 1.5967678105716412
4850.59 1.5972290386603576
4850.89 1.5977061999127449
4851.18 1.5981674835766901
4851.47 1.5986287945543922
4851.76 1.5990901328439524
4852.05 1.5995514984434724
4852.35 1.6000288019383575
4852.64 1.6004902230936597
4852.93 1.600951671553161
4853.22 1.6014131473149633
4853.51 1.6018746503771684
4853.81 1.6023520960647741
4854.1 1.6028136546633194
4854.39 1.603275240556508
4854.68 1.6037368537424432
4854.97 1.6041984942192264
4855.26 1.60466016198496
4855.56 1.605137778043476
4855.85 1.6055995013222526
4856.14 1.6060612518842223
4856.43 1.6065230297274884
4856.72 1.6069848348501536
4857.02 1.607462592991995
4857.31 1.607924453608271
4857.6 1.6083863414981903
4857.89 1.608848256659856
4858.18 1.6093101990913719
4858.47 1.60977216879084
4858.77 1.6102500971725038
4859.06 1.6107121223422987
4859.35 1.611174174774293
4859.64 1.6116362544665899
4859.93 1.6120983614172943
4860.23 1.6111572547827397
4860.52 1.6098299009295272
4860.81 1.6085024414053524
4861.1 1.607174876217065
4861.39 1.6058472053715194
4861.68 1.6045194288755698
4861.98 1.603145755812614
4862.27 1.601817764393891
4862.56 1.600489667345564
4862.85 1.5991614646744836
4863.14 1.5978331563875021
4863.44 1.5964589332322
4863.73 1.595130410092641
4864.02 1.5938017813579701
4864.31 1.5924730470350483
4864.6 1.5911442071307222
4864.9 1.589769434062744
4865.19 1.5884403793760216
4865.48 1.5871112191286856
4865.77 1.5857819533275823
4866.06 1.5844525819795718
4866.35 1.5831231050914993
4866.65 1.5817476731183204
4866.94 1.5804179815319568
4867.23 1.5790881844263178
4867.52 1.5777582818082478
4867.81 1.5764282736846054
4868.11 1.5750522921936772
4868.4 1.573722069441899
4868.69 1.5723917412053272
4868.98 1.5710613074908082
4869.27 1.5697307683051882
4869.56 1.5684001236553224
4869.86 1.5670234837324784
4870.0 1.5663810131488787
4870.15 1.5657848614977377
4870.44 1.5646322316701198
4870.73 1.563479509615992
4871.02 1.562326695341327
4871.32 1.561134031811274
4871.61 1.5599810299339758
4871.9 1.55882793585428
4872.19 1.5576747495781613
4872.48 1.5565214711115964
4872.77 1.5553681004605564
4873.07 1.554174861406683
4873.36 1.5530213032263744
4873.65 1.5518676528797255
4873.94 1.5507139103727114
4874.23 1.5495600757113073
4874.53 1.548366356678359
4874.82 1.5472123345488769
4875.11 1.5460582202831334
4875.4 1.5449040138871015
4875.69 1.5437497153667554
4875.98 1.5425953247280673
4876.28 1.5414010305841377
4876.57 1.5402464525507094
4876.86 1.5390917824170656
4877.15 1.537937020189177
4877.44 1.5367821658730172
4877.74 1.5355873920943794
4878.03 1.5344323504446529
4878.32 1.5332772167247768
4878.61 1.5321219909407218
4878.9 1.5309666730984608
4879.2 1.5297714198416996
4879.49 1.5286159147270348
4879.78 1.5274603175722823
4880.07 1.5261504112920938
4880.36 1.5243557013997135
4880.65 1.5225608522866867
4880.95 1.5207039653301138
4881.24 1.518908833003112
4881.53 1.5171135614830176
4881.82 1.5153181507789095
4882.11 1.5135226008998677
4882.41 1.5116649890610365
4882.7 1.5098691560610153
4882.99 1.5080731839136088
4883.28 1.5062770726278951
4883.57 1.504480822212951
4883.86 1.502684432677855
4884.16 1.5008259522869574
4884.45 1.4990292797423277
4884.74 1.4972324681050886
4885.03 1.4954355173843161
4885.32 1.4936384275890853
4885.62 1.4917792228392361
4885.91 1.4899818501274322
4886.2 1.4881843383687086
4886.49 1.4863866875721397
4886.78 1.4845888977467991
4887.07 1.4827909689017615
4887.37 1.4809308962269767
4887.66 1.4791326845767694
4887.95 1.477334333934397
4888.24 1.4755358443089315
4888.53 1.4737372157094462
4888.83 1.471876419198815
4889.12 1.470077507887084
4889.41 1.4682784576288601
4889.7 1.466479268433214
4890.0 1.464617892034032
4890.29 1.4640791739778107
4890.58 1.463540409889066
4890.87 1.4630015997707446
4891.16 1.4624627436257898
4891.45 1.4619238414571485
4891.74 1.461384893267766
4892.04 1.4608273122327091
4892.33 1.4602882704240123
4892.62 1.4597491826035116
4892.91 1.4592100487741506
4910.0 1.4028692867316366
4928.77 1.3619093694291171
4929.07 1.3619832821030513
4929.36 1.36205473041486
4929.66 1.362128641834279
4929.96 1.3622025526157413
4930.0 1.3622124073383992
4930.26 1.3632466602008282
4930.55 1.364400324127149
4930.85 1.3655938518984594
4931.15 1.3667874633897346
4931.45 1.3679811585951696
4931.74 1.3691351435299168
4932.04 1.3703290033562399
4932.34 1.3715229468794796
4932.64 1.3727169740938248
4932.93 1.3738712799486075
4933.23 1.3750654717385062
4933.53 1.3762597472022764
4933.83 1.3774541063341048
4934.12 1.3786087330205488
4934.42 1.3798032566826115
4934.72 1.3809978639954976
4935.02 1.3821925549534
4935.31 1.3833475023831452
4935.61 1.3845423578259626
4935.91 1.385737296896568
4936.21 1.3869323195891492
4936.5 1.3880875876738528
4936.8 1.3892827748060463
4937.1 1.3904780455429882
4937.4 1.391673399878868
4937.69 1.392828988530201
4937.99 1.3940245072603976
4938.29 1.3952201095723107
4938.59 1.3964157954601342
4938.88 1.3975717045897846
4939.18 1.3987675548266305
4939.48 1.3999634886221617
4939.78 1.4011595059705797
4940.07 1.4023153322077178
4940.37 1.4035097854260503
4940.67 1.404704322050149
4940.97 1.405898942074219
4941.26 1.4070538207016787
4941.56 1.4082486047287899
4941.86 1.4094434721386788
4942.16 1.4106384229255597
4942.45 1.4117936212685573
4942.75 1.4129887360132816
4943.05 1.4141839341178073
4943.35 1.415379215576343
4943.64 1.4165347335467642
4943.94 1.4177301789179493
4944.24 1.4189257076259638
4944.54 1.420121319665012
4944.83 1.4212771571747582
4945.13 1.4224729330812798
4945.43 1.423668792301654
4945.73 1.424864734830088
4946.02 1.4260208917910797
4946.32 1.4272169981418124
4946.62 1.428413187783435
4946.92 1.4296094607101535
4947.21 1.430765937034316
4947.51 1.4319623737381686
4947.81 1.4331588937099429
4948.11 1.4343554969438472
4948.4 1.435512292543133
4948.7 1.4367090595090177
4949.0 1.4379059097198648
4949.3 1.4391028431698867
4949.59 1.4402599579562596
4949.89 1.4414570550931092
4950.0 1.4418960115619948
4950.19 1.441436152277956
4950.49 1.4407100089067566
4950.78 1.4400080123944128
4951.08 1.4392817491923133
4951.38 1.4385554250652945
4951.68 1.4378290400174345
4951.97 1.4371268098996903
4952.27 1.4364003050527325
4952.57 1.4356737392970285
4952.87 1.4349471126366493
4953.16 1.434244648975507
4953.46 1.4335179025478295
4953.76 1.4327910952275706
4954.06 1.4320642270188066
4954.35 1.4313615298762588
4954.65 1.430634541931992
4954.95 1.4299074931113074
4955.25 1.4291803834182824
4955.54 1.4284774528563142
4955.84 1.4277502234595736
4956.14 1.4270229332025806
4956.44 1.4262955820894117
4956.73 1.4255924181699988
4957.03 1.4248649473848967
4957.33 1.4241374157557039
4957.63 1.4234098232864931
4957.92 1.4227064260716025
4958.22 1.4219787139622408
4958.52 1.4212509410249468
4958.82 1.420523107263795
4959.11 1.4198194768153847
4959.41 1.4190915234458559
4959.71 1.4183635092645506
4960.01 1.4176449099881951
4960.3 1.417215852305287
4960.6 1.4167719606369804
4960.9 1.4163280294191782
4961.2 1.4158840586544958
4961.49 1.415454849326257
4961.79 1.415010800793681
4962.09 1.4145667127219905
4962.39 1.414122585113803
4962.68 1.4136932241800453
4962.98 1.4132490188243834
4963.28 1.4128047739399867
4963.58 1.4123604895294741
4963.87 1.4119309770300028
4964.17 1.411486614892429
4964.47 1.4110422132365026
4964.77 1.4105977720648384
4965.06 1.4101681080394541
4965.36 1.4097235891611424
4965.66 1.4092790307748553
4965.96 1.4088344328832094
4966.25 1.408404617371707
4966.55 1.4079599417938211
4966.85 1.4075152267183384
4967.15 1.407070472147875
4967.44 1.4066405051900448
4967.74 1.4061956729537473
4968.04 1.4057508012302276
4968.34 1.405305890022102
4968.63 1.404875771657728
4968.93 1.4044307828041735
4969.23 1.4039857544737728
4969.53 1.4035406866691391
4969.82 1.4031104169380006
4970.0 1.4028433344163267
4970.12 1.4022457572862674
4970.42 1.400751732112455
4970.72 1.399257589304072
4971.02 1.397763328869088
4971.31 1.3963187653121412
4971.61 1.3948242735680902
4971.91 1.393329664221072
4972.21 1.391834937279058
4972.5 1.390389922795358
4972.8 1.3888949646064268
4973.1 1.3873998888461347
4973.4 1.385904695522452
4973.69 1.3844592302331726
4973.99 1.3829638057247136
4974.29 1.381468263676491
4974.58 1.3800224613092877
4974.88 1.3785266881227645
4975.18 1.3770307974201053
4975.48 1.3755347892092789
4975.78 1.37403866349824
4976.07 1.3725922969612465
4976.37 1.3710959401896954
4976.48 1.3705472466052968
4976.67 1.3695994659415598
4976.78 1.3690507292844085
4976.97 1.3681028742248023
4977.08 1.3675540944978173
4977.26 1.3666560572456372
4977.38 1.3660573422534867
4977.56 1.365159234530483
4977.68 1.3645604725593758
4977.86 1.3636622943703307
4977.98 1.363063485423452
4978.16 1.3621652367731332
4978.28 1.3615663808536669
4978.45 1.3607179694728946
4978.58 1.3600691588579856
4978.75 1.359220680939406
4978.88 1.3585718194443688
4979.05 1.357723274992492
4979.18 1.3570743626207762
4979.35 1.3562257516401133
4979.48 1.3555767883951724
4979.64 1.3547780341398796
4979.78 1.3540790967755074
4979.94 1.35328027991331
4980.08 1.3543673284417408
4980.24 1.3571406365324767
4980.39 1.359740711157739
4980.54 1.3623408808991793
4980.69 1.3649411457535423
4980.83 1.3673681454277358
4980.99 1.3701419607879783
4981.13 1.3725691379912432
4981.29 1.3753431562348795
4981.43 1.3777705109550107
4981.59 1.380544732068092
4981.73 1.382972264292871
4981.89 1.385746688261467
4982.02 1.3880009873949712
4982.19 1.3909490247888385
4982.32 1.3932034887256273
4982.49 1.3961517416240898
4982.62 1.3984063703528324
4982.79 1.4013548387410573
4982.92 1.4036096322504241
4983.09 1.4065583161135955
4983.21 1.408639813528311
4983.39 1.4117621737155595
4983.51 1.4138438232147246
4983.69 1.4169664115207885
4983.81 1.4190482130939623
4983.99 1.4221710295031726
4984.11 1.4242529831398665
4984.29 1.4273760276365541
4984.4 1.4292846221958977
4984.59 1.4325814058947925
4984.7 1.4344901398267007
4984.89 1.4377871642517481
4985.0 1.439696037546637
4985.19 1.4429933026812671
4985.3 1.4449023153295688
4985.49 1.448199821157244
4985.59 1.4499354117661563
4985.79 1.4534067196535279
4985.89 1.455142436930067
4986.09 1.4586139981439825
4986.19 1.4603498420794228
4986.39 1.4638216566024753
4986.49 1.4655576271881208
4986.69 1.4690296950028583
4986.78 1.4705921806077444
4986.99 1.47423811331903
4987.08 1.4758007128935533
4987.29 1.479446911524847
4987.38 1.4810096250611675
4987.59 1.4846560895941778
4987.68 1.4862189170844582
4987.9 1.4900393059724462
4987.97 1.4912549270896656
4988.2 1.4952492563503499
4988.5 1.5004595865125168
4988.8 1.5056702964328226
4989.1 1.5108813860851438
4989.4 1.5160928554433435
4989.7 1.5213047044813313
4990.0 1.5265169331729713
4990.3 1.5512254961129623
4990.6 1.5759358837793196
4990.9 1.6006480960467864
4991.2 1.625362132790335
4991.5 1.6500779938847188
4991.8 1.6747956792047718
4992.1 1.6995151886253332
4992.4 1.7242365220211717
4992.7 1.748959679267288
4993.0 1.773684660238462
4993.3 1.7984114648095542
4993.6 1.823140092855431
4993.9 1.8478705442508894
4994.2 1.8726028188709554
4994.5 1.8973369165904368
4994.8 1.922072837284221
4995.1 1.9468105808272018
4995.41 1.9723748306930218
4995.71 1.9971162803102416
4996.01 2.0218595523972
4996.31 2.0466046468288113
4996.61 2.0713515634799227
4996.91 2.0961003022256093
4997.21 2.1208508629407268
4997.51 2.145603245500211
4997.81 2.1703574497790066
4998.11 2.195113475651984
4998.41 2.219871322994248
4998.71 2.24463099168068
4999.01 2.2693924815862463
4999.31 2.2941557925859133
4999.61 2.318920924554584
4999.91 2.343687877367385
5000.21 2.3543042628077475
5000.51 2.358855889306167
5000.81 2.3634078418318603
5001.11 2.367960120362311
5001.41 2.372512724875043
5001.71 2.377065655347543
5002.01 2.3816189117573066
5002.31 2.3861724940818365
5002.61 2.3907264022986205
5002.92 2.395432449800016
5003.22 2.3999870205950455
5003.52 2.4045419172141025
5003.82 2.409097139634679
5004.12 2.4136526878343094
5004.42 2.4182085617904865
5004.72 2.422764761480718
5005.02 2.427321286882516
5005.32 2.431878137973377
5005.62 2.4364353147308377
5005.92 2.4409928171323987
5006.22 2.4455506451555724
5006.52 2.450108798777875
5006.82 2.454667277976807
5007.12 2.4592260827299124
5007.42 2.4637852130146958
5007.72 2.4683446688086765
5008.02 2.4729044500893735
5008.32 2.477464556834292
5008.62 2.4820249890209833
5008.92 2.486585746626956
5009.22 2.4911468296297343
5009.52 2.4957082380068414
5009.82 2.5002699717357904
5010.0 2.503007168132713
5010.12 2.4933223171335386
5010.42 2.4691089324682833
5010.73 2.4440865483371037
5011.03 2.419869512229704
5011.33 2.3956506805177322
5011.63 2.371430053324246
5011.93 2.3472076307722967
5012.23 2.322983412985005
5012.53 2.298757400085265
5012.83 2.2745295921961866
5013.13 2.2502999894407982
5013.43 2.226068591942126
5013.73 2.201835399823264
5014.03 2.1776004132070774
5014.33 2.1533636322166516
5014.63 2.129125056974988
5014.93 2.1048846876050855
5015.23 2.0806425242300106
5015.53 2.0563985669726037
5015.83 2.0321528159559206
5016.13 2.0079052713029384
5016.43 1.983655933136629
5016.73 1.9594048015800303
5017.03 1.9351518767559583
5017.33 1.9108971587874406
5017.63 1.886640647797426
5017.93 1.8623823439088618
5018.23 1.838122247244759
5018.54 1.8130515974119652
5018.84 1.7887878558164874
5019.14 1.764522321818281
5019.44 1.7402549955403364
5019.74 1.7159858771054206
5020.04 1.693354917498803
5020.34 1.68138235900191
5020.64 1.6694089129360428
5020.94 1.657434579362061
5021.24 1.6454593583407122
5021.54 1.6334832499328502
5021.84 1.6215062541992908
5022.14 1.6095283712008455
5022.44 1.5975496009983616
5022.74 1.585569943652573
5023.04 1.5735893992243208
5023.34 1.561607967774407
5023.64 1.54962564936363
5023.94 1.537642444052823
5024.24 1.5256583519027076
5024.54 1.5136733729741108
5024.84 1.5016875073278222
5025.14 1.4897007550246264
5025.44 1.4777131161253436
5025.74 1.4657245906906817
5026.04 1.4537351787814545
5026.35 1.4413451885823565
5026.65 1.4293539743623047
5026.95 1.4173618738519946
5027.25 1.4053688871122303
5027.55 1.3933750142037762
5027.85 1.3813802551873935
5028.15 1.3693846101238774
5028.45 1.3573880790739126
5028.75 1.3453906620982887
5029.05 1.333392359257757
5029.35 1.321393170613065
5029.65 1.3093930962249962
5029.95 1.2973921361542202
5030.0 1.2953918900386456
5030.25 1.2940401514567093
5030.55 1.29241795096344
5030.85 1.2907956259018745
5031.15 1.2891731762804945
5031.45 1.2875506021077685
5031.75 1.2859279033921776
5032.05 1.2843050801421985
5032.35 1.2826821323663065
5032.65 1.2810590600729834
5032.95 1.279435863270694
5033.25 1.2778125419679187
5033.55 1.2761890961731313
5033.85 1.2745655258948072
5034.16 1.2728877058393386
5034.46 1.2712638824706208
5034.76 1.269639934644069
5035.06 1.2680158623681559
5035.36 1.266391665651359
5035.66 1.2647673445021406
5035.96 1.263142898928977
5036.26 1.2615183289403404
5050.0 1.2265414026886319
5070.0 1.2001334501242253
5090.0 1.1800982358773089
5110.0 1.181894869535629
5130.0 1.181043212965298
5150.0 1.197908105926041
5170.0 1.1024047231887024
5190.0 1.1716269196712419
5210.0 1.2048237788610443
5230.0 1.268401427011757
5250.0 1.2908844785432272
5270.0 1.2464379243208543
5290.0 1.3570800255006106
5310.0 1.3841384083055919
5330.0 1.3081557027120878
5350.0 1.337079074736031
5370.0 1.327952466390076
5390.0 1.3002552800938454
5410.0 1.272743304669641
5430.0 1.3038108960684893
5450.0 1.2769720762291321
5470.0 1.2352172529792869
5490.0 1.1957640160588126
5510.0 1.2854240088688458
5530.0 1.3370928011904744
5550.0 1.334855249445698
5570.0 1.310048767662489
5590.0 1.2738366412549165
5610.0 1.3112711012298357
5630.0 1.279643546137911
5650.0 1.2959572386759424
5670.0 1.3256076578603886
5690.0 1.3153439671432132
5710.0 1.3086047568475943
5730.0 1.3486256930895197
5750.0 1.3258717037593013
5770.0 1.3563662540929606
5790.0 1.3726226796785377
5810.0 1.3911187665041387
5830.0 1.3866497243817455
5850.0 1.3600620891376538
5870.0 1.3596201876877263
5890.0 1.1655356636323742
5910.0 1.2925662438455148
5930.0 1.3339802069543476
5950.0 1.339673279934143
5970.0 1.3601662253700928
5990.0 1.3258058682060685
6010.0 1.3162443939089468
6030.0 1.3621330456275538
6050.0 1.3877578772034076
6070.0 1.3936004154960797
6090.0 1.383002203645839
6110.0 1.3837456110946664
6130.0 1.3657410200742437
6150.0 1.3706906356539135
6170.0 1.3131684866427478
6190.0 1.3398140931855254
6210.0 1.3285703512661304
6230.0 1.2828195990600058
6250.0 1.2613926913334588
6270.0 1.3166781525333142
6290.0 1.3648647783751977
6310.0 1.359386897084826
6330.0 1.3602699938675298
6350.0 1.371050860915447
6370.0 1.3986720491142468
6390.0 1.4061571965757653
6410.0 1.4091037033036107
6430.0 1.4545508093236472
6450.0 1.4807224193435018
6470.0 1.5391108378658505
6490.0 1.6137615016028592
6510.0 1.7994875490714743
6523.64 2.030212585265462
6524.04 2.039073526042019
6524.43 2.0477135373800994
6524.82 2.0563541352036228
6525.22 2.0652168959745487
6525.61 2.073858681577892
6526.0 2.0825010534404496
6526.4 2.0913656335035418
6526.79 2.1000091926876916
6527.19 2.108874990359247
6527.58 2.1175197365583336
6527.97 2.1261650686391063
6528.37 2.135032684431355
6528.76 2.143679203069208
6529.15 2.1523263073627503
6529.55 2.161195740574461
6529.94 2.1698440309674507
6530.0 2.171174589144865
6530.34 2.1826803515685667
6530.73 2.1958789795104883
6531.12 2.2090785066211946
6531.52 2.2226174170727053
6531.91 2.235818765225371
6532.3 2.249021012200177
6532.7 2.2625627118958285
6533.09 2.275766779210616
6533.49 2.2893103456806916
6533.88 2.3025162328656634
6534.27 2.315723018294398
6534.67 2.329269372213909
6535.06 2.342477976811389
6535.46 2.3560261963042515
6535.85 2.3692366196010592
6536.24 2.3824479405637216
6536.64 2.395998945712769
6537.03 2.4092120846738894
6537.42 2.4224261209550124
6537.82 2.4359799106867315
6538.21 2.4491957642657813
6538.6 2.4624125148190554
6539.0 2.4759690880605474
6539.39 2.4891876552115595
6539.79 2.5027460913899024
6540.18 2.518223803050374
6540.57 2.536336206801573
6540.97 2.5549143117449713
6541.36 2.573029212472975
6541.76 2.5916098780879944
6542.15 2.6097272751489076
6542.54 2.6278459043394085
6542.94 2.646430393525389
6543.33 2.664551518087423
6543.72 2.6826738743045153
6544.12 2.7012621855890577
6544.51 2.7193870362167734
6544.91 2.7379779055413844
6545.3 2.7561052499366645
6545.69 2.774233825195317
6546.09 2.792828514161895
6546.48 2.8109595822279805
6546.87 2.8290918806836514
6547.27 2.847690387821618
6547.66 2.865825178125014
6548.06 2.8844262406749053
6548.45 2.902563522183842
6548.84 2.920702033291747
6549.24 2.939306911559529
6549.63 2.957447912914086
6550.0 2.974659742703069
6550.02 2.9759197359471
6550.42 3.0011205230070055
6550.81 3.0256929814535334
6551.21 3.050897237136393
6551.6 3.0754730770546312
6551.99 3.1000505859857492
6552.39 3.1252600209856483
6552.78 3.1498409100873976
6553.17 3.1744234675599943
6553.57 3.199638079884086
6553.96 3.2242240162268656
6554.36 3.2494420936125015
6554.75 3.274031407955177
6555.14 3.2986223895972757
6555.54 3.323845640982468
6555.93 3.3484399993250693
6556.33 3.3736667135468528
6556.72 3.3982644477203734
6557.11 3.4228638481227587
6557.51 3.4480957330221567
6557.9 3.472698507957119
6558.29 3.4973029484802627
6558.69 3.52254000206862
6559.08 3.5471478158266274
6559.48 3.572388328697652
6559.87 3.596999514822068
6560.26 3.6045912168616723
6560.66 3.603648997394442
6561.05 3.6027302506858305
6561.44 3.6018114223067434
6561.84 3.6008689493979236
6562.23 3.5999499556153403
6562.63 3.5990073130835825
6563.02 3.5980881539397616
6563.41 3.5971689131774935
6563.81 3.5962260173656024
6564.2 3.5953066113052006
6564.59 3.594387123657492
6564.99 3.5934439746621147
6565.38 3.592524321779345
6565.78 3.591581003333755
6566.17 3.590661185258131
6566.56 3.589741285647163
6566.96 3.588797714179334
6567.35 3.5878776494385325
6567.75 3.586933908628402
6568.14 3.5860136787999433
6568.53 3.5850933674880627
6568.93 3.584149373816806
6569.32 3.5832288974802373
6569.71 3.5823083396913207
6570.0 3.5816237695650757
6570.11 3.5758625146944585
6570.5 3.555435342737935
6570.9 3.5344829312262953
6571.29 3.5140529009179415
6571.68 3.4936214597953437
6572.08 3.472664670214488
6572.47 3.452230371837146
6572.86 3.4317946631870777
6573.26 3.410833497217254
6573.65 3.3903949324089986
6574.05 3.3694308374225197
6574.44 3.348989417189915
6574.83 3.328546587587881
6575.23 3.3075781190159605
6575.62 3.287132435085247
6576.01 3.2666853423259212
6576.41 3.2457125018466404
6576.8 3.225262555853775
6577.2 3.204286789356992
6577.59 3.1838339908634787
6577.98 3.1633797844436287
6578.38 3.1423996488392474
6578.77 3.1219425910129552
6579.16 3.101484125800398
6579.56 3.0804996227644272
6579.95 3.0600383072392034
6580.35 3.0410057586488604
6580.74 3.0227200260392846
6581.13 3.0044330349795314
6581.53 2.985675839614523
6581.92 2.9673862998753706
6582.31 2.9490955021686682
6582.71 2.9303344030516034
6583.1 2.9120410576428104
6583.5 2.893277345833389
6583.89 2.87498145337654
6584.28 2.856684303757334
6584.68 2.8379166906943767
6585.07 2.819616995003634
6585.46 2.801316042632412
6585.86 2.7825445298116405
6586.25 2.7642410323449274
6586.65 2.745466909504803
6587.04 2.7271608675957912
6587.43 2.7088535698104548
6587.83 2.690075549707813
6588.22 2.671765708455436
6588.62 2.6529850800033743
6589.01 2.6346726959366213
6589.4 2.61635905679705
6589.8 2.5975745335757545
6590.0 2.588181776983665
6590.19 2.579867237594003
6590.58 2.5627996815741003
6590.98 2.5452932807907893
6591.37 2.528223355434511
6591.77 2.5107145248742895
6592.16 2.4936422307894803
6592.55 2.4765687675563304
6592.95 2.459056308869905
6593.34 2.4419804778156786
6593.73 2.4249034780610863
6594.13 2.4073873926382947
6594.52 2.390308025969641
6594.92 2.3727895132540824
6595.31 2.355707780278428
6595.7 2.338624879349682
6596.1 2.3211027422167163
6596.49 2.304017475887293
6596.88 2.2869310420520166
6597.28 2.269405281889848
6597.67 2.2523164835597793
6598.07 2.2347882985856637
6598.46 2.2176971363670424
6598.85 2.2006048073889177
6599.25 2.183073001701527
6599.64 2.165978309740004
6600.04 2.1494963103601097
6600.43 2.142658876440451
6600.82 2.1358209695869244
6601.22 2.128807240571976
6601.61 2.1219683759074894
6602.0 2.115129038490081
6610.0 1.9747307263104363
6630.0 1.7353014186060092
6650.0 1.608302117492541
6670.0 1.515481619870099
6690.0 1.4482741703076794
6710.0 1.4877931146402839
6730.0 1.5478890640053329
6750.0 1.416359264946959
6770.0 1.3952551321783087
6790.0 1.3796543181327927
6810.0 1.405417305255706
6830.0 1.420556945414147
6850.0 1.4148858842084528
6870.0 1.4186773995630817
6890.0 1.4437949128617957
6910.0 1.466043379333202
6930.0 1.4740038573431233
6950.0 1.4754693446280855
6970.0 1.4845795703072644
6990.0 1.49017889798888
7010.0 1.4825487704602187
7030.0 1.4884608428391983
7050.0 1.4741369534104793
7070.0 1.4208546901964203
7090.0 1.388932229490124
7110.0 1.3796295777551595
7130.0 1.3635358717838024
7150.0 1.3630236389230022
7170.0 1.3702870204347852
7190.0 1.364152593602877
7210.0 1.3678554680869497
7230.0 1.399120803819471
7250.0 1.4053900638799615
7270.0 1.4140029424463239
7290.0 1.4075719199096324
7310.0 1.43694248852117
7330.0 1.4439547951604912
7350.0 1.439011462948061
7370.0 1.4612238933349717
7390.0 1.4546020488752598
7410.0 1.455112751587747
7430.0 1.4672393334102904
7450.0 1.4668719894990205
7470.0 1.4830784469691272
7490.0 1.475702152601073
7510.0 1.4792456002004446
7530.0 1.4785367056504812
7550.0 1.4647426457942527
7570.0 1.460141070969142
7590.0 1.4379029781763066
7610.0 1.4294625599966313
7630.0 1.423710384764952
7650.0 1.4037508638620642
7670.0 1.3672187332028725
7690.0 1.381461022118122
7710.0 1.3739844110504422
7730.0 1.3908349504095525
7750.0 1.384705053461366
7770.0 1.4011075548054788
7790.0 1.3959516123303068
7810.0 1.408627924415606
7830.0 1.3977191443830765
7850.0 1.3953156414223449
7870.0 1.396387427440712
7890.0 1.3789154220282722
7910.0 1.356908289067141
7930.0 1.3500883034509805
7950.0 1.3571927041487535
7970.0 1.3929674030212318
7990.0 1.3917712731956418
8010.0 1.4165807421175043
8030.0 1.4195405012088111
8050.0 1.4143564646769309
8070.0 1.3989153640877503
8090.0 1.3721381953727
8110.0 1.3917377370691513
8130.0 1.434289968984048
8150.0 1.4286618974655394
8170.0 1.4499935035037617
8190.0 1.3847111071158689
8210.0 1.3926360615772848
8230.0 1.418261193962828
8250.0 1.4217226400853307
8270.0 1.4231697525910816
8290.0 1.397648660991373
8310.0 1.3693729731900328
8330.0 1.3629509603886851
8350.0 1.3659567159461485
8370.0 1.3657954112634887
8390.0 1.3579071797989588
8410.0 1.3741375467226769
8430.0 1.342054753142645
8450.0 1.332058339257495
8470.0 1.3296862907464864
8490.0 1.3116868728177256
8510.0 1.311990667938563
8530.0 1.2663029105529717
8550.0 1.2840365639926539
8570.0 1.3601346294664611
8590.0 1.3692122748825994
8610.0 1.3794718290959578
8630.0 1.3884741348545362
8650.0 1.3427273382671179
8670.0 1.3206660962357994
8690.0 1.3648866073226489
8710.0 1.3916769598570498
8730.0 1.396706968896755
8750.0 1.3925997131225056
8770.0 1.4052981299970677
8790.0 1.39772960043649
8810.0 1.3763399184742968
8830.0 1.4091635632922415
8850.0 1.4127132632939847
8870.0 1.3764263656422338
8890.0 1.3877828253747597
8910.0 1.3860517486255595
8930.0 1.3889695343685688
8950.0 1.3802761897733444
8970.0 1.3864571994018278
8990.0 1.4062622782114012
9010.0 1.3781362731735078
9030.0 1.4019404352315636
9050.0 1.407438976448802
9070.0 1.4020332233783255
9090.0 1.381080606611
9110.0 1.3916710061179451
9130.0 1.4047755532125863
9150.0 1.3753359666305853
9170.0 1.378412725349094
9190.0 1.3693492999304981
9210.0 1.3315450492127956
9230.0 1.3189937980333017
9250.0 1.3190889086912998
9270.0 1.3498557908572315
9290.0 1.3252584798071756
9310.0 1.3395426078084502
9330.0 1.3295181410704584
9350.0 1.2872414778328227
9370.0 1.2889734702262665
9390.0 1.2806834562048026
9410.0 1.2505960452970806
9430.0 1.2654634269105327
9450.0 1.284624628199719
9470.0 1.2955522568676499
9490.0 1.3051713474537414
9510.0 1.299950030276059
9530.0 1.3050985527358225
9550.0 1.2893628586224606
9570.0 1.3044937430169852
9590.0 1.2927010538065524
9610.0 1.3111173898322563
9630.0 1.2951090502305918
9650.0 1.2942290693570917
9670.0 1.301899086420053
9690.0 1.3018908021052402
9710.0 1.300339048722645
9730.0 1.289131791723306
9750.0 1.2699923459173592
9770.0 1.2815545884141215
9790.0 1.2951877361686024
9810.0 1.2782579995666812
9830.0 1.27922600672553
9850.0 1.2827772133936874
9870.0 1.311782427331543
9890.0 1.2726615617006223
9910.0 1.2857764645902794
9930.0 1.2258775940948687
9950.0 1.2778911195611677
9970.0 1.2768329920425696
9990.0 1.2756651339578378
10025.0 1.2736578452581644
10075.0 1.270756050433245
10125.0 1.2678428815568394
10175.0 1.2648132908496572
10225.0 1.261641166178668
10275.0 1.2583586899866366
10325.0 1.2550999284819595
10375.0 1.2517252711911213
10425.0 1.2482084841664323
10475.0 1.2445492240971054
10525.0 1.2406574878346217
10575.0 1.2364051481982348
10625.0 1.232062162564902
10675.0 1.2276286373385676
10725.0 1.2237060597537583
10775.0 1.2203554493509832
10825.0 1.2170257042794612
10875.0 1.2137172468078365
10925.0 1.2104957841881268
10975.0 1.2081606451330804
11025.0 1.205969408000416
11075.0 1.2038948977763229
11125.0 1.201893038825319
11175.0 1.1839871440021654
11225.0 1.2044855845463067
11275.0 1.225423672749348
11325.0 1.2057288572945832
11375.0 1.177236945216893
11425.0 1.1806347889999151
11475.0 1.1964909998196152
11525.0 1.2047161161808344
11575.0 1.1932220320162468
11625.0 1.1789016582500151
11675.0 1.1863262717979035
11725.0 1.1920320188430629
11775.0 1.1805098845884143
11825.0 1.1599073130183526
11875.0 1.1799653968106767
11925.0 1.178296883084001
11975.0 1.1540223572148418
12025.0 1.174163035750074
12075.0 1.1657717715286346
12125.0 1.16510174454195
12175.0 1.1825452478819423
12225.0 1.1792295120227632
12275.0 1.1690043614242835
12325.0 1.1689857093230807
12375.0 1.1714663474586815
12425.0 1.1517709810720387
12475.0 1.1477462856525418
12525.0 1.1513836827066752
12575.0 1.163280760630113
12625.0 1.1595255056328397
12675.0 1.1443201484864565
12725.0 1.1468519067464369
12775.0 1.1561882239750338
12825.0 1.1355076628939045
12875.0 1.1425063165286062
12925.0 1.1353486974647102
12975.0 1.1458117876039748
13025.0 1.1390497639952504
13075.0 1.1446724967331454
13125.0 1.127660145756949
13175.0 1.1195907839803962
13225.0 1.1596483174948868
13275.0 1.1323849570153912
13325.0 1.1294962828526742
13375.0 1.1239578827699084
13425.0 1.1208435043777807
13475.0 1.117645222779997
13525.0 1.1144843016135593
13575.0 1.1111926859921741
13625.0 1.107770112243338
13675.0 1.104340666791953
13725.0 1.1008759195478153
13775.0 1.0974312675568816
13825.0 1.0939951063771343
13875.0 1.090524175035894
13925.0 1.0870567877298327
13975.0 1.0835548249788445
14025.0 1.080115573735645
14075.0 1.0767672976033498
14125.0 1.0734044250922015
14175.0 1.0701429852504767
14225.0 1.0669640317353764
14275.0 1.0638003257965611
14325.0 1.060644936237366
14375.0 1.0575027263461447
14425.0 1.0544830651908903
14475.0 1.0515184312710653
14525.0 1.0496200326820526
14570.0 1.0488684681424185
14620.0 1.048094363570337
14675.0 1.0468343671703888
14725.0 1.0459233930469396
14775.0 1.0450916952667202
14825.0 1.04450573506189
14875.0 1.0439901458472227
14925.0 1.043770511599331
14975.0 1.04367267838249
15025.0 1.0437738930186145
15075.0 1.040718655707801
15125.0 1.0279969740816828
15175.0 1.0374537351859716
15225.0 1.0546131487134514
15275.0 1.0397663171722165
15325.0 1.0606690292816439
15375.0 1.0601891725153503
15425.0 1.0625251193102379
15475.0 1.0854136127777363
15525.0 1.0599043160237662
15575.0 1.0168986706878749
15625.0 1.0494322151335838
15675.0 1.0486889055157924
15725.0 1.0360100148829186
15775.0 1.0018914599796225
15825.0 1.016208111652685
15875.0 1.008159813253658
15925.0 1.0224834262344857
15975.0 1.0069738019599601
16050.0 1.0203991259797975
16150.0 1.0274442612696681
16250.0 1.0122456968669153
16350.0 1.0222440081913156
16450.0 0.9925468905844018
16550.0 0.9974092897248229
16650.0 0.9831163656683519
16750.0 0.9783261497295107
16850.0 0.9683062316577234
16950.0 0.978806079246455
17050.0 0.9643249129534902
17150.0 0.9670264962104388
17250.0 0.9559645652624503
17350.0 0.9132012092290298
17450.0 0.9292081432086674
17550.0 0.8946117937785838
17650.0 0.9017523114556478
17750.0 0.8681957162765931
17850.0 0.8648897712316155
17950.0 0.856026658046621
18050.0 0.8471732827100544
18150.0 0.838718627928975
18250.0 0.8304789883382356
18350.0 0.82245546825242
18450.0 0.8146726122339792
18550.0 0.8070062062837529
18650.0 0.7994360448912446
18750.0 0.7918391263085915
18850.0 0.7843425672438957
18950.0 0.7768203979928011
19050.0 0.769934668844579
19150.0 0.7638121284063127
19250.0 0.7575674803099689
19350.0 0.7513841671973995
19450.0 0.7453251783746296
19550.0 0.7392458196815728
19650.0 0.7333423298243993
19750.0 0.7276691449542927
19850.0 0.7221022774789067
19950.0 0.7168926978752961
20050.0 0.7140720992998719
20150.0 0.7145504355841602
20250.0 0.7150235184138524
20350.0 0.7154921586241895
20450.0 0.7159669912723371
20550.0 0.7164480892609927
20650.0 0.716923176768169
20750.0 0.7173923941675571
20850.0 0.7178687079938455
20950.0 0.7183532619314236
21050.0 0.7188332009709499
21150.0 0.7193076467138085
21250.0 0.7197840174940271
21350.0 0.7202681813895129
21450.0 0.7207529741763448
21550.0 0.7212325616348951
21650.0 0.7217081976913312
21750.0 0.722191115921363
21850.0 0.7226802190410049
21950.0 0.7231644117604082
22050.0 0.7236437338950152
22150.0 0.7241251497286101
22250.0 0.7246145026664311
22350.0 0.7251050067168946
22450.0 0.7255909965761598
22550.0 0.7260724750893485
22650.0 0.7265596807411682
22750.0 0.7270539835891967
22850.0 0.7275451992653492
22950.0 0.7280321078330426
23050.0 0.7285164712307224
23150.0 0.7290080424626704
23250.0 0.7295052771193372
23350.0 0.729998499156234
23450.0 0.7304877134658591
23550.0 0.7309762301345042
23650.0 0.7314716254608224
23750.0 0.7319707520081531
23850.0 0.7324661034623358
23950.0 0.7329577341137843
24050.0 0.7334493678046679
24150.0 0.7339478852134711
24250.0 0.7344497269064605
24350.0 0.7349480211988755
24450.0 0.7354427759782335
24550.0 0.7359371007231641
24650.0 0.7364381828988164
24750.0 0.7369430702707851
24850.0 0.7374445973832424
24950.0 0.7379428548862406
25050.0 0.7384392035818164
25150.0 0.738941880685196
25250.0 0.7394497095473496
25350.0 0.7399544445715025
25450.0 0.7404560550990493
25550.0 0.7409546070223213
25650.0 0.7414581510862802
25750.0 0.7419679553495641
25850.0 0.7424760083076754
25950.0 0.7429811528044216
26050.0 0.7434834956514527
26150.0 0.7439874777622227
26250.0 0.7444978203649963
26350.0 0.745010044598424
26450.0 0.7455195309326008
26550.0 0.7460263732032145
26650.0 0.7465305671989394
26750.0 0.7467020412048311
26850.0 0.7465399651972091
26950.0 0.7463743741759638
27050.0 0.7462055302888825
27150.0 0.7460334342480601
27250.0 0.7457716880435776
27350.0 0.7452865550940387
27450.0 0.7446643199272119
27550.0 0.7440385887752682
27650.0 0.7434093645506544
27750.0 0.7427766168442325
27850.0 0.7421134443006006
27950.0 0.7414064329856149
28050.0 0.7406826299430805
28150.0 0.7399554388654013
28250.0 0.7392248386479606
28350.0 0.7384909062624653
28450.0 0.73772276956914
28550.0 0.7369138040215412
28650.0 0.7360949343728361
28750.0 0.7352728035527644
28850.0 0.7344473994080295
28950.0 0.7336188411552037
29050.0 0.7327576212342578
29150.0 0.7318587486645874
29250.0 0.7309518169244189
29350.0 0.7300417703599927
29450.0 0.72912863899511
29550.0 0.7282123863701189
29650.0 0.7272692009099315
29750.0 0.7262918362263182
29850.0 0.7253041203576971
29950.0 0.7243133564901592
30050.0 0.7233195949620319
30150.0 0.722322918934009
30250.0 0.7213078198504468
30350.0 0.7202614052888464
30450.0 0.7191991832700237
30550.0 0.7181340871721241
30650.0 0.7170661326474643
30750.0 0.7159953239327908
30850.0 0.7149168132805822
30950.0 0.7138104529269053
31050.0 0.7126811053483062
31150.0 0.7115482336044956
31250.0 0.7101379851850732
31350.0 0.7087277922147653
31450.0 0.7073176325139262
31550.0 0.7058914480189906
31650.0 0.7044427955428514
31750.0 0.702987666610136
31850.0 0.7015325265875979
31950.0 0.7000774198345284
32100.0 0.6978947098007211
32300.0 0.694942665482588
32500.0 0.6919557769408902
32700.0 0.6889689105788381
32900.0 0.6859711096514026
33100.0 0.682918524998821
33300.0 0.6798659403462393
33500.0 0.67681328915472
33700.0 0.6737210472954334
33900.0 0.6706129913486853
34100.0 0.6675050241205206
34300.0 0.6643885620880112
34500.0 0.6612369674965417
34700.0 0.6580853063661348
34900.0 0.6549336895950195
35100.0 0.6517618671665729
35300.0 0.6485762711780795
35500.0 0.6453907639081692
35700.0 0.6422051900993216
35900.0 0.6389971261296244
36100.0 0.6357872212493253
36300.0 0.6325772498300887
36500.0 0.629364838649813
36700.0 0.6261405169997385
36900.0 0.6229161953496639
37100.0 0.6196918736995894
37300.0 0.6166789462537127
37500.0 0.6140673151394437
37700.0 0.6114556840251746
37900.0 0.6088439863719682
38100.0 0.6063295908249223
38300.0 0.603940598995276
38500.0 0.6015516515249213
38700.0 0.5991627262342123
38900.0 0.5967961136671863
39100.0 0.5944574918131703
39300.0 0.5921187812405712
39500.0 0.5897801593865553
39700.0 0.5874600131774976
39900.0 0.5851712289876126
40100.0 0.5828824226180819
40300.0 0.5805936384281969
40500.0 0.5783155448275915
40700.0 0.5760773967690866
40900.0 0.5738392930698735
41100.0 0.5716011228317228
41300.0 0.5693630191325096
41500.0 0.5671734444983247
41700.0 0.5649857994933252
41900.0 0.5627981323086797
42100.0 0.5606104651240343
42300.0 0.5584537385452913
42500.0 0.5563153767132777
42700.0 0.5541770592405555
42900.0 0.5520387195881875
43100.0 0.5499104716746622
43300.0 0.5478225241775705
43500.0 0.5457346210397703
43700.0 0.5436466735426786
43900.0 0.5415587260455869
44100.0 0.5395041367357907
44300.0 0.5374654058727473
44500.0 0.535426675009704
44700.0 0.5333879441466606
44900.0 0.5313522962543845
45100.0 0.5293630481811392
45300.0 0.5273737113893107
45500.0 0.5253844854957113
45700.0 0.5233951930631743
45900.0 0.5214232229340137
46100.0 0.5194834354709206
46300.0 0.5175435149299528
46500.0 0.5156037274668597
46700.0 0.5136638512851835
46900.0 0.5117499696483945
47100.0 0.509858334196351
47300.0 0.5079666765646618
47500.0 0.5060751076515558
47700.0 0.5041834500198665
47900.0 0.5023221563232887
48100.0 0.5004789833973362
48300.0 0.4986358991899669
48500.0 0.4967927262640144
48700.0 0.4949495755177077
48900.0 0.4931356353649303
49100.0 0.49134021521640286
49300.0 0.48954490596610445
49500.0 0.48774953017686856
49700.0 0.48595417656727846
49900.0 0.4841815792742876
50100.0 0.48243269202266575
50300.0 0.4806838713099813
50500.0 0.4789350062380052
50700.0 0.47718611898638336
50900.0 0.4754495857974766
51100.0 0.47374794119142616
51300.0 0.4720462522260841
51500.0 0.4703446297996795
51700.0 0.4686429186546916
51900.0 0.4669412296893496
52100.0 0.46528192602714696
52300.0 0.4636261711082737
52500.0 0.4619703718301088
52700.0 0.4603145947315897
52900.0 0.45865877327377896
53100.0 0.45702453261133963
53300.0 0.4554144012238938
53500.0 0.4538042254771564
53700.0 0.45219404973041893
53900.0 0.4505839183429731
54100.0 0.44897376477588147
54300.0 0.447404177780973
54500.0 0.4458387605594765
54700.0 0.4442733655176258
54900.0 0.4427079704757751
55100.0 0.4411425532542786
55300.0 0.4395871390530416
55500.0 0.43806599240457816
55700.0 0.4365448679357607
55900.0 0.43502378782623474
56100.0 0.4335026411777714
56300.0 0.43198151670895385
56500.0 0.43047897878332353
56700.0 0.4290016369353314
56900.0 0.4275242950873392
57100.0 0.42604695323934705
57300.0 0.42456958921170906
57500.0 0.42309218082477945
57700.0 0.42163639759251287
57900.0 0.42020184028128466
58100.0 0.41876737168863976
58300.0 0.41733281437741154
58500.0 0.415898301425475
58700.0 0.41446383283283006
58900.0 0.4130483721966428
59100.0 0.4116559118531586
59300.0 0.4102634293300285
59500.0 0.4088709689865443
59700.0 0.40747853082270596
59900.0 0.40608600394028427
60100.0 0.4047051435515578
60300.0 0.4033539595289226
60500.0 0.4020027533266416
60700.0 0.40065159148365226
60900.0 0.3993004074610171
61100.0 0.39794920125873606
61300.0 0.3965980394157468
61500.0 0.39528675657592055
61700.0 0.39397640528121824
61900.0 0.39266605398651594
62100.0 0.391355658332522
62300.0 0.3900453070378198
62500.0 0.3887349557431175
62700.0 0.3874462739623698
62900.0 0.3861759125690597
63100.0 0.3849055955350412
63300.0 0.38363527850102275
63500.0 0.38236498364665006
63700.0 0.38109464443298574
63900.0 0.37982428303967564
64200.0 0.377976607645624
64600.0 0.3755147113202062
65000.0 0.37305268191691343
65400.0 0.3706199296460874
65800.0 0.3682346639969369
66200.0 0.3658494427070779
66600.0 0.36346422141721896
67000.0 0.3611512835930489
67400.0 0.3588417392546875
67800.0 0.3565322170959718
68200.0 0.35425640799888475
68600.0 0.35202047790496066
69000.0 0.34978452563139084
69400.0 0.34754859553746686
69800.0 0.34537645410488715
70200.0 0.3432123417040901
70600.0 0.34104827366258467
71000.0 0.3389014392058721
71400.0 0.33680845692918193
71800.0 0.33471551901178337
72200.0 0.3326225145554473
72600.0 0.3305651749695709
73000.0 0.32854057254090735
73400.0 0.32651601447153544
73800.0 0.3244914564021634
74200.0 0.32251595970931923
74600.0 0.3205595375118701
75000.0 0.31860302659583767
75400.0 0.3166466265780344
75800.0 0.31474554259687665
76200.0 0.3128550604864152
76600.0 0.31096453401666224
77000.0 0.309074029726555
77400.0 0.30723999481467545
77800.0 0.30541367841953715
78200.0 0.3035873842040447
78600.0 0.30176104562926054
79000.0 0.29998709537787543
79400.0 0.2982234808414369
79800.0 0.2964598663049983
80200.0 0.29469627394820563
80600.0 0.29297610933790535
81000.0 0.2912740211389388
81400.0 0.28957193293997213
81800.0 0.28786986692065136
82200.0 0.2861967009798187
82600.0 0.2845537437165767
83000.0 0.2829107199143973
83400.0 0.28126776265115533
83800.0 0.27963556251613036
84200.0 0.27805098208065554
84600.0 0.27646633510624335
85000.0 0.2748817324911228
85400.0 0.27329708551671056
85800.0 0.2717573079657683
86200.0 0.27022937434568767
86600.0 0.2687014629052528
87000.0 0.2671735514648179
87400.0 0.26566223039944764
87800.0 0.26418921358238806
88200.0 0.2627161967653285
88600.0 0.26124315776862306
89000.0 0.2597701631312093
89400.0 0.2583355836403353
89800.0 0.2569159310510903
90200.0 0.2554962784618452
90600.0 0.25407662587260016
91000.0 0.25265923560722753
91400.0 0.25129206005996463
91800.0 0.2499249288719934
92200.0 0.24855775332473054
92600.0 0.24719062213675924
93000.0 0.24583688745485616
93400.0 0.24452003752393206
93800.0 0.24320316541336218
94200.0 0.2418862933027923
94600.0 0.2405694211922224
95000.0 0.23929894890068323
95400.0 0.23810073789518718
95800.0 0.23690248253039953
96200.0 0.23570422716561185
96600.0 0.23450599398046998
97000.0 0.23345889290186517
97400.0 0.23262733362122434
97800.0 0.23179572998129191
98200.0 0.23096412634135952
98600.0 0.23013256706071872
99000.0 0.22931318440562662
99400.0 0.2285186873131313
99800.0 0.2277242124002818
100200.0 0.22692969312814068
100400.00000000009 0.22653245567171576
100748.43066198383 0.2258403849425359
101098.07052641988 0.2251594935669632
101448.92378975474 0.22449347176798445
101800.9946629978 0.22382516101122743
102154.28737177301 0.22315451781642626
102508.80615636887 0.22248157139548214
102864.55527178946 0.22180626946651483
103221.53898780573 0.22114200743723508
103579.76158900595 0.2204924787269919
103939.22737484834 0.21984067398918153
104299.94065971187 0.21918662021573287
104661.9057729482 0.2185302879440553
105025.12705893395 0.21787169460403172
105389.60887712192 0.21722370415477493
105755.35560209466 0.21658972869757478
106122.37162361621 0.21595355549446507
106490.66134668495 0.21531516225670533
106860.22919158668 0.21467458460078706
107231.07959394684 0.21403175930220333
107603.217004785 0.21339954995315796
107976.64589056744 0.21278113851259833
108351.370733261 0.2121605807676189
108727.39603038708 0.21153786926963092
109104.72629507471 0.21091299654419704
109483.36605611602 0.21028595509093928
109863.31985801981 0.20966922944633892
110244.59226106624 0.2090658147498711
110627.1878413618 0.20846029404161484
111011.11119089334 0.2078526494119567
111396.36691758451 0.20724293349962578
111782.95964535022 0.20663107333583267
112170.89401415233 0.20602949935150397
112560.17468005554 0.20544099859863726
112950.80631528242 0.2048504667667534
113342.79360827077 0.20425788514170123
113736.1412637291 0.203663250221401
114130.85400269323 0.20306652328881805
114526.93656258319 0.20247964592175346
114924.39369725919 0.20190522523734397
115323.23017708007 0.20132877754943287
115723.45078895958 0.20075036842712551
116125.06033642414 0.20016992979974021
116528.06363967061 0.19958747688065026
116932.46553562334 0.1990145405782045
117338.27087799355 0.19845355547809126
117745.48453733666 0.1978906136639159
118154.11140111096 0.19732572664327055
118564.15637373661 0.19675889337731503
118975.62437665339 0.1961900697798263
119388.52034838134 0.19563086028066262
119802.84924457902 0.19508354327820943
120218.61603810318 0.19453430715155537
120635.82571906883 0.19398317288817762
121054.48329490799 0.19343014429895458
121474.59379043133 0.19287517451680655
121896.16224788758 0.19232947941602455
122319.19372702412 0.1917951626011305
122743.69330514787 0.19125901389041097
123169.6660771864 0.19072098921810093
123597.11715574806 0.19018110694226753
124026.0516711849 0.1896393451134161
124456.47477165324 0.18910681427650866
124888.39162317566 0.18858560156300316
125321.80740970328 0.1880625972857745
125756.72733317701 0.18753776531827593
126193.15661359143 0.18701108485062787
126631.1004890565 0.18648260565558405
127070.56421586059 0.18596271214602375
127511.55306853396 0.18545324978553385
127954.0723399109 0.18494201274578956
128398.12734119488 0.1844290010039605
128843.72340202122 0.1839141874689193
129290.86587052139 0.18339760907501212
129739.56011338736 0.1828899323297418
130189.81151593504 0.1823929661385543
130641.62548217046 0.1818942838373376
131095.00743485359 0.18139386955838388
131549.96281556363 0.18089170951876687
132006.49708476473 0.18038780548334934
132464.61572187033 0.17989233449519934
132924.3242253105 0.17940696669065528
133385.628112597 0.17891990341389138
133848.53292038973 0.17843114358820983
134313.04420456337 0.17794073237702396
134779.167540273 0.17744855848796975
135246.90852202274 0.17696482260855642
135716.27276373174 0.17649092569655503
136187.2658988018 0.17601542136615672
136659.8935801853 0.17553823930336673
137134.16148045196 0.1750594114609543
137610.07529185852 0.17457892590155394
138087.64072641605 0.17410652105775062
138566.86351595866 0.1736436284676796
139047.7494122127 0.17317911785463308
139530.30418686455 0.17271301168922767
140014.53363163173 0.17224526759455916
140500.44355833106 0.17177589365979345
140988.03979894897 0.1713147587752033
141477.32820571162 0.1708630440389424
141968.3146511539 0.1704097618145498
142461.00502819192 0.16995489313147627
142955.40525019236 0.16949845094344496
143451.52125104374 0.16904043353997747
143949.35898522806 0.16859012786721653
144448.924427891 0.1681486823660495
144950.2235749154 0.1677057158470555
145453.2624429921 0.1672611898663693
145958.04706969234 0.16681514344826073
146464.58351354074 0.16636754120429564
146972.87785408652 0.16592775686831024
147482.9361919785 0.16549680141143358
147994.76464903704 0.165064371143545
148508.36936832778 0.1646304218540322
149023.7565142358 0.164194971999147
149540.9322725382 0.16375801364668507
150059.90285048028 0.1633285372246039
150580.6744768489 0.16290744925208114
151103.25340204738 0.16248492195106515
151627.64589817091 0.16206088371056407
152153.85825908065 0.16163540792543035
152681.89680048096 0.1612084496364053
153211.76785999417 0.16078898619597135
153743.47779723676 0.16037789958212265
154277.0329938962 0.15996536916042664
154812.43985380605 0.15955141905684136
155349.70480302497 0.1591360263808578
155888.8342899124 0.15871921412576476
156429.8347852063 0.1583095222417727
156972.71278210124 0.15790777322411723
157517.47479632485 0.15750460801793206
158064.1273662182 0.15710006614470537
158612.67705281274 0.1566940955788278
159163.1304399096 0.15628674424332722
159715.49413415877 0.15588645273332954
160269.77476513712 0.15549395771663618
160825.97898542997 0.1551000782418644
161384.11347070962 0.15470485041704493
161944.18491981577 0.15430823570952187
162506.2000548363 0.15391024096765688
163070.1656211866 0.15351918511974685
163636.0883876925 0.15313566356195857
164203.97514667013 0.15275081079048036
164773.83271400793 0.15236461638162366
165345.66792924836 0.15197709311091245
165919.48765567035 0.15158821459262078
166495.29878037024 0.15120626129140008
167073.10821434658 0.15083175081360478
167652.9228925817 0.15045592882955514
168234.74977412526 0.15007883090232002
168818.59584217807 0.1497004021823677
169404.46810417465 0.14932066030790095
169992.37359186928 0.1489475513925839
170582.3193614191 0.14858146681099693
171174.31249346913 0.14821414079128006
171768.3600932375 0.147845510753661
172364.46929059955 0.14747561779867593
172962.64724017525 0.14710441882437067
173562.90112141386 0.14673985213615254
174165.23813868032 0.1463822372428858
174769.6655213422 0.14602338119700858
175376.19052385495 0.14566327969119444
175984.8204258511 0.1453019284031679
176595.5625322263 0.1449393229956537
177208.42417322725 0.1445830117141384
177823.4127045401 0.14423328146618547
178440.53550737724 0.14388234928157936
179059.79998856818 0.1435302132632983
179681.21358064678 0.1431768372430479
180304.7837419411 0.14282224266702404
180930.51795666298 0.14247411987779407
181558.42373499667 0.14213271601012686
182188.508613191 0.1417901207646227
182820.7801536484 0.14144633679895938
183455.24594501613 0.14110138216741863
184091.9136022776 0.1407552065774935
184730.79076684228 0.14041510202669702
185371.88510663982 0.1400812341450256
186015.20431621035 0.13974620759993753
186660.7561167974 0.13941004055002434
187308.54825644082 0.13907268649695803
187958.58851006837 0.13873416706837513
188610.8846795912 0.13840170893496187
189265.44459399607 0.13807543268861375
189922.27610943964 0.1377480262397199
190581.38710934314 0.1374194610637896
191242.78550448545 0.1370897775758125
191906.4792331004 0.13675894963815177
192572.47626097052 0.1364340935383746
193240.7845815229 0.13611528249469865
193911.41221592567 0.1357953588384053
194584.36721318262 0.13547432483410998
195259.65765023217 0.13515217662843315
195937.29163204285 0.13482893253426836
196617.27729171072 0.1345113878321639
197299.62279055765 0.13419956098671382
197984.33631822755 0.13388664835518618
198671.42609278703 0.1335726500147826
199360.90036082253 0.13325756219763205
200052.7673975396 0.1329413811227872
200747.03550686277 0.13263101997603283
201443.7130215334 0.13232640301968043
202142.80830321225 0.1320207224044519
202844.3297425782 0.13171400002081568
203548.28575942936 0.13140620132527633
204254.6848027845 0.1310973248020901
204963.53535098286 0.130794024578566
205674.84591178835 0.130496223022704
206388.62502249 0.1301973767358742
207104.88125000495 0.12989750975269404
207823.62319098154 0.12959657969309832
208544.8594719008 0.12929460512437915
209268.59874918268 0.12899809358907563
209994.84970928813 0.128706845931857
210723.62106882382 0.1284146027892728
211454.9215746472 0.12812134543880363
212188.76000396966 0.12782707036071755
212925.1451644646 0.1275317684459587
213664.08589437135 0.12724194326385965
214405.5910626017 0.12695736332000776
215149.66956884676 0.12667182134323682
215896.33034368197 0.1263852891970188
216645.5823486771 0.12609775013102106
217397.43457650184 0.12580921472197198
218151.8960510343 0.12552585102699818
218908.9758274697 0.12524741945435935
219668.68299242735 0.12496801043770321
220431.02666406232 0.12468763817280018
221196.01599217302 0.12440629994408184
221963.66015831166 0.12412396324949054
222733.96837589474 0.12382878393490654
223506.94989031187 0.12352129511654877
224282.61397903945 0.1232127616688701
225060.96995175022 0.1229031355302985
225842.02715042542 0.12259244448682394
226625.79494946744 0.12228067902565075
227412.28275581042 0.12191221941632746
228201.50000903595 0.12149027082241581
228993.45618148448 0.12106685964687579
229788.16077836952 0.12064197645470338
230585.62333789226 0.12021562050163638
231385.85343135396 0.11978778522013643
232188.8606632739 0.1193649710737785
232994.65467150253 0.11894682387516867
233803.24512733784 0.11852720797204028
234614.64173564175 0.11810613447978957
235428.8542349548 0.11768359312988567
236245.89239761574 0.11725959804974982
237065.76602987712 0.11684083859367285
237888.48497202326 0.11642682239494762
238714.05909848903 0.11601139148676175
239542.4983179762 0.11559450594918477
240373.81257357553 0.11517617685965738
241208.01184288395 0.11475638489252839
242045.10613812497 0.11434187777740004
242885.10550626923 0.11393208694976327
243728.0200291531 0.11352089584558107
244573.85982360275 0.11310825516903421
245422.63504155353 0.11269418214610917
246274.3558701723 0.11227867180595545
247129.0325319802 0.11186852259208604
247986.67528497343 0.11146311836854184
248847.29442274923 0.11105628465372297
249710.90027462755 0.11064805849797503
250577.5032057754 0.110238420767658
251447.1136173319 0.10982735157756382
252319.741946531 0.10942160861309581
253195.39866682977 0.10902058831367963
254074.09428803218 0.10861816040838175
254955.83935641564 0.10821433480617881
255840.64445485763 0.10780910768056981
256728.52020296326 0.10740247416767272
257619.47725719062 0.10700127536101854
258513.52631098175 0.10660483979166231
259410.67809488898 0.10620702424139368
260310.94337670426 0.10580782582886918
261214.33296158884 0.10540724704499894
262120.8576922009 0.1050052711746926
263030.5284488288 0.1046086864288512
263943.3561495196 0.10421680203948254
264859.35175021074 0.10382354195182664
265778.5262448618 0.1034289342704868
266700.8906655845 0.10303294418741381
267626.45608277834 0.10263558070810364
268555.23360526125 0.10224375402310103
269487.23438040353 0.10185665428715261
270422.46959426196 0.10146821815219904
271360.9504717122 0.10107843499451316
272302.6882765867 0.1006872889872861
273247.69431180746 0.10029477661518521
274195.97991952254 0.0999078109545762
275147.55648124265 0.09952548870894308
276102.4354179754 0.09914186054270928
277060.6281903659 0.09875689182936263
278022.1462988321 0.09837058196487854
278987.001283703 0.09798294158989293
279955.20472535834 0.0976008297316057
280926.7682443648 0.09722336886947655
281901.7035016192 0.09684458823476386
282880.0221984859 0.09646451426205213
283861.73607693805 0.09608311285560209
284846.856919699 0.09570038233972734
285835.39655038144 0.09532324016585936
286827.3668336328 0.09495076826105203
287822.7796752752 0.09457698934192083
288821.64702244906 0.09420191325111402
289823.9808637571 0.09382553548689451
290829.79322940577 0.09344785153190287
291839.0961913531 0.09307576104035617
292851.90186345164 0.0927082775611385
293868.22240159387 0.09233951868112401
294888.0700038592 0.09196947997412978
295911.45691065746 0.0915981569986128
296938.39540488017 0.09122554529761534
297968.8978120446 0.09085855809265135
299002.9765004432 0.0904961924890076
300040.643881292 0.09013256300308821
301081.9124088775 0.08976767568736267
302126.7945807098 0.08940150884693861
303175.3029376698 0.08903408795391145
304227.45006416074 0.08867228070523879
305283.2485882598 0.08831503847380041
306342.71118186694 0.08795656218461187
307405.8505608609 0.08759684274314575
308472.6794852493 0.08723587193773102
309543.21075932245 0.08687364932751077
310617.4572318076 0.0865170283732613
311695.4317960206 0.08616491395721806
312777.1473900245 0.08581157732361223
313862.6169967824 0.08545701423082953
314951.8536443137 0.0851012204225355
316044.87040585116 0.0847441916276241
317141.68039999536 0.08439285855448238
318242.2967908759 0.084046050161451
319346.7327883069 0.08369802953506462
320455.0016479461 0.0
321567.116671454 0.0
322683.09120665427 0.0
323802.93864769104 0.0
324926.672435194 0.0
326054.30605643673 0.0
327185.8530454994 0.0
328321.326983432 0.0
329460.74149841425 0.0
330604.11026592366 0.0
331751.4470088968 0.0
332902.76549789455 0.0
334058.07955126825 0.0
335217.40303532267 0.0
336380.74986448674 0.0
337548.13400147745 0.0
338719.56945746863 0.0
339895.07029225933 0.0
341074.65061444003 0.0
342258.32458156615 0.0
343446.10640032514 0.0
344638.0103267076 0.0
345834.0506661794 0.0
347034.2417738501 0.0
348238.5980546498 0.0
349447.1339634991 0.0
350659.8640054834 0.0
351876.8027360276 0.0
353097.96476106776 0.0
354323.3647372312 0.0
355553.01737200917 0.0
356786.93742393394 0.0
358025.13970275706 0.0
359267.6390696242 0.0
360514.4504372573 0.0
361765.5887701314 0.0
363021.06908465445 0.0
364280.90644934855 0.0
365545.1159850277 0.0
366813.7128649837 0.0
368086.7123151656 0.0
369364.1296143627 0.0
370645.98009438923 0.0
371932.2791402647 0.0
373223.04219040385 0.0
374518.28473679814 0.0
375818.0223252031 0.0
377122.2705553253 0.0
378431.04508100665 0.0
379744.36161041673 0.0
381062.23590623855 0.0
382384.6837858583 0.0
383711.7211215558 0.0
385043.36384069227 0.0
386379.62792590604 0.0
387720.529415301 0.0
389066.08440264023 0.0
390416.3090375398 0.0
391771.21952565934 0.0
393130.8321289014 0.0
394495.16316560353 0.0
395864.22901073477 0.0
397238.0460960931 0.0
398616.63091049937 0.0
400000.0000000001 0.0
