91.0 0.0
94.0 0.0
96.0 0.0
98.0 0.0
100.0 0.0
102.0 0.0
104.0 0.0
106.0 0.0
108.0 0.0
110.0 0.0
114.0 0.0
118.0 0.0
121.0 0.0
125.0 0.0
127.0 0.0
128.0 0.0
131.0 0.0
132.0 0.0
134.0 0.0
137.0 0.0
140.0 0.0
143.0 0.0
147.0 0.0
151.0 0.0
155.0 0.0
159.0 0.0
162.0 0.0
166.0 0.0
170.0 0.0
173.0 0.0
177.0 0.0
180.0 0.0
182.0 0.0
186.0 0.0
191.0 0.0
194.0 0.0
198.0 0.0
202.0 4.5953880122690145e-09
205.0 5.750977721673807e-09
210.0 7.682977544604804e-09
216.0 7.70102501849899e-09
220.0 7.713080213781188e-09
223.0 1.1197094289655522e-08
227.0 1.5855155575940154e-08
230.0 1.935825207051382e-08
234.0 2.7143977707346773e-08
240.0 3.8868199249995106e-08
246.0 7.168548268209827e-08
252.0 4.490867085652885e-07
257.0 1.3401150333808231e-06
260.0 1.8764046560906303e-06
264.0 5.008701409027987e-06
269.0 8.93785911587422e-06
274.0 1.1716480115647117e-05
279.0 1.421389837005635e-05
284.0 1.3674673844002174e-05
290.0 1.2108687059031923e-05
296.0 1.0377941930119395e-05
301.0 1.1461086408736116e-05
308.0 2.720089042400947e-05
318.0 5.776379031537331e-05
328.0 8.692201233326064e-05
338.0 0.00010979670489331312
348.0 0.00011768796585463084
357.0 0.00011457240498599717
366.0 0.00010589832700199653
375.0 9.667077915690212e-05
385.0 9.871759999317344e-05
395.0 0.00011986228988895044
405.0 0.00014297461353689737
414.0 0.00015956480629494393
422.0 0.00017671296102650676
430.0 0.00019733554935303385
441.0 0.00023255713181342383
451.0 0.0002635754878917713
460.0 0.0002898953755174625
470.0 0.00032249623215253805
480.0 0.0003606249183053958
490.0 0.00040376203061719433
500.0 0.0004639694775970468
506.0 0.0005595298425729037
512.0 0.0006478467971102425
520.0 0.0007456732340242663
530.0 0.0008084040801870214
540.0 0.0008561474301286711
550.0 0.0010358145957734377
560.0 0.001193213214715136
570.0 0.0013436792355857267
580.0 0.0014297698169129678
590.0 0.0016379965289088207
600.0 0.0018061765408170804
610.0 0.0020452828693235917
620.0 0.002262790220038343
630.0 0.0024820294567031655
640.0 0.002659411670886809
650.0 0.0029901893901033917
658.0 0.00325376969536695
665.0 0.003471200199408334
675.0 0.0037522665081270805
685.0 0.004088489081744571
695.0 0.00450207824686412
705.0 0.004928843097525875
716.0 0.005507262471656237
726.0 0.006092570504666342
735.0 0.006727951432112558
745.0 0.007670247431736408
755.0 0.008803536418792286
765.0 0.010098385261587054
775.0 0.011864215830217543
785.0 0.01419022184808428
795.0 0.016940169292033385
805.0 0.020214112352174855
815.0 0.02350550066442023
825.0 0.026507494309459752
835.0 0.02979901202621967
845.0 0.03379519226801172
855.0 0.03818397414981183
865.0 0.04285996326575151
875.0 0.04813686377626144
885.0 0.05400699294107588
895.0 0.061797811252293694
905.0 0.07253085318632435
915.0 0.09834234108563417
925.0 0.1692527834181548
935.0 0.29154718365191395
945.0 0.4323672728492182
955.0 0.5575534404332846
965.0 0.5549077010617873
975.0 0.48950522151077835
985.0 0.5645610989653106
995.0 0.6954333986951182
1005.0 0.7884649641918184
1015.0 0.775503227351076
1025.0 0.6977938292082895
1035.0 0.7918645140160038
1045.0 0.9795086549306635
1055.0 1.027584948035478
1065.0 1.0009013077826052
1075.0 1.0020616354573824
1085.0 1.017852742374982
1095.0 1.060238207197592
1105.0 1.081099274505135
1115.0 1.0632657376590187
1125.0 1.073827258930198
1135.0 1.11805505292534
1145.0 1.1419026037238247
1155.0 1.1571575417647548
1165.0 1.1233006552787548
1175.0 1.0658313459834479
1185.0 1.0521140426757354
1195.0 0.9641297062780708
1205.0 0.8023785067849991
1208.72 0.7416500398391151
1208.8 0.7403418248019278
1208.87 0.7391970602378598
1208.94 0.7380522243871592
1209.02 0.7367437533000231
1209.09 0.7355987647762027
1209.16 0.734453705044068
1209.23 0.7333085741285232
1209.31 0.7319997659507441
1209.38 0.7308544825830907
1209.45 0.7297091281101996
1209.53 0.7284000645339878
1209.6 0.727254557776387
1209.67 0.7261089799916038
1209.75 0.7247996612973462
1209.82 0.723653931395015
1209.89 0.7225081305434533
1209.96 0.7213622587674482
1210.04 0.7206648880143162
1210.11 0.7205904087151076
1210.18 0.7205159192792171
1210.26 0.7204307760875862
1210.33 0.7203562649420635
1210.4 0.7202817436708948
1210.47 0.7202072122775897
1210.55 0.7201220211524294
1210.62 0.7200474680806388
1210.69 0.7199729048977287
1210.77 0.7198876774550772
1210.84 0.719813092617276
1210.91 0.719738497679359
1210.99 0.719653233958739
1211.06 0.7195786173894952
1211.13 0.7195039907311255
1211.2 0.7194293539871238
1211.28 0.7193440425058478
1211.35 0.7192693841615351
1211.42 0.7191947157425614
1211.5 0.7191093680747461
1211.57 0.7190346780789564
1211.64 0.7189599780194627
1211.72 0.7188745942044649
1211.79 0.7187998725916206
1211.86 0.7187251409260158
1211.93 0.7186503992111292
1212.01 0.7185649678076207
1212.08 0.7184902045702689
1212.15 0.7184154312945608
1212.23 0.7183299638349132
1212.3 0.7182551690601355
1212.37 0.7181803642579125
1212.44 0.7181055494317126
1212.52 0.7180200345033901
1212.59 0.7179451982089153
1212.66 0.7178703519013567
1212.74 0.7177848010076708
1212.81 0.7177099332551641
1212.88 0.7176350555004525
1212.96 0.7175494686804786
1213.03 0.7174745695041159
1213.1 0.717399660336414
1213.17 0.7173247411808267
1213.25 0.7172391070630922
1213.32 0.7171641665165183
1213.39 0.7170892159929058
1213.47 0.7170035460392764
1213.54 0.7169285741479062
1213.61 0.7168535922903307
1213.69 0.7167678865397168
1213.76 0.7166928833375825
1213.83 0.7166178701800623
1213.9 0.7165428470705953
1213.98 0.7164570941924152
1214.05 0.7163820497689252
1214.12 0.7163069954042897
1214.2 0.7162212068191373
1214.27 0.7161461311636089
1214.34 0.7160710455777229
1214.41 0.7159959500649082
1214.49 0.715910114470667
1214.56 0.7158349976974053
1214.63 0.7157598710079843
1214.71 0.715673999796517
1214.78 0.715598851869711
1214.85 0.7155236940375019
1214.93 0.7154377872474408
1215.0 0.7153626082008797
1215.07 0.7152874192596571
1215.14 0.715212220427188
1215.22 0.7151262667970154
1215.29 0.7150510467805116
1215.36 0.7149758168834854
1215.44 0.7148898277640865
1215.51 0.7148145767059908
1215.58 0.714739315778082
1215.66 0.7146532912079273
1215.73 0.7145780091418853
1215.8 0.7145027172167274
1215.87 0.7144274154358549
1215.95 0.7143413441938523
1216.02 0.7142660213050348
1216.09 0.714190688571181
1216.17 0.7141045819674132
1216.24 0.714029228148483
1216.31 0.7139538644951815
1216.38 0.7138784910108988
1216.46 0.7137923378524168
1216.53 0.7137169433131582
1216.6 0.7136415389535662
1216.68 0.713555350522047
1216.75 0.7134799251302792
1216.82 0.7134044899288113
1216.9 0.7133182662624494
1216.97 0.7132428100515782
1217.04 0.7131673440416264
1217.11 0.7130918682359718
1217.19 0.7130055981819555
1217.26 0.7129301013968696
1217.33 0.7128545948266827
1217.41 0.712768289626178
1217.48 0.7126927620992647
1217.55 0.7126172247978384
1217.63 0.712530884488878
1217.7 0.7124553262534016
1217.77 0.7123797582539871
1217.84 0.7123041804939975
1217.92 0.712217793963738
1217.99 0.7121421952995439
1218.06 0.7120665868853326
1218.14 0.7119801653345983
1218.21 0.7119045360387914
1218.28 0.7118288970035102
1218.35 0.7117532482321074
1218.43 0.7116667805758774
1218.5 0.7115911109526376
1218.57 0.7115154316038022
1218.65 0.7114289290148195
1218.72 0.7113532288366887
1218.79 0.7112775189434758
1218.87 0.7111909814595003
1218.94 0.7111152507595053
1219.01 0.7110395103549275
1219.08 0.7109637602491042
1219.16 0.7108771768247963
1219.23 0.7108014059418245
1219.3 0.7107256253680888
1219.38 0.710639007136139
1219.45 0.7105632058077013
1219.52 0.710487394798969
1219.6 0.7104007417969788
1219.67 0.7103249100559621
1219.74 0.7102490686451058
1219.81 0.7101732175677338
1219.89 0.7100865187898772
1219.96 0.7100106470097285
1220.03 0.7107844096295636
1220.11 0.712963490882595
1220.18 0.7148702926208409
1220.25 0.716777192922592
1220.32 0.71868419175395
1220.4 0.7208637395948199
1220.47 0.7227709494469534
1220.54 0.7246782577222377
1220.62 0.7268581590830118
1220.69 0.7287656781511238
1220.76 0.7306732955360792
1220.84 0.7328535500349475
1220.91 0.734761377985108
1220.98 0.7366693041459654
1221.05 0.7385773284837843
1221.13 0.7407580479004369
1221.2 0.7426662825039121
1221.27 0.7445746151784053
1221.35 0.7467556868501585
1221.42 0.748664229563458
1221.49 0.7505728702419799
1221.57 0.7527542937888625
1221.64 0.754663144279664
1221.71 0.7565720926300523
1221.78 0.7584811388064548
1221.86 0.7606630256091026
1221.93 0.7625722812996845
1222.0 0.7644816347108411
1222.08 0.7666638725098829
1222.15 0.7685734352094549
1222.22 0.7704830955243223
1222.29 0.7723928534210246
1222.37 0.7745755533194507
1222.44 0.7764855202074721
1222.51 0.7783955845722443
1222.59 0.7805786345912884
1222.66 0.7824889077223766
1222.73 0.7843992782252901
1222.81 0.786582677988078
1222.88 0.7884932570326306
1222.95 0.7904039333442362
1223.02 0.7923147068895965
1223.1 0.7944985671033308
1223.17 0.7964095488946654
1223.24 0.7983206278151761
1225.0 0.8464024353384039
1235.0 1.0795010539170282
1245.0 1.1858030935062154
1255.0 1.1877436590189083
1265.0 1.197138789854489
1275.0 1.245582923769921
1285.0 1.2381142077735439
1295.0 1.1613384427177604
1305.0 1.1581878822409661
1315.0 1.218045675065781
1325.0 1.218244580121273
1335.0 1.1922345230807785
1345.0 1.2152580644653521
1355.0 1.2537582071957292
1365.0 1.2502130144566341
1375.0 1.2122307830504935
1385.0 1.097120026989685
1395.0 0.9940341946116458
1405.0 1.0780403131752543
1415.0 1.2021425347341155
1425.0 1.228862439722043
1435.0 1.226219639208182
1442.0 1.2297299304258091
1447.0 1.2321233884803118
1455.0 1.2398136206527521
1465.0 1.2575359512000712
1475.0 1.2709506364447427
1485.0 1.2784200166254363
1495.0 1.2459591911339998
1505.0 1.1937652045155205
1512.0 1.1753824607849044
1517.0 1.1647868850377199
1525.0 1.0945094687344366
1535.0 1.0192729587729898
1545.0 0.9748915159681517
1555.0 1.0726318587366999
1565.0 1.2118086654079645
1575.0 1.2358688393264061
1585.0 1.2393801374767413
1595.0 1.1931637310415872
1605.0 1.1198202593530673
1615.0 1.1119086350881766
1625.0 1.1523539704013508
1635.0 1.1903922347955833
1645.0 1.2248777030191813
1655.0 1.2139432130190253
1665.0 1.173729984384084
1672.0 1.1624275447520946
1677.0 1.1948385508971993
1685.0 1.2166409128526559
1695.0 1.1967654368748386
1705.0 1.143501222226116
1715.0 1.1006085989646475
1725.0 1.1304671980408698
1735.0 1.1759201082003545
1745.0 1.1582073480902801
1755.0 1.1614267609145446
1765.0 1.1784944193390858
1775.0 1.1679250097150673
1785.0 1.1846459931766342
1795.0 1.2062338353958686
1805.0 1.1835782530480987
1815.0 1.1880034803211275
1825.0 1.2010357471979811
1835.0 1.162709795290355
1845.0 1.0768713917373267
1855.0 0.997658787625225
1865.0 1.0350278652266356
1875.0 1.0923915994245612
1885.0 1.085772792184384
1895.0 1.0857439642067466
1905.0 1.1084644321990915
1915.0 1.0770660195199768
1925.0 1.0091364722200526
1935.0 1.0023949498941724
1945.0 1.0188200792092104
1955.0 1.011100172148654
1967.0 1.0278827988588461
1976.0 1.040369468287392
1984.0 1.0267244680165977
1995.0 1.0017590655002455
2005.0 1.0071713722542959
2015.0 1.0007133427833905
2025.0 0.982789459299442
2035.0 0.9639399265980375
2045.0 0.9445563909371129
2055.0 0.9211911209055816
2065.0 0.906936305058869
2074.0 0.9294303540651514
2078.0 0.9475281580167547
2085.0 0.9486843694284204
2095.0 0.9147115480424031
2105.0 0.892563812773893
2115.0 0.9108066210744581
2125.0 0.9186652205291371
2135.0 0.8935856334567119
2145.0 0.8633734808703932
2155.0 0.846336848254738
2165.0 0.8365227884123267
2175.0 0.8240993254110162
2185.0 0.8047219706217671
2195.0 0.800173004536929
2205.0 0.8077233769676219
2215.0 0.8185962390063267
2225.0 0.83729141923855
2235.0 0.8245407262259677
2245.0 0.792204999372393
2255.0 0.7734099498842468
2265.0 0.7816091444159983
2275.0 0.8101969569853943
2285.0 0.8184509911287849
2295.0 0.8151531405815081
2305.0 0.8140371906401576
2315.0 0.8430582560602078
2325.0 0.8718749722729721
2335.0 0.8155228977727887
2345.0 0.752514665572743
2355.0 0.7835506124195061
2365.0 0.8040089560644224
2375.0 0.7505429772356319
2385.0 0.7686693258610985
2395.0 0.8443576181854942
2405.0 0.8678658656417447
2415.0 0.8662709272866288
2425.0 0.8444717943142304
2435.0 0.8222692124753245
2445.0 0.8315650559273566
2455.0 0.8370398204300995
2465.0 0.8184244363361125
2475.0 0.8197683968140349
2485.0 0.8385552190121888
2495.0 0.8326650030751117
2505.0 0.8143736378043108
2513.0 0.8068449236798366
2518.0 0.8074899469315664
2525.0 0.7880121733406248
2535.0 0.774560984582247
2545.0 0.7872755522327153
2555.0 0.7764143531954906
2565.0 0.7531356038302063
2575.0 0.7443800104610355
2585.0 0.7200796897608126
2595.0 0.6916547967764255
2605.0 0.7288746212335894
2615.0 0.8025649608765169
2625.0 0.8221813843271772
2635.0 0.7994210902198269
2645.0 0.7643501393799711
2655.0 0.7372740598627401
2665.0 0.7397192815169039
2675.0 0.7510685685428025
2685.0 0.7593002151320725
2695.0 0.7547418925178866
2705.0 0.7347374063827085
2715.0 0.7344841466919277
2725.0 0.7482446331586171
2735.0 0.7455131254148001
2745.0 0.7539685057580156
2755.0 0.7642884599614821
2765.0 0.7603278466688101
2775.0 0.7693606510828052
2785.0 0.7811435337687024
2795.0 0.7849566107802194
2805.0 0.7920692989819129
2815.0 0.7918975762280281
2825.0 0.7876025575491065
2835.0 0.7883618652955852
2845.0 0.7821694410490437
2855.0 0.7707367843240749
2865.0 0.7744555319932109
2875.0 0.7844471345371764
2885.0 0.776222107367451
2895.0 0.7759699583442736
2910.0 0.8015567862980522
2930.0 0.8019204156280392
2950.0 0.8064853355504552
2970.0 0.7760074992311646
2990.0 0.7784998987263879
3010.0 0.7354396158981186
3030.0 0.7687913230946661
3050.0 0.7411894973090757
3070.0 0.7605622292417783
3090.0 0.7312724605519305
3110.0 0.7419447186630176
3130.0 0.7419386199697067
3150.0 0.7278852698249161
3170.0 0.7619913890421057
3190.0 0.8269856562450737
3210.0 0.741372511963195
3230.0 0.6552113120065682
3250.0 0.7174146198226689
3270.0 0.718002501258432
3290.0 0.7942020026619543
3310.0 0.7568857063305399
3330.0 0.7863450257128956
3350.0 0.7624164329234635
3370.0 0.7517975851374755
3390.0 0.7276217643435126
3410.0 0.7433991464404917
3430.0 0.7696554403321296
3450.0 0.7563785741093636
3470.0 0.7492696487138691
3490.0 0.7711235280931024
3510.0 0.7480335629463358
3530.0 0.7707603385538456
3550.0 0.7707663398209341
3570.0 0.7604094464358213
3590.0 0.7607511096948968
3610.0 0.7597682813571363
3630.0 0.7703770011970705
3640.0 0.7713658500743917
3650.0 0.7738556898466739
3670.0 0.7273776115195055
3690.0 0.7092210621766498
3704.66 0.7747932701162178
3704.88 0.7783427153094659
3705.11 0.7820535981661507
3705.33 0.7856032332126139
3705.55 0.7891529610646882
3705.78 0.7928641394036773
3706.0 0.7964140570618116
3706.22 0.7999640675024983
3706.45 0.8036755412503995
3706.67 0.8072257414500157
3706.89 0.8107760344091308
3707.12 0.8144878034925676
3707.34 0.8180382861634774
3707.56 0.8215888615708447
3707.79 0.8253009259164568
3708.01 0.8288516909884943
3708.24 0.8325639536033402
3708.46 0.8361149083083952
3708.68 0.8396659557114026
3708.91 0.8433785134658336
3709.13 0.846929750454758
3709.35 0.8504810801186066
3709.58 0.8541939329392976
3709.8 0.857745452141966
3710.0 0.8609741863631823
3710.02 0.8625090153607076
3710.25 0.8801598124609575
3710.47 0.8970436374738198
3710.7 0.9146953835425055
3710.92 0.9315801161887425
3711.14 0.9484652925117757
3711.37 0.96611845119616
3711.59 0.983004534927484
3711.81 0.999891062225575
3712.04 1.0175456331753376
3712.26 1.034433067656684
3712.48 1.0513209455947918
3712.71 1.0689769284596886
3712.93 1.08586571335603
3713.16 1.1035226443255561
3713.38 1.1204123360290825
3713.6 1.1373024710055337
3713.83 1.1549608133048794
3714.05 1.1718518548636099
3714.27 1.1887433395853237
3714.5 1.2064030928644458
3714.72 1.2232954839435468
3714.94 1.2401883180757827
3715.17 1.2578494819847144
3715.39 1.2747432222494939
3715.62 1.2924053333999337
3715.84 1.3092999796463638
3716.06 1.3261950687621682
3716.29 1.3438585899575677
3716.51 1.3607545848302949
3716.73 1.3776510224625416
3716.96 1.3953159533531352
3717.18 1.4122132965175918
3717.4 1.4291110823318065
3717.63 1.4467774225679058
3717.85 1.463676113689665
3718.08 1.4813434003048358
3718.3 1.4982429965833668
3718.52 1.5151430353280415
3718.75 1.532811730704332
3718.97 1.5497126743811944
3719.19 1.566614060414502
3719.42 1.5842841642024252
3719.64 1.601186454943386
3719.86 1.6180891879310488
3720.09 1.6317506772839148
3720.31 1.6388518561809424
3720.53 1.645953219819993
3720.76 1.6533775702279017
3720.98 1.6604793117013796
3721.21 1.6679040570850672
3721.43 1.675006176329943
3721.65 1.6821084802401305
3721.88 1.6895338135767586
3722.1 1.6966364951644808
3722.32 1.7037393613716383
3722.55 1.7111652825151409
3722.77 1.7182685263060056
3722.99 1.7253719546704238
3723.22 1.7327984634747682
3723.44 1.7399022693291153
3723.67 1.7473291727490767
3723.89 1.7544333560303291
3724.11 1.761537723808501
3724.34 1.768965214645259
3724.56 1.776069959756563
3724.78 1.783174889318946
3725.01 1.7906029674265524
3725.23 1.797708274228315
3725.45 1.8048137654353125
3725.68 1.8122424306678504
3725.9 1.8193482990205239
3726.13 1.826777358508805
3726.35 1.8338836039441826
3726.57 1.8409900337082206
3726.8 1.848419680077584
3727.02 1.8555264868306276
3727.24 1.8626334778665143
3727.47 1.870063710971129
3727.69 1.8771710789023728
3727.91 1.8842786310706516
3728.14 1.8917094507647174
3728.36 1.898817379734696
3728.59 1.9062485933249191
3728.81 1.913356899033676
3729.03 1.9204653889029697
3729.26 1.9278971888389902
3729.48 1.935006055353439
3729.7 1.9421151059826436
3729.93 1.9495474921187468
3730.0 1.9518095626182876
3730.15 1.9414513263920812
3730.37 1.92625891041644
3730.6 1.9103755026609146
3730.82 1.8951822690510334
3731.05 1.8792980065671878
3731.27 1.8641039554591032
3731.49 1.8489095047346975
3731.72 1.8330239699187183
3731.94 1.8178287018984605
3732.16 1.8026330343608599
3732.39 1.7867462275277837
3732.61 1.7715497428967013
3732.83 1.7563528588472015
3733.06 1.7404647803119968
3733.28 1.7252670793713416
3733.51 1.7093781468846216
3733.73 1.69417962918874
3733.95 1.6789807122397313
3734.18 1.6630905085772436
3734.4 1.647890775075199
3734.62 1.6326906424189256
3734.85 1.616799167895457
3735.07 1.6015982188883566
3735.29 1.5863968708258755
3735.52 1.5705041257561434
3735.74 1.5553019615450319
3735.96 1.5400993983773024
3736.19 1.5242053830759565
3736.41 1.5090020039617495
3736.64 1.4931071356963685
3736.86 1.4779029407713495
3737.08 1.4626983470549286
3737.31 1.446802209083762
3737.53 1.4315967997585775
3737.75 1.4163909917407593
3737.98 1.4004935843782742
3738.2 1.3852869609537277
3738.42 1.3700799389352318
3738.65 1.3541812624958265
3738.87 1.3389734252725944
3739.1 1.3230738966445545
3739.32 1.3078652443521432
3739.54 1.2926561936308665
3739.77 1.276755396451316
3739.99 1.2615455308627788
3740.21 1.252162880818492
3740.44 1.2426436067020632
3740.66 1.2335379696992281
3740.88 1.224432093776796
3741.11 1.2149120589680704
3741.33 1.2058056944070186
3741.56 1.1962851487912862
3741.78 1.1871782956728372
3742.0 1.1780712037337036
3742.23 1.1685498977404822
3742.45 1.1594423173649342
3742.67 1.1503344982277954
3742.9 1.1408124320453537
3743.12 1.131704124592757
3743.34 1.1225955784376882
3743.57 1.1130727522542527
3743.79 1.1039637179046373
3744.02 1.0944403813784187
3744.24 1.0853308589154322
3744.46 1.0762210978487705
3744.69 1.066697001636115
3744.91 1.0575867525769687
3745.13 1.048476264973231
3745.36 1.0389514092622567
3745.58 1.0298404337868756
3745.8 1.0207292198259752
3746.03 1.0112036048047583
3746.25 1.0020919030930293
3746.48 0.9925657781928818
3746.7 0.9834535888114345
3746.92 0.9743411610431851
3747.15 0.9648142771471009
3747.37 0.955701361829923
3747.59 0.9465882081849806
3747.82 0.9370605654809268
3748.04 0.9279469244078004
3748.26 0.9188330450659333
3748.49 0.9093046437418547
3748.71 0.9001902770925033
3748.93 0.8910756722334601
3749.16 0.8815465124772048
3750.0 0.846742152529667
3770.0 0.820478376408756
3790.0 0.885361757525982
3810.0 0.9256962500282633
3830.0 0.8502724735872345
3850.0 0.9485806431736576
3870.0 1.0910231680970333
3890.0 0.923526603177127
3910.0 0.9452543985086052
3930.0 0.9502167916607622
3950.0 0.9376837084931755
3970.0 0.9151853359372623
3990.0 1.0
4010.0 1.0592169879369122
4030.0 1.0549079855826777
4050.0 1.0601280334651815
4070.0 1.0295286099619794
4078.2 1.015402199199506
4078.45 1.014971300506419
4078.7 1.0145403890788967
4078.94 1.0141267021289893
4079.19 1.013695765745319
4079.43 1.0132820548396355
4079.68 1.0128510935042447
4079.93 1.0124201194400906
4080.17 1.0115995533570037
4080.42 1.0105702776549552
4080.66 1.0095821459498104
4080.91 1.0085528139353455
4081.16 1.0075234531939432
4081.4 1.0065352398583307
4081.65 1.0055058228197484
4081.9 1.004476377062001
4082.14 1.0034880821180119
4082.39 1.0024585800783175
4082.63 1.0014702311084975
4082.88 1.0004406727969402
4083.13 0.9994110857791331
4083.37 0.9984226552376352
4083.62 0.9973930119631911
4083.86 0.9964045274201582
4084.11 0.9953748278991568
4084.36 0.9943450996848147
4084.6 0.9933565336067874
4084.85 0.9923267491611072
4085.1 0.9912969360298505
4085.34 0.9903082884388873
4085.59 0.9892784190915078
4085.83 0.9882897175379034
4086.08 0.9872597919844739
4086.33 0.9862298377583678
4086.57 0.9852410547284852
4086.82 0.9842110443115378
4087.06 0.9832222073432819
4087.31 0.9821921407455613
4087.56 0.9811620454880594
4087.8 0.9801731270801664
4088.05 0.9791429756570934
4088.3 0.9781127955819938
4088.54 0.9771237957565041
4088.79 0.9760935595310313
4089.03 0.9751045058060112
4089.28 0.9740742134402262
4089.53 0.9730438924353008
4089.77 0.9720547573292999
4090.0 0.9711068114233272
4090.02 0.9710716978270388
4090.26 0.9706503282564243
4090.51 0.9702113890272935
4090.76 0.9697724369492358
4091.0 0.9693510308671107
4091.25 0.9689120536085324
4091.5 0.968473063504473
4091.74 0.9680516209206279
4091.99 0.9676126056428007
4092.23 0.9671911388942838
4092.48 0.9667520984471598
4092.73 0.9663130451602798
4092.97 0.9658915419263127
4093.22 0.9654524634768853
4093.47 0.9650133721911455
4093.71 0.964591832481511
4093.96 0.9641527160399721
4094.2 0.963731152182916
4094.45 0.963292010590045
4094.7 0.9628528561665831
4094.94 0.9624312558501179
4095.19 0.9619920762820693
4095.43 0.9615704518289454
4095.68 0.9611312471207758
4095.93 0.9606920295877338
4096.17 0.960270368691452
4096.42 0.9598311260250313
4096.67 0.9593918705371778
4096.91 0.9589701732075133
4097.16 0.9585308925930218
4097.4 0.9581091711439269
4097.65 0.9576698654072594
4097.9 0.9572305468548744
4098.14 0.9568087889886343
4098.39 0.9563694453208113
4098.63 0.9559476633458934
4098.88 0.9555082945670929
4099.13 0.9550689129782873
4099.37 0.9546470946024588
4099.62 0.9542076879094102
4099.87 0.9537682684097926
4100.11 0.9537367326795171
4100.36 0.954184393790735
4100.6 0.9546141586090627
4100.85 0.9550618408683795
4101.1 0.9555095339160457
4101.34 0.9559393293905437
4101.59 0.956387043580438
4101.83 0.95681685934961
4102.08 0.9572645946778465
4102.33 0.9577123407894543
4102.57 0.9581421872006547
4102.82 0.9585899544447366
4103.07 0.9590377324691965
4103.31 0.9594676095139206
4103.56 0.9599154086649885
4103.8 0.9603453059893904
4104.05 0.9607931262631827
4104.3 0.9612409573123795
4104.54 0.9616708852561701
4104.79 0.9621187374222279
4105.03 0.9625486856363415
4105.28 0.9629965589153786
4105.53 0.9634444429648485
4105.77 0.9638744217842264
4106.02 0.9643223269408147
4106.27 0.9647702428648461
4106.51 0.9652002522809894
4106.76 0.96564818930628
4107.0 0.9660782189777702
4107.25 0.9665261771004418
4107.5 0.9669741459855887
4107.74 0.9674042062397296
4107.99 0.9678521962164008
4108.23 0.9682822767165439
4108.48 0.9687302877808625
4108.73 0.9691783096026914
4108.97 0.9696084206713773
4109.22 0.970056463575
4109.47 0.9705045172331466
4109.71 0.9709346588618873
4109.96 0.9713827335959756
4110.0 0.9714544265511987
4110.2 0.9717866920095986
4110.45 0.9722020327263169
4110.7 0.9726173833240779
4110.94 0.9730161291931514
4111.19 0.9734314991550634
4111.44 0.9738468789952712
4111.68 0.9742456529345105
4111.93 0.9746610521334856
4112.17 0.9750598446554293
4112.42 0.9754752632096072
4112.67 0.9758906916375161
4112.91 0.976289512216653
4113.16 0.9767049599943838
4113.4 0.9771037991476398
4113.65 0.9775192662716297
4113.9 0.977934743264788
4114.14 0.9783336104622737
4114.39 0.9787491067963127
4114.64 0.9791646129967757
4114.88 0.9795635082306917
4115.13 0.9799790337666581
4115.37 0.9803779475609484
4115.62 0.9807934924288584
4115.87 0.9812090471586334
4116.11 0.9816079889764003
4116.36 0.9820235630327442
4116.6 0.9824225234023103
4116.85 0.9828381167816651
4117.1 0.9832537200183279
4117.34 0.9836527083984201
4117.59 0.9840683309527216
4117.84 0.984483963361591
4118.08 0.9848829797444233
4118.33 0.9852986314655601
4118.57 0.9856976663864627
4118.82 0.9861133374163121
4119.07 0.9865290182961759
4119.31 0.9869280812068809
4119.56 0.9873437813900886
4119.81 0.9877594914205728
4120.05 0.9882183712754589
4120.3 0.9889330501573154
4120.54 0.9896191585815203
4120.79 0.9903338722484948
4121.04 0.9910486036605337
4121.28 0.9917347625091142
4121.53 0.9924495286966881
4121.77 0.9931357209267394
4122.02 0.9938505218835049
4122.27 0.9945653405772099
4122.51 0.9952515832085463
4122.76 0.9959664366618639
4123.01 0.996681307847235
4123.25 0.9973676008659739
4123.5 0.9980825068013814
4123.74 0.9987688331771127
4123.99 0.9994837738562181
4124.24 1.0001987322592576
4124.48 1.000885108999321
4124.73 1.0016001021364866
4124.97 1.002286512218272
4125.22 1.003001540083227
4125.47 1.003716585664002
4125.71 1.004403046087057
4125.96 1.0051181263860545
4126.21 1.0058332243959902
4126.45 1.0065197351464494
4126.7 1.0072348678650438
4126.94 1.0079214119327755
4127.19 1.0086365793536967
4130.0 1.0166762785344658
4150.0 1.0580008494602462
4170.0 1.0215716026979993
4190.0 0.997099192059255
4210.0 1.0336671259687833
4230.0 1.0066101811596015
4250.0 1.0109648805027838
4270.0 0.9772875828207375
4290.0 0.986796571849098
4310.0 0.9598603803809312
4315.65 0.9649662011177333
4315.91 0.965201215886099
4316.17 0.9654362356346636
4316.43 0.9656712603629375
4316.69 0.9659062900704293
4316.95 0.9661413247566512
4317.21 0.9663763644211121
4317.47 0.9666114090633224
4317.73 0.9668464586827915
4317.99 0.9670815132790311
4318.25 0.967316572851551
4318.52 0.9675606784433893
4318.78 0.9677957481583477
4319.04 0.9680308228480996
4319.3 0.9682659025121545
4319.56 0.968500987150023
4319.82 0.9687360767612152
4320.08 0.9692366364579202
4320.34 0.9703345122510453
4320.6 0.9714324153752307
4320.86 0.9725303458278591
4321.12 0.9736283036063242
4321.38 0.9747262887080093
4321.64 0.9758243011303008
4321.9 0.9769223408705817
4322.16 0.9780204079262478
4322.42 0.9791185022946823
4322.68 0.9802166239732735
4322.94 0.9813147729594055
4323.2 0.9824129492504745
4323.46 0.9835111528438653
4323.73 0.9846516239318494
4323.99 0.9857498831718876
4324.25 0.9868481697063146
4324.51 0.9879464835325202
4324.77 0.9890448246478947
4325.03 0.9901431930498245
4325.29 0.9912415887357078
4325.55 0.9923400117029315
4325.81 0.9934384619488867
4326.07 0.994536939470961
4326.33 0.9956354442665531
4326.59 0.9967339763330518
4326.85 0.9978325356678485
4327.11 0.9989311222683322
4327.37 1.0000297361319035
4327.63 1.0011283772559505
4327.89 1.002227045637867
4328.15 1.0033257412750423
4328.41 1.004424464164878
4328.67 1.005523214304764
4328.94 1.0066642529049425
4329.2 1.0077630585849389
4329.46 1.0088618915070682
4329.72 1.0099607516687263
4329.98 1.0110596390673046
4330.0 1.0111441699952792
4330.24 1.012150646909263
4330.5 1.0132410228708617
4330.76 1.0143314258402494
4331.02 1.0154218558148436
4331.28 1.0165123127920574
4331.54 1.0176027967693173
4331.8 1.0186933077440368
4332.06 1.0197838457136343
4332.32 1.020874410675525
4332.58 1.0219650026271352
4332.84 1.0230556215658808
4333.1 1.0241462674891801
4333.36 1.0252369403944495
4333.62 1.0263276402791166
4333.88 1.0274183671405979
4334.15 1.0285510735855665
4334.41 1.0296418554302569
4334.67 1.0307326642439245
4334.93 1.0318235000239901
4335.19 1.0329143627678716
4335.45 1.034005252472998
4335.71 1.035096169136788
4335.97 1.0361871127566635
4336.23 1.0372780833300435
4336.49 1.0383690808543582
4336.75 1.0394601053270267
4337.01 1.0405511567454726
4337.27 1.0416422351071193
4337.53 1.0427333404093868
4337.79 1.0438244726497066
4338.05 1.0449156318255
4338.31 1.0460068179341906
4338.57 1.0470980309731999
4338.83 1.0481892709399607
4339.09 1.0492805378318946
4339.35 1.0503718316464268
4339.62 1.0515051267929558
4339.88 1.0525964754801984
4340.14 1.0526646274914888
4340.4 1.051855719959943
4340.66 1.0510467903800698
4340.92 1.0502378387539482
4341.18 1.0494288650836534
4341.44 1.0486198693712636
4341.7 1.0478108516188482
4341.96 1.0470018118284852
4342.22 1.046192750002249
4342.48 1.0453836661422173
4342.74 1.0445745602504588
4343.0 1.0437654323290502
4343.26 1.0429562823800653
4343.52 1.0421471104055784
4343.78 1.0413379164076648
4344.04 1.0405287003883934
4344.3 1.0397194623498391
4344.57 1.0388790764676528
4344.83 1.0380697935500578
4345.09 1.0372604886194783
4345.35 1.0364511616779861
4345.61 1.0356418127276568
4345.87 1.034832441770556
4346.13 1.0340230488087594
4346.39 1.033213633844337
4346.65 1.032404196879364
4346.91 1.031594737915905
4347.17 1.0307852569560345
4347.43 1.0299757540018228
4347.69 1.0291662290553432
4347.95 1.0283566821186605
4348.21 1.0275471131938474
4348.47 1.026737522282974
4348.73 1.0259279093881128
4348.99 1.0251182745113274
4349.25 1.02430861765469
4349.51 1.02349893882027
4349.78 1.0226580952324504
4350.0 1.0219729458997027
4350.04 1.0218618441194112
4350.3 1.0211396711699525
4350.56 1.0204174785007176
4350.82 1.0196952661135634
4351.08 1.0189730340103391
4351.34 1.0182507821929014
4351.6 1.0175285106631045
4351.86 1.0168062194228047
4352.12 1.0160839084738507
4352.38 1.0153615778180982
4352.64 1.0146392274574005
4352.9 1.0139168573936137
4353.16 1.0131944676285853
4353.42 1.0124720581641709
4353.68 1.0117496290022228
4353.94 1.0110271801445956
4354.2 1.0103047115931372
4354.46 1.0095822233497018
4354.72 1.008859715416141
4354.99 1.0081093978772344
4355.25 1.007386849811845
4355.51 1.0066642820619565
4355.77 1.0059416946294195
4356.03 1.0052190875160876
4356.29 1.0044964607238065
4356.55 1.0037738142544295
4356.81 1.003051148109807
4357.07 1.0023284622917914
4357.33 1.001605756802228
4357.59 1.0008830316429695
4357.85 1.0001602868158648
4358.11 0.9994375223227664
4358.37 0.9987147381655186
4358.63 0.9979919343459731
4358.89 0.9972691108659786
4359.15 0.9965462677273866
4359.41 0.995823404932041
4359.67 0.9951005224817923
4359.93 0.9943776203784886
4360.2 0.9941128490828012
4360.46 0.9940216634323872
4360.72 0.9939304743150925
4360.98 0.9938392817312308
4361.24 0.9937480856811136
4361.5 0.9936568861650538
4361.76 0.9935656831833635
4362.02 0.9934744767363552
4362.28 0.9933832668243419
4362.54 0.9932920534476348
4362.8 0.9932008366065468
4363.06 0.9931096163013904
4363.32 0.9930183925324778
4363.58 0.9929271653001208
4363.84 0.9928359346046319
4364.1 0.9927447004463233
4364.36 0.9926534628255075
4364.62 0.9925622217424959
4364.88 0.9924709771976006
4365.15 0.9923762195832997
4365.41 0.992284967982455
4365.67 0.9921937129206752
4365.93 0.9921024543982718
4366.19 0.9920111924155576
4366.45 0.9919199269728439
4366.71 0.9918286580704424
4366.97 0.9917373857086658
4367.23 0.9916461098878253
4367.49 0.991554830608233
4370.0 0.9906734566809487
4390.0 1.0011877105622184
4410.0 1.0153472622375983
4430.0 1.0101393251868187
4450.0 0.9945256517075711
4470.0 0.986477001742328
4490.0 0.9951220054736934
4510.0 1.0627871314162463
4530.0 1.0157498984223268
4550.0 1.0139187606726654
4570.0 1.000249931121525
4590.0 1.0222135491114468
4610.0 1.0012020639077246
4630.0 0.9865388998418353
4650.0 1.0169179865644509
4670.0 1.0116583697686097
4690.0 0.981436605412304
4710.0 1.0177094560067617
4730.0 0.9778200647354779
4750.0 1.0052208212288907
4770.0 1.0255128790261865
4790.0 0.998316278776981
4810.0 1.0633837771847423
4830.0 1.029554813387406
4834.84 1.0528917009609653
4835.13 1.0542902833358583
4835.42 1.0556888993571683
4835.71 1.0570875490214113
4836.0 1.058486232325103
4836.29 1.0598849492647602
4836.59 1.0613319332150735
4836.88 1.0627307185757697
4837.17 1.064129537561862
4837.46 1.0655283901698693
4837.75 1.0669272763963094
4838.05 1.0683744354524336
4838.34 1.06977339006425
4838.63 1.071172378283937
4838.92 1.0725714001080142
4839.21 1.0739704555330025
4839.5 1.0753695445554226
4839.8 1.0768169133783942
4840.09 1.0791815593921925
4840.38 1.0836918200808248
4840.67 1.088202191818636
4840.96 1.0927126745941622
4841.26 1.0973788080933635
4841.55 1.1018895167378273
4841.84 1.1064003363852284
4842.13 1.1109112670241084
4842.42 1.1154223086430115
4842.72 1.1200890201953462
4843.01 1.1246002875658319
4843.3 1.1291116658815827
4843.59 1.133623155131147
4843.88 1.138134755303075
4844.17 1.1426464663859173
4844.47 1.1473138704144406
4844.76 1.151825807108292
4845.05 1.1563378546783254
4845.34 1.1608500131130972
4845.63 1.165362282401165
4845.93 1.1700302638227436
4846.22 1.1745427586046173
4846.51 1.1790553642050747
4846.8 1.183568080612679
4847.09 1.1880809078159944
4847.38 1.1925938458035878
4847.68 1.1972625189106747
4847.97 1.2017756822516814
4848.26 1.2062889563422772
4848.55 1.2108023411710331
4848.84 1.2153158367265229
4849.14 1.2199850865674375
4849.43 1.2244988073592882
4849.72 1.229012638843204
4850.0 1.2333709259873122
4850.01 1.233533280085134
4850.3 1.2382416086580696
4850.59 1.2429500527129373
4850.89 1.2478209784187413
4851.18 1.2525296573828295
4851.47 1.257238451792698
4851.76 1.2619473616364354
4852.05 1.2666563869021328
4852.35 1.2715279137974176
4852.64 1.2762371738503457
4852.93 1.2809465492891032
4853.22 1.2856560401017867
4853.51 1.2903656462764928
4853.81 1.2952377740490666
4854.1 1.2999476148890852
4854.39 1.3046575710550177
4854.68 1.3093676425349674
4854.97 1.3140778293170383
4855.26 1.3187881313893373
4855.56 1.3236609789804292
4855.85 1.3283715155719995
4856.14 1.3330821674177133
4856.43 1.3377929345056825
4856.72 1.3425038168240198
4857.02 1.3473772646066506
4857.31 1.352088381322498
4857.6 1.356799613232651
4857.89 1.3615109603252278
4858.18 1.3662224225883486
4858.47 1.3709340000101349
4858.77 1.375808166789853
4859.06 1.3805199784632964
4859.35 1.3852319052593678
4859.64 1.3899439471661936
4859.93 1.3946561041719026
4860.23 1.3937788425588828
4860.52 1.39123851576463
4860.81 1.3886981244586416
4861.1 1.3861576686475325
4861.39 1.3836171483379254
4861.68 1.3810765635364428
4861.98 1.3784483045035445
4862.27 1.375907588514883
4862.56 1.3733668080544446
4862.85 1.3708259631288398
4863.14 1.368285053744687
4863.44 1.3656564589716795
4863.73 1.3631154184681482
4864.02 1.36057431352614
4864.31 1.3580331441522846
4864.6 1.35549191035319
4864.9 1.3528629800135656
4865.19 1.3503216151628457
4865.48 1.3477801859069527
4865.77 1.3452386922524902
4866.06 1.3426971342060845
4866.35 1.340155511774338
4866.65 1.3375261794429167
4866.94 1.3349844260407042
4867.23 1.3324426082732026
4867.52 1.3299007261470117
4867.81 1.3273587796687534
4868.11 1.3247291121518048
4868.4 1.3221870347707465
4868.69 1.3196448930576536
4868.98 1.3171026870191296
4869.27 1.3145604166617681
4869.56 1.312018081992187
4869.86 1.3093880129399347
4870.0 1.308160623833574
4870.15 1.3052355197128576
4870.44 1.2995802113283272
4870.73 1.2939247617991736
4871.02 1.288269171139886
4871.32 1.2824184116146506
4871.61 1.2767625338733628
4871.9 1.271106515045967
4872.19 1.265450355146963
4872.48 1.2597940541908481
4872.77 1.2541376121921015
4873.07 1.2482859720629438
4873.36 1.2426292431601873
4873.65 1.2369723732587947
4873.94 1.231315362373255
4874.23 1.225658210518056
4874.53 1.2198058361313644
4874.82 1.2141483975205374
4875.11 1.2084908179840037
4875.4 1.2028330975362438
4875.69 1.1971752361917372
4875.98 1.191517233964961
4876.28 1.1856639799754858
4876.57 1.180005691170844
4876.86 1.1743472615278545
4877.15 1.1686886910609882
4877.44 1.1630299797847137
4877.74 1.1571759923724219
4878.03 1.151516994666491
4878.32 1.1458578561950479
4878.61 1.1401985769725553
4878.9 1.1345391570134737
4879.2 1.1286844365576558
4879.49 1.12302473031704
4879.78 1.1173648833837058
4880.07 1.1125744841780376
4880.36 1.110516991506852
4880.65 1.1084594468958915
4880.95 1.106330897819233
4881.24 1.104273247554137
4881.53 1.1022155453654274
4881.82 1.1001577912584288
4882.11 1.0980999852384652
4882.41 1.0959711657669096
4882.7 1.0939132541473453
4882.99 1.091855290630968
4883.28 1.089797275223099
4883.57 1.0877392079290595
4883.86 1.0856810887541695
4884.16 1.0835519453630327
4884.45 1.0814937206538677
4884.74 1.0794354440799927
4885.03 1.077377115646726
4885.32 1.0753187353593845
4885.62 1.0731893218800912
4885.91 1.0711308361129397
4886.2 1.069072298507844
4886.49 1.0670137090701197
4886.78 1.0649550678050812
4887.07 1.062896374718041
4887.37 1.060766637686601
4887.66 1.0587078391849922
4887.95 1.0566489888775021
4888.24 1.0545900867694422
4888.53 1.0525311328661222
4888.83 1.0504011260528745
4889.12 1.0483420667893815
4889.41 1.0462829557467386
4889.7 1.0442237929302547
4890.0 1.0420935700224772
4890.29 1.0413876984819619
4890.58 1.0406818084173663
4890.87 1.0399758998305808
4891.16 1.039269972723495
4891.45 1.0385640270979988
4891.74 1.037858062955981
4892.04 1.0371277357395892
4892.33 1.0364217339318602
4892.62 1.0357157136133421
4892.91 1.035009674785924
4910.0 0.9876429658158697
4928.77 0.9628451388521797
4929.07 0.9625685636219197
4929.36 0.962301199857223
4929.66 0.9620246086785896
4929.96 0.9617480093918702
4930.0 0.9617111288744089
4930.26 0.962787868371853
4930.55 0.9639888736728567
4930.85 0.9652313224994375
4931.15 0.9664738013733722
4931.45 0.9677163102914689
4931.74 0.9689174308012625
4932.04 0.9701599987968721
4932.34 0.9714025968271512
4932.64 0.9726452248889021
4932.93 0.973846460558837
4933.23 0.9750891476731517
4933.53 0.9763318648094578
4933.83 0.9775746119645551
4934.12 0.9787759627460065
4934.42 0.980018768928738
4934.72 0.9812616051207813
4935.02 0.9825044713189417
4935.31 0.9837059371633083
4935.61 0.9849488623641776
4935.91 0.9861918175616933
4936.21 0.9874348027526575
4936.5 0.988636383611361
4936.8 0.9898794277801288
4937.1 0.9911225019328751
4937.4 0.9923656060664049
4937.69 0.9935673018908908
4937.99 0.9948104649773303
4938.29 0.9960536580350909
4938.59 0.9972968810609829
4938.88 0.99849869180272
4939.18 0.9997419737566324
4939.48 1.000985285669211
4939.78 1.0022286275372754
4940.07 1.0045604386564835
4940.37 1.010646280706426
4940.67 1.0167322740107672
4940.97 1.0228184185534654
4941.26 1.0287018353567865
4941.56 1.0347882772881327
4941.86 1.04087487041024
4942.16 1.0469616147071128
4942.45 1.0528456112123445
4942.75 1.0589326527727865
4943.05 1.0650198454604207
4943.35 1.0711071892592214
4943.64 1.0769917652225545
4943.94 1.0830794061598878
4944.24 1.0891671981608746
4944.54 1.0952551412094786
4944.83 1.1011402963872208
4945.13 1.1072285364494172
4945.43 1.1133169275117216
4945.73 1.1194054695581055
4946.02 1.1252912037067
4946.32 1.131380042641778
4946.62 1.1374690325134862
4946.92 1.1435581733058033
4947.21 1.1494444861817554
4947.51 1.155533923737928
4947.81 1.161623512167247
4948.11 1.1677132514536979
4948.4 1.1736001428136837
4948.7 1.1796901787392298
4949.0 1.1857803654744867
4949.3 1.1918707030034665
4949.59 1.1977581726042612
4949.89 1.2038488066475987
4950.0 1.2060820769013174
4950.19 1.207666737873083
4950.49 1.2101688840185136
4950.78 1.212587683337959
4951.08 1.2150899495712875
4951.38 1.2175922768566434
4951.68 1.2200946651875464
4951.97 1.2225136985951761
4952.27 1.2250162069634174
4952.57 1.2275187763579751
4952.87 1.2300214067723867
4953.16 1.2324406741696483
4953.46 1.234943424570863
4953.76 1.237446235972711
4954.06 1.2399491083687169
4954.35 1.2423686096571045
4954.65 1.2448716019893948
4954.95 1.2473746552966474
4955.25 1.2498777695723824
4955.54 1.2522975046534375
4955.84 1.254800738814978
4956.14 1.2573040339258061
4956.44 1.2598073899794457
4956.73 1.2622273587547579
4957.03 1.2647308346437485
4957.33 1.2672343714563727
4957.63 1.2697379691861646
4957.92 1.2721581715573709
4958.22 1.274661889072068
4958.52 1.2771656674847573
4958.82 1.2796695067889683
4959.11 1.282089942657752
4959.41 1.2845939016964618
4959.71 1.2870979216075344
4960.01 1.2893397303716503
4960.3 1.2841544165147862
4960.6 1.2787901658126164
4960.9 1.2734257799525206
4961.2 1.2680612589487519
4961.49 1.2628754268636517
4961.79 1.257510640119024
4962.09 1.2521457182731088
4962.39 1.2467806613401844
4962.68 1.2415943112440746
4962.98 1.2362289886816955
4963.28 1.23086353107464
4963.58 1.2254979384371967
4963.87 1.2203110705471998
4964.17 1.2149452123916196
4964.47 1.2095792192479804
4964.77 1.2042130911305466
4965.06 1.1990257056636813
4965.36 1.1936593121394086
4965.66 1.1882927836836337
4965.96 1.1829261203106312
4966.25 1.177738217483813
4966.55 1.1723712888151832
4966.85 1.1670042252716142
4967.15 1.1616370268673737
4967.44 1.156448606897414
4967.74 1.1510811433087047
4968.04 1.1457135449015756
4968.34 1.1403458116902714
4968.63 1.1351568747938785
4968.93 1.1297888765092434
4969.23 1.1244207434626978
4969.53 1.1190524756684463
4969.82 1.1138630220622239
4970.0 1.1106419185737648
4970.12 1.1091570574190595
4970.42 1.1054448390491225
4970.72 1.1017325271397043
4971.02 1.0980201217006818
4971.31 1.094431374213828
4971.61 1.0907187848620714
4971.91 1.0870061020099948
4972.21 1.0832933256674824
4972.5 1.0797042196778144
4972.8 1.0759912594995724
4973.1 1.0722782058601752
4973.4 1.0685650587695021
4973.69 1.0649755944271442
4973.99 1.06126226357771
4974.29 1.0575488393062555
4974.58 1.0539591070503036
4974.88 1.0502454990776486
4975.18 1.04653179771223
4975.48 1.0428180029639191
4975.78 1.0391041148425517
4976.07 1.035513934244898
4976.37 1.031799862518629
4976.48 1.0304380128306716
4976.67 1.0280856974485542
4976.78 1.0267238135370036
4976.97 1.0243714390445269
4977.08 1.0230095209129957
4977.26 1.020780900544124
4977.38 1.0192951349685002
4977.56 1.0170664586120644
4977.68 1.0155806557133678
4977.86 1.013351923375289
4977.98 1.0118660831574593
4978.16 1.009637294843624
4978.28 1.0081514173106005
4978.45 1.0060463985903096
4978.58 1.0044366581826503
4978.75 1.0023315866074447
4978.88 1.0007218057834544
4979.05 0.9986166813589129
4979.18 0.9970068601228576
4979.35 0.9949016828545588
4979.48 0.9932918212107152
4979.64 0.9913104289980981
4979.78 0.989576689056847
4979.94 0.9875952471193505
4980.08 0.9887996792312447
4980.24 0.9926946769369055
4980.39 0.9963462837297704
4980.54 0.9999979354657881
4980.69 1.0036496321426043
4980.83 1.0070579229188064
4980.99 1.0109531603091488
4981.13 1.0143615349639
4981.29 1.018256868210373
4981.43 1.021665326734803
4981.59 1.0255607558272697
4981.73 1.0289692982124878
4981.89 1.0328648231408348
4982.02 1.0360299747777257
4982.19 1.0401690701320436
4982.32 1.0433342996233557
4982.49 1.0474734967819408
4982.62 1.0506388041194414
4982.79 1.054778103071506
4982.92 1.057943488246964
4983.09 1.0620828889817449
4983.21 1.0650048536353698
4983.39 1.0693878544936637
4983.51 1.0723098909826432
4983.69 1.0766929995882495
4983.81 1.0796151079050103
4983.99 1.0839983242465585
4984.11 1.086920504383461
4984.29 1.0913038284495826
4984.4 1.0939825583061886
4984.59 1.0986095121783377
4984.7 1.1012883078562892
4984.89 1.1059153754138422
4985.0 1.1085942369061796
4985.19 1.1132214181370952
4985.3 1.115900345436882
4985.49 1.1205276403291633
4985.59 1.1229630876052012
4985.79 1.1278340419710502
4985.89 1.1302695490594783
4986.09 1.1351406230437837
4986.19 1.137576189938256
4986.39 1.1424473835283935
4986.49 1.1448830102226095
4986.69 1.1497543234058898
4986.78 1.1519464403479294
4986.99 1.1570614426573511
4987.08 1.1592536134078757
4987.29 1.1643687412637929
4987.38 1.166560965817114
4987.59 1.1716762192062538
4987.68 1.1738684975566838
4987.9 1.1792274681290926
4987.97 1.1809326153505515
4988.2 1.1865353106629952
4988.5 1.193843332475417
4988.8 1.2011515335474054
4989.1 1.2084599138600116
4989.4 1.2157684733942664
4989.7 1.2230772121312692
4990.0 1.2303861300520558
4990.3 1.2500405688894913
4990.6 1.2696954918992056
4990.9 1.2893508990299902
4991.2 1.3090067902308204
4991.5 1.3286631654505001
4991.8 1.3483200246378988
4992.1 1.3679773677418918
4992.4 1.3876351947113013
4992.7 1.407293505495134
4993.0 1.4269523000422244
4993.3 1.446611578301473
4993.6 1.4662713402217857
4993.9 1.4859315857520161
4994.2 1.5055923148412016
4994.5 1.5252535274382075
4994.8 1.5449152234919656
4995.1 1.5645774029514123
4995.41 1.5848954961830939
4995.71 1.6045586584099953
4996.01 1.624222303887734
4996.31 1.643886432565271
4996.61 1.6635510443915154
4996.91 1.6832161393155614
4997.21 1.70288171728633
4997.51 1.7225477782528074
4997.81 1.7422143221639872
4998.11 1.7618813489688097
4998.41 1.7815488586163981
4998.71 1.8012168510557058
4999.01 1.8208853262357494
4999.31 1.840554284105553
4999.61 1.8602237246140885
4999.91 1.8798936477105093
5000.21 1.8879180657087342
5000.51 1.8909514801815757
5000.81 1.8939849671831426
5001.11 1.897018526705747
5001.41 1.900052158741729
5001.71 1.903085863283403
5002.01 1.9061196403230927
5002.31 1.9091534898531228
5002.61 1.912187411865811
5002.92 1.9153225407511847
5003.22 1.9183566101216425
5003.52 1.9213907519514941
5003.82 1.9244249662330617
5004.12 1.9274592529586927
5004.42 1.9304936121207104
5004.72 1.9335280437114468
5005.02 1.936562547723235
5005.32 1.9395971241484014
5005.62 1.9426317729792988
5005.92 1.9456664942082547
5006.22 1.948701287827605
5006.52 1.9517361538296896
5006.82 1.9547710922068373
5007.12 1.9578061029514064
5007.42 1.9608411860557295
5007.72 1.9638763415121472
5008.02 1.966911569313003
5008.32 1.9699468694506312
5008.62 1.9729822419173955
5008.92 1.9760176867056307
5009.22 1.979053203807684
5009.52 1.982088793215904
5009.82 1.9851244549226286
5010.0 1.9869458866467742
5010.12 1.9788027499051912
5010.42 1.958444556249326
5010.73 1.9374072282014336
5011.03 1.9170480127867107
5011.33 1.89668829494797
5011.63 1.876328074738173
5011.93 1.8559673522102749
5012.23 1.8356061274172866
5012.53 1.8152444004120272
5012.83 1.794882171247494
5013.13 1.7745194399766173
5013.43 1.7541562066523195
5013.73 1.7337924713275799
5014.03 1.7134282340551856
5014.33 1.6930634948881018
5014.63 1.6726982538792265
5014.93 1.652332511081451
5015.23 1.6319662665477221
5015.53 1.6115995203307947
5015.83 1.5912322724836023
5016.13 1.5708645230590113
5016.43 1.5504962721098807
5016.73 1.530127519689125
5017.03 1.5097582658494675
5017.33 1.48938851064381
5017.63 1.4690182541249863
5017.93 1.448647496345824
5018.23 1.4282762373592053
5018.54 1.4072254099160466
5018.84 1.3868531319702815
5019.14 1.3664803529771827
5019.44 1.3461070729896079
5019.74 1.3257332920602223
5020.04 1.306660611045388
5020.34 1.2960479699808158
5020.64 1.2854350673447215
5020.94 1.2748219031646892
5021.24 1.2642084774682034
5021.54 1.2535947902828406
5021.84 1.2429808416361432
5022.14 1.2323666315556492
5022.44 1.2217521600689258
5022.74 1.2111374272034408
5023.04 1.2005224329867543
5023.34 1.189907177446392
5023.64 1.179291660609875
5023.94 1.1686758825047538
5024.24 1.1580598431584799
5024.54 1.1474435425985967
5024.84 1.1368269808526128
5025.14 1.1262101579480337
5025.44 1.1155930739123927
5025.74 1.1049757287731243
5026.04 1.0943581225577559
5026.35 1.0833863218894562
5026.65 1.0727681849041613
5026.95 1.0621497869261154
5027.25 1.051531127982833
5027.55 1.0409122081017923
5027.85 1.0302930273104687
5028.15 1.0196735856363655
5028.45 1.0090538831068872
5028.75 0.9984339197495311
5029.05 0.987813695591759
5029.35 0.9771932106610292
5029.65 0.9665724649848293
5029.95 0.9559514585905469
5030.0 0.9541812655125003
5030.25 0.9531283884901373
5030.55 0.9518649067489457
5030.85 0.9506013930316278
5031.15 0.949337847341543
5031.45 0.9480742696820391
5031.75 0.9468106600564752
5032.05 0.9455470184682057
5032.35 0.9442833449205849
5032.65 0.9430196394169703
5032.95 0.9417559019607081
5033.25 0.9404921325551547
5033.55 0.9392283312036633
5033.85 0.9379644979095857
5034.16 0.9366585032851408
5034.46 0.9353946050514744
5034.76 0.9341306748853877
5035.06 0.9328667127902315
5035.36 0.9316027187693601
5035.66 0.930338692826115
5035.96 0.9290746349638501
5036.26 0.9278105451859139
5050.0 0.9058903631629052
5070.0 0.905767107290434
5090.0 0.9083440300827156
5110.0 0.8893113266739666
5130.0 0.8635109896760312
5150.0 0.8912574345603721
5170.0 0.8921198868159232
5190.0 0.9055831827421075
5210.0 0.8823430311434981
5230.0 0.8958324179097411
5250.0 0.8848998792303371
5270.0 0.8653626434951964
5290.0 0.895838611239242
5310.0 0.878448933873308
5330.0 0.9020033203412481
5350.0 0.8264488552973527
5370.0 0.8078755553800046
5390.0 0.8125166007417172
5410.0 0.8172531707792016
5430.0 0.8400630459497911
5450.0 0.8276525720872954
5470.0 0.8102958261381621
5490.0 0.7890311342864673
5510.0 0.830012469048437
5530.0 0.8178997260832783
5550.0 0.8082341907542016
5570.0 0.781178464477192
5590.0 0.7683681771718803
5610.0 0.7552570828635011
5630.0 0.7621478297421669
5650.0 0.7743431700140561
5670.0 0.765848031028643
5690.0 0.7650027842369088
5710.0 0.7637852573799713
5730.0 0.7873386608192645
5750.0 0.7950493658720699
5770.0 0.7802693850902911
5790.0 0.7654459856958854
5810.0 0.8070857430064241
5830.0 0.780088606228755
5850.0 0.7632688564646107
5870.0 0.8174290456784762
5890.0 0.8018829828799388
5910.0 0.7535840313016173
5930.0 0.7635662818269149
5950.0 0.7254364350942458
5970.0 0.7234523751031682
5990.0 0.7114751566032556
6010.0 0.7268327231294339
6030.0 0.7587299855584352
6050.0 0.7755157574335156
6070.0 0.7444092747940771
6090.0 0.7684742736163346
6110.0 0.7722913014331869
6130.0 0.7458559933288578
6150.0 0.7182711338139154
6170.0 0.7673968642272715
6190.0 0.7481114485427856
6210.0 0.7380717326106788
6230.0 0.7456584396601337
6250.0 0.7361258959313923
6270.0 0.7198236337988302
6290.0 0.7877999453130754
6310.0 0.8056338859620472
6330.0 0.7734052390965521
6350.0 0.75997890891501
6370.0 0.78156750417197
6390.0 0.7802043066767653
6410.0 0.7974347184761736
6430.0 0.8117538056147997
6450.0 0.8296111849048514
6470.0 0.8976734735858097
6490.0 0.9506082470246405
6510.0 1.0534779937438186
6523.64 1.1856643376378566
6524.04 1.191050012878925
6524.43 1.1963011670042079
6524.82 1.2015524403465496
6525.22 1.206938485544622
6525.61 1.2121900003187636
6526.0 1.217441634251556
6526.4 1.2228280492252765
6526.79 1.2280799244715428
6527.19 1.2334665869056551
6527.58 1.2387187033862201
6527.97 1.2439709389279547
6528.37 1.2493579708352596
6528.76 1.2546104474930952
6529.15 1.2598630431537559
6529.55 1.2652504443532495
6529.94 1.270503281011891
6530.0 1.2713114202863018
6530.34 1.2791957085618686
6530.73 1.2882396439090318
6531.12 1.2972837853509633
6531.52 1.306560041909776
6531.91 1.3156046007234254
6532.3 1.3246493655309164
6532.7 1.333926261334181
6533.09 1.3429714433090365
6533.49 1.3522487669061274
6533.88 1.3612943659115946
6534.27 1.3703401707425316
6534.67 1.3796181330616684
6535.06 1.3886643547190645
6535.46 1.3979427444824566
6535.85 1.406989382829707
6536.24 1.4160362268342395
6536.64 1.425315254797838
6537.03 1.4343625152882937
6537.42 1.443409981335431
6537.82 1.4526896471868789
6538.21 1.4617375295161408
6538.6 1.4707856173014866
6539.0 1.4800659207286924
6539.39 1.4891144245924959
6539.79 1.498395154696944
6540.18 1.5116469283002347
6540.57 1.5298023892417434
6540.97 1.5484238049598484
6541.36 1.5665801046001602
6541.76 1.585202380381319
6542.15 1.6033595184458118
6542.54 1.6215170703147412
6542.94 1.640140630222593
6543.33 1.658299020105731
6543.72 1.6764578235909375
6544.12 1.6950826669976622
6544.51 1.7132423080873707
6544.91 1.7318680104350328
6545.3 1.7500284888550968
6545.69 1.7681893805396982
6546.09 1.7868163653389744
6546.48 1.8049780939446693
6546.87 1.8231402356130109
6547.27 1.841768502237084
6547.66 1.8599314804174794
6548.06 1.8785606048623174
6548.45 1.8967244192811379
6548.84 1.9148886464257018
6549.24 1.9335190516498064
6549.63 1.951684114624241
6550.0 1.9689180172426037
6550.02 1.9696794488877947
6550.42 1.9849082676695742
6550.81 1.9997567068312667
6551.21 2.0149862247339594
6551.6 2.0298353454270797
6551.99 2.044684802490221
6552.39 2.0599153642237704
6552.78 2.074765502485511
6553.17 2.089615976953088
6553.57 2.104847582007706
6553.96 2.1196987373412686
6554.36 2.1349310406058293
6554.75 2.1497828765828166
6555.14 2.164635048491621
6555.54 2.17986839422705
6555.93 2.1947212464470267
6556.33 2.209955289823481
6556.72 2.2248088221323097
6557.11 2.239662690099232
6557.51 2.2548977750972754
6557.9 2.2697523228211556
6558.29 2.2846072060394054
6558.69 2.2998433321506817
6559.08 2.314698894794212
6559.48 2.3299357176381035
6559.87 2.344791959484978
6560.26 2.344898188041344
6560.66 2.3374427695941145
6561.05 2.330173565283286
6561.44 2.3229041918438793
6561.84 2.3154482485531216
6562.23 2.308178532603437
6562.63 2.3007222380774386
6563.02 2.2934521797292824
6563.41 2.286181952390208
6563.81 2.2787251334478884
6564.2 2.2714545638772963
6564.59 2.2641838253981366
6564.99 2.2567264822951736
6565.38 2.2494554017513244
6565.78 2.2419977078700346
6566.17 2.2347262853731267
6566.56 2.2274546941050914
6566.96 2.219996476489592
6567.35 2.212724543435146
6567.75 2.2052659753266726
6568.14 2.1979937005973254
6568.53 2.19072125723414
6568.93 2.183262165817433
6569.32 2.1759893809458153
6569.71 2.168716427522481
6570.0 2.163308224702438
6570.11 2.158828053719531
6570.5 2.1429435776901835
6570.9 2.126651429136133
6571.29 2.1107662155449143
6571.68 2.0948806379295544
6572.08 2.0785873597279245
6572.47 2.0627010449099
6572.86 2.0468143662450435
6573.26 2.0305199589459146
6573.65 2.014632543437369
6574.05 1.9983373805243159
6574.44 1.9824492284122828
6574.83 1.9665607127490434
6575.23 1.950264421656188
6575.62 1.9343751697480485
6576.01 1.9184855544657071
6576.41 1.90218813574218
6576.8 1.8862977845732944
6577.2 1.8699996112173176
6577.59 1.8541085244016737
6577.98 1.8382170745070558
6578.38 1.8219177744364106
6578.77 1.8060255892529664
6579.16 1.7901330411672098
6579.56 1.7738326149301538
6579.95 1.7579393319133463
6580.35 1.7468153781009246
6580.74 1.7366903934456472
6581.13 1.7265651768605066
6581.53 1.7161800984499085
6581.92 1.7060544121724306
6582.31 1.6959284940779118
6582.71 1.685542696287666
6583.1 1.6754163087292284
6583.5 1.6650300295159155
6583.89 1.6549031726463994
6584.28 1.6447760841480217
6584.68 1.6343890861389263
6585.07 1.6242615285576423
6585.46 1.6141337394600546
6585.86 1.6037460230046632
6586.25 1.593617765052193
6586.65 1.5832295677982524
6587.04 1.573100841143478
6587.43 1.5629718831602555
6587.83 1.5525829680428778
6588.22 1.542453541585129
6588.62 1.5320641460592268
6589.01 1.5219342512793654
6589.4 1.511804125358709
6589.8 1.501414012551601
6590.0 1.4962188649954051
6590.19 1.4927366889828935
6590.58 1.4855889428539775
6590.98 1.4782577512169446
6591.37 1.4711096736804563
6591.77 1.4637781421934786
6592.16 1.456629733357208
6592.55 1.4494811610075757
6592.95 1.4421491221024711
6593.34 1.4350002186139306
6593.73 1.4278511516914634
6594.13 1.4205186056145989
6594.52 1.4133692077139934
6594.92 1.406036322227584
6595.31 1.3988865934564447
6595.7 1.3917367013838244
6596.1 1.384403309136664
6596.49 1.3772530863541235
6596.88 1.3701027003493338
6597.28 1.3627688015874324
6597.67 1.3556180850332327
6598.07 1.3482838473013792
6598.46 1.341132800305172
6598.85 1.3339815902189498
6599.25 1.3266468463826406
6599.64 1.3194953060147487
6600.04 1.312285127304348
6600.43 1.3063510841392993
6600.82 1.3004169054391455
6601.22 1.294330427540971
6601.61 1.2883959743619129
6602.0 1.2824613857134637
6610.0 1.160696379326791
6630.0 0.993712510424534
6650.0 0.9195244637048807
6670.0 0.8150724653702622
6690.0 0.7642117475119564
6710.0 0.8358718026332586
6730.0 0.8555609762183047
6750.0 0.715531908182756
6770.0 0.6976832767390675
6790.0 0.6908408104846859
6810.0 0.6835526894734079
6830.0 0.6788835650215652
6850.0 0.6678441212721821
6870.0 0.6648782644250611
6890.0 0.6674134118922447
6910.0 0.6681581742452117
6930.0 0.6567081707601458
6950.0 0.6497092891246301
6970.0 0.6451726063193113
6990.0 0.6485834222093663
7010.0 0.6475779168771253
7030.0 0.6530256656816684
7050.0 0.6526053527013548
7070.0 0.6471282659672394
7090.0 0.6421722875979847
7110.0 0.633579066688142
7130.0 0.6268525503178576
7150.0 0.6218204111582569
7170.0 0.6201286198935589
7190.0 0.6152847006585875
7210.0 0.6169505812451358
7230.0 0.6150531923670967
7250.0 0.6122523247985484
7270.0 0.6103403811682556
7290.0 0.60621133653712
7310.0 0.6080287204256953
7330.0 0.6057364274935945
7350.0 0.6025971254718885
7370.0 0.6024396468621427
7390.0 0.5968282532087557
7410.0 0.5921554128474945
7430.0 0.5931789943505875
7450.0 0.5917910004569482
7470.0 0.5890679550729186
7490.0 0.5860252458918558
7510.0 0.5873575675839278
7530.0 0.5885306905050677
7550.0 0.5853099391449319
7570.0 0.5711433848809986
7590.0 0.5550647488636551
7610.0 0.558762674286696
7630.0 0.5728341833855566
7650.0 0.5762586804053258
7670.0 0.5667757813804479
7690.0 0.5661466189277606
7710.0 0.5629993134591141
7730.0 0.5625057992906637
7750.0 0.5590488175231799
7770.0 0.5584247497260243
7790.0 0.5586319393632976
7810.0 0.557361836276855
7830.0 0.5542945898203373
7850.0 0.5506298099453889
7870.0 0.5493298550022359
7890.0 0.5438463748045234
7910.0 0.5392208081461658
7930.0 0.5370259427315597
7950.0 0.5335335460031059
7970.0 0.5365372870030439
7990.0 0.5343885564612989
8010.0 0.5327122148739668
8030.0 0.5312391305751542
8050.0 0.5297283210947547
8070.0 0.527952532152898
8090.0 0.5221470791084825
8110.0 0.5212671873826437
8130.0 0.5217077114337568
8150.0 0.5183899162514715
8170.0 0.5169555096834245
8190.0 0.5130211978898224
8210.0 0.5111830364397607
8230.0 0.5107809213931683
8250.0 0.5112396181976138
8270.0 0.511205876321058
8290.0 0.5069648543693772
8310.0 0.5001522212220935
8330.0 0.49687954811316964
8350.0 0.49598026068702783
8370.0 0.49575025600268546
8390.0 0.49169126832695886
8410.0 0.4948090593037111
8430.0 0.4899802726568861
8450.0 0.48869360876137646
8470.0 0.48457273269740786
8490.0 0.48779620152184777
8510.0 0.47385046538029696
8530.0 0.4847890951271881
8550.0 0.45705052026821136
8570.0 0.48820130165652476
8590.0 0.47909673188074575
8610.0 0.4777104139054086
8630.0 0.48646380215936297
8650.0 0.4796750145159006
8670.0 0.45068248677246486
8690.0 0.47792729924505495
8710.0 0.48191342251983466
8730.0 0.4767416838727077
8750.0 0.4606638247277401
8770.0 0.4744946895735374
8790.0 0.4780575407757262
8810.0 0.4740571314082332
8830.0 0.47096509918219626
8850.0 0.4632995012019157
8870.0 0.45169679181687766
8890.0 0.468522526506505
8910.0 0.4713804486484493
8930.0 0.4665852263295951
8950.0 0.46289657512465454
8970.0 0.4579139710622934
8990.0 0.4519609395065483
9010.0 0.43722833613688084
9030.0 0.4520028751232833
9050.0 0.46026102947795156
9070.0 0.45463099045468663
9090.0 0.45057915410347565
9110.0 0.4529927557879435
9130.0 0.4524286229095329
9150.0 0.44970836651745394
9170.0 0.44971311041788736
9190.0 0.4496231285420752
9210.0 0.4399200560467524
9230.0 0.42594597997805445
9250.0 0.4356752300714737
9270.0 0.43854885682555633
9290.0 0.4348760056506279
9310.0 0.4275354445579247
9330.0 0.4261213404128643
9350.0 0.43013119158559737
9370.0 0.4328948842731901
9390.0 0.43745214060126386
9410.0 0.42693377880724304
9430.0 0.4247958643906391
9450.0 0.42462453451083604
9470.0 0.427642112737283
9490.0 0.42353144859696634
9510.0 0.41879999566413495
9530.0 0.4139980727491701
9550.0 0.4014246655694096
9570.0 0.41395912838320903
9590.0 0.4174684998850833
9610.0 0.41375800091528775
9630.0 0.4124114527658226
9650.0 0.41293552503424374
9670.0 0.41492378619824016
9690.0 0.41525112670392106
9710.0 0.4110513616721331
9730.0 0.40778955434843744
9750.0 0.4056486560354076
9770.0 0.4052278304854143
9790.0 0.4024187426448035
9810.0 0.4035180736098897
9830.0 0.4018942458108487
9850.0 0.40135721952116354
9870.0 0.3987303529574915
9890.0 0.3970150082293077
9910.0 0.3963726748539017
9930.0 0.39564914982128707
9950.0 0.3941131842947195
9970.0 0.3930806856877907
9990.0 0.3907523176874089
10025.0 0.3803538007488782
10075.0 0.3778192578067807
10125.0 0.37973265808879614
10175.0 0.3762931122750004
10225.0 0.37388885774359915
10275.0 0.37192722536427264
10325.0 0.3661308698298307
10375.0 0.36289555310776034
10425.0 0.3623018679816898
10475.0 0.3597589813462663
10525.0 0.3567472480110142
10575.0 0.3534261570381435
10625.0 0.3500227271215625
10675.0 0.3460381339303814
10725.0 0.3439474048849944
10775.0 0.3411474227120299
10825.0 0.33738594788608445
10875.0 0.3350966856092593
10925.0 0.32868684724553465
10975.0 0.32863544832091773
11025.0 0.32870444953917266
11075.0 0.3267647303777619
11125.0 0.32375057426611203
11175.0 0.32114003177032124
11225.0 0.31895744987081287
11275.0 0.31551324492961774
11325.0 0.3130442572372691
11375.0 0.31094665348532563
11425.0 0.30790902885305044
11475.0 0.30719371285763764
11525.0 0.3049814119625
11575.0 0.3023042388286197
11625.0 0.29881902788675374
11675.0 0.2971247762448296
11725.0 0.29615069831219565
11775.0 0.2929072090234809
11825.0 0.2906600394002516
11875.0 0.2881148616211599
11925.0 0.2878100496738557
11975.0 0.28372769976255796
12025.0 0.28329142612097624
12075.0 0.2810585291033313
12125.0 0.279560649776526
12175.0 0.27844584335531125
12225.0 0.27629974876879365
12275.0 0.2744878299698692
12325.0 0.2725910088434912
12375.0 0.27108766667030376
12425.0 0.26916074964534453
12475.0 0.26787649326474733
12525.0 0.2656972190490308
12575.0 0.2642886261763821
12625.0 0.26255503132547586
12675.0 0.2608793367436074
12725.0 0.25952198359502704
12775.0 0.2579716797175313
12825.0 0.2516652342519489
12875.0 0.2542893777393388
12925.0 0.2532222027925267
12975.0 0.2528839505379372
13025.0 0.25101158256903827
13075.0 0.2503539106870509
13125.0 0.2481656800284587
13175.0 0.24706118019278228
13225.0 0.2461588847675845
13275.0 0.24432311570942664
13325.0 0.24362918745486958
13375.0 0.24226577216656944
13425.0 0.24158134321346872
13475.0 0.24037925528982793
13525.0 0.2390018028412182
13575.0 0.2372483779309833
13625.0 0.2360265328832006
13675.0 0.23529895527807249
13725.0 0.2342598934975578
13775.0 0.23324651733427224
13825.0 0.2322622995863412
13875.0 0.2310570948535015
13925.0 0.2302864079777019
13975.0 0.22948811734657873
14025.0 0.2276495124911259
14075.0 0.22740651104416326
14125.0 0.22581340789266216
14175.0 0.22555409249295655
14225.0 0.22359273419036718
14275.0 0.22217669600011408
14325.0 0.2222982749384744
14375.0 0.22177703143614588
14425.0 0.2189926070571166
14475.0 0.21954738166244822
14525.0 0.2178500960669851
14570.0 0.21760321691223058
14620.0 0.21682834752919336
14675.0 0.21597417727530277
14725.0 0.21413467048447377
14775.0 0.2136043663384944
14825.0 0.2127226912697743
14875.0 0.21137418989240858
14925.0 0.21155546079634419
14975.0 0.21009998505898264
15025.0 0.20847159660920234
15075.0 0.20732659729233235
15125.0 0.20744804271801223
15175.0 0.20679777651351894
15225.0 0.20589084370946317
15275.0 0.20517700178385187
15325.0 0.20402141151157424
15375.0 0.20383200992054312
15425.0 0.20250265043277083
15475.0 0.2022010851806671
15525.0 0.2006249939129391
15575.0 0.19826706443780723
15625.0 0.19940238833058055
15675.0 0.1975362121993485
15725.0 0.1966962337473391
15775.0 0.19457601880681846
15825.0 0.1944852374907398
15875.0 0.19173418727976782
15925.0 0.19328664718633168
15975.0 0.19253112142751413
16050.0 0.19178210724072847
16150.0 0.1893132636176356
16250.0 0.18861160803307567
16350.0 0.18687860446535334
16450.0 0.18304435502361813
16550.0 0.18295600559175917
16650.0 0.1802015260089335
16750.0 0.17792847573809256
16850.0 0.17454350437652003
16950.0 0.17456248075315153
17050.0 0.1716178536696332
17150.0 0.17004225559370198
17250.0 0.16743385451467827
17350.0 0.16399663877337806
17450.0 0.16333946346762623
17550.0 0.16146371624836006
17650.0 0.15967760117570215
17750.0 0.15758857967465306
17850.0 0.1559514064193019
17950.0 0.15403207419010312
18050.0 0.15187217692723098
18150.0 0.14927562277155804
18250.0 0.14812628237310135
18350.0 0.14662117520081935
18450.0 0.1447029453156977
18550.0 0.14328203017243202
18650.0 0.14120253541371028
18750.0 0.1385708488682362
18850.0 0.13815072530023362
18950.0 0.13586055679495762
19050.0 0.1353493062009393
19150.0 0.13364218185734159
19250.0 0.13216888604147037
19350.0 0.1302865765307431
19450.0 0.12804554079292788
19550.0 0.12770024334486738
19650.0 0.12628097345141892
19750.0 0.12477237511301642
19850.0 0.12356502541397053
19950.0 0.12227485366953993
20050.0 0.1213195229706018
20150.0 0.12045394249405844
20250.0 0.1195990809734821
20350.0 0.11876076824929183
20450.0 0.1179458588107102
20550.0 0.1171543723863899
20650.0 0.11636205942775356
20750.0 0.11556894591180315
20850.0 0.1147884732474385
20950.0 0.11404832797688458
21050.0 0.11333510379056858
21150.0 0.1126211596844979
21250.0 0.11190650552012933
21350.0 0.11119115097968452
21450.0 0.11050722317027546
21550.0 0.10986282668003242
21650.0 0.10922587761855355
21750.0 0.10858831274817338
21850.0 0.10795013067654763
21950.0 0.10731578947376656
22050.0 0.10671643411330328
22150.0 0.10614765249294025
22250.0 0.10557832156699264
22350.0 0.10500844843348744
22450.0 0.10443804975372473
22550.0 0.10387643824648979
22650.0 0.10334535462094833
22750.0 0.10283551775566142
22850.0 0.10232520719255307
22950.0 0.10181441925534163
23050.0 0.10130316955748195
23150.0 0.10080024474613421
23250.0 0.10032414441806688
23350.0 0.09986611304621394
23450.0 0.0994076578923656
23550.0 0.09894879865050654
23650.0 0.09848954037282717
23750.0 0.09803426018256076
23850.0 0.09760240685002132
23950.0 0.09718961222519051
24050.0 0.09677645384378299
24150.0 0.09636293610632161
24250.0 0.09594906334265133
24350.0 0.09553483494905965
24450.0 0.09513875306161852
24550.0 0.09476326173641597
24650.0 0.09438987232246462
24750.0 0.09401616568224685
24850.0 0.09364214554811146
24950.0 0.09326781559409829
25050.0 0.09290090047689267
25150.0 0.09255214203948603
25250.0 0.09221384035491015
25350.0 0.0918752671973235
25450.0 0.09153641117964802
25550.0 0.09119728035848289
25650.0 0.09085787786876112
25750.0 0.09053084074572465
25850.0 0.0902197456642082
25950.0 0.08991196109579651
26050.0 0.0896039289346761
26150.0 0.08929565195269111
26250.0 0.08898712799796014
26350.0 0.08867836952480213
26450.0 0.08838308936579839
26550.0 0.08810177624786703
26650.0 0.08782073496061066
26750.0 0.0875394648430357
26850.0 0.08725797805547841
26950.0 0.08697628184191905
27050.0 0.08669436874739213
27150.0 0.08642446185195328
27250.0 0.08616693158346582
27350.0 0.08590957133852088
27450.0 0.08565201644733803
27550.0 0.08539426898088694
27650.0 0.08513633098086718
27750.0 0.08487820935539847
27850.0 0.08462860623300153
27950.0 0.0843898243724061
28050.0 0.0841531631289413
28150.0 0.0839163232229732
28250.0 0.08367931135531147
28350.0 0.08344212440524769
28450.0 0.08320476902583576
28550.0 0.0829713347119485
28650.0 0.08274743311571889
28750.0 0.08252897152749332
28850.0 0.08231034434663709
28950.0 0.08209156786100005
29050.0 0.08187263872557132
29150.0 0.08165356338316976
29250.0 0.08143433353924932
29350.0 0.08122229689368418
29450.0 0.08101869985165308
29550.0 0.08081618941663095
29650.0 0.08061353524639868
29750.0 0.08041074852929195
29850.0 0.08020783061964996
29950.0 0.08000477303110826
30050.0 0.07980225496048769
30150.0 0.07960704300788572
30250.0 0.07941847329000576
30350.0 0.07922978295513582
30450.0 0.07904096338662012
30550.0 0.0788520256091435
30650.0 0.07866296097256811
30750.0 0.07847377064018383
30850.0 0.07828525731642996
30950.0 0.07810321605494727
31050.0 0.077926858634358
31150.0 0.07775036368606654
31250.0 0.07756375908230856
31350.0 0.07737715447855059
31450.0 0.07719054987479262
31550.0 0.07700395019048535
31650.0 0.07681735050617808
31750.0 0.07663610810367753
31850.0 0.07646059194178581
31950.0 0.07628543489979482
32100.0 0.07602270179653367
32300.0 0.07567238771255168
32500.0 0.07532207362856969
32700.0 0.07498729516988212
32900.0 0.07465720002825606
33100.0 0.07432709504772861
33300.0 0.07399699990610256
33500.0 0.07367481524119386
33700.0 0.07336199721040819
33900.0 0.07304916934072116
34100.0 0.07273635130993548
34300.0 0.07242403506312071
34500.0 0.072126437812785
34700.0 0.07182884056244929
34900.0 0.07153122363431078
35100.0 0.07123362638397507
35300.0 0.07094247361404962
35500.0 0.07065797194146367
35700.0 0.0703734801077791
35900.0 0.07008898827409452
36100.0 0.06980449644040995
36300.0 0.06953010915845265
36500.0 0.06925783724029413
36700.0 0.06898555548323425
36900.0 0.06871326388727296
37100.0 0.06844147407528255
37300.0 0.06818068415504588
37500.0 0.06791987455700643
37700.0 0.06765908463676977
37900.0 0.0673982848776317
38100.0 0.06713892159809655
38300.0 0.06688917092521919
38500.0 0.0666394399301446
38700.0 0.06638968925726722
38900.0 0.06613994842329124
39100.0 0.06589108325153895
39300.0 0.06565153551940274
39500.0 0.06541199762616792
39700.0 0.06517244005513033
39900.0 0.06493289232299414
40100.0 0.06469333475195654
40300.0 0.06446301590932393
40500.0 0.06423358256781637
40700.0 0.06400416890411162
40900.0 0.06377473556260407
41100.0 0.06354531205999793
41300.0 0.06332133930876169
41500.0 0.06310102662884245
41700.0 0.06288071394892321
41900.0 0.06266040126900396
42100.0 0.06244009842798612
42300.0 0.06222108448305032
42500.0 0.06200993182032492
42700.0 0.06179876931869815
42900.0 0.061587626494874155
43100.0 0.06137646399324737
43300.0 0.061165311330521985
43500.0 0.06095873375694283
43700.0 0.06075598351600428
43900.0 0.06055324311396713
44100.0 0.060350502711929974
44300.0 0.06014775247099143
44500.0 0.05994501206895428
44700.0 0.05974871614732741
44900.0 0.0595540830000354
45100.0 0.05935944001384202
45300.0 0.05916480686655001
45500.0 0.05897016388035662
45700.0 0.058775530733064615
45900.0 0.05858776513894266
46100.0 0.05840080633473466
46300.0 0.058213837691625275
46500.0 0.05802687888741728
46700.0 0.05783992008320928
46900.0 0.057652951440099895
47100.0 0.0574721321103591
47300.0 0.05729248360988369
47500.0 0.057112835109408275
47700.0 0.05693317677003147
47900.0 0.05675352826955605
48100.0 0.05657387976908064
48300.0 0.05639859974082227
48500.0 0.05622595653813636
48700.0 0.05605330349654905
48900.0 0.05588066029386314
49100.0 0.05570801709117723
49300.0 0.055535373888491314
49500.0 0.05536435410453471
49700.0 0.05519847022710356
49900.0 0.05503257651077101
50100.0 0.05486668279443846
50300.0 0.05470078907810591
50500.0 0.05453488552287198
50700.0 0.05436900164544082
50900.0 0.05420741736791699
51100.0 0.05404775167616415
51300.0 0.0538880958233127
51500.0 0.05372843013155987
51700.0 0.053568764439807036
51900.0 0.0534090987480542
52100.0 0.05324944289520275
52300.0 0.05309568054428376
52500.0 0.05294210513249118
52700.0 0.0527885297206986
52900.0 0.052634954308906017
53100.0 0.05248137889711344
53300.0 0.05232780348532085
53500.0 0.05217462162958386
53700.0 0.05202693971972374
53900.0 0.05187924797096223
54100.0 0.05173155622220072
54300.0 0.051583864473439205
54500.0 0.05143618256357908
54700.0 0.05128849081481757
54900.0 0.05114079906605606
55100.0 0.0509984301629464
55300.0 0.05085614980994925
55500.0 0.05071387929585349
55700.0 0.05057158910395495
55900.0 0.050429308750957795
56100.0 0.050287038236862036
56300.0 0.05014475788386489
56500.0 0.05000624583010001
56700.0 0.04986927848385332
56900.0 0.04973230129870525
57100.0 0.049595324113557174
57300.0 0.04945834692840909
57500.0 0.04932137958216241
57700.0 0.04918440239701433
57900.0 0.04904867475234275
58100.0 0.04891674492360762
58300.0 0.04878481509487248
58500.0 0.04865288526613735
58700.0 0.04852095543740221
58900.0 0.04838902560866708
59100.0 0.048257095779931945
59300.0 0.04812516595119681
59500.0 0.047996020531554974
59700.0 0.04786887240889525
59900.0 0.047741724286235535
60100.0 0.04761457616357582
60300.0 0.04748743787981749
60500.0 0.047360279918256386
60700.0 0.04723314163449805
60900.0 0.04710599351183834
61100.0 0.04698214142114419
61300.0 0.04685958806543348
61500.0 0.04673702487082139
61700.0 0.04661447151511068
61900.0 0.04649191815939998
62100.0 0.04636936480368927
62300.0 0.04624681144797856
62500.0 0.04612425809226786
62700.0 0.04600453834015741
62900.0 0.04588638297336792
63100.0 0.04576822760657843
63300.0 0.04565007223978894
63500.0 0.04553192671190084
63700.0 0.045413771345111355
63900.0 0.045295615978321865
64200.0 0.04511838784758833
64600.0 0.04488984984610726
65000.0 0.04466191201761096
65400.0 0.04443396435021327
65800.0 0.04420602652171697
66200.0 0.043983519766787806
66600.0 0.04376363999852972
67000.0 0.04354375039137023
67400.0 0.04332387062311214
67800.0 0.04310635219118758
68200.0 0.04289414676601349
68600.0 0.04268195117974079
69000.0 0.0424697457545667
69400.0 0.0422575403293926
69800.0 0.04205141534527737
70200.0 0.04184656941834281
70600.0 0.04164172349140825
71000.0 0.041436877564473694
71400.0 0.04123362553956427
71800.0 0.041035834104926165
72200.0 0.04083804267028805
72600.0 0.04064025123564994
73000.0 0.04044246963991322
73400.0 0.040248092304057355
73800.0 0.040057060194674005
74200.0 0.039866037924192035
74600.0 0.03967501565371007
75000.0 0.03948398354432672
75400.0 0.039297201840343736
75800.0 0.03911265356697623
76200.0 0.038928105293608725
76600.0 0.03874355702024121
77000.0 0.0385590087468737
77400.0 0.03837868136220239
77800.0 0.03820036111341459
78200.0 0.038022031025725406
78600.0 0.03784370093803622
79000.0 0.03766538068924842
79400.0 0.03749046470034147
79800.0 0.037318106825795866
80200.0 0.03714574895125025
80600.0 0.03697339107670464
81000.0 0.03680104304106042
81400.0 0.03663055455777886
81800.0 0.03646391308494069
82200.0 0.03629727161210253
82600.0 0.03613063997816575
83000.0 0.03596399850532758
83400.0 0.03579735703248941
83800.0 0.035635930177387816
84200.0 0.03547481816713068
84600.0 0.03531369631797216
85000.0 0.03515256462991226
85400.0 0.03499144278075374
85800.0 0.034832554362210694
86200.0 0.03467673568090125
86600.0 0.034520907160690416
87000.0 0.03436508847938097
87400.0 0.034209269798071526
87800.0 0.034053451116762085
88200.0 0.03390144992919186
88600.0 0.03375073763770369
89000.0 0.03360000566841275
89400.0 0.0334492835380232
89800.0 0.03329857124653503
90200.0 0.03314783927724409
90600.0 0.03300167255819799
91000.0 0.03285586003960192
91400.0 0.03271004752100584
91800.0 0.03256423500240977
92200.0 0.03241841264491232
92600.0 0.03227260012631625
93000.0 0.032131303663458066
93400.0 0.03199023349533186
93800.0 0.03184916332720565
94200.0 0.03170809315907944
94600.0 0.03156702299095322
95000.0 0.03142594298392562
95400.0 0.03128861159832752
95800.0 0.03115209684154476
96200.0 0.031015582084762003
96600.0 0.030879067327979248
97000.0 0.030742552571196485
97400.0 0.030606037814413727
97800.0 0.03047183519945756
98200.0 0.0303397381093988
98600.0 0.03020763118043865
99000.0 0.03007553409037989
99400.0 0.02994343700032113
99800.0 0.029811339910262365
100200.0 0.02967949863163974
100400.00000000009 0.029615575289310518
100748.43066198383 0.02950422816776526
101098.07052641988 0.02939249462439461
101448.92378975474 0.029280363479249175
101800.9946629978 0.029167853064429924
102154.28737177301 0.02905494235176192
102508.80615636887 0.02894164966398947
102864.55527178946 0.02882842746410604
103221.53898780573 0.02871790161537631
103579.76158900595 0.0286071006445518
103939.22737484834 0.028495918972674523
104299.94065971187 0.02838435352542901
104661.9057729482 0.02827239486442041
105025.12705893395 0.028160050097365927
105389.60887712192 0.028047320297955716
105755.35560209466 0.027936228664523045
106122.37162361621 0.027826426945976063
106490.66134668495 0.027716244134663587
106860.22919158668 0.027605674995021104
107231.07959394684 0.027494723157926164
107603.217004785 0.027383386056728413
107976.64589056744 0.02727166560283774
108351.370733261 0.02715982527609143
108727.39603038708 0.02705105063212752
109104.72629507471 0.026942162094371103
109483.36605611602 0.02683288675986318
109863.31985801981 0.026723231761027075
110244.59226106624 0.02661320608579695
110627.1878413618 0.02650278873582019
111011.11119089334 0.026391996970547955
111396.36691758451 0.026282760485179704
111782.95964535022 0.026175477584034774
112170.89401415233 0.026067815817430312
112560.17468005554 0.025959784622728133
112950.80631528242 0.025851376457030378
113342.79360827077 0.02574259231323621
113736.1412637291 0.025633432011540933
114130.85400269323 0.025524008622851486
114526.93656258319 0.02541811926844137
114924.39369725919 0.02531238806370289
115323.23017708007 0.025206289892611467
115723.45078895958 0.025099823481637945
116125.06033642414 0.024992987552833447
116528.06363967061 0.02488578082381403
116932.46553562334 0.02477820200774551
117338.27087799355 0.02467194367500987
117745.48453733666 0.02456830068702264
118154.11140111096 0.02446429191928215
118564.15637373661 0.02435992219692211
118975.62437665339 0.024255200106178144
119388.52034838134 0.0241501047122342
119802.84924457902 0.024044644592616123
120218.61603810318 0.023938839310154024
120635.82571906883 0.023836649129721735
121054.48329490799 0.023735020338801097
121474.59379043133 0.023633038886937022
121896.16224788758 0.02353070355024616
122319.19372702412 0.02342802105104733
122743.69330514787 0.02332497184555929
123169.6660771864 0.023221564913104956
123597.11715574806 0.023119142705230262
124026.0516711849 0.023020009164273263
124456.47477165324 0.022920521748903907
124888.39162317566 0.022820698942975576
125321.80740970328 0.022720527563884353
125756.72733317701 0.022620003007306762
126193.15661359143 0.02251913730779379
126631.1004890565 0.022417911722542243
127070.56421586059 0.022320036917496015
127511.55306853396 0.022223237266907534
127954.0723399109 0.02212611151930084
128398.12734119488 0.0220286388310327
128843.72340202122 0.021930827871118167
129290.86587052139 0.021832687304512266
129739.56011338736 0.021734196275391724
130189.81151593504 0.02163628243306427
130641.62548217046 0.021542237252228563
131095.00743485359 0.021447876657269684
131549.96281556363 0.021353193404307226
132006.49708476473 0.021258182087287563
132464.61572187033 0.021162841074770834
132924.3242253105 0.021067169222573526
133385.628112597 0.02097116538254137
133848.53292038973 0.020878107979226224
134313.04420456337 0.020786656662030834
134779.167540273 0.020694887969905332
135246.90852202274 0.02060280602504194
135716.27276373174 0.020510394051337897
136187.2658988018 0.020417676449465124
136659.8935801853 0.020324627205069654
137134.16148045196 0.020231687157361653
137610.07529185852 0.020143209161219987
138087.64072641605 0.020054422054509
138566.86351595866 0.019965334323893615
139047.7494122127 0.019875938709524945
139530.30418686455 0.01978622308377741
140014.53363163173 0.019696204618073768
140500.44355833106 0.019605866844294325
140988.03979894897 0.01951799945313034
141477.32820571162 0.019432233751619732
141968.3146511539 0.019346178996456204
142461.00502819192 0.01925982549229034
142955.40525019236 0.01917316781470272
143451.52125104374 0.01908621331643333
143949.35898522806 0.01899895711739652
144448.924427891 0.01891162441099465
144950.2235749154 0.018828653941711248
145453.2624429921 0.018745688102403162
145958.04706969234 0.01866243357377967
146464.58351354074 0.018578891754017206
146972.87785408652 0.01849506418481913
147482.9361919785 0.018410935893579693
147994.76464903704 0.01832652554861357
148508.36936832778 0.01824406018627586
149023.7565142358 0.018164174726401482
149540.9322725382 0.018084012098326795
150059.90285048028 0.018003571340160306
150580.6744768489 0.017922851486672418
151103.25340204738 0.01784185124918475
151627.64589817091 0.01776056789600091
152153.85825908065 0.017679007651668136
152681.89680048096 0.017601682081264728
153211.76785999417 0.017524628781510093
153743.47779723676 0.017447308074063812
154277.0329938962 0.01736971903090751
154812.43985380605 0.017291861944747317
155349.70480302497 0.01721374204817898
155888.8342899124 0.017135342397520827
156429.8347852063 0.017058402753186035
156972.71278210124 0.016984459163982165
157517.47479632485 0.01691025902739402
158064.1273662182 0.016835801453093123
158612.67705281274 0.01676109413927988
159163.1304399096 0.01668612025348088
159715.49413415877 0.016610884993119218
160269.77476513712 0.0165353887027255
160825.97898542997 0.016463569786446766
161384.11347070962 0.01639249256539621
161944.18491981577 0.016321165612932422
162506.2000548363 0.016249592762410052
163070.1656211866 0.016177771591974
163636.0883876925 0.01610570123984861
164203.97514667013 0.016033380450156773
164773.83271400793 0.015962017330420308
165345.66792924836 0.01589399620616662
165919.48765567035 0.015825740937079405
166495.29878037024 0.01575725479071031
167073.10821434658 0.01568852301929093
167652.9228925817 0.015619552719419208
168234.74977412526 0.015550343063300057
168818.59584217807 0.015480903059166952
169404.46810417465 0.015414534436944523
169992.37359186928 0.015349335039811642
170582.3193614191 0.015283909407211341
171174.31249346913 0.015218256754010414
171768.3600932375 0.015152376292350875
172364.46929059955 0.01508626723164065
172962.64724017525 0.015019928778543851
173562.90112141386 0.014954098673193663
174165.23813868032 0.014891931424117889
174769.6655213422 0.014829545443692223
175376.19052385495 0.01476693909802071
175984.8204258511 0.014704122359836376
176595.5625322263 0.014641087620878445
177208.42417322725 0.014577834124591597
177823.4127045401 0.014514361111794912
178440.53550737724 0.014453422676416638
179059.79998856818 0.014394017075311677
179681.21358064678 0.014334415150429639
180304.7837419411 0.014274596508495638
180930.51795666298 0.014214580109357333
181558.42373499667 0.01415435539366671
182188.508613191 0.01409391179957539
182820.7801536484 0.01403354914176754
183455.24594501613 0.013977070276737238
184091.9136022776 0.013920403364039227
184730.79076684228 0.013863536900182763
185371.88510663982 0.013806469452672226
186015.20431621035 0.013749209430572527
186660.7561167974 0.013691747847778355
187308.54825644082 0.013634086780584934
187958.58851006837 0.01357845739492631
188610.8846795912 0.013524710241966503
189265.44459399607 0.01347077666598318
189922.27610943964 0.013416656020009238
190581.38710934314 0.013362349486136245
191242.78550448545 0.013307856548264786
191906.4792331004 0.013253165158747056
192572.47626097052 0.013198328080490292
193240.7845815229 0.01314727455831302
193911.41221592567 0.013096195471117945
194584.36721318262 0.013044946741262291
195259.65765023217 0.012993521283270814
195937.29163204285 0.012941907518187001
196617.27729171072 0.012890124504453176
197299.62279055765 0.012838151979869898
197984.33631822755 0.012787726777036896
198671.42609278703 0.012739458888077038
199360.90036082253 0.01269102348903249
200052.7673975396 0.012642415351402904
200747.03550686277 0.012593637994445754
201443.7130215334 0.01254469656908324
202142.80830321225 0.012495585296178516
202844.3297425782 0.012446303586288444
203548.28575942936 0.012400319285806495
204254.6848027845 0.012354666372929835
204963.53535098286 0.012308845152000116
205674.84591178835 0.012262864911963413
206388.62502249 0.01221673493985724
207104.88125000495 0.012170435004099749
207823.62319098154 0.01212397438789137
208544.8594719008 0.012078628370604883
209268.59874918268 0.012035695375559251
209994.84970928813 0.011992607940727706
210723.62106882382 0.011949380813089964
211454.9215746472 0.011905993795904658
212188.76000396966 0.011862466046235115
212925.1451644646 0.01181877736373184
213664.08589437135 0.011774946901837472
214405.5910626017 0.011733894826436627
215149.66956884676 0.011693503053167952
215896.33034368197 0.011652980512839967
216645.5823486771 0.011612308124102048
217397.43457650184 0.01157150374078738
218151.8960510343 0.011530548313282053
218908.9758274697 0.011489460270366068
219668.68299242735 0.01144907536111123
220431.02666406232 0.011411324462281073
221196.01599217302 0.011373445712023936
221963.66015831166 0.011335425735796906
222733.96837589474 0.011297283755433787
223506.94989031187 0.011258999635580483
224282.61397903945 0.011220592594900488
225060.96995175022 0.011182042494858355
225842.02715042542 0.011145811869798326
226625.79494946744 0.011110548491677244
227412.28275581042 0.011075166679139097
228201.50000903595 0.011039661871805986
228993.45618148448 0.011004023803932322
229788.16077836952 0.01096827172499535
230585.62333789226 0.010932395366281652
231385.85343135396 0.010896884032820147
232188.8606632739 0.010864184936585261
232994.65467150253 0.010831382165348156
233803.24512733784 0.010798455966649452
234614.64173564175 0.010765424665128647
235428.8542349548 0.010732278983058514
236245.89239761574 0.010699008364195605
237065.76602987712 0.010665632086904105
237888.48497202326 0.010634138818952478
238714.05909848903 0.010603892700445074
239542.4983179762 0.010573547375023582
240373.81257357553 0.010543095345063803
241208.01184288395 0.010512533540177164
242045.10613812497 0.01048186577527675
242885.10550626923 0.010451101521537654
243728.0200291531 0.010420371930594046
244573.85982360275 0.010392475674694911
245422.63504155353 0.010364487361387884
246274.3558701723 0.010336404531717839
247129.0325319802 0.01030822427684103
247986.67528497343 0.010279937730754809
248847.29442274923 0.010251560298964981
249710.90027462755 0.010223085735129185
250577.5032057754 0.010195917391814309
251447.1136173319 0.010170066185993375
252319.741946531 0.010144125578377045
253195.39866682977 0.010118089032595598
254074.09428803218 0.01009196279693306
254955.83935641564 0.010065750692802477
255840.64445485763 0.01003944037445929
256728.52020296326 0.010013073909995191
257619.47725719062 0.009988952773577971
258513.52631098175 0.009964897750027488
259410.67809488898 0.009940752209302482
260310.94337670426 0.009916530470751445
261214.33296158884 0.009892217127307317
262120.8576922009 0.009867826283245012
263030.5284488288 0.009843345201726365
263943.3561495196 0.009819710383825203
264859.35175021074 0.009797334138298412
265778.5262448618 0.00977488427924816
266700.8906655845 0.00975235635826315
267626.45608277834 0.009729759680137423
268555.23360526125 0.00970707455780991
269487.23438040353 0.009684310469452371
270422.46959426196 0.009661469351780342
271360.9504717122 0.00964030564394935
272302.6882765867 0.009619345562348992
273247.69431180746 0.00959831280864946
274195.97991952254 0.009577216969549074
275147.55648124265 0.00955603811416673
276102.4354179754 0.009534785827447234
277060.6281903659 0.009513459854552637
278022.1462988321 0.009492632640533209
278987.001283703 0.009472981896516497
279955.20472535834 0.009453262956068036
280926.7682443648 0.009433478216218424
281901.7035016192 0.009413629209667745
282880.0221984859 0.009393704424218116
283861.73607693805 0.00937371032310903
284846.856919699 0.009353646833973184
285835.39655038144 0.009334773266712903
286827.3668336328 0.009316219621994418
287822.7796752752 0.009297601622390112
288821.64702244906 0.009278926753633381
289823.9808637571 0.009260181503295134
290829.79322940577 0.009241369095897551
291839.0961913531 0.009222491435597698
292851.90186345164 0.009203870867072484
293868.22240159387 0.00918632571341058
294888.0700038592 0.009168723416253747
295911.45691065746 0.009151062178409837
296938.39540488017 0.00913333220462554
297968.8978120446 0.009115542799991713
299002.9765004432 0.009097695244489919
300040.643881292 0.009079785545515725
301081.9124088775 0.009062675853466668
302126.7945807098 0.009045938328245769
303175.3029376698 0.009029132809508515
304227.45006416074 0.009012271635119815
305283.2485882598 0.008995356339105184
306342.71118186694 0.008978379345102696
307405.8505608609 0.008961344819267438
308472.6794852493 0.008944393017893819
309543.21075932245 0.00892840276120342
310617.4572318076 0.00891234710433599
311695.4317960206 0.0088962356933717
312777.1473900245 0.008880068334820128
313862.6169967824 0.008863850995343944
314951.8536443137 0.008847574836535114
316044.87040585116 0.00883123846755266
317141.68039999536 0.008815437357695393
318242.2967908759 0.008800007025933202
319346.7327883069 0.008784521813708993
320455.0016479461 0.0
321567.116671454 0.0
322683.09120665427 0.0
323802.93864769104 0.0
324926.672435194 0.0
326054.30605643673 0.0
327185.8530454994 0.0
328321.326983432 0.0
329460.74149841425 0.0
330604.11026592366 0.0
331751.4470088968 0.0
332902.76549789455 0.0
334058.07955126825 0.0
335217.40303532267 0.0
336380.74986448674 0.0
337548.13400147745 0.0
338719.56945746863 0.0
339895.07029225933 0.0
341074.65061444003 0.0
342258.32458156615 0.0
343446.10640032514 0.0
344638.0103267076 0.0
345834.0506661794 0.0
347034.2417738501 0.0
348238.5980546498 0.0
349447.1339634991 0.0
350659.8640054834 0.0
351876.8027360276 0.0
353097.96476106776 0.0
354323.3647372312 0.0
355553.01737200917 0.0
356786.93742393394 0.0
358025.13970275706 0.0
359267.6390696242 0.0
360514.4504372573 0.0
361765.5887701314 0.0
363021.06908465445 0.0
364280.90644934855 0.0
365545.1159850277 0.0
366813.7128649837 0.0
368086.7123151656 0.0
369364.1296143627 0.0
370645.98009438923 0.0
371932.2791402647 0.0
373223.04219040385 0.0
374518.28473679814 0.0
375818.0223252031 0.0
377122.2705553253 0.0
378431.04508100665 0.0
379744.36161041673 0.0
381062.23590623855 0.0
382384.6837858583 0.0
383711.7211215558 0.0
385043.36384069227 0.0
386379.62792590604 0.0
387720.529415301 0.0
389066.08440264023 0.0
390416.3090375398 0.0
391771.21952565934 0.0
393130.8321289014 0.0
394495.16316560353 0.0
395864.22901073477 0.0
397238.0460960931 0.0
398616.63091049937 0.0
400000.0000000001 0.0
