91.0 0.0
94.0 0.0
96.0 0.0
98.0 0.0
100.0 0.0
102.0 0.0
104.0 1.0128021307046339e-15
106.0 1.714687278157912e-15
108.0 2.9310498118745574e-15
110.0 5.412089890143379e-15
114.0 1.2381810316918412e-14
118.0 2.679354271337981e-14
121.0 1.4364344596818147e-13
125.0 2.8089564359719156e-13
127.0 3.718264567834307e-13
128.0 4.435733251331259e-13
131.0 6.683457619440646e-13
132.0 8.344704135026781e-13
134.0 1.1007519281858833e-12
137.0 1.8129185462471933e-12
140.0 2.6981723801555156e-12
143.0 9.981499113621275e-12
147.0 3.294633877929899e-11
151.0 4.784353414228249e-11
155.0 7.127991255010048e-11
159.0 1.0437468808109788e-10
162.0 1.3267641261382232e-10
166.0 1.9308771283996004e-10
170.0 2.6948958334272935e-10
173.0 3.3897859708367685e-10
177.0 4.5698198851643175e-10
180.0 5.731458448477903e-10
182.0 6.578440378275175e-10
186.0 8.564136296274904e-10
191.0 1.2091694756438237e-09
194.0 1.4694537515826822e-09
198.0 1.8696025945311316e-09
202.0 2.4266587732973e-09
205.0 2.850977716116546e-09
210.0 3.6481909951434095e-09
216.0 5.301633946904704e-09
220.0 6.5316214540412946e-09
223.0 7.494370062467655e-09
227.0 9.135152279978994e-09
230.0 1.5182064563728802e-08
234.0 2.835927498175037e-08
240.0 4.330253570362075e-08
246.0 4.988728076203028e-08
252.0 6.490742173278469e-08
257.0 6.434181912008612e-08
260.0 8.141773870219459e-08
264.0 9.570861481693856e-08
269.0 1.1141088102192752e-07
274.0 1.276263684325893e-07
279.0 1.4522033207361562e-07
284.0 1.6796965232232192e-07
290.0 1.8747808707006903e-07
296.0 2.189915669052146e-07
301.0 2.396496982758422e-07
308.0 2.8442391113634684e-07
318.0 3.637383058364513e-07
328.0 4.4173627676427156e-07
338.0 5.28780482940425e-07
348.0 6.2148426519136e-07
357.0 7.267438276763678e-07
366.0 8.618219125580538e-07
375.0 9.74382555320134e-07
385.0 1.0876536987471908e-06
395.0 1.2794033442346616e-06
405.0 1.4901736389129637e-06
414.0 1.6474001390019108e-06
422.0 1.7850897886922598e-06
430.0 1.9418911470075184e-06
441.0 2.21071609592663e-06
451.0 2.4221742774174628e-06
460.0 2.596912000407855e-06
470.0 2.8545035726378486e-06
480.0 3.151991326709493e-06
490.0 3.362414170167094e-06
500.0 3.718618454837279e-06
506.0 4.02088377764434e-06
512.0 5.727597655055497e-06
520.0 6.182094582860528e-06
530.0 6.782360104908978e-06
540.0 7.124492747580327e-06
550.0 9.17198985399627e-06
560.0 1.10414832869915e-05
570.0 1.2885058897467357e-05
580.0 1.3475192458746443e-05
590.0 1.663387886510903e-05
600.0 1.83669643234292e-05
610.0 2.1852690276175863e-05
620.0 2.6555356952605002e-05
630.0 3.0131799510834694e-05
640.0 3.225071121703968e-05
650.0 3.822174261695757e-05
658.0 4.289323085786258e-05
665.0 4.661358606134079e-05
675.0 4.9576653592366414e-05
685.0 5.158513936777905e-05
695.0 6.978491150172335e-05
705.0 7.073045853381562e-05
716.0 8.781460711954509e-05
726.0 9.593822906204368e-05
735.0 0.00010487514547359374
745.0 0.00012384576277075685
755.0 0.00013801172573682267
765.0 0.00015196089518565298
775.0 0.00017552412081322125
785.0 0.0001960529548563368
795.0 0.00021444172338853525
805.0 0.00023154063287694898
815.0 0.0002514016823682842
825.0 0.0002831860254542748
835.0 0.0002459654574288363
845.0 0.0003224296476308367
855.0 0.0003474879370940991
865.0 0.00038810922924857757
875.0 0.0004330336824286415
885.0 0.0004903355234552294
895.0 0.0005350961761329936
905.0 0.0005515264134838705
915.0 0.0014278672275901585
925.0 0.007343411118398634
935.0 0.016174095258865193
945.0 0.03471657278635591
955.0 0.04971609086438116
965.0 0.056584940991482584
975.0 0.00869358533828117
985.0 0.05038829641213919
995.0 0.05537697835114246
1005.0 0.08614292987963298
1015.0 0.08098240291565993
1025.0 0.039425219902241244
1035.0 0.06061825315202162
1045.0 0.12524176265928166
1055.0 0.12430498361315225
1065.0 0.10201173326579946
1075.0 0.12131176442687155
1085.0 0.10229469083707468
1095.0 0.13687479018160165
1105.0 0.1339387585616595
1115.0 0.13028115098022028
1125.0 0.12145172467577839
1135.0 0.15942216035240292
1145.0 0.14755043284693936
1155.0 0.1594864454733868
1165.0 0.16592692255924718
1175.0 0.11818197316332217
1185.0 0.16839918156688935
1195.0 0.11341100368600493
1205.0 0.0830726640717491
1208.72 0.07456089384330393
1208.8 0.07437777029441027
1208.87 0.0742175161871091
1208.94 0.07405724248422627
1209.02 0.07387404855120094
1209.09 0.07371373287803709
1209.16 0.07355339762818619
1209.23 0.07339304280765643
1209.31 0.07320975619922815
1209.38 0.07304935946174516
1209.45 0.07288894317244791
1209.53 0.07270558633708979
1209.6 0.07254512817123955
1209.67 0.07238465047241578
1209.75 0.07220122347780447
1209.82 0.07204070394277898
1209.89 0.07188016489359901
1209.96 0.07171960633624856
1210.04 0.07153608696224953
1210.11 0.07137548662181205
1210.18 0.07121486679199203
1210.26 0.07103127741531176
1210.33 0.07087061584264295
1210.4 0.07070993479935789
1210.47 0.07054923429142392
1210.55 0.07036555274145675
1210.62 0.07020481054363967
1210.69 0.07004404889990892
1210.77 0.06986029750339347
1210.84 0.06969949420990497
1210.91 0.06953867148921641
1210.99 0.06935485031336876
1211.06 0.06919398598299872
1211.13 0.06903310224411952
1211.2 0.0688721991026746
1211.28 0.06868828604754143
1211.35 0.06852734134916806
1211.42 0.06836637726688895
1211.5 0.06818239458792978
1211.57 0.06802138898868645
1211.64 0.06786036402417579
1211.72 0.06767631178833679
1211.79 0.06751524534677722
1211.86 0.06735415955856658
1211.93 0.06719305442962291
1212.01 0.06700891060731887
1212.08 0.06684776405386783
1212.15 0.06668659817826979
1212.23 0.06650238495396701
1212.3 0.06634117769366461
1212.37 0.0661799511297792
1212.44 0.06601870526821199
1212.52 0.06583440066131861
1212.59 0.0656731134674409
1212.66 0.06551180699441524
1212.74 0.06532743313996872
1212.81 0.06516608537432358
1212.88 0.0650047183480417
1212.96 0.06482027531253143
1213.03 0.06465886703327291
1213.1 0.06449743951186696
1213.17 0.06433599275419111
1213.25 0.06415145862691247
1213.32 0.06398997066844275
1213.39 0.06382846349216226
1213.47 0.0636438603376436
1213.54 0.06348231200010053
1213.61 0.06332074446318381
1213.69 0.06313607234764608
1213.76 0.06297446368894928
1213.83 0.06281283584929313
1213.9 0.06265118883453143
1213.98 0.06246642591687663
1214.05 0.062304737832307895
1214.12 0.06214303059101881
1214.2 0.061958198865548667
1214.27 0.06179645059382385
1214.34 0.06163468318374099
1214.41 0.06147289664113745
1214.49 0.061287974315215564
1214.56 0.06112614679400271
1214.63 0.06096430015860198
1214.71 0.06077930917763685
1214.78 0.06061742160288743
1214.85 0.06045551493226122
1214.93 0.06027045536202055
1215.0 0.06010850779125801
1215.07 0.059946541142906797
1215.14 0.059784555422780696
1215.22 0.0595994055397568
1215.29 0.059437378971111496
1215.36 0.05927533334895064
1215.44 0.05909011502880583
1215.51 0.05892802859722734
1215.58 0.05876592313036967
1215.66 0.05858063643860713
1215.73 0.05841849020138626
1215.8 0.058256324947100584
1215.87 0.05809414068154083
1215.95 0.05790876396350067
1216.02 0.05774653897898564
1216.09 0.05758429500138148
1216.17 0.05739885006326308
1216.24 0.057849924518049906
1216.31 0.05840328012247914
1216.38 0.05895669600258341
1216.46 0.05958924507751685
1216.53 0.06014279005794217
1216.6 0.06069639525634461
1216.68 0.06132916062443219
1216.75 0.06188289479959968
1216.82 0.06243668913511993
1216.9 0.0630696705893824
1216.97 0.06362359377826382
1217.04 0.06417757706994527
1217.11 0.06473162044612965
1217.19 0.06536488642545499
1217.26 0.06591905849256616
1217.33 0.06647329058672188
1217.41 0.06710677217340097
1217.48 0.06766113283543529
1217.55 0.06821555346712742
1217.63 0.06884925045503636
1217.7 0.0694037995317121
1217.77 0.0699584085207303
1217.84 0.0705130774038694
1217.92 0.07114705801526194
1217.99 0.07170185518162045
1218.06 0.07225671218487872
1218.14 0.07289090772065548
1218.21 0.07344589288459284
1218.28 0.07400093782827999
1218.35 0.07455604253354786
1218.43 0.07519052106514675
1218.5 0.07574575376979663
1218.57 0.07630104617897127
1218.65 0.07693573915948543
1218.72 0.07749115944585551
1218.79 0.07804663937976566
1218.87 0.07868154660451317
1218.94 0.07923715429358655
1219.01 0.07979282157328449
1219.08 0.08034854842551463
1219.16 0.08098373775082174
1219.23 0.08153959219758296
1219.3 0.08209550616005636
1219.38 0.08273090925609476
1219.45 0.08328695069141784
1219.52 0.08384305158570408
1219.6 0.08447866824863837
1219.67 0.08503489649424677
1219.74 0.08559118414213812
1219.81 0.0861475311742952
1219.89 0.086783429046227
1219.96 0.08733990326973855
1220.03 0.08789643682093087
1220.11 0.08853254778821373
1220.18 0.08908920840958465
1220.25 0.08964592830212027
1220.32 0.09020270744785543
1220.4 0.09083909900345424
1220.47 0.09139600505986342
1220.54 0.09195297031305104
1220.62 0.09258957449382112
1220.69 0.09314666653685785
1220.76 0.09370381772032059
1220.84 0.09434063432386185
1220.91 0.09489791217649807
1220.98 0.09545524911328027
1221.05 0.09601264511631778
1221.13 0.09664974142287495
1221.2 0.09720726393624242
1221.27 0.09776484545967788
1221.35 0.09840215372077324
1221.42 0.09895986163421466
1221.49 0.09951762850160549
1221.57 0.10015514851567815
1221.64 0.10071304165289974
1221.71 0.10127099368802402
1221.78 0.10182900460323455
1221.86 0.1024668034386923
1221.93 0.10302494046555091
1222.0 0.10358313631653986
1222.08 0.10422114643868631
1222.15 0.10477946828149683
1222.22 0.10533784889255379
1222.29 0.10589628825409247
1222.37 0.10653457658386327
1222.44 0.10709314177949984
1222.51 0.1076517656698246
1222.59 0.10829026482134896
1222.66 0.10884901442629324
1222.73 0.10940782267020398
1222.81 0.11004653244333885
1222.88 0.11060546628254032
1222.95 0.11116445870505653
1223.02 0.11172350969319671
1223.1 0.11236249679853601
1223.17 0.11292167322489872
1223.24 0.11348090816132372
1225.0 0.12696230252588192
1235.0 0.19218263908465788
1245.0 0.22329222316399264
1255.0 0.21681223578284503
1265.0 0.1875282675504694
1275.0 0.24298788591613643
1285.0 0.2675654529132339
1295.0 0.20991742012751374
1305.0 0.21061459990998532
1315.0 0.2720590723322882
1325.0 0.2629608041128012
1335.0 0.24140210972292453
1345.0 0.28543643109872663
1355.0 0.28350753128221157
1365.0 0.2546262139601938
1375.0 0.2727334869979849
1385.0 0.2752369224831624
1395.0 0.24884250013659692
1405.0 0.25761339895532104
1415.0 0.26569509974527206
1425.0 0.2773299861421214
1435.0 0.2785065955433465
1442.0 0.29798855042266886
1447.0 0.3041780173632444
1455.0 0.2989899641076
1465.0 0.27777199056145163
1475.0 0.27870560557097807
1485.0 0.2868732830689722
1495.0 0.29505039577632014
1505.0 0.28392535085628673
1512.0 0.2568345199240282
1517.0 0.2702618368093212
1525.0 0.26036139660917723
1535.0 0.23018022601727364
1545.0 0.25774488089193903
1555.0 0.2463897460997399
1565.0 0.2500804449993895
1575.0 0.2720641977653088
1585.0 0.28734005619564923
1595.0 0.2953289813776739
1605.0 0.29342171049526056
1615.0 0.29539294209713385
1625.0 0.2817167504615876
1635.0 0.29895958471572537
1645.0 0.30900532508900885
1655.0 0.2878510742778634
1665.0 0.30963939416026104
1672.0 0.28648295890249903
1677.0 0.31125484875560067
1685.0 0.3335649505462673
1695.0 0.3167723527870394
1705.0 0.30681096066679686
1715.0 0.2900229729922715
1725.0 0.2898129143294691
1735.0 0.3120532124787092
1745.0 0.30646306556645475
1755.0 0.3275868800499663
1765.0 0.30455278198938773
1775.0 0.31251352127667636
1785.0 0.3180918503406419
1795.0 0.34401850433616216
1805.0 0.3388971787344745
1815.0 0.31724669537151395
1825.0 0.3237581400421944
1835.0 0.31349190980169817
1845.0 0.2869875655192357
1855.0 0.2900362548902545
1865.0 0.29803364239149266
1875.0 0.32699943929355485
1885.0 0.29967627406851827
1895.0 0.2908832170233851
1905.0 0.3074604013073196
1915.0 0.2973826351540575
1925.0 0.2948205788939863
1935.0 0.3020095561602169
1945.0 0.3164733041357758
1955.0 0.2991282769936362
1967.0 0.3258164847680409
1976.0 0.33704192474113737
1984.0 0.3232770065148451
1995.0 0.3107714196902414
2005.0 0.3204171976322268
2015.0 0.3120672383907992
2025.0 0.3237055067707124
2035.0 0.3110063543721902
2045.0 0.31972509209220623
2055.0 0.309506789161437
2065.0 0.3098482570030068
2074.0 0.3302031500620635
2078.0 0.3212806416887625
2085.0 0.3270116172556718
2095.0 0.31012301339704645
2105.0 0.3132785649397915
2115.0 0.3168914985293744
2125.0 0.31775311371253345
2135.0 0.3000950348627209
2145.0 0.30894697078051464
2155.0 0.31654801107528785
2165.0 0.30867506840032594
2175.0 0.30509439668824306
2185.0 0.30365236421926756
2195.0 0.3133068360508784
2205.0 0.3036173083162836
2215.0 0.2902320453369815
2225.0 0.28536559919021975
2235.0 0.29967456544829085
2245.0 0.28672518608963216
2255.0 0.2773498485689703
2265.0 0.2841547245918499
2275.0 0.29409525806830916
2285.0 0.30300614774315776
2295.0 0.2905304932941997
2305.0 0.2904067371385369
2315.0 0.2823385599455022
2325.0 0.23096451519362915
2335.0 0.2643321701918514
2345.0 0.26108874682108446
2355.0 0.2815964876489016
2365.0 0.26369317114935775
2375.0 0.2700484724904796
2385.0 0.2592946074985969
2395.0 0.2723712767370793
2405.0 0.2647771595160627
2415.0 0.27181827910600165
2425.0 0.2868864747866553
2435.0 0.2818390969799366
2445.0 0.2967108533688728
2455.0 0.29418361468907966
2465.0 0.29458657389542453
2475.0 0.28812373208179787
2485.0 0.29514700604259186
2495.0 0.28330023741330873
2505.0 0.31111454791185045
2513.0 0.28636279401469855
2518.0 0.29361541750609405
2525.0 0.282845148678318
2535.0 0.28661137195227376
2545.0 0.2837137144894266
2555.0 0.30247067044631903
2565.0 0.2998028320384308
2575.0 0.31581487840449113
2585.0 0.31613147900558625
2595.0 0.31483943192906133
2605.0 0.3080875643353993
2615.0 0.3084534347168444
2625.0 0.3198538166986292
2635.0 0.3270598582031787
2645.0 0.3549731155624757
2655.0 0.35846253000020556
2665.0 0.33746579164022106
2675.0 0.34917090384097693
2685.0 0.3490003519063497
2695.0 0.3408086768395281
2705.0 0.3460724081749887
2715.0 0.3364736262217903
2725.0 0.34066845494566955
2735.0 0.3551157898857164
2745.0 0.3249499275322508
2755.0 0.3232272898450298
2765.0 0.33321083555710074
2775.0 0.3492318798183277
2785.0 0.33978942075519764
2795.0 0.2851173455400453
2805.0 0.3016685075700427
2815.0 0.36016441731397464
2825.0 0.37072979861902855
2835.0 0.3615737828133449
2845.0 0.35364970696975095
2855.0 0.3492190113797188
2865.0 0.3736766895754999
2875.0 0.3728920573961877
2885.0 0.3750586123723738
2895.0 0.3736421640577245
2910.0 0.3993120209528844
2930.0 0.3926446194372579
2950.0 0.3911874929483611
2970.0 0.4001154313906467
2990.0 0.40483083419327537
3010.0 0.41155540606016117
3030.0 0.415702463064829
3050.0 0.41842708354796654
3070.0 0.4228465838333906
3090.0 0.42817160469152554
3110.0 0.4298776533731627
3130.0 0.42984147839086145
3150.0 0.43495606893639677
3170.0 0.43721660174948074
3190.0 0.4253081238863893
3210.0 0.4375553233704003
3230.0 0.4312479656788026
3250.0 0.447370158615062
3270.0 0.4594848905857204
3290.0 0.4627498668558501
3310.0 0.4663793195374212
3330.0 0.48110995585932625
3350.0 0.48866145634225483
3370.0 0.44936747070851285
3390.0 0.49063425488182033
3410.0 0.4741494086388799
3430.0 0.4922299618825327
3450.0 0.4995701719372855
3470.0 0.48667885494685387
3490.0 0.4984036653274101
3510.0 0.48867358919918735
3530.0 0.49748492173737174
3550.0 0.5200520008313836
3570.0 0.5036058069834298
3590.0 0.4603987600071733
3610.0 0.49520373121615935
3630.0 0.551299253772255
3640.0 0.49060814357734295
3650.0 0.49891049666568826
3670.0 0.5212064387487071
3690.0 0.47545691460206957
3704.66 0.5154206767057927
3704.88 0.5176943868746234
3705.11 0.5200715744210825
3705.33 0.5223455273769905
3705.55 0.5246195990176373
3705.78 0.5269971644425581
3706.0 0.5292714788245777
3706.22 0.5315459118689879
3706.45 0.5339238551012314
3706.67 0.5348553614850268
3706.89 0.5348570046758986
3707.12 0.5348587212352468
3707.34 0.534860361897094
3707.56 0.5348620013226061
3707.79 0.5348637139456075
3708.01 0.5348653508424116
3708.24 0.5348670608218742
3708.46 0.5348686951901821
3708.68 0.534870328322414
3708.91 0.5348720343663528
3709.13 0.534873664970405
3709.35 0.5333431961853385
3709.58 0.5304082537470668
3709.8 0.5276007648719835
3710.0 0.5250483727620633
3710.02 0.5247931267682141
3710.25 0.5218577092030539
3710.47 0.5190497658873496
3710.7 0.5161140292570456
3710.92 0.5133057807677782
3711.14 0.5104973830965219
3711.37 0.5075611714880085
3711.59 0.5047524687003258
3711.81 0.5019436167585867
3712.04 0.5024239874819192
3712.26 0.5058796902602507
3712.48 0.5093355737320795
3712.71 0.5129487360043328
3712.93 0.5164049890417386
3713.16 0.5200185376535882
3713.38 0.5234751602098703
3713.6 0.5269319634028156
3713.83 0.5305460871409248
3714.05 0.5340032597832071
3714.27 0.5374606130281578
3714.5 0.5410753117842882
3714.72 0.5430012296862586
3714.94 0.5436507100596997
3715.17 0.5443297473671171
3715.39 0.5449792948839989
3715.62 0.54565840238235
3715.84 0.5463080170340984
3716.06 0.5469576645042136
3716.29 0.547636876492452
3716.51 0.5482865910846642
3716.73 0.5489363384890008
3716.96 0.5496156549472506
3717.18 0.5502654694609146
3717.4 0.5519419121959358
3717.63 0.55476793797837
3717.85 0.5574712369936441
3718.08 0.5602975636881062
3718.3 0.5630011505140683
3718.52 0.5657048780342118
3718.75 0.5685316526826867
3718.97 0.5712356679592775
3719.19 0.5739398239035466
3719.42 0.5767670464216174
3719.64 0.5794714900680976
3719.86 0.5821760743557446
3720.09 0.5887415029545366
3720.31 0.5989221859482925
3720.53 0.6091034021592889
3720.76 0.6197479710133589
3720.98 0.6299302777933521
3721.21 0.6405759867157416
3721.43 0.6507593839269817
3721.65 0.6609433141878245
3721.88 0.6715907202784053
3722.1 0.681775740765361
3722.32 0.691961294201645
3722.55 0.7026103971411582
3722.77 0.7177020216528336
3722.99 0.7386805681249711
3723.22 0.7606138600386348
3723.44 0.7815946545482585
3723.67 0.803530296534448
3723.89 0.8245133387975071
3724.11 0.8454974798589663
3724.34 0.8674366202919904
3724.56 0.8884230086841212
3724.78 0.9094104956679747
3725.01 0.9313531338897987
3725.23 0.9523428677815916
3725.45 0.9708919048306129
3725.68 0.9872216902982645
3725.9 1.0028423202360175
3726.13 1.0191738518553157
3726.35 1.0347961519194846
3726.57 1.0504192684131128
3726.8 1.0667533994492455
3727.02 1.082378185754966
3727.24 1.0980037883364495
3727.47 1.11434051830017
3727.69 1.129967790379511
3727.91 1.1455958785809306
3728.14 1.1527884836893043
3728.36 1.1482946830865468
3728.59 1.1435963640821234
3728.81 1.1391020761699
3729.03 1.1346075500398014
3729.26 1.129908472577257
3729.48 1.1254134592290113
3729.7 1.1209182077075432
3729.93 1.1162183719290169
3730.0 1.1147879354627763
3730.15 1.1117226332806953
3730.37 1.1072266565038011
3730.6 1.102526062551421
3730.82 1.0932809299487953
3731.05 1.0764438779262944
3731.27 1.0603380067281318
3731.49 1.0442312898875168
3731.72 1.0273915454372875
3731.94 1.011283099035995
3732.16 0.9951738071512233
3732.39 0.9783313707793131
3732.61 0.9622203496589569
3732.83 0.9461084832140493
3733.06 0.9292633554264668
3733.28 0.9131497600710433
3733.51 0.8960772817978571
3733.73 0.8794106098492516
3733.95 0.8627430640055346
3734.18 0.8453169681185453
3734.4 0.8286476349301259
3734.62 0.8119774280109521
3734.85 0.7945485502662216
3735.07 0.7778765563384463
3735.29 0.7612036888442262
3735.52 0.7437720297648978
3735.74 0.7270973755981859
3735.96 0.7104218480292576
3736.19 0.6952784876716118
3736.41 0.6842017966189832
3736.64 0.6726209988680396
3736.86 0.6615431203473884
3737.08 0.6504646613414399
3737.31 0.6388820153923994
3737.53 0.6278023691417497
3737.75 0.6167221425149779
3737.98 0.605137648715442
3738.2 0.5940562350672959
3738.42 0.5829742411521488
3738.65 0.5713878998496915
3738.87 0.5653640924344155
3739.1 0.5683227438541162
3739.32 0.5711529079764617
3739.54 0.5739832184833457
3739.77 0.576942335974499
3739.99 0.5797729458760446
3740.21 0.5826037021344989
3740.44 0.5855632856090973
3740.66 0.58839434120567
3740.88 0.5912255431315123
3741.11 0.5941855925015556
3741.33 0.5970170937089834
3741.56 0.5982315539758238
3741.78 0.5962619532080746
3742.0 0.5942922482216114
3742.23 0.5922328997650695
3742.45 0.5902629816239452
3742.67 0.5882929592836428
3742.9 0.5862332790689878
3743.12 0.5842630436140034
3743.34 0.5822927039793838
3743.57 0.5802326920688372
3743.79 0.5782621393595075
3744.02 0.5762019047030656
3744.24 0.5748839994466498
3744.46 0.5747085597379026
3744.69 0.5745251342220891
3744.91 0.5743496729447128
3745.13 0.5741742011236262
3745.36 0.5739907420378603
3745.58 0.5738152486520441
3745.8 0.5736397447244242
3746.03 0.5734562520747752
3746.25 0.5732807265863253
3746.48 0.5730972113971772
3746.7 0.5729216643505156
3746.92 0.5720822694660427
3747.15 0.5697174635569999
3747.37 0.5674553533738638
3747.59 0.5651931239852547
3747.82 0.5628279385397925
3748.04 0.5605654653447133
3748.26 0.5583028729665447
3748.49 0.5559373080559344
3748.71 0.5536744719170738
3748.93 0.5514115166175148
3749.16 0.5490455723130081
3750.0 0.5434076993890956
3770.0 0.5567697701341445
3790.0 0.7620057610617488
3810.0 0.8279150642159238
3830.0 0.6633478250423505
3850.0 0.8811276171916785
3870.0 0.9678898498160871
3890.0 0.6187545170121621
3910.0 0.9226138243699283
3930.0 0.8279000477360837
3950.0 0.944327953491369
3970.0 0.4954394426703183
3990.0 1.0
4010.0 1.0522471958488329
4030.0 1.0891205118694816
4050.0 1.059082324217848
4070.0 1.0333352416732065
4078.2 1.0004157895681414
4078.45 1.0033171339339606
4078.7 1.0062186309257828
4078.94 1.009004211618228
4079.19 1.0119060077249828
4079.43 1.0146918755473957
4079.68 1.017593970726663
4079.93 1.0204962184776054
4080.17 1.0222483740277852
4080.42 1.0219191009555257
4080.66 1.0216029796161894
4080.91 1.021273666566206
4081.16 1.0209443331215289
4081.4 1.0206281538286301
4081.65 1.0202987804144767
4081.9 1.0199693866098374
4082.14 1.0196531493753338
4082.39 1.0193237156094643
4082.63 1.0190074400148006
4082.88 1.0181367556519159
4083.13 1.0164541842992836
4083.37 1.0148388285630916
4083.62 1.0131560754717364
4083.86 1.0115405452786008
4084.11 1.0098576104740082
4084.36 1.0081745829683983
4084.6 1.0065587893560548
4084.85 1.0048755801756926
4085.1 1.003192278313947
4085.34 1.0015762213381805
4085.59 0.999556787238488
4085.83 0.9973203148870462
4086.08 0.9949905315596693
4086.33 0.9926606210699062
4086.57 0.9904237873738229
4086.82 0.9880936276722335
4087.06 0.985856554749614
4087.31 0.9835261458712242
4087.56 0.9811956098753074
4087.8 0.9789581757355176
4088.05 0.9766273906156915
4088.3 0.971881204417641
4088.54 0.9657788098391694
4088.79 0.9594218136987334
4089.03 0.9533187757100976
4089.28 0.9469611093980105
4089.53 0.9406031011980234
4089.77 0.9344990917007405
4090.0 0.9286491203092629
4090.02 0.9281404134718299
4090.26 0.9220357607921285
4090.51 0.9156764126287914
4090.76 0.9093167226985787
4091.0 0.9051209125436469
4091.25 0.9017447672376496
4091.5 0.8983684394056243
4091.74 0.8951269929785708
4091.99 0.8917503074335776
4092.23 0.8885085176262542
4092.48 0.8851314744186782
4092.73 0.8817542487496017
4092.97 0.8785119404596846
4093.22 0.8751343572041068
4093.47 0.8717565915258436
4093.71 0.8669558785328528
4093.96 0.8615278087642182
4094.2 0.8563165874186832
4094.45 0.8508879460710698
4094.7 0.8454590131325886
4094.94 0.8402469632024325
4095.19 0.834817458806723
4095.43 0.8296048603163305
4095.68 0.8241747845440013
4095.93 0.8187444172840412
4096.17 0.8135309905023864
4096.42 0.8075620421102137
4096.67 0.8014902928395731
4096.91 0.7956611072977031
4097.16 0.7895887200454316
4097.4 0.78375892208441
4097.65 0.7776858969405347
4097.9 0.7716125463764401
4098.14 0.7657818237013003
4098.39 0.7597078353815447
4098.63 0.7538765005041966
4098.88 0.7478018745187862
4099.13 0.7427530568936389
4099.37 0.7379915993611925
4099.62 0.7330314871720655
4099.87 0.7280711090907809
4100.11 0.7233088959991798
4100.36 0.718347996824795
4100.6 0.7135852835190954
4100.85 0.7086238633251417
4101.1 0.7036621773332035
4101.34 0.6988987087359683
4101.59 0.6939365018354949
4101.83 0.6924328362364789
4102.08 0.690866434457817
4102.33 0.6892999475358449
4102.57 0.6877960399935978
4102.82 0.68622938620846
4103.07 0.6846626472980952
4103.31 0.6831584978639981
4103.56 0.6815915921259088
4103.8 0.6800872825484652
4104.05 0.6785202100061166
4104.3 0.6778777242454399
4104.54 0.6837707601120643
4104.79 0.6899096569554345
4105.03 0.6958033030066192
4105.28 0.7019428354139113
4105.53 0.7080826920538432
4105.77 0.7139772594445204
4106.02 0.7201177515124838
4106.27 0.7262585677437603
4106.51 0.7321540562768865
4106.76 0.7382955078003237
4107.0 0.7445373088168894
4107.25 0.752840103609358
4107.5 0.7611433371481339
4107.74 0.7691148540884626
4107.99 0.7774189474780807
4108.23 0.7853912898167892
4108.48 0.793696242935526
4108.73 0.8020016346446776
4108.97 0.80997522328194
4109.22 0.8182814745364058
4109.47 0.8265881642875148
4109.71 0.8336721606043063
4109.96 0.8382677611738492
4110.0 0.8390030796784268
4110.2 0.8426797649422477
4110.45 0.8472758388733228
4110.7 0.851872154289536
4110.94 0.8562848442621036
4111.19 0.8608816329385294
4111.44 0.8654786630484038
4111.68 0.8698920390782755
4111.93 0.8744895423470586
4112.17 0.8789033725772707
4112.42 0.8829314447939778
4112.67 0.8857486497521997
4112.91 0.8884533047543997
4113.16 0.8912707977071413
4113.4 0.8939757291644537
4113.65 0.8967935100708261
4113.9 0.8996114378765648
4114.14 0.9023167867631269
4114.39 0.9051350024607535
4114.64 0.9079533650262472
4114.88 0.9106591312525304
4115.13 0.9133832792503702
4115.37 0.9158831270805409
4115.62 0.9184872679800802
4115.87 0.9210915443220844
4116.11 0.9235917770255653
4116.36 0.9261963188063241
4116.6 0.9286968063129177
4116.85 0.9313016134947221
4117.1 0.9339065560706958
4117.34 0.9364074283133526
4117.59 0.9390126362334289
4117.84 0.9417160299218399
4118.08 0.9443983100353125
4118.33 0.947192494236752
4118.57 0.9498750477803943
4118.82 0.9526695167846975
4119.07 0.9554641310809969
4119.31 0.958147097486387
4119.56 0.960941996524452
4119.81 0.9637370408233431
4120.05 0.9664204200018875
4120.3 0.9692157489814551
4120.54 0.972412087908155
4120.79 0.976123250846107
4121.04 0.9798346073968038
4121.28 0.9833976918233249
4121.53 0.9871094278143296
4121.77 0.9906728764777074
4122.02 0.9943849918551615
4122.27 0.9980973007763833
4122.51 1.0016612994137168
4122.76 1.00537398764006
4123.01 1.00908686936868
4123.25 1.0109695908096252
4123.5 1.0120548831497076
4123.74 1.0130968151985738
4123.99 1.014182214623106
4124.24 1.0152676686766564
4124.48 1.0163097559593401
4124.73 1.0173953170741925
4124.97 1.018437507128373
4125.22 1.0195231752892011
4125.47 1.0206088980594188
4125.71 1.021651243291638
4125.96 1.021450486019277
4126.21 1.020843414051451
4126.45 1.020260592255374
4126.7 1.0196534521504208
4126.94 1.0190705649472458
4127.19 1.0184633567146333
4130.0 1.0123481282463622
4150.0 1.0467492824389975
4170.0 1.0111081433758136
4190.0 1.0218003467622723
4210.0 1.033399911861058
4230.0 1.019488861587921
4250.0 1.0357369324634362
4270.0 1.028081908787954
4290.0 0.9873132635629185
4310.0 0.9265327838626438
4315.65 0.9619394151199222
4315.91 0.9631775512229044
4316.17 0.9644157490307721
4316.43 0.9656540085388218
4316.69 0.9668466603346688
4316.95 0.9679770933709293
4317.21 0.9691075824925688
4317.47 0.9702381276953086
4317.73 0.9713687289748658
4317.99 0.9724993863269698
4318.25 0.9736300997473378
4318.52 0.9748043614852699
4318.78 0.9759351891853861
4319.04 0.977066072940773
4319.3 0.9779390516106586
4319.56 0.976834319636467
4319.82 0.9757295277968943
4320.08 0.9746246760964167
4320.34 0.973519764539524
4320.6 0.9724147931307007
4320.86 0.9713097618744349
4321.12 0.9702046707752032
4321.38 0.9690995198374939
4321.64 0.9679943090657905
4321.9 0.96688903846458
4322.16 0.9651919075687039
4322.42 0.9633537776710791
4322.68 0.9615155500028647
4322.94 0.9596772245714197
4323.2 0.9578388013840817
4323.46 0.9560002804482083
4323.73 0.9540909437163588
4323.99 0.9522522235466186
4324.25 0.9504134056506762
4324.51 0.9485744900358803
4324.77 0.9464772107056612
4325.03 0.9441215476138451
4325.29 0.9417657600888558
4325.55 0.9394098481400706
4325.81 0.9370538117768578
4326.07 0.9346976510085931
4326.33 0.9323413658446273
4326.59 0.9299849562943355
4326.85 0.9276284223670839
4327.11 0.9252717640722455
4327.37 0.9229647179966025
4327.63 0.9209311083953284
4327.89 0.9188973911757269
4328.15 0.916863566345904
4328.41 0.9148296339139449
4328.67 0.9127955938879541
4328.94 0.9106832076809972
4329.2 0.9086489483537891
4329.46 0.9066145814571529
4329.72 0.9045801069991849
4329.98 0.9025455249879876
4330.0 0.9023890142247947
4330.24 0.8989856988334366
4330.5 0.8952267503192548
4330.76 0.8914676051801272
4331.02 0.8877082634308857
4331.28 0.8839487250863722
4331.54 0.8801889901613897
4331.8 0.8764290586707799
4332.06 0.8726689306293692
4332.32 0.8689086060519976
4332.58 0.8651480849534641
4332.84 0.8615971955337414
4333.1 0.8582259778326056
4333.36 0.8548545837774796
4333.62 0.8514830133816411
4333.88 0.8481112666584006
4334.15 0.8446096507525915
4334.41 0.8412375446339088
4334.67 0.8378652622282301
4334.93 0.8344928035488519
4335.19 0.8311201686090813
4335.45 0.8273745602390573
4335.71 0.8223860670585602
4335.97 0.8173973143004851
4336.23 0.8124083019844455
4336.49 0.8074190301300016
4336.75 0.8024294987567643
4337.01 0.7974397078843259
4337.27 0.7924496575322786
4337.53 0.7874593477202294
4337.79 0.7824687784677328
4338.05 0.7774779497943942
4338.31 0.7732157340628247
4338.57 0.7690483692863297
4338.83 0.76488078762665
4339.09 0.7607129891001703
4339.35 0.7565449737232605
4339.62 0.7522164205587581
4339.88 0.7480479631912789
4340.14 0.7438792890231027
4340.4 0.7397103980706102
4340.66 0.7355412903501373
4340.92 0.7350425255469331
4341.18 0.7368378920047868
4341.44 0.7386333490227485
4341.7 0.7404288965939518
4341.96 0.7422245347115126
4342.22 0.7440202633685532
4342.48 0.7458160825581902
4342.74 0.7476119922735591
4343.0 0.7494079925077773
4343.26 0.7512040832539687
4343.52 0.753522658921448
4343.78 0.7572593161794788
4344.04 0.760996163812433
4344.3 0.7647332018058685
4344.57 0.7686141734979597
4344.83 0.7723515994892333
4345.09 0.7760892157971518
4345.35 0.7798270224072898
4345.61 0.7835650193052098
4345.87 0.787303206476514
4346.13 0.7910415839067665
4346.39 0.7960640618612543
4346.65 0.8011381538189927
4346.91 0.8062125046701013
4347.17 0.811287114394949
4347.43 0.8163619829739228
4347.69 0.8214371103873931
4347.95 0.8265124966157851
4348.21 0.8315881416394719
4348.47 0.8366640454388448
4348.73 0.8417402079942796
4348.99 0.8463990232117639
4349.25 0.8507970651777371
4349.51 0.8551953309638395
4349.78 0.8597629976988168
4350.0 0.8634849786570525
4350.04 0.8641617196811096
4350.3 0.8685606654319902
4350.56 0.8729598349344975
4350.82 0.8773592281716566
4351.08 0.8817588451265396
4351.34 0.886158685782173
4351.6 0.890531635471177
4351.86 0.8948535895572912
4352.12 0.8991757632705208
4352.38 0.903498156594202
4352.64 0.9078207695116854
4352.9 0.9121436020063093
4353.16 0.9164666540614572
4353.42 0.9207899256604689
4353.68 0.9251134167867002
4353.94 0.9294371274234917
4354.2 0.9337610575542326
4354.46 0.9386879108572557
4354.72 0.94361501454935
4354.99 0.9487318872290367
4355.25 0.9536595012708472
4355.51 0.9585873656440659
4355.77 0.9635154803297162
4356.03 0.9684438453088076
4356.29 0.9733724605624002
4356.55 0.9783013260715056
4356.81 0.9832304418171518
4357.07 0.9865466261524228
4357.33 0.9891459899728545
4357.59 0.9917454844979916
4357.85 0.9943451097179064
4358.11 0.9969448656226627
4358.37 0.9995447522023531
4358.63 1.0021447694470427
4358.89 1.0047449173468066
4359.15 1.0073451958917112
4359.41 1.0099456050718516
4359.67 1.0124835557569574
4359.93 1.0149034069277596
4360.2 1.0174164577290465
4360.46 1.0198365562401062
4360.72 1.0222567760738883
4360.98 1.0246771172211655
4361.24 1.0270975796727355
4361.5 1.0295181634193726
4361.76 1.0319388684518584
4362.02 1.0343596947609768
4362.28 1.0366932445471493
4362.54 1.0379781107846016
4362.8 1.039263040103418
4363.06 1.0405480324987846
4363.32 1.041833087965884
4363.58 1.0431182064999114
4363.84 1.0444033880960504
4364.1 1.0456886327494885
4364.36 1.0469739404554093
4364.62 1.0482593112090097
4364.88 1.0495447450054738
4365.15 1.0492414055839954
4365.41 1.0483971078861878
4365.67 1.0475527642742584
4365.93 1.0467083747516404
4366.19 1.04586393932177
4366.45 1.045019457988074
4366.71 1.0441749307539876
4366.97 1.0433303576229436
4367.23 1.0424857385983768
4367.49 1.0416410736837138
4370.0 1.0421545169250583
4390.0 1.0133623162685594
4410.0 1.0543003641093098
4430.0 1.0377415088088204
4450.0 1.0825651000463423
4470.0 1.0751731552635133
4490.0 1.0999670330754334
4510.0 1.1310212678868496
4530.0 1.0518127374627366
4550.0 1.0667386761882025
4570.0 1.1087595066402975
4590.0 1.0852829633369696
4610.0 1.1300228361101223
4630.0 1.1269437227769639
4650.0 1.0874857661333828
4670.0 1.0878520631993591
4690.0 1.1240096788816933
4710.0 1.0948779228075245
4730.0 1.121897428404129
4750.0 1.1407736516592355
4770.0 1.1014675940781773
4790.0 1.1070727189261844
4810.0 1.1208146686202611
4830.0 1.0923944855439098
4834.84 1.0806427753665493
4835.13 1.0801823463243319
4835.42 1.0793685306147198
4835.71 1.0783387233385548
4836.0 1.0773088618527054
4836.29 1.0762789461617126
4836.59 1.0752134591002953
4836.88 1.074183433143888
4837.17 1.073153352996114
4837.46 1.0721232186615133
4837.75 1.0710930301446242
4838.05 1.0703246384669587
4838.34 1.070013027564984
4838.63 1.069701398305618
4838.92 1.0693897506903745
4839.21 1.0690780847207673
4839.5 1.0687664003983113
4839.8 1.0684439490291635
4840.09 1.068132227372825
4840.38 1.0678204873682309
4840.67 1.0673314517191523
4840.96 1.065991436680854
4841.26 1.0646051410467874
4841.55 1.0632649845318962
4841.84 1.0619247584865166
4842.13 1.0605844629164822
4842.42 1.059244097827628
4842.72 1.0578574401032073
4843.01 1.0565169335975186
4843.3 1.0551763575907103
4843.59 1.053493872580631
4843.88 1.0517990922148093
4844.17 1.0501042247506764
4844.47 1.048350821933493
4844.76 1.0466557772919358
4845.05 1.0449606455742713
4845.34 1.0432654267878163
4845.63 1.0415701209398849
4845.93 1.0398162646609805
4846.22 1.03707494880792
4846.51 1.0340606611599572
4846.8 1.0310462209217306
4847.09 1.0280316281060864
4847.38 1.025016882725871
4847.68 1.0218980200755292
4847.97 1.0188829643449708
4848.26 1.015867756088814
4848.55 1.012852395319901
4848.84 1.0105085093436765
4849.14 1.0086482031889892
4849.43 1.0068498136556678
4849.72 1.0050513321325418
4850.0 1.0033147799345128
4850.01 1.003252758627343
4850.3 1.0014540931478026
4850.59 0.9996553357016508
4850.89 0.9977944553667114
4851.18 0.9959955108399354
4851.47 0.9934817099709337
4851.76 0.9896096956109904
4852.05 0.9857374864213457
4852.35 0.9817315477714206
4852.64 0.9778589422547683
4852.93 0.9739861419582142
4853.22 0.9701131468981666
4853.51 0.9662399570910327
4853.81 0.9622330040961529
4854.1 0.9587962707040275
4854.39 0.9580897606004989
4854.68 0.9573832129315419
4854.97 0.9566766277002965
4855.26 0.955970004909901
4855.56 0.9552389762955348
4855.85 0.9545322771013854
4856.14 0.9538255403576102
4856.43 0.9531187660673474
4856.72 0.9524119542337346
4857.02 0.9520524963785051
4857.31 0.9517306706032379
4857.6 0.951408826379109
4857.89 0.9510869637076451
4858.18 0.9507650825903715
4858.47 0.9504431830288139
4858.77 0.9501101640747353
4859.06 0.9497882269933099
4859.35 0.9494662714722303
4859.64 0.9490698154894358
4859.93 0.9486449625737183
4860.23 0.9482054347969296
4860.52 0.9477805340128637
4860.81 0.9473556097032554
4861.1 0.9469306618700584
4861.39 0.9465056905152273
4861.68 0.9460806956407155
4861.98 0.9456410210224139
4862.27 0.9449001192474411
4862.56 0.9438643692429528
4862.85 0.9428285655028095
4863.14 0.9417927080315146
4863.44 0.9407210747995749
4863.73 0.9396851080270818
4864.02 0.9386490875371005
4864.31 0.9376130133341397
4864.6 0.9365768854226986
4864.9 0.935143306345413
4865.19 0.9330582025964329
4865.48 0.9309729932799509
4865.77 0.9288876784048389
4866.06 0.9268022579799877
4866.35 0.9247167320142679
4866.65 0.9225591803069018
4866.94 0.920473439647503
4867.23 0.9183875934741688
4867.52 0.9166147858670439
4867.81 0.9175558705923095
4868.11 0.9185294529382521
4868.4 0.9194706274112852
4868.69 0.920411845991935
4868.98 0.9213531086764499
4869.27 0.9222944154610815
4869.56 0.9232357663420725
4869.86 0.924209623997701
4870.0 0.9246641070505621
4870.15 0.925151064580404
4870.44 0.9273670103949139
4870.73 0.9297301200694724
4871.02 0.9320933440164332
4871.32 0.9345381786849899
4871.61 0.9369016350873046
4871.9 0.939265205732666
4872.19 0.9416288906114048
4872.48 0.9439926897138505
4872.77 0.9463566030303431
4873.07 0.9507428272577808
4873.36 0.9559210711228378
4873.65 0.961099568026881
4873.94 0.966278317948529
4874.23 0.9714573208664017
4874.53 0.9768151763016867
4874.82 0.9819946938700296
4875.11 0.9871744643697319
4875.4 0.9923544877794209
4875.69 0.99556529175881
4875.98 0.9966660505455547
4876.28 0.9978048209211337
4876.57 0.9989056848559871
4876.86 1.0000066004671446
4877.15 1.0011075677502141
4877.44 1.0022085867008041
4877.74 1.003347626188127
4878.03 1.0044487502418415
4878.32 1.005894236571675
4878.61 1.0082436291682648
4878.9 1.010593134908909
4879.2 1.0130237771422927
4879.49 1.0153735130429993
4879.78 1.017723362058698
4880.07 1.0200733241798134
4880.36 1.0224233993967704
4880.65 1.0247735876999942
4880.95 1.027095697702615
4881.24 1.0278621194589797
4881.53 1.0286285762834713
4881.82 1.029395068173099
4882.11 1.0301615951248715
4882.41 1.0309545909338649
4882.7 1.0317211892097349
4882.99 1.032487822538675
4883.28 1.0332544909176953
4883.57 1.034021194343806
4883.86 1.033304011626081
4884.16 1.0322422397763678
4884.45 1.0312158062312153
4884.74 1.0301893195169238
4885.03 1.029162779637946
4885.32 1.0281361865987335
4885.62 1.0270741378627792
4885.91 1.0260474366837287
4886.2 1.0250206823579517
4886.49 1.0268063835772514
4886.78 1.030072474050387
4887.07 1.0333387224236632
4887.37 1.0367177661982458
4887.66 1.03998433577542
4887.95 1.0432510632122196
4888.24 1.0465179484952951
4888.53 1.0497849916112993
4888.83 1.053164857462808
4889.12 1.0550514374799702
4889.41 1.05523863904427
4889.7 1.055425847074097
4890.0 1.0556195173564071
4890.29 1.0558067385384509
4890.58 1.0559939661842659
4890.87 1.0561812002932731
4891.16 1.0563684408648943
4891.45 1.056555687898551
4891.74 1.0570832669026176
4892.04 1.058978663608499
4892.33 1.0608109691345455
4892.62 1.0626433618599151
4892.91 1.0644758417772189
4910.0 1.078272236658344
4928.77 1.0883353939147775
4929.07 1.0896704283617034
4929.36 1.090791966641304
4929.66 1.0912818218128728
4929.96 1.0917716986299646
4930.0 1.0918370171742462
4930.26 1.0922615970906555
4930.55 1.0927351861742913
4930.85 1.093225127195114
4931.15 1.0937150898538277
4931.45 1.0942050741485114
4931.74 1.0946787461977538
4932.04 1.095004299916947
4932.34 1.0945074807544966
4932.64 1.094010633665535
4932.93 1.0935303216027596
4933.23 1.0930334195986566
4933.53 1.092536489675155
4933.83 1.0920395318346534
4934.12 1.091559112721097
4934.42 1.091062099984157
4934.72 1.09063461435743
4935.02 1.0906592232879935
4935.31 1.0906830102774985
4935.61 1.0907076158080906
4935.91 1.0907322196100537
4936.21 1.0907568216835013
4936.5 1.0907806020448918
4936.8 1.0908052007192597
4937.1 1.090829797665451
4937.4 1.0908146649915123
4937.69 1.0905504035654143
4937.99 1.0902770132862503
4938.29 1.0900036063405911
4938.59 1.0897301827298538
4938.88 1.0894658573997236
4939.18 1.0891924010184648
4939.48 1.088918927976331
4939.78 1.0886454382747364
4940.07 1.08842197749612
4940.37 1.0887623979515832
4940.67 1.089102832512076
4940.97 1.0894432811763324
4941.26 1.0897723949570008
4941.56 1.0901128713549668
4941.86 1.0904533618529406
4942.16 1.090793866449659
4942.45 1.0911230342936031
4942.75 1.0915532263518293
4943.05 1.0945836344809579
4943.35 1.097614191373704
4943.64 1.100543871099216
4943.94 1.1035747205224664
4944.24 1.1066057186707678
4944.54 1.1096368655311102
4944.83 1.1125671155096102
4945.13 1.115598554799045
4945.43 1.1186301427619587
4945.73 1.1203366296066766
4946.02 1.1219863118320814
4946.32 1.1236929606190982
4946.62 1.1253996917389602
4946.92 1.1271065051844482
4947.21 1.1287565030967208
4947.51 1.130463478428233
4947.81 1.1321705360639749
4948.11 1.1338776759967302
4948.4 1.1354701417680488
4948.7 1.1371175981217874
4949.0 1.1387651337597893
4949.3 1.1404127486751054
4949.59 1.1420055184442046
4949.89 1.1436532892513067
4950.0 1.1442574917391506
4950.19 1.1453011393151096
4950.49 1.1469490686286774
4950.78 1.1485421422898974
4951.08 1.1480911538612408
4951.38 1.1474902022313733
4951.68 1.1468892174851202
4951.97 1.1463082340874562
4952.27 1.1457071842206212
4952.57 1.1451061012458525
4952.87 1.144504985165994
4953.16 1.1439238748232503
4953.46 1.1433226936450267
4953.76 1.1427883046408838
4954.06 1.1422613110940973
4954.35 1.141751856066893
4954.65 1.1412248047322628
4954.95 1.140697724017724
4955.25 1.140170613925801
4955.54 1.1396610462478112
4955.84 1.1391338783877252
4956.14 1.1386066811577387
4956.44 1.139988284062559
4956.73 1.1416077801819076
4957.03 1.1432832001437347
4957.33 1.144958700588798
4957.63 1.1466342815100468
4957.92 1.1482540862243764
4958.22 1.1499298253948886
4958.52 1.1516056450206715
4958.82 1.153281545094671
4959.11 1.1531644239094485
4959.41 1.1527557056638809
4959.71 1.1523469639460902
4960.01 1.1519381987580852
4960.3 1.151543036768491
4960.6 1.1511342254282526
4960.9 1.1507253906237562
4961.2 1.1503165323570061
4961.49 1.1499212803988599
4961.79 1.1482212094085653
4962.09 1.146198250967907
4962.39 1.1441751886935827
4962.68 1.1422194631372053
4962.98 1.140196196682961
4963.28 1.1381728264217734
4963.58 1.1361493523626554
4963.87 1.134193228781611
4964.17 1.1321695506128395
4964.47 1.1297047329911791
4964.77 1.1271055580658658
4965.06 1.1245928964684897
4965.36 1.1219934612035198
4965.66 1.1193938935794958
4965.96 1.1167941936079215
4966.25 1.114281024509174
4966.55 1.1116810642876167
4966.85 1.1090809717526076
4967.15 1.107645858785157
4967.44 1.1066680765665267
4967.74 1.1056565253372364
4968.04 1.1046449208422315
4968.34 1.1036332630861176
4968.63 1.1026552766318933
4968.93 1.1016435141423635
4969.23 1.1006316984053863
4969.53 1.0996198294255597
4969.82 1.0988525213663505
4970.0 1.0984261058671692
4970.12 1.0981418212156382
4970.42 1.0974310828060783
4970.72 1.0967203061409678
4971.02 1.096009491223605
4971.31 1.095322333779029
4971.61 1.0946114436418555
4971.91 1.0939005152622079
4972.21 1.0931895486433842
4972.5 1.0932110154529395
4972.8 1.0935631739661156
4973.1 1.0939153470415157
4973.4 1.0942675346778348
4973.69 1.094607996566015
4973.99 1.0949602128350076
4974.29 1.0953124436610533
4974.58 1.0956529472956256
4974.88 1.0960052067467392
4975.18 1.0961952170348062
4975.48 1.09629128934047
4975.78 1.0963873634840744
4976.07 1.0964802369031066
4976.37 1.096576314660758
4976.48 1.096611543632268
4976.67 1.0966723942557701
4976.78 1.0967076239009306
4976.97 1.0967684756879488
4977.08 1.0968037060066873
4977.26 1.0968613561518654
4977.38 1.0968997899493436
4977.56 1.0969574411965672
4977.68 1.0969958757287035
4977.86 1.0955128584428575
4977.98 1.0945241551539557
4978.16 1.0930410625748406
4978.28 1.0920523090926102
4978.45 1.0906515406265491
4978.58 1.0895803375555695
4978.75 1.0881794979914508
4978.88 1.0871082405537285
4979.05 1.0857073298977247
4979.18 1.0846360180979802
4979.35 1.0832350363562644
4979.48 1.0821636701992248
4979.64 1.0808450333647186
4979.78 1.0796911968683394
4979.94 1.0783724931411613
4980.08 1.0772185981162217
4980.24 1.075899827502173
4980.39 1.0747888141934134
4980.54 1.074179245005595
4980.69 1.0735696599992763
4980.83 1.073000699722177
4980.99 1.0723504425338712
4981.13 1.0717814527320564
4981.29 1.0711311618026789
4981.43 1.0705621424787035
4981.59 1.0699118178111748
4981.73 1.0693427689675987
4981.89 1.0686924105648348
4982.02 1.0681639811153258
4982.19 1.0674729400691378
4982.32 1.066944483213273
4982.49 1.066253406329551
4982.62 1.0657249220697025
4982.79 1.0650338093515528
4982.92 1.0645052976900924
4983.09 1.0638996069246611
4983.21 1.0636681018735923
4983.39 1.0633208348499885
4983.51 1.0630893172031728
4983.69 1.0627420312867626
4983.81 1.0625105010452816
4983.99 1.0621631962376885
4984.11 1.061931653402629
4984.29 1.0615843297054766
4984.4 1.0613720707559262
4984.59 1.0610054316928348
4984.7 1.0607931612011383
4984.89 1.0604265022024704
4985.0 1.0602142201696214
4985.19 1.0598475412370938
4985.3 1.0596352476640831
4985.49 1.0592685487994082
4985.59 1.0590755443268012
4985.79 1.058996813960246
4985.89 1.0594183847367082
4986.09 1.0602615462083917
4986.19 1.0606831369032252
4986.39 1.0615263382099172
4986.49 1.0619479488213797
4986.69 1.0627911899595806
4986.78 1.0631706571345856
4986.99 1.0640561014521521
4987.08 1.0644355865490078
4987.29 1.0653210726823923
4987.38 1.0657005756995273
4987.59 1.0665861036450641
4987.68 1.0669656245809078
4987.9 1.0678933650531657
4987.97 1.068188561938822
4988.2 1.069158517455637
4988.5 1.07069792709999
4988.8 1.0729914718469022
4989.1 1.075285127133263
4989.4 1.0775788929494052
4989.7 1.079872769285683
4990.0 1.082166756132432
4990.3 1.0844608534799938
4990.6 1.0867550613187118
4990.9 1.089049379638923
4991.2 1.090774444476076
4991.5 1.091171042935195
4991.8 1.0915676580909004
4992.1 1.0919642899417032
4992.4 1.0923609384861148
4992.7 1.092757603722649
4993.0 1.0931542856498164
4993.3 1.093550984266129
4993.6 1.0939476995700999
4993.9 1.0941140417485837
4994.2 1.0938195982411802
4994.5 1.0935251372984032
4994.8 1.093230658921736
4995.1 1.0929361631126624
4995.41 1.0926318324644844
4995.71 1.092337301214092
4996.01 1.0920427525357923
4996.31 1.0917481864310683
4996.61 1.0927245861533441
4996.91 1.0956075530508946
4997.21 1.0984906592595773
4997.51 1.1013739047672286
4997.81 1.1042572895616862
4998.11 1.1071408136307794
4998.41 1.1100244769623648
4998.71 1.1129082795442744
4999.01 1.1157922213643494
4999.31 1.1190597332091359
4999.61 1.1227656205957468
4999.91 1.1264716876823875
5000.21 1.1301779344533671
5000.51 1.1338843608930063
5000.81 1.137590966985628
5001.11 1.1412977527155446
5001.41 1.145004718067104
5001.71 1.148711863024622
5002.01 1.1533109902980894
5002.31 1.158802165762633
5002.61 1.164293608634137
5002.92 1.1699683805024965
5003.22 1.1754603670296349
5003.52 1.180952620893032
5003.82 1.1864451420693625
5004.12 1.191937930535351
5004.42 1.1974309862676764
5004.72 1.2017177604084388
5005.02 1.2050820646851144
5005.32 1.2084465313668815
5005.62 1.2118111604395863
5005.92 1.2151759518890441
5006.22 1.218540905701083
5006.52 1.2219060218615312
5006.82 1.2252713003562088
5007.12 1.228636741170967
5007.42 1.2284731702682252
5007.72 1.2259567475398274
5008.02 1.223440197816914
5008.32 1.2209235211105078
5008.62 1.2184067174316096
5008.92 1.2158897867912404
5009.22 1.213372729200414
5009.52 1.2108555446701423
5009.82 1.208338233211444
5010.0 1.2052820323571911
5010.12 1.20195637420415
5010.42 1.1936419405703387
5010.73 1.1850499265736985
5011.03 1.1767346557346499
5011.33 1.1684189732096169
5011.63 1.1601028790343952
5011.93 1.151786373244777
5012.23 1.1434694558765777
5012.53 1.1351521269655325
5012.83 1.1283765754006458
5013.13 1.1221614978184822
5013.43 1.1159461120703777
5013.73 1.109730418183137
5014.03 1.1035144161835058
5014.33 1.0972981060982838
5014.63 1.0910814879542505
5014.93 1.0848645617781827
5015.23 1.0786473275968729
5015.53 1.077053688795922
5015.83 1.0768672784201163
5016.13 1.0766808560671615
5016.43 1.0764944217380665
5016.73 1.0763079754338412
5017.03 1.0761215171554932
5017.33 1.0759350469040314
5017.63 1.0757485646804652
5017.93 1.0755620704858033
5018.23 1.074453633542554
5018.54 1.073070017147426
5018.84 1.0717309639235848
5019.14 1.070391842231322
5019.44 1.0690526520765669
5019.74 1.0677133934652363
5020.04 1.066374066403258
5020.34 1.0650346708965557
5020.64 1.0636952069510526
5020.94 1.0620827474153312
5021.24 1.060439880096372
5021.54 1.0587969294980784
5021.84 1.0571538956276652
5022.14 1.0555107784923454
5022.44 1.0538675780993372
5022.74 1.0522242944558426
5023.04 1.050580927569078
5023.34 1.0489374774462545
5023.64 1.049444332742707
5023.94 1.0501048130592228
5024.24 1.0507653229647032
5024.54 1.0514258624565385
5024.84 1.0520864315321232
5025.14 1.0527470301888502
5025.44 1.0534076584241123
5025.74 1.054068316235307
5026.04 1.0547290036198276
5026.35 1.0542124657979295
5026.65 1.0536738754439103
5026.95 1.0531352559823726
5027.25 1.0525966074158186
5027.55 1.0520579297467485
5027.85 1.0515192229776622
5028.15 1.0509804871110602
5028.45 1.0504417221494395
5028.75 1.0499195683927693
5029.05 1.0498799667840002
5029.35 1.0498403604953392
5029.65 1.0498007495271613
5029.95 1.0497611338798414
5030.0 1.0497545308170646
5030.25 1.0497215135537548
5030.55 1.0496818885492765
5030.85 1.0496422588667815
5031.15 1.0496026245066452
5031.45 1.0495982973177527
5031.75 1.0499117815777723
5032.05 1.0502252784133221
5032.35 1.0505387878232757
5032.65 1.050852309806507
5032.95 1.0511658443618919
5033.25 1.0514793914883036
5033.55 1.051792951184617
5033.85 1.052106523449707
5034.16 1.0523050666941411
5034.46 1.0518656752727855
5034.76 1.051426259657056
5035.06 1.0509868198490246
5035.36 1.0505473558507656
5035.66 1.050107867664349
5035.96 1.0496683552918478
5036.26 1.049228818735334
5050.0 1.0603627200581116
5070.0 1.0734747373613764
5090.0 1.0870436345765886
5110.0 1.0614820024356717
5130.0 1.05966743636356
5150.0 1.0364175998182636
5170.0 0.9677591808238128
5190.0 1.0102695141180114
5210.0 1.0371215032664107
5230.0 1.0348164231361479
5250.0 1.0866341856529473
5270.0 1.0119352193750937
5290.0 1.1210453953293953
5310.0 1.1233568830417306
5330.0 1.040720637363082
5350.0 1.1061637150389905
5370.0 1.094545092011702
5390.0 1.1099122937339214
5410.0 1.0707997512019887
5430.0 1.0828901065113026
5450.0 1.097817961357621
5470.0 1.086924621281133
5490.0 1.105793622751281
5510.0 1.0910119929175344
5530.0 1.0950821011340273
5550.0 1.1510690629592182
5570.0 1.1044257130299606
5590.0 1.1096902067879453
5610.0 1.1261795600623143
5630.0 1.1148879741465483
5650.0 1.1194170031799577
5670.0 1.097599636448363
5690.0 1.118684417696503
5710.0 1.0823350257113276
5730.0 1.1298970374259742
5750.0 1.1026025869519118
5770.0 1.1259754428586497
5790.0 1.1013148646262878
5810.0 1.1259795077964054
5830.0 1.1501236405631163
5850.0 1.1123717962236719
5870.0 1.1095015031150295
5890.0 1.02861175828653
5910.0 1.1055787808965636
5930.0 1.0956102015343983
5950.0 1.1069386419728406
5970.0 1.1153794726749695
5990.0 1.088940644317264
6010.0 1.0877585363675022
6030.0 1.1097308762610423
6050.0 1.1350166417348806
6070.0 1.126061155523657
6090.0 1.1364288650592744
6110.0 1.1271903569993187
6130.0 1.0849401740364693
6150.0 1.101334234160862
6170.0 1.0539283732633138
6190.0 1.0504417651340108
6210.0 1.0976700562910797
6230.0 1.0397793915199034
6250.0 1.0108516305752397
6270.0 1.0633342849900993
6290.0 1.0610500581846782
6310.0 1.0956901333555291
6330.0 1.0305935978083915
6350.0 1.091597412782476
6370.0 1.0940349670099827
6390.0 1.0600684671861582
6410.0 1.031516314531148
6430.0 1.0444624920530885
6450.0 1.059368986649578
6470.0 1.0518393976668885
6490.0 1.0295073962519556
6510.0 1.0479618909680437
6523.64 1.046292675829779
6524.04 1.0455859172993414
6524.43 1.0448967920765613
6524.82 1.0442076316546496
6525.22 1.0435007638935005
6525.61 1.0428115321863727
6526.0 1.0440177505511263
6526.4 1.045254951759621
6526.79 1.0464612757437206
6527.19 1.047698585263858
6527.58 1.0489050148363193
6527.97 1.0501114965232607
6528.37 1.0511141952456986
6528.76 1.0510127286344788
6529.15 1.050911253905463
6529.55 1.0508071688288534
6529.94 1.0507056776596746
6530.0 1.0506900629134168
6530.34 1.0506015757238165
6530.73 1.0505000681192653
6531.12 1.0500384252482509
6531.52 1.0489053306465244
6531.91 1.0478005084653244
6532.3 1.046695632043009
6532.7 1.0455623691190918
6533.09 1.0444573828477695
6533.49 1.0433240072746919
6533.88 1.0438672608316446
6534.27 1.0458234395333212
6534.67 1.0478298664951131
6535.06 1.0497862203561605
6535.46 1.0517928269422705
6535.85 1.0537493559113722
6536.24 1.0557059713073034
6536.64 1.0612827098848998
6537.03 1.068212006717044
6537.42 1.0751416182341818
6537.82 1.082249238941937
6538.21 1.0891794877584902
6538.6 1.0961100511224176
6539.0 1.1032186479403772
6539.39 1.1136261919633839
6539.79 1.1248254361066767
6540.18 1.1357452028129762
6540.57 1.1466654667378222
6540.97 1.15786625386055
6541.36 1.1687875247515895
6541.76 1.1799787330138247
6542.15 1.1907630577331778
6542.54 1.2015478729843454
6542.94 1.212609731445293
6543.33 1.223395540120642
6543.72 1.234181839113421
6544.12 1.2452452191380041
6544.51 1.2552668802054499
6544.91 1.2629283765397803
6545.3 1.2703986778654317
6545.69 1.2778693172073188
6546.09 1.2855318624810013
6546.48 1.2930031863729001
6546.87 1.300474848133404
6547.27 1.3052476301107596
6547.66 1.3056733950003516
6548.06 1.3061100927730473
6548.45 1.3065358885379545
6548.84 1.3069616995417666
6549.24 1.3073984446041573
6549.63 1.3078242864697545
6550.0 1.3075654055866033
6550.02 1.3075209540490402
6550.42 1.3066318990615622
6550.81 1.3057650260056735
6551.21 1.3048758798595523
6551.6 1.3040089179369607
6551.99 1.3031419121530317
6552.39 1.3022526298954527
6552.78 1.314670679781249
6553.17 1.3310749272763065
6553.57 1.3479005706262148
6553.96 1.3643063275537148
6554.36 1.3811335188132556
6554.75 1.3975407847321393
6555.14 1.4139487954335728
6555.54 1.4585962535932144
6555.93 1.5043287059382524
6556.33 1.551235949011017
6556.72 1.5969726203511845
6557.11 1.6427113740319246
6557.51 1.689625079069356
6557.9 1.735306800341525
6558.29 1.7804546543489572
6558.69 1.8267622791970004
6559.08 1.871914293340927
6559.48 1.9182261843725814
6559.87 1.9633823574381721
6560.26 2.00854058319455
6560.66 2.044608616579581
6561.05 2.053428221483798
6561.44 2.0622482217699867
6561.84 2.071294786568944
6562.23 2.080115587582463
6562.63 2.0891629735203217
6563.02 2.0979845750274095
6563.41 2.088879440220575
6563.81 2.058088633221887
6564.2 2.0280662048871423
6564.59 1.9980424028549149
6564.99 1.9672473329688198
6565.38 1.9372207489251698
6565.78 1.9064228261103333
6566.17 1.8625162840652605
6566.56 1.810836341975204
6566.96 1.7578288241812208
6567.35 1.7061441069196748
6567.75 1.6531316922283321
6568.14 1.6014422011882938
6568.53 1.5497503539863404
6568.93 1.504693297893265
6569.32 1.4627015850656786
6569.71 1.4207079582981554
6570.0 1.3894806875748102
6570.11 1.3776355839766317
6570.5 1.3356380810984767
6570.9 1.2925617318585723
6571.29 1.250560354000099
6571.68 1.2404861638339373
6572.08 1.2310149856516677
6572.47 1.2217801580329364
6572.86 1.212544907013693
6573.26 1.2030724149257217
6573.65 1.1938363064357054
6574.05 1.1902624343445727
6574.44 1.2138949877393845
6574.83 1.23752861006744
6575.23 1.26176933294779
6575.62 1.2854051200793974
6576.01 1.3090419756788512
6576.41 1.3332860142516942
6576.8 1.363000435967511
6577.2 1.4059408151303596
6577.59 1.4478096036025612
6577.98 1.4896802862996827
6578.38 1.532626543662608
6578.77 1.5745010625447575
6579.16 1.6163774748275228
6579.56 1.6581036636557374
6579.95 1.6975932373546943
6580.35 1.738097217677239
6580.74 1.7775904053449054
6581.13 1.8170853767356567
6581.53 1.8575948923458165
6581.92 1.8970934761330518
6582.31 1.9126583648920312
6582.71 1.9177120666835803
6583.1 1.9226396457064217
6583.5 1.927693798287713
6583.89 1.9326218167665346
6584.28 1.9375500521447724
6584.68 1.942604877813062
6585.07 1.9137438566445406
6585.46 1.8799123380843012
6585.86 1.845211748397981
6586.25 1.8113771172953583
6586.65 1.7766733357225224
6587.04 1.7428355929834909
6587.43 1.7083383656060984
6587.83 1.6473112387347162
6588.22 1.5878070600537937
6588.62 1.5267743336300972
6589.01 1.4672646961801101
6589.4 1.4077523644805774
6589.8 1.3467112772029437
6590.0 1.3161896710269627
6590.19 1.287193489106713
6590.58 1.2276730079314941
6590.98 1.1666235634335618
6591.37 1.107097628232662
6591.77 1.0568216063905163
6592.16 1.0573463341048388
6592.55 1.0578710821485386
6592.95 1.0584093063851747
6593.34 1.0589340955999291
6593.73 1.0594589051352088
6594.13 1.0599971924309424
6594.52 1.0605220431193558
6594.92 1.061060372617279
6595.31 1.0615852644468327
6595.7 1.062110176582148
6596.1 1.0626485690933545
6596.49 1.0631735223519052
6596.88 1.063698495907384
6597.28 1.06423695140445
6597.67 1.06476196606527
6598.07 1.0653004637155192
6598.46 1.0658255194697062
6598.85 1.0663505955060788
6599.25 1.0668891560964437
6599.64 1.067414273208306
6600.04 1.067952875921243
6600.43 1.0684780340966322
6600.82 1.0690032125394782
6601.22 1.0695418781468309
6601.61 1.0700670976353435
6602.0 1.070592337382501
6610.0 1.0778504998251575
6630.0 1.0732320584891049
6650.0 1.0670728875967874
6670.0 1.0543217595122116
6690.0 1.0562548099191023
6710.0 1.0672370585889592
6730.0 1.0610476261778183
6750.0 1.0477233654988074
6770.0 1.047270560657075
6790.0 1.0409530511689387
6810.0 1.0631425873934572
6830.0 1.0672276019325615
6850.0 1.069606835069441
6870.0 1.0334095470646831
6890.0 1.0562755056905604
6910.0 1.056472147610823
6930.0 1.0479781918457567
6950.0 1.0739634486232983
6970.0 1.062524654594751
6990.0 1.0623099484019738
7010.0 1.0597925578564678
7030.0 1.0397077012654363
7050.0 1.0642074267382549
7070.0 1.0562489861005302
7090.0 1.0336975441505973
7110.0 1.0334638123944528
7130.0 1.0219043945357666
7150.0 1.0227366007723986
7170.0 1.0198817516189127
7190.0 0.9660903471537096
7210.0 0.992042836483467
7230.0 1.0314515219797242
7250.0 1.0181041497161363
7270.0 1.0276631308877144
7290.0 1.0236607647660207
7310.0 1.0369918440248647
7330.0 1.0638987573500638
7350.0 1.0726304403483886
7370.0 1.0628343742841035
7390.0 1.0591963401589444
7410.0 1.0767647870183497
7430.0 1.0413765100921286
7450.0 1.072405850006622
7470.0 1.0884975266845027
7490.0 1.0750402378001298
7510.0 1.0828435026207195
7530.0 1.0929680571945983
7550.0 1.1043800873934015
7570.0 1.0879917941969135
7590.0 1.086309276217346
7610.0 1.0718867512772945
7630.0 1.0605370026845056
7650.0 1.0612632998946372
7670.0 1.0127569429560142
7690.0 1.042517979719878
7710.0 0.9882462456978534
7730.0 1.0353522078358506
7750.0 1.0434318841549013
7770.0 1.0163475143815521
7790.0 1.0090562639894687
7810.0 1.02514455287211
7830.0 1.0467409628438606
7850.0 1.057866450959292
7870.0 1.0567829044516344
7890.0 1.0369705218615322
7910.0 1.0207377466358103
7930.0 1.0066712827249897
7950.0 1.0174984295301257
7970.0 1.0262261291637824
7990.0 1.0372632509373385
8010.0 1.0352622765440358
8030.0 1.0055255145074082
8050.0 1.0166605190365374
8070.0 1.0496448555240359
8090.0 1.0223099406716303
8110.0 1.040254987230298
8130.0 1.041320195712356
8150.0 1.0466709491364101
8170.0 1.039731937650346
8190.0 0.9968508028068853
8210.0 0.9904475760481191
8230.0 1.0004919348642467
8250.0 1.008132006681751
8270.0 1.0657064405324028
8290.0 1.0278319685107398
8310.0 1.0108043402584697
8330.0 1.0190592077719427
8350.0 1.0171725177536795
8370.0 1.0307428542279335
8390.0 1.0130930623659582
8410.0 1.036589092023487
8430.0 1.02307193935614
8450.0 1.003185330152287
8470.0 1.015489865335933
8490.0 1.020012198749211
8510.0 0.96134394792928
8530.0 1.0271802515232213
8550.0 0.6729180537137124
8570.0 1.0162738251903063
8590.0 1.013492020192228
8610.0 0.9752909241383796
8630.0 1.0216465651312836
8650.0 1.0283952146945152
8670.0 0.7456175289820532
8690.0 0.9686653995047022
8710.0 0.9989130916998472
8730.0 1.0470162547253195
8750.0 0.9991141281080124
8770.0 1.0226554056097747
8790.0 1.0443365746543716
8810.0 1.049727679736691
8830.0 1.0295784459339503
8850.0 1.0225674709182302
8870.0 0.8910146746709772
8890.0 0.9678498647981844
8910.0 1.0036502810467605
8930.0 1.0056877124059738
8950.0 0.9887721958349415
8970.0 0.950366896270492
8990.0 0.9499809919556936
9010.0 0.9403578540996294
9030.0 0.9541096691472994
9050.0 1.0278766121061442
9070.0 1.020044015807708
9090.0 0.9662363326593434
9110.0 0.9901118116271179
9130.0 0.9962802074503276
9150.0 0.9416100426115968
9170.0 0.907963772320669
9190.0 0.9117275677476926
9210.0 0.9529403550296706
9230.0 0.9301016669369325
9250.0 0.9386266329080288
9270.0 0.9647653822594991
9290.0 0.9401459492524769
9310.0 1.0010877551238562
9330.0 1.0066569903678177
9350.0 1.0054413162361866
9370.0 0.9951759920151492
9390.0 0.9996756055469218
9410.0 0.9916959713668172
9430.0 0.9966353373039853
9450.0 1.0113054706084952
9470.0 1.0143301430815554
9490.0 1.008512676669677
9510.0 0.9903284139804667
9530.0 0.9782417230493614
9550.0 0.9310406631771283
9570.0 0.9774029029455464
9590.0 1.004687510277837
9610.0 1.0032540915805528
9630.0 1.0039779138196303
9650.0 1.0023901038372633
9670.0 1.0024618064244897
9690.0 1.0030217867412603
9710.0 0.9935885124155583
9730.0 0.9863060253459529
9750.0 0.9826740282374198
9770.0 0.9870472114719195
9790.0 0.9807437242869669
9810.0 0.989809568428133
9830.0 0.9903024269238972
9850.0 0.9855905926609378
9870.0 0.9839276485048423
9890.0 0.9822645721075769
9910.0 0.9811189713510026
9930.0 0.9854143766924379
9950.0 0.9878305595456249
9970.0 0.9885499269167151
9990.0 0.9862939521172717
10025.0 0.9706048048606531
10075.0 0.9582494857039507
10125.0 0.9858308366010056
10175.0 0.983344039038499
10225.0 0.9871676657223076
10275.0 0.9906883218265223
10325.0 0.9861913105008767
10375.0 0.9793770576413857
10425.0 0.9725344786936165
10475.0 0.9656639297718937
10525.0 0.9582135483679318
10575.0 0.950354579008878
10625.0 0.9424665884598411
10675.0 0.9345499357649802
10725.0 0.9255088142102348
10775.0 0.9159447906194319
10825.0 0.9063497262787593
10875.0 0.8967239992102229
10925.0 0.8899911051614253
10975.0 0.8843996619387506
11025.0 0.8787871398238757
11075.0 0.8731537913692471
11125.0 0.8699299240927701
11175.0 0.8679083626284133
11225.0 0.8658740131783429
11275.0 0.8638270264437923
11325.0 0.8633451971771497
11375.0 0.8641885498446163
11425.0 0.8650253339057673
11475.0 0.8658556254167268
11525.0 0.8648794673535295
11575.0 0.8604147311535674
11625.0 0.8559338602305612
11675.0 0.8514370391860963
11725.0 0.8463807525790844
11775.0 0.8409472018223305
11825.0 0.8354966064347845
11875.0 0.8300291585902727
11925.0 0.825377970610632
11975.0 0.823173203710816
12025.0 0.8209578971865467
12075.0 0.8187321680457172
12125.0 0.8167095138317902
12175.0 0.8150228268085654
12225.0 0.8133270024584804
12275.0 0.8116221407465788
12325.0 0.8087072478945625
12375.0 0.8042991949021829
12425.0 0.79987800945393
12475.0 0.7954438333064247
12525.0 0.791484139567884
12575.0 0.788109098706832
12625.0 0.7847231964110529
12675.0 0.7813265482610439
12725.0 0.7781392781315504
12775.0 0.7752908841241621
12825.0 0.7724329544805822
12875.0 0.769565589262241
12925.0 0.7668247432304656
12975.0 0.7644662813353265
13025.0 0.7620994603928203
13075.0 0.7597243669135669
13125.0 0.7560613236465621
13175.0 0.7517437324504369
13225.0 0.7474153470082617
13275.0 0.7430762775861594
13325.0 0.7392309813279739
13375.0 0.7360998140352457
13425.0 0.7329600041114831
13475.0 0.7298116386536563
13525.0 0.7270963626838403
13575.0 0.7245546635859562
13625.0 0.7220055092313722
13675.0 0.7194489737577707
13725.0 0.7159342908314887
13775.0 0.7104385706588859
13825.0 0.7049318264984393
13875.0 0.6994141666180619
13925.0 0.6932050385468628
13975.0 0.6863330722689096
14025.0 0.6794487990181701
14075.0 0.6725523381364529
14125.0 0.6688548281559346
14175.0 0.6669255518914009
14225.0 0.6649906501823625
14275.0 0.663050176849129
14325.0 0.6633625237022343
14375.0 0.664537920770221
14425.0 0.6657116876628236
14475.0 0.6668838397306341
14525.0 0.6638300496599898
14570.0 0.6597903642732104
14620.0 0.6552940012983376
14675.0 0.6503385789182574
14725.0 0.6509107868365368
14775.0 0.6534952742758867
14825.0 0.6560799747184579
14875.0 0.6586648861363142
14925.0 0.6603207232675123
14975.0 0.6614282374797508
15025.0 0.6625343078186995
15075.0 0.6636389473945035
15125.0 0.6654531186283557
15175.0 0.6680201915875829
15225.0 0.6705874652032627
15275.0 0.6731549376135197
15325.0 0.6748476160073823
15375.0 0.6743345834156532
15425.0 0.6738184786764676
15475.0 0.6732993290969707
15525.0 0.6710560074327525
15575.0 0.6681984480788093
15625.0 0.6653355185210914
15675.0 0.6624672659781558
15725.0 0.6581486944873011
15775.0 0.6519022358316451
15825.0 0.6456472031848187
15875.0 0.6393836710984485
15925.0 0.6388626670276689
15975.0 0.6398445969085961
16050.0 0.6413153158373319
16150.0 0.642689991164116
16250.0 0.6433063251673075
16350.0 0.6412425177813021
16450.0 0.6371590489405962
16550.0 0.6367088299709099
16650.0 0.6379326470781151
16750.0 0.6371218320567362
16850.0 0.6331518215595614
16950.0 0.6295561691759191
17050.0 0.6264094921565182
17150.0 0.6190449579412988
17250.0 0.6074436049295279
17350.0 0.5985673428527686
17450.0 0.5922187842916159
17550.0 0.5839589065798534
17650.0 0.5739045124320212
17750.0 0.5640712205813148
17850.0 0.5544696748112151
17950.0 0.5437674090889167
18050.0 0.5316701570582956
18150.0 0.5217966187511094
18250.0 0.5157823320782124
18350.0 0.5092384401904209
18450.0 0.5024495459732421
18550.0 0.4937305562263076
18650.0 0.4835729849396548
18750.0 0.47577121319811727
18850.0 0.47106721821780245
18950.0 0.4681674668158016
19050.0 0.4660304616076035
19150.0 0.4622033437043818
19250.0 0.45678660463600457
19350.0 0.4503127184256221
19450.0 0.4414329905907415
19550.0 0.43415387336081374
19650.0 0.4283748568501742
19750.0 0.42326977382285846
19850.0 0.4184314007609022
19950.0 0.4144593400890657
20050.0 0.4116227066576851
20150.0 0.4067579528708924
20250.0 0.40048906648742266
20350.0 0.3981357196778392
20450.0 0.39720785477765874
20550.0 0.395077527458578
20650.0 0.39102602525959484
20750.0 0.38724955608068246
20850.0 0.38376378321396476
20950.0 0.38084075466572404
21050.0 0.3783388886140336
21150.0 0.3753151565360465
21250.0 0.37199298432336003
21350.0 0.3687312588544353
21450.0 0.36549404085724785
21550.0 0.3608355334705931
21650.0 0.3556142489650665
21750.0 0.35286745548947307
21850.0 0.3510306621643576
21950.0 0.34780060267530966
22050.0 0.34403860678118897
22150.0 0.34009243127168653
22250.0 0.3360642614402455
22350.0 0.33276831543306273
22450.0 0.3298513766682958
22550.0 0.3256721865472873
22650.0 0.3206339808656473
22750.0 0.31048858491315184
22850.0 0.2955220983839248
22950.0 0.28594852809250354
23050.0 0.2840050151560769
23150.0 0.27673980875758675
23250.0 0.2567378126461846
23350.0 0.24547329257231318
23450.0 0.23809136158732488
23550.0 0.23487089593037572
23650.0 0.2352269742417992
23750.0 0.23147457402248128
23850.0 0.22053415556133268
23950.0 0.214637450728381
24050.0 0.2106982214144599
24150.0 0.2078008079200074
24250.0 0.20590235535368145
24350.0 0.20220957982216567
24450.0 0.19392820563635824
24550.0 0.18931095470489367
24650.0 0.18718950110165247
24750.0 0.18109953117792618
24850.0 0.16691537010044322
24950.0 0.15164640791765274
25050.0 0.1500589265727777
25150.0 0.1539684542421877
25250.0 0.1581121078659761
25350.0 0.15717840517019108
25450.0 0.15682062920047826
25550.0 0.1585916158554641
25650.0 0.15806571657594998
25750.0 0.16018036740312858
25850.0 0.1615579547335738
25950.0 0.16142292061474703
26050.0 0.16490337904225794
26150.0 0.17031786054310993
26250.0 0.16851730631504216
26350.0 0.16709058985134853
26450.0 0.16566567508469876
26550.0 0.16406782419623897
26650.0 0.15681187849130596
26750.0 0.15215744125176311
26850.0 0.14933875948239297
26950.0 0.149954748555979
27050.0 0.1451671947491238
27150.0 0.14265728805330874
27250.0 0.141469040490067
27350.0 0.13957166988522393
27450.0 0.13699522211773102
27550.0 0.13632315152669616
27650.0 0.1356829790315993
27750.0 0.13564391161004064
27850.0 0.1363533172403977
27950.0 0.1352973964980191
28050.0 0.13022656558755677
28150.0 0.12472865040069574
28250.0 0.12362024467292843
28350.0 0.11994805424360849
28450.0 0.11660954964986274
28550.0 0.11173088961667092
28650.0 0.11059737679331953
28750.0 0.1082122917218345
28850.0 0.10707688372152967
28950.0 0.10645651888893565
29050.0 0.10669683341211339
29150.0 0.10711954818790434
29250.0 0.10448435512131253
29350.0 0.09984371920168715
29450.0 0.09804187851359997
29550.0 0.09769759813626161
29650.0 0.0960442498150954
29750.0 0.09347416097447268
29850.0 0.0929434065717251
29950.0 0.0957666852690438
30050.0 0.09518034612738753
30150.0 0.0973279587823269
30250.0 0.09616430995479121
30350.0 0.09518528159698982
30450.0 0.0946656036965891
30550.0 0.09680803479144429
30650.0 0.0939506791513721
30750.0 0.09369700768030832
30850.0 0.0933076412036246
30950.0 0.09207247189062084
31050.0 0.09204043552543896
31150.0 0.09082519789524121
31250.0 0.08878109551589976
31350.0 0.09129644892887989
31450.0 0.09164464442844954
31550.0 0.09664605635727248
31650.0 0.10064191996731167
31750.0 0.09693151431943885
31850.0 0.0980132391227493
31950.0 0.09825270497392874
32100.0 0.10217774105808991
32300.0 0.12040242874976093
32500.0 0.15413448818393202
32700.0 0.2009185643219461
32900.0 0.22047698545968533
33100.0 0.2162476612777943
33300.0 0.16297892807475167
33500.0 0.1316685349985864
33700.0 0.12486219363082751
33900.0 0.12472893530053616
34100.0 0.12412218079283442
34300.0 0.12181800479281059
34500.0 0.11448083685858287
34700.0 0.11095518799034622
34900.0 0.10665933456763589
35100.0 0.10973364705010648
35300.0 0.10185778119833706
35500.0 0.09351690948295649
35700.0 0.09393800331890058
35900.0 0.09075887893748673
36100.0 0.08708420265586451
36300.0 0.08516796221375356
36500.0 0.0852590561815271
36700.0 0.08423646899253139
36900.0 0.08251182127769621
37100.0 0.08272075690023482
37300.0 0.08288538931416997
37500.0 0.0903646045696136
37700.0 0.08726795822894116
37900.0 0.08131108675253979
38100.0 0.08080952748295755
38300.0 0.08132720664299206
38500.0 0.08082310138302522
38700.0 0.0788597855148079
38900.0 0.07850139335130862
39100.0 0.0785730263587087
39300.0 0.0774862731939926
39500.0 0.07816982361220326
39700.0 0.0790704893678247
39900.0 0.0791563133309297
40100.0 0.07996051732213694
40300.0 0.09077644583682759
40500.0 0.10089712144722027
40700.0 0.09347007946347977
40900.0 0.07770374176972257
41100.0 0.07018365137589506
41300.0 0.068668915761654
41500.0 0.07192106506963165
41700.0 0.0746827626072243
41900.0 0.0743750982260642
42100.0 0.0677030429910967
42300.0 0.062371193435495284
42500.0 0.05645002427071269
42700.0 0.05743346422974806
42900.0 0.05736075736302945
43100.0 0.06606924607341708
43300.0 0.06663372356154597
43500.0 0.0636163791984248
43700.0 0.06591011702458019
43900.0 0.06255428927538108
44100.0 0.0630243899126413
44300.0 0.062269904443817595
44500.0 0.06000338774301999
44700.0 0.05198905124257746
44900.0 0.05283859869164776
45100.0 0.05432242277149386
45300.0 0.053261561614691276
45500.0 0.05157199881419747
45700.0 0.04900847073857819
45900.0 0.045878166445477916
46100.0 0.04859930552841062
46300.0 0.05513796836425582
46500.0 0.05822329771614975
46700.0 0.05929426025268826
46900.0 0.06373830526865161
47100.0 0.06277504420430016
47300.0 0.061264971292447346
47500.0 0.05892079847273055
47700.0 0.05401248536315793
47900.0 0.06023800767343692
48100.0 0.057045407629674326
48300.0 0.05022121392154218
48500.0 0.0472363550709486
48700.0 0.04739305890479308
48900.0 0.04754975940617781
49100.0 0.04770643576714716
49300.0 0.047863112128116496
49500.0 0.04802026539432448
49700.0 0.048177645622519326
49900.0 0.04833485618814525
50100.0 0.04849142579728172
50300.0 0.048647995406418176
50500.0 0.04880451119671085
50700.0 0.04896100568183308
50900.0 0.04911789319051213
51100.0 0.04998036121808097
51300.0 0.05157908699243002
51500.0 0.05517156692555238
51700.0 0.0611215850399026
51900.0 0.06932256230199663
52100.0 0.08237045948206602
52300.0 0.09172968358924705
52500.0 0.09626804602846581
52700.0 0.08800131699468446
52900.0 0.08486363906092045
53100.0 0.08505529617460966
53300.0 0.08933346063822138
53500.0 0.0795393088775857
53700.0 0.06746978484761697
53900.0 0.061284200590323266
54100.0 0.06051066475275626
54300.0 0.06090580013528619
54500.0 0.06091837927219772
54700.0 0.06381069788836197
54900.0 0.06857613635995563
55100.0 0.07565693252745645
55300.0 0.07483921618007627
55500.0 0.07402586929483479
55700.0 0.0746132951102298
55900.0 0.085478464818569
56100.0 0.0968174140095693
56300.0 0.10786026461632041
56500.0 0.11316611508577615
56700.0 0.11723016073286707
56900.0 0.12007210375711401
57100.0 0.11836888861929266
57300.0 0.11457940480473522
57500.0 0.10899747445216319
57700.0 0.10263368908861947
57900.0 0.09755642405033006
58100.0 0.09409022533554905
58300.0 0.09626442236357524
58500.0 0.0978678275245196
58700.0 0.09914830121724467
58900.0 0.10045522931616421
59100.0 0.09964430495927158
59300.0 0.09887550683512769
59500.0 0.10220017272084538
59700.0 0.11412940323409627
59900.0 0.12867544953568463
60100.0 0.14123949148292186
60300.0 0.1470956828233891
60500.0 0.1508039994794811
60700.0 0.15418264132134607
60900.0 0.16854075398875798
61100.0 0.19246765013472686
61300.0 0.23031678625188146
61500.0 0.2980339057054359
61700.0 0.3709490275009032
61900.0 0.44430807151340174
62100.0 0.4640520103022966
62300.0 0.4565507840025214
62500.0 0.4200473639537791
62700.0 0.37002201934408613
62900.0 0.3258964498725449
63100.0 0.2892546640000469
63300.0 0.26096397425074863
63500.0 0.23706379100844016
63700.0 0.2173867740508412
63900.0 0.2014993241315775
64200.0 0.1806577289541276
64600.0 0.1615995808948418
65000.0 0.1508865967063972
65400.0 0.14515240359868115
65800.0 0.14565138324154372
66200.0 0.15189098969269663
66600.0 0.15164876105219652
67000.0 0.15010365971488865
67400.0 0.1484278314719515
67800.0 0.14501337428353156
68200.0 0.14573334839449378
68600.0 0.15015790134090617
69000.0 0.17077772079719872
69400.0 0.19484229952606816
69800.0 0.2632565810689018
70200.0 0.22585474292142135
70600.0 0.2029377578717637
71000.0 0.20650639129026643
71400.0 0.20957330237586794
71800.0 0.2102606435130383
72200.0 0.21846201104742022
72600.0 0.23158584844009839
73000.0 0.2523377619416888
73400.0 0.25161213064193005
73800.0 0.2990292056671592
74200.0 0.3296646647690408
74600.0 0.3649359678820107
75000.0 0.406518622419809
75400.0 0.4466131597555337
75800.0 0.48436314962703836
76200.0 0.5111433543586621
76600.0 0.5168266277921741
77000.0 0.501729052516244
77400.0 0.49340194566846035
77800.0 0.48562910977782353
78200.0 0.47708674387841393
78600.0 0.45097289749377567
79000.0 0.41782387145647626
79400.0 0.37976478990330026
79800.0 0.34184510808772844
80200.0 0.3085141155904509
80600.0 0.2784517711784648
81000.0 0.25168427363755314
81400.0 0.2331595717467575
81800.0 0.22020802480656285
82200.0 0.21386824707156396
82600.0 0.20930896949769892
83000.0 0.20551788087148315
83400.0 0.20198380115841774
83800.0 0.19895081358467814
84200.0 0.19695058558278367
84600.0 0.19711408393249846
85000.0 0.19997204800166285
85400.0 0.20276360056968695
85800.0 0.20417244006635335
86200.0 0.19469405399101802
86600.0 0.17916512239652183
87000.0 0.15670004178621855
87400.0 0.13452233375177974
87800.0 0.11393296787190967
88200.0 0.09546488801188127
88600.0 0.0819189344999045
89000.0 0.07175561904519745
89400.0 0.06511646291715696
89800.0 0.060291757551560805
90200.0 0.05453233002745239
90600.0 0.04796658514971746
91000.0 0.044158266856598
91400.0 0.04133771381452784
91800.0 0.03929914278031503
92200.0 0.0372223624151398
92600.0 0.03518059774492579
93000.0 0.03322676224672158
93400.0 0.03172989560792064
93800.0 0.03037940485485129
94200.0 0.029182075485512028
94600.0 0.028344460863127127
95000.0 0.027956221936905133
95400.0 0.028093365942795528
95800.0 0.029425474002589932
96200.0 0.03189508138981325
96600.0 0.03311670041008703
97000.0 0.029580824677591606
97400.0 0.026086556462668952
97800.0 0.023450159303148754
98200.0 0.022762092156116142
98600.0 0.021737698668138673
99000.0 0.020907976064913836
99400.0 0.020577206326644733
99800.0 0.020941170786010082
100200.0 0.021368647281339886
100400.00000000009 0.021551041680461954
100748.43066198383 0.02170202780455108
101098.07052641988 0.021510739874265414
101448.92378975474 0.021567067507624074
101800.9946629978 0.02176525061472511
102154.28737177301 0.02178129543153333
102508.80615636887 0.021995256821804
102864.55527178946 0.022725679732308726
103221.53898780573 0.023102985341772523
103579.76158900595 0.023267453563003956
103939.22737484834 0.024154975477621566
104299.94065971187 0.02548271650313135
104661.9057729482 0.027661426874023412
105025.12705893395 0.029867576612247766
105389.60887712192 0.0320283051594692
105755.35560209466 0.033420931543726155
106122.37162361621 0.03384780612992405
106490.66134668495 0.03312973941785519
106860.22919158668 0.033122341982938876
107231.07959394684 0.033254863448062215
107603.217004785 0.0334373950056797
107976.64589056744 0.03365983892182653
108351.370733261 0.033993783814080324
108727.39603038708 0.035264948103595546
109104.72629507471 0.037864565706314475
109483.36605611602 0.041706499764854625
109863.31985801981 0.04705829177223534
110244.59226106624 0.052209808451036406
110627.1878413618 0.05694953784699633
111011.11119089334 0.07255393915916339
111396.36691758451 0.09665185879076559
111782.95964535022 0.1349807502247052
112170.89401415233 0.15877690552392193
112560.17468005554 0.17086615066993546
112950.80631528242 0.1614969042262755
113342.79360827077 0.14589674627196472
113736.1412637291 0.1294857079475666
114130.85400269323 0.1167770855384832
114526.93656258319 0.1063245930701844
114924.39369725919 0.0976733457186689
115323.23017708007 0.09202427826104463
115723.45078895958 0.086786024722446
116125.06033642414 0.08241957052051488
116528.06363967061 0.07978224224720178
116932.46553562334 0.07865969038899377
117338.27087799355 0.07808128102409735
117745.48453733666 0.07791992826841668
118154.11140111096 0.08059739456312906
118564.15637373661 0.08395399082653342
118975.62437665339 0.0878047983474541
119388.52034838134 0.0917105262317806
119802.84924457902 0.09467543845030851
120218.61603810318 0.09656755187224586
120635.82571906883 0.0964140698136013
121054.48329490799 0.095844221797675
121474.59379043133 0.0960094137890853
121896.16224788758 0.09767714058320459
122319.19372702412 0.10405018162940825
122743.69330514787 0.10941028245527819
123169.6660771864 0.11329520758071568
123597.11715574806 0.11461097503194889
124026.0516711849 0.11724995972056151
124456.47477165324 0.1212587742829105
124888.39162317566 0.12679549072779628
125321.80740970328 0.1341871473456829
125756.72733317701 0.14131117088067746
126193.15661359143 0.1480942932770986
126631.1004890565 0.15442810823498093
127070.56421586059 0.17741863011379141
127511.55306853396 0.22768966689268924
127954.0723399109 0.2731413774733508
128398.12734119488 0.2696641991341185
128843.72340202122 0.17343410886733795
129290.86587052139 0.12065906402443745
129739.56011338736 0.10101140946386093
130189.81151593504 0.09516818925977173
130641.62548217046 0.0932489680685105
131095.00743485359 0.09260090393790286
131549.96281556363 0.09247101175789448
132006.49708476473 0.09222036868586474
132464.61572187033 0.09135453209278857
132924.3242253105 0.09050442893320043
133385.628112597 0.08978723330371124
133848.53292038973 0.08924814398238215
134313.04420456337 0.0888960941321877
134779.167540273 0.08980434838267798
135246.90852202274 0.08973275649286591
135716.27276373174 0.08867323500874946
136187.2658988018 0.08700342459781833
136659.8935801853 0.08575791615027077
137134.16148045196 0.08379177820118874
137610.07529185852 0.08212517696833023
138087.64072641605 0.0811889882758022
138566.86351595866 0.08081815352696355
139047.7494122127 0.07996826520833346
139530.30418686455 0.07872547535622673
140014.53363163173 0.07728541236037947
140500.44355833106 0.07590353687765065
140988.03979894897 0.07504202900473937
141477.32820571162 0.07547336064178577
141968.3146511539 0.0790640754862195
142461.00502819192 0.08262246766327498
142955.40525019236 0.08253252459243143
143451.52125104374 0.08193756881540312
143949.35898522806 0.08035983183622497
144448.924427891 0.07733139284418426
144950.2235749154 0.07367334464571018
145453.2624429921 0.07267444738119117
145958.04706969234 0.07206275259400077
146464.58351354074 0.07208209338134657
146972.87785408652 0.07179738892264481
147482.9361919785 0.07143811864575024
147994.76464903704 0.07128520611169488
148508.36936832778 0.07072394140198263
149023.7565142358 0.06976431399108363
149540.9322725382 0.06851043054385994
150059.90285048028 0.06713484071862523
150580.6744768489 0.06555794046729481
151103.25340204738 0.0644989102865848
151627.64589817091 0.06381202004568955
152153.85825908065 0.06419967395910844
152681.89680048096 0.06458403369043632
153211.76785999417 0.06496610308333478
153743.47779723676 0.06571683189568558
154277.0329938962 0.06692699783976509
154812.43985380605 0.06871396788323444
155349.70480302497 0.08017689111276115
155888.8342899124 0.08424542457503373
156429.8347852063 0.07307757097585175
156972.71278210124 0.06771791825576116
157517.47479632485 0.06482601644071447
158064.1273662182 0.06481619407924283
158612.67705281274 0.06518764150820996
159163.1304399096 0.06507587288994728
159715.49413415877 0.06351146680905372
160269.77476513712 0.0625074624253276
160825.97898542997 0.06182443264319609
161384.11347070962 0.06154611012189531
161944.18491981577 0.062377137610990264
162506.2000548363 0.06456098508748483
163070.1656211866 0.06888669934309453
163636.0883876925 0.07318786500088753
164203.97514667013 0.07701513864371948
164773.83271400793 0.08016508357486408
165345.66792924836 0.07710218153055948
165919.48765567035 0.07447825146824992
166495.29878037024 0.07272305041699134
167073.10821434658 0.07340177815867614
167652.9228925817 0.07414237571457308
168234.74977412526 0.07506983457086301
168818.59584217807 0.07654134546441259
169404.46810417465 0.08443095023812505
169992.37359186928 0.0915435953442509
170582.3193614191 0.09494627952455324
171174.31249346913 0.08421058422738961
171768.3600932375 0.07791354881753447
172364.46929059955 0.0753938380721779
172962.64724017525 0.07512648033340733
173562.90112141386 0.07508302610945639
174165.23813868032 0.07387956761334454
174769.6655213422 0.071085393079049
175376.19052385495 0.06766881954905293
175984.8204258511 0.0658152048530449
176595.5625322263 0.06502203142791653
177208.42417322725 0.06499449838557465
177823.4127045401 0.06377845700971078
178440.53550737724 0.06306517671594973
179059.79998856818 0.06252714076418854
179681.21358064678 0.06178454212706794
180304.7837419411 0.0601380200528318
180930.51795666298 0.05917772654489187
181558.42373499667 0.05840688125895051
182188.508613191 0.05729654490183425
182820.7801536484 0.056901762565238344
183455.24594501613 0.056839488553999375
184091.9136022776 0.057284572807045187
184730.79076684228 0.05830135081117186
185371.88510663982 0.05959312514223351
186015.20431621035 0.0610870966001097
186660.7561167974 0.07026466194132835
187308.54825644082 0.07962001842193382
187958.58851006837 0.07088541526324349
188610.8846795912 0.0631105849791092
189265.44459399607 0.06143682016323141
189922.27610943964 0.06182564566966675
190581.38710934314 0.06193975441585732
191242.78550448545 0.06249384561465851
191906.4792331004 0.06345143579839256
192572.47626097052 0.06362584136826323
193240.7845815229 0.064011372542528
193911.41221592567 0.0649975433255537
194584.36721318262 0.06582584084457796
195259.65765023217 0.06680819835301528
195937.29163204285 0.06755604593930108
196617.27729171072 0.06842286706320315
197299.62279055765 0.06938509030592453
197984.33631822755 0.07022129205303279
198671.42609278703 0.07098374438852048
199360.90036082253 0.07170441712797881
200052.7673975396 0.07209425126794262
200747.03550686277 0.07235935405087839
201443.7130215334 0.07284807230754083
202142.80830321225 0.07377213192968998
202844.3297425782 0.07469939843137953
203548.28575942936 0.07597145075193393
204254.6848027845 0.07725665054154195
204963.53535098286 0.07832857146496974
205674.84591178835 0.07927602947436434
206388.62502249 0.08000580081624423
207104.88125000495 0.08023021853841399
207823.62319098154 0.08045541508543944
208544.8594719008 0.08122337863494472
209268.59874918268 0.08199636785357858
209994.84970928813 0.08259565775762052
210723.62106882382 0.08312353498017899
211454.9215746472 0.08365147270705615
212188.76000396966 0.08417893473743357
212925.1451644646 0.08475904450953825
213664.08589437135 0.08557150654082896
214405.5910626017 0.08638678816059978
215149.66956884676 0.08688271553297694
215896.33034368197 0.08736150143781633
216645.5823486771 0.08794032193309578
217397.43457650184 0.08855841567895531
218151.8960510343 0.08917510676376295
218908.9758274697 0.0897907033986749
219668.68299242735 0.09044365451489605
220431.02666406232 0.09116793318962206
221196.01599217302 0.09177216953031726
221963.66015831166 0.09177475589261924
222733.96837589474 0.09179068456574087
223506.94989031187 0.09262055737665195
224282.61397903945 0.09345331019884658
225060.96995175022 0.09396308621980408
225842.02715042542 0.09442975124032493
226625.79494946744 0.09489336362184123
227412.28275581042 0.09535709029236468
228201.50000903595 0.095974532274085
228993.45618148448 0.09667535677621758
229788.16077836952 0.09710322927885348
230585.62333789226 0.0973172811262894
231385.85343135396 0.09780455420875164
232188.8606632739 0.09858194161303988
232994.65467150253 0.09939786499732
233803.24512733784 0.1002650699836417
234614.64173564175 0.10102624400678044
235428.8542349548 0.1016114695425892
236245.89239761574 0.10238150446512943
237065.76602987712 0.1034974338124557
237888.48497202326 0.10479389686317356
238714.05909848903 0.10645355974790081
239542.4983179762 0.10792040518283642
240373.81257357553 0.10898287907548491
241208.01184288395 0.10994966035226102
242045.10613812497 0.11072427107693589
242885.10550626923 0.11179843093582956
243728.0200291531 0.11340207403507739
244573.85982360275 0.11498132769986362
245422.63504155353 0.11652081458927385
246274.3558701723 0.11794726308534681
247129.0325319802 0.1192334040026726
247986.67528497343 0.1206645345595603
248847.29442274923 0.1222342025482795
249710.90027462755 0.12382415646105059
250577.5032057754 0.12542996543923032
251447.1136173319 0.12659741524451382
252319.741946531 0.12755882625719944
253195.39866682977 0.12818082537343925
254074.09428803218 0.12870878461613056
254955.83935641564 0.12880573845284854
255840.64445485763 0.12891703803083995
256728.52020296326 0.1319015069709471
257619.47725719062 0.13521555286488296
258513.52631098175 0.14021089467156236
259410.67809488898 0.14351493238559396
260310.94337670426 0.1430448103425123
261214.33296158884 0.14219064376811982
262120.8576922009 0.14090783777921498
263030.5284488288 0.13994371748209156
263943.3561495196 0.13915232253897783
264859.35175021074 0.13995699281152338
265778.5262448618 0.1411191964026437
266700.8906655845 0.1433856809603994
267626.45608277834 0.14547253669281582
268555.23360526125 0.1469651196898499
269487.23438040353 0.14776970370221285
270422.46959426196 0.14775184752768608
271360.9504717122 0.14818962571398156
272302.6882765867 0.14883690573812836
273247.69431180746 0.149511987844461
274195.97991952254 0.15042638866310837
275147.55648124265 0.15242271430690157
276102.4354179754 0.1538459042716918
277060.6281903659 0.1545378165276512
278022.1462988321 0.15577169302121105
278987.001283703 0.1572269806412291
279955.20472535834 0.15929818316279637
280926.7682443648 0.16122841141441066
281901.7035016192 0.16279407688482755
282880.0221984859 0.16377908390513923
283861.73607693805 0.16436232938260784
284846.856919699 0.16486152763478235
285835.39655038144 0.1656324927900584
286827.3668336328 0.16735808129734955
287822.7796752752 0.1684684209797143
288821.64702244906 0.1690921425461833
289823.9808637571 0.171033782392652
290829.79322940577 0.17297130458644897
291839.0961913531 0.1744539325819711
292851.90186345164 0.1753577156477452
293868.22240159387 0.17589531951779125
294888.0700038592 0.17708773259915123
295911.45691065746 0.17837811345924698
296938.39540488017 0.17981862800864368
297968.8978120446 0.18010812615798122
299002.9765004432 0.18036720239094237
300040.643881292 0.18268269389478237
301081.9124088775 0.18439197025298393
302126.7945807098 0.18561004923615046
303175.3029376698 0.18632740523423677
304227.45006416074 0.18705590444487236
305283.2485882598 0.18782663962799925
306342.71118186694 0.18874699416594737
307405.8505608609 0.1904518107722792
308472.6794852493 0.19426167116460688
309543.21075932245 0.19555767295931137
310617.4572318076 0.19562453475430544
311695.4317960206 0.19465601908055713
312777.1473900245 0.19493369277958944
313862.6169967824 0.19610316509825731
314951.8536443137 0.198684375164617
316044.87040585116 0.2007532071425583
317141.68039999536 0.2023508678995821
318242.2967908759 0.20261044323507177
319346.7327883069 0.20267077980430998
320455.0016479461 0.20266935548296786
321567.116671454 0.20364351812336257
322683.09120665427 0.20660126052860606
323802.93864769104 0.21078707205368566
324926.672435194 0.21389169829111557
326054.30605643673 0.21826746982604248
327185.8530454994 0.22159863454785605
328321.326983432 0.21672726237829318
329460.74149841425 0.2201240075070432
330604.11026592366 0.225784066737205
331751.4470088968 0.22881216205320762
332902.76549789455 0.23543496208443068
334058.07955126825 0.23862306381823029
335217.40303532267 0.23527703124330757
336380.74986448674 0.22785389219033494
337548.13400147745 0.22440941180672475
338719.56945746863 0.22524982735111884
339895.07029225933 0.2314014281715739
341074.65061444003 0.2326699711710046
342258.32458156615 0.0
343446.10640032514 0.0
344638.0103267076 0.0
345834.0506661794 0.0
347034.2417738501 0.0
348238.5980546498 0.0
349447.1339634991 0.0
350659.8640054834 0.0
351876.8027360276 0.0
353097.96476106776 0.0
354323.3647372312 0.0
355553.01737200917 0.0
356786.93742393394 0.0
358025.13970275706 0.0
359267.6390696242 0.0
360514.4504372573 0.0
361765.5887701314 0.0
363021.06908465445 0.0
364280.90644934855 0.0
365545.1159850277 0.0
366813.7128649837 0.0
368086.7123151656 0.0
369364.1296143627 0.0
370645.98009438923 0.0
371932.2791402647 0.0
373223.04219040385 0.0
374518.28473679814 0.0
375818.0223252031 0.0
377122.2705553253 0.0
378431.04508100665 0.0
379744.36161041673 0.0
381062.23590623855 0.0
382384.6837858583 0.0
383711.7211215558 0.0
385043.36384069227 0.0
386379.62792590604 0.0
387720.529415301 0.0
389066.08440264023 0.0
390416.3090375398 0.0
391771.21952565934 0.0
393130.8321289014 0.0
394495.16316560353 0.0
395864.22901073477 0.0
397238.0460960931 0.0
398616.63091049937 0.0
400000.0000000001 0.0
