91.0 0.0
94.0 0.0
96.0 0.0
98.0 0.0
100.0 0.0
102.0 0.0
104.0 0.0
106.0 0.0
108.0 0.0
110.0 1.0363232629165158e-15
114.0 2.648115564120968e-15
118.0 4.285154115484939e-15
121.0 6.541664427657109e-15
125.0 1.2311268693083246e-14
127.0 1.5229828816411918e-14
128.0 1.6697606118723828e-14
131.0 2.3778070611389874e-14
132.0 2.7921985222415648e-14
134.0 3.625824965834568e-14
137.0 4.8884445123020394e-14
140.0 6.165794308524857e-14
143.0 9.293576500033856e-14
147.0 1.35209222405912e-13
151.0 1.9034439153176684e-13
155.0 2.832353201728255e-13
159.0 3.77573190255659e-13
162.0 4.922293563859683e-13
166.0 6.760378649339184e-13
170.0 8.62702392548389e-13
173.0 1.116492154932594e-12
177.0 1.459481500585746e-12
180.0 1.7202095024730125e-12
182.0 2.0064264061312803e-12
186.0 2.5855225222409216e-12
191.0 3.4091422609930133e-12
194.0 4.121273216124502e-12
198.0 5.083643824975269e-12
202.0 6.306681563213043e-12
205.0 7.421787037748283e-12
210.0 9.309022803359458e-12
216.0 1.263765837466918e-11
220.0 1.489958872656762e-11
223.0 1.9171967735820438e-11
227.0 2.4945941103162242e-11
230.0 2.93350900334359e-11
234.0 4.421585761202287e-11
240.0 6.6972607334262e-11
246.0 1.2919955927792973e-10
252.0 8.498853949782866e-10
257.0 2.5691799661284693e-09
260.0 3.616900546361783e-09
264.0 1.0022715423192121e-08
269.0 1.8171264927288574e-08
274.0 2.451991508840115e-08
279.0 3.0496980125136365e-08
284.0 3.00659041394999e-08
290.0 2.7553474828298263e-08
296.0 2.435089015864445e-08
301.0 2.7904414413076954e-08
308.0 6.86623190198526e-08
318.0 1.5381069750144047e-07
328.0 2.442273550754098e-07
338.0 3.2588087420351703e-07
348.0 3.68687581754879e-07
357.0 3.7668209704065143e-07
366.0 3.6557444037338464e-07
375.0 3.5081714600175567e-07
385.0 3.795482792945699e-07
395.0 4.875712563163148e-07
405.0 6.135070307947175e-07
414.0 7.190319416329667e-07
422.0 8.316568579613588e-07
430.0 9.693689352682793e-07
441.0 1.2135324734494722e-06
451.0 1.4529015854951416e-06
460.0 1.6785364165490678e-06
470.0 1.9726677821101e-06
480.0 2.3281564197873163e-06
490.0 2.7503378134737836e-06
500.0 3.337049746982768e-06
506.0 3.828391764055259e-06
512.0 4.336403294298102e-06
520.0 5.046608603991716e-06
530.0 5.740199263213354e-06
540.0 6.524373036482731e-06
550.0 7.825200378027493e-06
560.0 9.381504741522126e-06
570.0 1.101997779231787e-05
580.0 1.2769871004726146e-05
590.0 1.483361768986482e-05
600.0 1.7333278790004342e-05
610.0 2.025381719660912e-05
620.0 2.343807400661761e-05
630.0 2.705167518322629e-05
640.0 3.121615217186249e-05
650.0 3.6502635067229894e-05
658.0 4.143043166716116e-05
665.0 4.626648664955691e-05
675.0 5.3681920873215474e-05
685.0 6.179535008795561e-05
695.0 7.105299661693085e-05
705.0 8.224553347063306e-05
716.0 9.806039451597758e-05
726.0 0.00011571619406738625
735.0 0.00013638612338103432
745.0 0.00016939263159781523
755.0 0.00021427963051952927
765.0 0.00027078400787397024
775.0 0.00035375256698459527
785.0 0.0004745089940789341
795.0 0.000636487905760583
805.0 0.0008537590915493165
815.0 0.0010929307674475844
825.0 0.001347839230685535
835.0 0.001661215857150503
845.0 0.002046179817842024
855.0 0.002485054144869601
865.0 0.002983322203510379
875.0 0.0035815243905774315
885.0 0.004299603070235962
895.0 0.0052623290976149635
905.0 0.006533280173201662
915.0 0.008093406758213397
925.0 0.011365702241923105
935.0 0.016920665960662624
945.0 0.02286727319010073
955.0 0.029024190160611252
965.0 0.03445015935144909
975.0 0.0389616509926833
985.0 0.04467671359873251
995.0 0.05094677697738079
1005.0 0.057131577179015174
1015.0 0.06219956848506148
1025.0 0.06671554207303201
1035.0 0.07454513346092378
1045.0 0.08459215899040763
1055.0 0.09280360395593301
1065.0 0.09932621294108512
1075.0 0.10556750883862889
1085.0 0.11212095561538268
1095.0 0.11976474847750693
1105.0 0.12730002224799228
1115.0 0.13540742782872264
1125.0 0.14448498762527717
1135.0 0.15307740013689602
1145.0 0.1612560603714057
1155.0 0.1699826006498091
1165.0 0.17540932079410743
1175.0 0.17720321522959576
1185.0 0.1742793020029305
1195.0 0.1627058960348596
1205.0 0.14887734206467412
1208.72 0.14276033786475392
1208.8 0.14262750374330543
1208.87 0.1425112296235536
1208.94 0.14239491419874303
1209.02 0.1422619317162663
1209.09 0.14214552780480552
1209.16 0.14202908261086156
1209.23 0.14191259614161741
1209.31 0.1417794182162239
1209.38 0.14166284332408924
1209.45 0.14154622717922394
1209.53 0.14141290108075447
1209.6 0.1412961965613571
1209.67 0.1411794508117927
1209.75 0.14104597662129534
1209.82 0.1409291425455461
1209.89 0.1408122672621894
1209.96 0.14069535077840284
1210.04 0.14058399883632003
1210.11 0.14050605812590578
1210.18 0.14042808730404077
1210.26 0.14033894092882904
1210.33 0.14026090559989482
1210.4 0.14018284017581156
1210.47 0.14010474466176567
1210.55 0.1400154558075139
1210.62 0.139937295832439
1210.69 0.13985910578369878
1210.77 0.13976970890975132
1210.84 0.1396914544349021
1210.91 0.139613169902682
1210.99 0.13952366506756572
1211.06 0.13944531614415054
1211.13 0.1393669371796557
1211.2 0.13928852817926532
1211.28 0.13919888112110454
1211.35 0.139120407775531
1211.42 0.1390419044103486
1211.5 0.1389521495266543
1211.57 0.13887358185118748
1211.64 0.13879498417239608
1211.72 0.1387051215216592
1211.79 0.13862645956747538
1211.86 0.1385477676262484
1211.93 0.13846904570315782
1212.01 0.13837904108521315
1212.08 0.13830025493271333
1212.15 0.1382214388146272
1212.23 0.13813132656518842
1212.3 0.13805244625256896
1212.37 0.13797353599063708
1212.44 0.13789459578456953
1212.52 0.13780434174656067
1212.59 0.1377253373919224
1212.66 0.13764630310941817
1212.74 0.13755594157540177
1212.81 0.13747684317918626
1212.88 0.137397714871371
1212.96 0.13730724589977283
1213.03 0.13722805351309897
1213.1 0.13714883123108865
1213.17 0.13706957905891534
1213.25 0.13697896855429767
1213.32 0.1368996523491965
1213.39 0.1368203062701908
1213.47 0.13672958846338595
1213.54 0.13665017838628832
1213.61 0.1365707384515412
1213.69 0.13647991340093377
1213.76 0.13640040950292254
1213.83 0.13632087576351354
1213.9 0.13624131218787638
1213.98 0.13615034585962404
1214.05 0.13607071836662185
1214.12 0.1359910610536386
1214.2 0.13589998761688285
1214.27 0.13582026642134506
1214.34 0.13574051542206952
1214.41 0.13566073462422365
1214.49 0.13556952008812656
1214.56 0.1354896754536016
1214.63 0.13540980103674477
1214.71 0.13531847952737472
1214.78 0.13523854130863128
1214.85 0.1351585733237915
1214.93 0.1350671448994608
1215.0 0.1349871131475195
1215.07 0.13490705164571246
1215.14 0.1348269603992035
1215.22 0.1347353911305903
1215.29 0.13465523616282082
1215.36 0.13457505146657592
1215.44 0.13448337541813093
1215.51 0.1344031270353918
1215.58 0.13432284894039925
1215.66 0.1342310661703917
1215.73 0.13415072442366363
1215.8 0.13407035298090106
1215.87 0.1339899518472638
1215.95 0.13389802848783752
1216.02 0.13381756374826986
1216.09 0.13373706933404078
1216.17 0.1336450393880759
1216.24 0.13356448140265592
1216.31 0.13348389375878444
1216.38 0.13340327646161781
1216.46 0.1333111061041716
1216.53 0.13323042528159423
1216.6 0.13314971482192683
1216.68 0.13305743801289074
1216.75 0.1329766640625315
1216.82 0.13289586049128263
1216.9 0.13280347728884673
1216.97 0.1327226102616177
1217.04 0.13264171362969546
1217.11 0.1325607873982332
1217.19 0.13246826403883533
1217.26 0.13238727439713482
1217.33 0.13230625517208505
1217.41 0.13221362555412625
1217.48 0.13213254295352964
1217.55 0.13205143078577092
1217.63 0.13195869496739226
1217.7 0.13187751945876883
1217.77 0.13179631439916614
1217.84 0.13171507979373273
1217.92 0.13162220407270073
1217.99 0.13154090617210623
1218.06 0.1314595787418587
1218.14 0.13136659695513203
1218.21 0.1312852062643853
1218.28 0.13120378606015806
1218.35 0.13112233634759596
1218.43 0.13102921483575491
1218.5 0.13094770190837002
1218.57 0.1308661594888176
1218.65 0.1307729320459263
1218.72 0.13069132644619122
1218.79 0.13060969137045245
1218.87 0.13051635805456677
1218.94 0.13043465983327632
1219.01 0.13035293215214147
1219.08 0.13027117501630198
1219.16 0.13017770222923727
1219.23 0.13009588199348263
1219.3 0.13001403231917683
1219.38 0.12992045379364256
1219.45 0.12983854105403092
1219.52 0.12975659889201732
1219.6 0.12966291468601798
1219.67 0.1295809094932983
1219.74 0.12949887489432108
1219.81 0.12941681089422227
1219.89 0.1293229874707517
1219.96 0.12924086048554156
1220.03 0.12932494694647922
1220.11 0.1296744273212773
1220.18 0.12998030466428392
1220.25 0.1302862585400543
1220.32 0.1305922889346333
1220.4 0.13094213163561175
1220.47 0.13124832595208344
1220.54 0.1315545967435177
1220.62 0.13190471413007743
1220.69 0.13221114874947226
1220.76 0.13251765980000388
1220.84 0.13286805171473556
1220.91 0.13317472649934134
1220.98 0.13348147767128118
1221.05 0.1337883052166237
1221.13 0.13413905876902693
1221.2 0.1344460499247549
1221.27 0.13475311741011137
1221.35 0.1351041451260808
1221.42 0.13541137612804632
1221.49 0.13571868341588764
1221.57 0.13606998513827492
1221.64 0.13637745584899486
1221.71 0.13668500280186063
1221.78 0.13699262598296377
1221.86 0.1373442886556558
1221.93 0.13765207513615652
1222.0 0.13795993780119317
1222.08 0.13831187411630694
1222.15 0.1386198999871206
1222.22 0.13892800199879188
1222.29 0.13923618013742917
1222.37 0.13958847692331644
1222.44 0.1398968181443947
1222.51 0.1402052354487884
1222.59 0.14055780551353053
1222.66 0.14086638580685618
1222.73 0.14117504213987056
1222.81 0.141527885326768
1222.88 0.1418367045552523
1222.95 0.14214559977982136
1223.02 0.1424545709866072
1223.1 0.14280777395887972
1223.17 0.1431169079380098
1223.24 0.14342611785578072
1225.0 0.1512254549411766
1235.0 0.19568260763062556
1245.0 0.22441233893386817
1255.0 0.2354381511889948
1265.0 0.2463700296695712
1275.0 0.2612407789036351
1285.0 0.267991209792108
1295.0 0.262707768719277
1305.0 0.266968454642876
1315.0 0.2826791256688706
1325.0 0.2905176296027291
1335.0 0.29231639008262755
1345.0 0.2984258895842969
1355.0 0.30314037933009447
1365.0 0.30441860932764053
1375.0 0.3070505415426374
1385.0 0.3072910830549951
1395.0 0.30371733341143486
1405.0 0.30805033830840084
1415.0 0.3207727970899343
1425.0 0.33244306781805194
1435.0 0.34349421597144136
1442.0 0.35132293914214485
1447.0 0.35608747260399437
1455.0 0.36121141715512745
1465.0 0.3636608562150234
1475.0 0.36535009382553957
1485.0 0.3686663625250407
1495.0 0.37147446788964067
1505.0 0.37082422533458026
1512.0 0.3696624966095697
1517.0 0.37094213156798567
1525.0 0.3681815530126828
1535.0 0.36314288881480017
1545.0 0.35966189896194695
1555.0 0.3536265738305226
1565.0 0.3566451618385506
1575.0 0.37183442351161833
1585.0 0.379848506258384
1595.0 0.3783338403228898
1605.0 0.3768718736721278
1615.0 0.37618185014941513
1625.0 0.37716608720960815
1635.0 0.38187614005012516
1645.0 0.3828011597156641
1655.0 0.37998891449190136
1665.0 0.3820827837643607
1672.0 0.3875989974202925
1677.0 0.394544186208668
1685.0 0.3986525998271374
1695.0 0.3964965681489168
1705.0 0.3937682308937689
1715.0 0.3929873602033615
1725.0 0.39512082401672116
1735.0 0.39923788251555453
1745.0 0.4018031756136847
1755.0 0.4019024134310923
1765.0 0.4009731408496456
1775.0 0.40232213588997523
1785.0 0.40443105657557543
1795.0 0.40485574463109475
1805.0 0.4029513785617578
1815.0 0.3995396351789065
1825.0 0.39622676647512145
1835.0 0.3909886547586728
1845.0 0.3886328504943158
1855.0 0.3927208307417587
1865.0 0.3955592463526624
1875.0 0.3935642638178893
1885.0 0.39013931354909254
1895.0 0.3887080529294741
1905.0 0.38851895813192416
1915.0 0.3869535306115917
1925.0 0.3854268747905185
1935.0 0.38595702623245814
1945.0 0.38837467780412555
1955.0 0.3917209664552775
1967.0 0.3937181631210253
1976.0 0.39111299973858515
1984.0 0.3895152892308782
1995.0 0.391382510903079
2005.0 0.3915038343457609
2015.0 0.3887947888159006
2025.0 0.38703384234101096
2035.0 0.38628310836184554
2045.0 0.38668223937484214
2055.0 0.38741711619709174
2065.0 0.38823776893617584
2074.0 0.3890168591704142
2078.0 0.3890319087400737
2085.0 0.3897709724808242
2095.0 0.3903234074517598
2105.0 0.39135035949270897
2115.0 0.3939802972715297
2125.0 0.3936804968049907
2135.0 0.3909581938579733
2145.0 0.392207156585548
2155.0 0.3950702015546568
2165.0 0.3947052651118201
2175.0 0.39364704514357685
2185.0 0.3946156485996592
2195.0 0.39593424547087075
2205.0 0.39433560085107994
2215.0 0.3911395555208181
2225.0 0.39204577290337145
2235.0 0.3957260400220533
2245.0 0.3950604718816535
2255.0 0.39182097436922503
2265.0 0.3914961763361008
2275.0 0.39389162405181294
2285.0 0.39544708134748
2295.0 0.39496616290875114
2305.0 0.394942574229582
2315.0 0.39127143705496437
2325.0 0.38615230440312004
2335.0 0.38729575051850906
2345.0 0.39146184598229417
2355.0 0.3945120905634116
2365.0 0.393850678969862
2375.0 0.3906446093805577
2385.0 0.38901269381532333
2395.0 0.39009093645672077
2405.0 0.3931540675172235
2415.0 0.3994919450153524
2425.0 0.4058394014594201
2435.0 0.40899784688233504
2445.0 0.411849494439943
2455.0 0.4131722094984008
2465.0 0.4108394700181942
2475.0 0.40665282789735585
2485.0 0.40392685118961213
2495.0 0.406172965459481
2505.0 0.4076970900349696
2513.0 0.40498590070081475
2518.0 0.4027816445020345
2525.0 0.4016058184749356
2535.0 0.4021231291160763
2545.0 0.4055150775446447
2555.0 0.4096728743006971
2565.0 0.4126731976287974
2575.0 0.41604321114554915
2585.0 0.41798141523602833
2595.0 0.41733718911437245
2605.0 0.4163152291166178
2615.0 0.41779406720709245
2625.0 0.4227332050395917
2635.0 0.43084648228079636
2645.0 0.44093755140474294
2655.0 0.4442964967452947
2665.0 0.4414259251188805
2675.0 0.4435361801537714
2685.0 0.44578450044731077
2695.0 0.44437446204302355
2705.0 0.44424725446036933
2715.0 0.4424293178400245
2725.0 0.44033598560092047
2735.0 0.43623595181284225
2745.0 0.42960654888567645
2755.0 0.43081663674798987
2765.0 0.437961254345177
2775.0 0.4403378565212534
2785.0 0.4297406164765259
2795.0 0.4146312841895196
2805.0 0.41825094053737316
2815.0 0.4373963948208674
2825.0 0.4499077737245661
2835.0 0.4502228091017656
2845.0 0.44333788352695236
2855.0 0.441658012376947
2865.0 0.4525515039736941
2875.0 0.4624140883274619
2885.0 0.465487372336919
2895.0 0.4711183515276918
2910.0 0.48620656307032273
2930.0 0.4778674340318578
2950.0 0.47398219824422627
2970.0 0.4774332921059784
2990.0 0.4808022532409659
3010.0 0.48494417350489405
3030.0 0.49213130802306876
3050.0 0.49669372457618904
3070.0 0.502367141815857
3090.0 0.5060457674841821
3110.0 0.5179727532546496
3130.0 0.5152050875385957
3150.0 0.5160522466037402
3170.0 0.5242342525152719
3190.0 0.5154717837337282
3210.0 0.5253654679673447
3230.0 0.5179913319797106
3250.0 0.5502566102264856
3270.0 0.5637893091307933
3290.0 0.5582662137873998
3310.0 0.556060947612449
3330.0 0.5621542748718047
3350.0 0.5566434602631116
3370.0 0.538522803814302
3390.0 0.5504661176551487
3410.0 0.5559054773697664
3430.0 0.5591472591376256
3450.0 0.5619225771280648
3470.0 0.5677283883094567
3490.0 0.5765982930032754
3510.0 0.5880351048282034
3530.0 0.5834123236238767
3550.0 0.6002037195378871
3570.0 0.5651370803608015
3590.0 0.5668918002322266
3610.0 0.589621077588134
3630.0 0.5953057328646281
3640.0 0.6016542145810755
3650.0 0.621690964393912
3670.0 0.6208034589429128
3690.0 0.6116462253522948
3704.66 0.627025371829242
3704.88 0.6273290368917477
3705.11 0.6276465418434285
3705.33 0.6279502775578137
3705.55 0.6282540478127709
3705.78 0.6285716627376354
3706.0 0.6288755036430507
3706.22 0.629179379088342
3706.45 0.6294971039841736
3706.67 0.6298010500784976
3706.89 0.6301050307119977
3707.12 0.6304228655765738
3707.34 0.6307269168576766
3707.56 0.6310310026772546
3707.79 0.631348947508345
3708.01 0.6316531039740915
3708.24 0.6319711226620324
3708.46 0.6322753497729785
3708.68 0.632579611421226
3708.91 0.6328977400719388
3709.13 0.633202072363945
3709.35 0.633506439192546
3709.58 0.6338246778037823
3709.8 0.6341291152746958
3710.0 0.6344059065810543
3710.02 0.6343875766442593
3710.25 0.6341767632881631
3710.47 0.6339750828742279
3710.7 0.6337642008192861
3710.92 0.6335624546932553
3711.14 0.6333606764411985
3711.37 0.6331496921007065
3711.59 0.6329478481360931
3711.81 0.6327459720452293
3712.04 0.6325348854184727
3712.26 0.6323329436145956
3712.48 0.6321309696842463
3712.71 0.6319197807705176
3712.93 0.6317177411267034
3713.16 0.6315064835123773
3713.38 0.6313043781547975
3713.6 0.6311022406703791
3713.83 0.6308908807679167
3714.05 0.6306886775692886
3714.27 0.6304864422436073
3714.5 0.6302749800523211
3714.72 0.6300726790119914
3714.94 0.6298703458443942
3715.17 0.6296587813636055
3715.39 0.6294563824809262
3715.62 0.6292447492978551
3715.84 0.6290422846998045
3716.06 0.6288397879741358
3716.29 0.6286280525004433
3716.51 0.6284254900589771
3716.73 0.6282228954896849
3716.96 0.6280110577247118
3717.18 0.6278083974392021
3717.4 0.6276057050256613
3717.63 0.627393764968755
3717.85 0.6271910068385803
3718.08 0.6269789980777752
3718.3 0.6267761742306889
3718.52 0.6265733182552354
3718.75 0.6263612072014247
3718.97 0.6261582855086519
3719.19 0.6259553316873119
3719.42 0.6257431183398643
3719.64 0.6255400988008017
3719.86 0.625337047132977
3720.09 0.6250815001671338
3720.31 0.6247726964348725
3720.53 0.6244638466977717
3720.76 0.624140909147171
3720.98 0.6238319653091818
3721.21 0.6235089293803224
3721.43 0.6231998914413364
3721.65 0.6228908074973796
3721.88 0.6225676250940166
3722.1 0.6222584470489078
3722.32 0.6219492229987525
3722.55 0.6216258941206502
3722.77 0.6213165759691937
3722.99 0.621007211812621
3723.22 0.6206837364595518
3723.44 0.6203742782015338
3723.67 0.6200507044696333
3723.89 0.61974115211008
3724.11 0.6194315537452976
3724.34 0.6191078335380743
3724.56 0.618798141071625
3724.78 0.6184884025998845
3725.01 0.6181645359171389
3725.23 0.6178547033436071
3725.45 0.6175448247647254
3725.68 0.6172208116062693
3725.9 0.6169108389254768
3726.13 0.6165867273877108
3726.35 0.6162766606049334
3726.57 0.6159665478167135
3726.8 0.6156422898029444
3727.02 0.6153320829126329
3727.24 0.6150218300168291
3727.47 0.6146974255268959
3727.69 0.6143870785288993
3727.91 0.6140766855253629
3728.14 0.6137521345591151
3728.36 0.6134416474532923
3728.59 0.6131169981073502
3728.81 0.6128064168991837
3729.03 0.6124957896854043
3729.26 0.6121709938629191
3729.48 0.6118602725467133
3729.7 0.6115495052248568
3729.93 0.6112245629257048
3730.0 0.611125657462785
3730.15 0.6115827592921543
3730.37 0.6122532446381395
3730.6 0.6129542947428652
3730.82 0.6136249487272647
3731.05 0.6143261751349537
3731.27 0.6149969977561726
3731.49 0.6156679028214791
3731.72 0.6163693917216025
3731.94 0.6170404654213519
3732.16 0.6177116215640216
3732.39 0.6184133729528676
3732.61 0.6190846977275907
3732.83 0.6197561049440626
3733.06 0.6204581188179025
3733.28 0.6211296946640278
3733.51 0.621831884831658
3733.73 0.6225036293058148
3733.95 0.6231754562197526
3734.18 0.6238779088661074
3734.4 0.6245499044056619
3734.62 0.6252219823838108
3734.85 0.6259246975051173
3735.07 0.6265969441064534
3735.29 0.6272692731451938
3735.52 0.627972250737662
3735.74 0.6286447483971483
3735.96 0.6293173284928468
3736.19 0.6300205685526713
3736.41 0.630693317266663
3736.64 0.6313967336083879
3736.86 0.632069650939024
3737.08 0.6327426507038594
3737.31 0.6334463295065401
3737.53 0.6341194978855519
3737.75 0.6347927486975534
3737.98 0.63549668995734
3738.2 0.6361701093810365
3738.42 0.6368436112365111
3738.65 0.6375478149495363
3738.87 0.6382214854142153
3739.1 0.6389258653996244
3739.32 0.639599704471832
3739.54 0.6402736259737734
3739.77 0.6409782684059192
3739.99 0.6416523585128798
3740.21 0.642398609380993
3740.44 0.6431824674936953
3740.66 0.6439323391979187
3740.88 0.6446823031834196
3741.11 0.6454664551090263
3741.33 0.6462166078503185
3741.56 0.6470009571105692
3741.78 0.6477512986058226
3742.0 0.648501732380118
3742.23 0.6492863754461677
3742.45 0.6500369979716824
3742.67 0.6507877127748996
3742.9 0.6515726496424731
3743.12 0.6523235531941547
3743.34 0.6530745490221904
3743.57 0.6538597796869939
3743.79 0.65461096426073
3744.02 0.6553963922496119
3744.24 0.6561477655671851
3744.46 0.6568992311588456
3744.69 0.657684952937738
3744.91 0.6584366072704502
3745.13 0.6591883538758848
3745.36 0.659974369440445
3745.58 0.6607263047841347
3745.8 0.6614783323991777
3746.03 0.6622646417450424
3746.25 0.6630168580955323
3746.48 0.6638033647547411
3746.7 0.664555769838787
3746.92 0.6653082671918822
3747.15 0.6660950676250625
3747.37 0.6668477537088836
3747.59 0.6676005320603687
3747.82 0.6683876262631095
3748.04 0.6691405933424804
3748.26 0.6698936526881236
3748.49 0.6706810406559928
3748.71 0.6714342887266717
3748.93 0.6721876290622223
3749.16 0.6729753107907748
3750.0 0.6758529181296595
3770.0 0.7234603382341179
3790.0 0.7763822974279992
3810.0 0.8142912051512738
3830.0 0.69544969528291
3850.0 0.8301055242807959
3870.0 0.8569653028222052
3890.0 0.7325960550466124
3910.0 0.9146796083650287
3930.0 0.7980892261075554
3950.0 0.898079494379362
3970.0 0.6904197920808797
3990.0 1.0
4010.0 1.0489004863256057
4030.0 1.0405097567586232
4050.0 1.0522742379518684
4070.0 1.032576831948331
4078.2 1.0277613505103298
4078.45 1.0276140389994382
4078.7 1.027466698019096
4078.94 1.0273252229531993
4079.19 1.0271778242130183
4079.43 1.0270362936978576
4079.68 1.0268888371982152
4079.93 1.0267413512296053
4080.17 1.0262043067696995
4080.42 1.0254751826804154
4080.66 1.0247751226355704
4080.91 1.0240457882990819
4081.16 1.0233163466951258
4081.4 1.0226159818390441
4081.65 1.0218863299938223
4081.9 1.0211565708841657
4082.14 1.0204559012254688
4082.39 1.0197259318804985
4082.63 1.0190250603977944
4082.88 1.01829488082146
4083.13 1.0175645939857483
4083.37 1.0168634177148002
4083.62 1.016132920653699
4083.86 1.015431542568277
4084.11 1.014700835285751
4084.36 1.013970020748924
4084.6 1.0132683378896854
4084.85 1.0125373131374313
4085.1 1.0118061811339414
4085.34 1.0111041935095886
4085.59 1.010372851296683
4085.83 1.0096706618732065
4086.08 1.008939109454874
4086.33 1.0082074497904128
4086.57 1.0075049556163378
4086.82 1.0067730857524848
4087.06 1.006070389788916
4087.31 1.0053383097296738
4087.56 1.0046061224294311
4087.8 1.003903121729834
4088.05 1.00317072424026
4088.3 1.0024382195127801
4088.54 1.0017349140859486
4088.79 1.001002199175209
4089.03 1.0002986919743801
4089.28 0.9995657668844087
4089.53 0.9988327345616893
4089.77 0.9981289226482852
4090.0 0.997454343498161
4090.02 0.9973240799302098
4090.26 0.9957608039857537
4090.51 0.9941321694570282
4090.76 0.9925033083118003
4091.0 0.9909393884138944
4091.25 0.9893100831075649
4091.5 0.9876805511921274
4091.74 0.9861159873617819
4091.99 0.9844860112997509
4092.23 0.98292102109329
4092.48 0.9812906008942873
4092.73 0.9796599540985007
4092.97 0.9780943199946212
4093.22 0.9764632290764174
4093.47 0.9748319115688626
4093.71 0.9732656335886803
4093.96 0.9716338719732918
4094.2 0.9700671676542332
4094.45 0.9684349619406828
4094.7 0.9668025296501673
4094.94 0.965235181490004
4095.19 0.9636023051159562
4095.43 0.96203453064026
4095.68 0.9604012101923822
4095.93 0.9587676631799658
4096.17 0.957199244898475
4096.42 0.9555652538269043
4096.67 0.95393103619829
4096.91 0.9523619741323078
4097.16 0.9507273124592428
4097.4 0.9491578241152683
4097.65 0.9475227184075052
4097.9 0.9458873861551877
4098.14 0.9443172540622017
4098.39 0.9426814777899362
4098.63 0.9411109194425009
4098.88 0.9394746991600696
4099.13 0.9378382523456124
4099.37 0.936267050284773
4099.62 0.9346301594749475
4099.87 0.932993042140652
4100.11 0.9321778303842231
4100.36 0.9322600564545444
4100.6 0.9323389955366391
4100.85 0.9324212258871062
4101.1 0.932503458420953
4101.34 0.9325824037073376
4101.59 0.932664640519885
4101.83 0.9327435899133634
4102.08 0.9328258310036542
4102.33 0.9329080742761
4102.57 0.9329870298703858
4102.82 0.93306927741913
4103.07 0.9331515271492906
4103.31 0.9332304889422911
4103.56 0.9333127429473062
4103.8 0.9333917088437079
4104.05 0.9334739671226222
4104.3 0.9335562275817283
4104.54 0.933635199673364
4104.79 0.9337174644049254
4105.03 0.9337964405976592
4105.28 0.9338787096007195
4105.53 0.9339609807827485
4105.77 0.9340399631672387
4106.02 0.9341222386193239
4106.27 0.9342045162496412
4106.51 0.9342835048237963
4106.76 0.9343657867227272
4107.0 0.9344447793942934
4107.25 0.9345270655608847
4107.5 0.9346093539044844
4107.74 0.9346883527622403
4107.99 0.9347706453720577
4108.23 0.9348496483249243
4108.48 0.9349319452000053
4108.73 0.9350142442508731
4108.97 0.9350932533864567
4109.22 0.935175556701147
4109.47 0.9352578621908891
4109.71 0.9353368775071006
4109.96 0.9354191872592248
4110.0 0.9354323570213473
4110.2 0.9370493437779064
4110.45 0.9390708105640515
4110.7 0.9410925366141265
4110.94 0.9430336375344887
4111.19 0.945055871731822
4111.44 0.9470783651828326
4111.68 0.949020202798448
4111.93 0.9510432043766046
4112.17 0.9529855297878749
4112.42 0.9550090394798437
4112.67 0.9570328084084126
4112.91 0.9589758704664032
4113.16 0.9610001474886225
4113.4 0.9629436973101033
4113.65 0.9649684824126061
4113.9 0.9669935267345898
4114.14 0.9689378131541517
4114.39 0.9709633655362073
4114.64 0.9729891771274235
4114.88 0.9749342001157284
4115.13 0.9769605197467748
4115.37 0.9789060304468766
4115.62 0.9809328581043333
4115.87 0.9829599449537637
4116.11 0.9849061921737766
4116.36 0.9869337870293257
4116.6 0.9888805219287647
4116.85 0.9909086247769805
4117.1 0.9929369867999405
4117.34 0.9948844581703248
4117.59 0.9969133281656104
4117.84 0.9989424573252546
4118.08 1.0008906651370797
4118.33 1.002920302248678
4118.57 1.0048689976878973
4118.82 1.0068991427379435
4119.07 1.0089295469350528
4119.31 1.0108789787665708
4119.56 1.0129098908817071
4119.81 1.0149410621334798
4120.05 1.0167218976538743
4120.3 1.0179068462735437
4120.54 1.019044535427247
4120.79 1.0202297725424212
4121.04 1.0214151568460585
4121.28 1.0225532642504964
4121.53 1.0237389370373977
4121.77 1.0248773213818794
4122.02 1.0260632826439309
4122.27 1.027249391084053
4122.51 1.0283881936497343
4122.76 1.0295745905527383
4123.01 1.0307611346275496
4123.25 1.031900355396637
4123.5 1.0330871879220453
4123.74 1.0342266855997984
4123.99 1.0354138065676608
4124.24 1.0366010746969005
4124.48 1.0377409905484232
4124.73 1.0389285471078051
4124.97 1.0400687398483517
4125.22 1.041256584829713
4125.47 1.0424445769619999
4125.71 1.0435851878466094
4125.96 1.0447734683885372
4126.21 1.0459618960750892
4126.45 1.047102925085864
4126.7 1.048291641169701
4126.94 1.0494329470379384
4127.19 1.0506219515108688
4130.0 1.063996482465392
4150.0 1.0674781386695975
4170.0 1.070831739283883
4190.0 1.068530305947063
4210.0 1.0803363882667212
4230.0 1.070079586078135
4250.0 1.0800225309949092
4270.0 1.0604508560470653
4290.0 1.0344911787219107
4310.0 0.994698462811369
4315.65 1.0032535990986584
4315.91 1.0036477636618624
4316.17 1.0040419701762424
4316.43 1.0044362186408597
4316.69 1.0048305090547718
4316.95 1.005224841417041
4317.21 1.0056192157267254
4317.47 1.006013631982884
4317.73 1.0064080901845749
4317.99 1.0068025903308582
4318.25 1.0071971324207922
4318.52 1.0076068935999827
4318.78 1.0080015211875153
4319.04 1.0083961907158374
4319.3 1.0087909021840054
4319.56 1.009185655591075
4319.82 1.0095804509361037
4320.08 1.0096618210829433
4320.34 1.0090378457880522
4320.6 1.0084137804057345
4320.86 1.0077896249373322
4321.12 1.0071653793841788
4321.38 1.0065410437476172
4321.64 1.005916618028988
4321.9 1.005292102229634
4322.16 1.0046674963508928
4322.42 1.004042800394109
4322.68 1.0034180143606248
4322.94 1.002793138251787
4323.2 1.0021681720689342
4323.46 1.001543115813414
4323.73 1.0008939235983354
4323.99 1.0002686837373136
4324.25 0.9996433538077139
4324.51 0.9990179338108836
4324.77 0.9983924237481695
4325.03 0.997766823620924
4325.29 0.9971411334304902
4325.55 0.9965153531782202
4325.81 0.9958894828654651
4326.07 0.9952635224935765
4326.33 0.9946374720639025
4326.59 0.9940113315777969
4326.85 0.9933851010366123
4327.11 0.9927587804417043
4327.37 0.9921323697944229
4327.63 0.9915058690961238
4327.89 0.9908792783481627
4328.15 0.9902525975518969
4328.41 0.9896258267086787
4328.67 0.9889989658198666
4328.94 0.9883478995911937
4329.2 0.9877208551521077
4329.46 0.9870937206715545
4329.72 0.9864664961508942
4329.98 0.9858391815914882
4330.0 0.9857909228960026
4330.24 0.9847702852858983
4330.5 0.9836644485481932
4330.76 0.9825584599797069
4331.02 0.981452319582882
4331.28 0.9803460273601656
4331.54 0.9792395833139951
4331.8 0.9781329874468189
4332.06 0.9770262397610844
4332.32 0.9759193402592422
4332.58 0.974812288943734
4332.84 0.9737050858170128
4333.1 0.9725977308815288
4333.36 0.9714902241397373
4333.62 0.9703825655940833
4333.88 0.9692747552470241
4334.15 0.9681241761408697
4334.41 0.9670160563600863
4334.67 0.9659077847853583
4334.93 0.9647993614191431
4335.19 0.9636907862639031
4335.45 0.9625820593220896
4335.71 0.9614731805961669
4335.97 0.9603641500885965
4336.23 0.9592549678018445
4336.49 0.9581456337383667
4336.75 0.9570361479006309
4337.01 0.9559265102911024
4337.27 0.9548167209122483
4337.53 0.9537067797665382
4337.79 0.9525966868564333
4338.05 0.9514864421844073
4338.31 0.9503760457529293
4338.57 0.9492654975644745
4338.83 0.9481547976215086
4339.09 0.9470439459265065
4339.35 0.9459329424819444
4339.62 0.9447790475217398
4339.88 0.9436677347491994
4340.14 0.9435746661337052
4340.4 0.9443545439805864
4340.66 0.9451345137474353
4340.92 0.9459145754324252
4341.18 0.9466947290337311
4341.44 0.9474749745495256
4341.7 0.9482553119779873
4341.96 0.9490357413172877
4342.22 0.9498162625656003
4342.48 0.9505968757210943
4342.74 0.9513775807819473
4343.0 0.9521583777463283
4343.26 0.9529392666124081
4343.52 0.953720247378358
4343.78 0.9545013200423439
4344.04 0.9552824846025417
4344.3 0.9560637410571169
4344.57 0.9568751430988485
4344.83 0.9576565868709057
4345.09 0.9584381225317739
4345.35 0.9592197500796192
4345.61 0.9600014695126056
4345.87 0.9607832808289042
4346.13 0.9615651840266778
4346.39 0.9623471791040908
4346.65 0.9631292660593044
4346.91 0.9639114448904877
4347.17 0.9646937155958016
4347.43 0.965476078173408
4347.69 0.9662585326214665
4347.95 0.9670410789381447
4348.21 0.9678237171215999
4348.47 0.9686064471699928
4348.73 0.9693892690814809
4348.99 0.970172182854229
4349.25 0.9709551884863933
4349.51 0.9717382859761321
4349.78 0.9725515998231065
4350.0 0.9732143732332852
4350.04 0.9735672002028559
4350.3 0.975860740407577
4350.56 0.9781545664395056
4350.82 0.9804486782933268
4351.08 0.9827430759637488
4351.34 0.9850377594454541
4351.6 0.9873327287331303
4351.86 0.9896279838214572
4352.12 0.9919235247051347
4352.38 0.994219351378839
4352.64 0.9965154638372509
4352.9 0.9988118620750426
4353.16 1.0011085460869091
4353.42 1.003405515867518
4353.68 1.005702771411544
4353.94 1.0080003127136525
4354.2 1.0102981397685311
4354.46 1.0125962525708412
4354.72 1.0148946511152501
4354.99 1.0172817520365196
4355.25 1.0195807330386883
4355.51 1.0218799997667452
4355.77 1.0241795522153512
4356.03 1.0264793903791571
4356.29 1.0287795142528369
4356.55 1.0310799238310386
4356.81 1.0333806191084167
4357.07 1.0356816000796147
4357.33 1.0379828667393012
4357.59 1.0402844190821166
4357.85 1.042586257102708
4358.11 1.044888380795713
4358.37 1.0471907901557926
4358.63 1.0494934851775806
4358.89 1.0517964658557182
4359.15 1.0540997321848353
4359.41 1.0564032841595863
4359.67 1.0587071217745987
4359.93 1.0610112450245062
4360.2 1.0626078808978308
4360.46 1.063877136317165
4360.72 1.0651465447544601
4360.98 1.0664161062067308
4361.24 1.0676858206710027
4361.5 1.0689556881442903
4361.76 1.0702257086236073
4362.02 1.071495882105971
4362.28 1.0727662085883898
4362.54 1.0740366880678869
4362.8 1.07530732054147
4363.06 1.076578106006151
4363.32 1.0778490444589364
4363.58 1.0791201358968432
4363.84 1.080391380316879
4364.1 1.0816627777160497
4364.36 1.0829343280913593
4364.62 1.084206031439822
4364.88 1.08547788775844
4365.15 1.0867988235330586
4365.41 1.0880709916661755
4365.67 1.0893433127603431
4365.93 1.090615786812563
4366.19 1.0918884138198321
4366.45 1.0931611937791594
4366.71 1.0944341266875395
4366.97 1.0957072125419711
4367.23 1.096980451339447
4367.49 1.0982538430769726
4370.0 1.1105548353911776
4390.0 1.0742592526772317
4410.0 1.1053442248908767
4430.0 1.1309165672920438
4450.0 1.1335341098579577
4470.0 1.141384332161171
4490.0 1.1694220581226842
4510.0 1.219152202747547
4530.0 1.1687109156560542
4550.0 1.1817895217582026
4570.0 1.2215494511317964
4590.0 1.1979867853004145
4610.0 1.2219804562014107
4630.0 1.2134578603455697
4650.0 1.2152090986960173
4670.0 1.230018439554588
4690.0 1.2264380876133878
4710.0 1.2108281222084083
4730.0 1.2374119337789757
4750.0 1.251778258997653
4770.0 1.2549377951606087
4790.0 1.2540579879987621
4810.0 1.2516936358302202
4830.0 1.2513969772431732
4834.84 1.2300377454236415
4835.13 1.2287564460226716
4835.42 1.227474975848016
4835.71 1.2261933349042826
4836.0 1.2249115231960823
4836.29 1.2236295407280278
4836.59 1.2223031722790942
4836.88 1.2210208424172955
4837.17 1.2197383418096388
4837.46 1.2184556704607397
4837.75 1.2171728283752137
4838.05 1.2158455706912776
4838.34 1.21456238125928
4838.63 1.2132790211046673
4838.92 1.211995490232059
4839.21 1.2107117886460748
4839.5 1.2094279163513357
4839.8 1.208099592963067
4840.09 1.2065440938884842
4840.38 1.2043855094978324
4840.67 1.2022266455778408
4840.96 1.2000675021362266
4841.26 1.1978336113348789
4841.55 1.195673899235168
4841.84 1.1935139076372598
4842.13 1.1913536365488757
4842.42 1.1891930859777389
4842.72 1.1869577395660749
4843.01 1.1847966204159464
4843.3 1.1826352218065121
4843.59 1.180473543745502
4843.88 1.1783115862406461
4844.17 1.1761493492996773
4844.47 1.173912258416584
4844.76 1.1717494529915344
4845.05 1.1695863681538434
4845.34 1.1674230039112499
4845.63 1.1652593602714911
4845.93 1.163020814223748
4846.22 1.1608566021791715
4846.51 1.158692110760924
4846.8 1.1565273399767504
4847.09 1.1543622898343966
4847.38 1.1521969603416116
4847.68 1.149956670357163
4847.97 1.1477907725546608
4848.26 1.145624595425245
4848.55 1.1434581389766687
4848.84 1.1412914032166872
4849.14 1.1390496585141463
4849.43 1.1368823545238687
4849.72 1.134714771245725
4850.0 1.1326216672178457
4850.01 1.132561659229724
4850.3 1.1308213105979485
4850.59 1.1290807358162718
4850.89 1.1272799032394236
4851.18 1.1255388683789604
4851.47 1.1237976073875593
4851.76 1.122056120271472
4852.05 1.1203144070369526
4852.35 1.1185123967833883
4852.64 1.1167702235341213
4852.93 1.1150278241854028
4853.22 1.1132851987434904
4853.51 1.1115423472146417
4853.81 1.1097391594483708
4854.1 1.1079958479688734
4854.39 1.1062523104214386
4854.68 1.1045085468123295
4854.97 1.1027645571478102
4855.26 1.1010203414341464
4855.56 1.0992157424819804
4855.85 1.0974710668945737
4856.14 1.0957261652770414
4856.43 1.0939810376356536
4856.72 1.0922356839766807
4857.02 1.0904299078729287
4857.31 1.0886840944044387
4857.6 1.0869380549374
4857.89 1.0851917894780885
4858.18 1.0834452980327802
4858.47 1.0816985806077535
4858.77 1.0798913937513868
4859.06 1.078144216593901
4859.35 1.0763968134757542
4859.64 1.0746491844032269
4859.93 1.072901329382604
4860.23 1.0724717198967852
4860.52 1.0724620273450107
4860.81 1.0724523241035198
4861.1 1.0724426101724243
4861.39 1.072432885551837
4861.68 1.0724231502418706
4861.98 1.0724130679830481
4862.27 1.0724033109260729
4862.56 1.0723935431800615
4862.85 1.072383764745127
4863.14 1.0723739756213828
4863.44 1.0723638376937337
4863.73 1.0723540268241398
4864.02 1.0723442052660803
4864.31 1.0723343730196688
4864.6 1.072324530085018
4864.9 1.0723143364915162
4865.19 1.0723044718121808
4865.48 1.0722945964449522
4865.77 1.0722847103899444
4866.06 1.0722748136472722
4866.35 1.0722649062170497
4866.65 1.0722546459047155
4866.94 1.0722447167312092
4867.23 1.0722347768704996
4867.52 1.0722248263227014
4867.81 1.0722148650879302
4868.11 1.072204549116325
4868.4 1.0721945661394436
4868.69 1.072184572475938
4868.98 1.072174568125922
4869.27 1.0721645530895116
4869.56 1.072154527366822
4869.86 1.0721441446843079
4870.0 1.0721392955189033
4870.15 1.073506802516837
4870.44 1.0761508898618477
4870.73 1.0787952941984698
4871.02 1.0814400155173791
4871.32 1.0841762676795699
4871.61 1.086821633864644
4871.9 1.0894673170036728
4872.19 1.0921133170873198
4872.48 1.0947596341062464
4872.77 1.0974062680511207
4873.07 1.1001444987325977
4873.36 1.1027917774289862
4873.65 1.1054393730229626
4873.94 1.1080872855051822
4874.23 1.110735514866297
4874.53 1.1134753959288712
4874.82 1.1161242699457758
4875.11 1.118773460813203
4875.4 1.121422968521799
4875.69 1.1240727930622096
4875.98 1.1267229344250793
4876.28 1.129464793361105
4876.57 1.132115579264918
4876.86 1.1347666819627908
4877.15 1.1374181014453617
4877.44 1.1400698377032663
4877.74 1.1428133464811103
4878.03 1.1454657271840634
4878.32 1.1481184246339293
4878.61 1.1507714388213397
4878.9 1.1534247697369238
4879.2 1.1561699281110076
4879.49 1.15882390337567
4879.78 1.1614781953400628
4880.07 1.1639552008539356
4880.36 1.1658742855152704
4880.65 1.167793596251555
4880.95 1.169779328012377
4881.24 1.1716990986733935
4881.53 1.1736190953888557
4881.82 1.1755393181520044
4882.11 1.1774597669560798
4882.41 1.179446675992602
4882.7 1.1813675846521745
4882.99 1.1832887193321546
4883.28 1.1852100800257774
4883.57 1.1871316667262783
4883.86 1.1890534794268919
4884.16 1.1910417993479094
4884.45 1.1929640718209642
4884.74 1.1948865702735934
4885.03 1.196809294699026
4885.32 1.1987322450904925
4885.62 1.2007217418972147
4885.91 1.2026451519917738
4886.2 1.2045687880318123
4886.49 1.206492650010556
4886.78 1.2084167379212283
4887.07 1.2103410517570516
4887.37 1.2123319589804271
4887.66 1.2142567324361522
4887.95 1.2161817317964576
4888.24 1.2181069570545613
4888.53 1.2200324082036822
4888.83 1.222024491922129
4889.12 1.2239504026216892
4889.41 1.2258765391916795
4889.7 1.2278029016253138
4890.0 1.229795928023069
4890.29 1.229955344769338
4890.58 1.2301147703535913
4890.87 1.2302742047753563
4891.16 1.2304336480341578
4891.45 1.230593100129523
4891.74 1.2307525610609777
4892.04 1.2309175299431188
4892.33 1.2310770088499823
4892.62 1.231236496591498
4892.91 1.231395993167191
4910.0 1.2329415501390462
4928.77 1.2263686647170975
4929.07 1.2264201937136183
4929.36 1.2264700005312172
4929.66 1.2265215201227504
4929.96 1.2265730349319615
4930.0 1.2265799032118543
4930.26 1.2271587788254643
4930.55 1.2278045121529106
4930.85 1.2284725835812984
4931.15 1.2291407276524837
4931.45 1.2298089443640108
4931.74 1.2304549562315192
4932.04 1.231123315795204
4932.34 1.2317917479919296
4932.64 1.2324602528192354
4932.93 1.2331065431893842
4933.23 1.2337751908496482
4933.53 1.234443911133191
4933.83 1.2351127040375491
4934.12 1.2357592728729003
4934.42 1.2364282085910123
4934.72 1.237097216922634
4935.02 1.237766297865302
4935.31 1.2384131451283982
4935.61 1.2390823688656016
4935.91 1.2397516652065452
4936.21 1.2404210341487611
4936.5 1.2410681598021294
4936.8 1.2417376715196589
4937.1 1.242407255831148
4937.4 1.2430769127341308
4937.69 1.2437243167402794
4937.99 1.2443941163993444
4938.29 1.2450639886425872
4938.59 1.2457339334675426
4938.88 1.2463816157889636
4939.18 1.2470517033507562
4939.48 1.24772186348694
4939.78 1.248392096195051
4940.07 1.248981211840823
4940.37 1.2493993751272172
4940.67 1.2498175793866777
4940.97 1.250235824617709
4941.26 1.2506401672853866
4941.56 1.2510584930894775
4941.86 1.2514768598607002
4942.16 1.2518952675975614
4942.45 1.2522997673485694
4942.75 1.2527182556468206
4943.05 1.2531367849062705
4943.35 1.253555355125423
4943.64 1.2539600119370031
4943.94 1.25437866270587
4944.24 1.25479735443
4944.54 1.2552160871078955
4944.83 1.2556209009572818
4945.13 1.2560397141732147
4945.43 1.2564585683384701
4945.73 1.2568774634515494
4946.02 1.2572824343159708
4946.32 1.2577014099554047
4946.62 1.2581204265382222
4946.92 1.2585394840629232
4947.21 1.2589446119195946
4947.51 1.2593637499589632
4947.81 1.2597829289357707
4948.11 1.260202148848517
4948.4 1.2606074336746491
4948.7 1.2610267340903725
4949.0 1.2614460754375896
4949.3 1.2618654577148012
4949.59 1.2622708994875949
4949.89 1.262690362256087
4950.0 1.2628441755254023
4950.19 1.2627688698832693
4950.49 1.2626499447311517
4950.78 1.2625349587186887
4951.08 1.2624159817766203
4951.38 1.2622969785015419
4951.68 1.2621779488940361
4951.97 1.2620628619102259
4952.27 1.261943780517312
4952.57 1.2618246727936993
4952.87 1.26170553873997
4953.16 1.2615903507936757
4953.46 1.261471164959087
4953.76 1.2613519527961132
4954.06 1.2612327143053377
4954.35 1.261117425405432
4954.65 1.2609981351383508
4954.95 1.2608788185452005
4955.25 1.2607594756265659
4955.54 1.2606440857819334
4955.84 1.2605246910915515
4956.14 1.2604052700774204
4956.44 1.2602858227401257
4956.73 1.2601703319596598
4957.03 1.2600508328551818
4957.33 1.2599313074292766
4957.63 1.2598117556825292
4957.92 1.2596961639751354
4958.22 1.2595765604657758
4958.52 1.2594569306373131
4958.82 1.2593372744903346
4959.11 1.2592215818649284
4959.41 1.2591018739599122
4959.71 1.2589821397381205
4960.01 1.258863602590798
4960.3 1.2587832895952946
4960.6 1.2587001858057278
4960.9 1.2586170602737972
4961.2 1.258533912999947
4961.49 1.2584535166354094
4961.79 1.2583703266037525
4962.09 1.2582871148315005
4962.39 1.2582038813190988
4962.68 1.2581234015923097
4962.98 1.2580401253255835
4963.28 1.2579568273200328
4963.58 1.2578735075761038
4963.87 1.2577929444938576
4964.17 1.2577095819990907
4964.47 1.257626197767273
4964.77 1.257542791798852
4965.06 1.2574621453679495
4965.36 1.257378696652181
4965.66 1.257295226201138
4965.96 1.257211734015268
4966.25 1.2571310042425214
4966.55 1.2570474693128002
4966.85 1.2569639126495828
4967.15 1.2568803342533168
4967.44 1.2567995211455472
4967.74 1.2567159000089307
4968.04 1.2566322571405988
4968.34 1.2565485925410007
4968.63 1.2564676961050358
4968.93 1.256383988768592
4969.23 1.256300259702216
4969.53 1.2562165089063577
4969.82 1.2561355291490366
4970.0 1.256085255638923
4970.12 1.2558913803262854
4970.42 1.255406641972702
4970.72 1.2549218320893094
4971.02 1.2544369506781141
4971.31 1.2539681639913605
4971.61 1.2534831419146735
4971.91 1.2529980483161347
4972.21 1.2525128831977537
4972.5 1.2520438222682884
4972.8 1.251558516500073
4973.1 1.2510731392179724
4973.4 1.2505876904239968
4973.69 1.2501183552823627
4973.99 1.2496327658542232
4974.29 1.249147104920169
4974.58 1.2486775647154615
4974.88 1.2481917631589727
4975.18 1.2477058901025342
4975.48 1.2472199455481583
4975.78 1.246733929497854
4976.07 1.2462640460236019
4976.37 1.2457778893705127
4976.48 1.245599614018735
4976.67 1.245291661227467
4976.78 1.2451133596632102
4976.97 1.244805361596479
4977.08 1.2446270338204806
4977.26 1.2443352040018218
4977.38 1.2441406364925607
4977.56 1.2438487637837543
4977.68 1.2436541676814639
4977.86 1.2433622520837206
4977.98 1.2431676273892067
4978.16 1.2428756689037315
4978.28 1.2426810156178008
4978.45 1.2424052372193037
4978.58 1.2421943323692635
4978.75 1.2419185134679533
4978.88 1.24170757764561
4979.05 1.2414317182426284
4979.18 1.2412207514488558
4979.35 1.2409448515453465
4979.48 1.2407338537810202
4979.64 1.2404741458018034
4979.78 1.240246884644116
4979.94 1.2399871385488896
4980.08 1.239740777948347
4980.24 1.2394428596648506
4980.39 1.239163540524261
4980.54 1.2388842013035042
4980.69 1.2386048420028652
4980.83 1.2383440885393389
4980.99 1.2380460631630887
4981.13 1.237785272218438
4981.29 1.2374872040072296
4981.43 1.237226375582526
4981.59 1.2369282645375848
4981.73 1.2366673986339023
4981.89 1.236369244756451
4982.02 1.2361269779106934
4982.19 1.2358101446661287
4982.32 1.2355678430204349
4982.49 1.2352509642689118
4982.62 1.2350086278242787
4982.79 1.234691703567101
4982.92 1.2344493323245243
4983.09 1.234132362562995
4983.21 1.2339086036772255
4983.39 1.2335729412588936
4983.51 1.2333491502537697
4983.69 1.2330134396570973
4983.81 1.232789616533537
4983.99 1.232453857759904
4984.11 1.2322300025188315
4984.29 1.2318941955696154
4984.4 1.2316889659824173
4984.59 1.2313344530885326
4984.7 1.2311291940619533
4984.89 1.2307746303189564
4985.0 1.2305693418538397
4985.19 1.2302147272631918
4985.3 1.2300094093603802
4985.49 1.2296547439235364
4985.59 1.2294680649698513
4985.79 1.2290946803022949
4985.89 1.2289079745885925
4986.09 1.2285345364017703
4986.19 1.228347803928821
4986.39 1.2279743122242666
4986.49 1.2277875529928355
4986.69 1.2274140077720885
4986.78 1.2272459007832173
4986.99 1.2268536230475373
4987.08 1.2266854919774035
4987.29 1.2262931580529195
4987.38 1.2261250029022155
4987.59 1.2257326127905395
4987.68 1.2255644335599567
4987.9 1.2251532983627884
4987.97 1.2250224735662991
4988.2 1.2245925898964034
4988.5 1.2240318011692526
4988.8 1.223470932183641
4989.1 1.222909982941876
4989.4 1.222348953446267
4989.7 1.2217878436991192
4990.0 1.2212266537027419
4990.3 1.2207481118235335
4990.6 1.2202694999201504
4990.9 1.2197908179945818
4991.2 1.2193120660488124
4991.5 1.2188332440848326
4991.8 1.2183543521046312
4992.1 1.2178753901101977
4992.4 1.2173963581035219
4992.7 1.216917256086592
4993.0 1.216438084061399
4993.3 1.2159588420299337
4993.6 1.2154795299941867
4993.9 1.2150001479561516
4994.2 1.2145206959178163
4994.5 1.214041173881175
4994.8 1.2135615818482197
4995.1 1.2130819198209433
4995.41 1.21258619552862
4995.71 1.212106391185704
4996.01 1.211626516854514
4996.31 1.2111465725370434
4996.61 1.210666558235289
4996.91 1.2101864739512431
4997.21 1.2097063196869016
4997.51 1.20922609544426
4997.81 1.2087458012253154
4998.11 1.2082654370320645
4998.41 1.207785002866502
4998.71 1.2073044987306256
4999.01 1.2068239246264334
4999.31 1.2063432805559227
4999.61 1.2058625665210934
4999.91 1.2053817825239401
5000.21 1.2049327921449682
5000.51 1.2044973923940139
5000.81 1.2040619282947922
5001.11 1.2036263998491263
5001.41 1.2031908070588364
5001.71 1.2027551499257478
5002.01 1.2023194284516832
5002.31 1.201883642638467
5002.61 1.201447792487924
5002.92 1.2009973464110295
5003.22 1.2005613654468796
5003.52 1.200125320150938
5003.82 1.1996892105250307
5004.12 1.1992530365709815
5004.42 1.1988167982906177
5004.72 1.1983804956857655
5005.02 1.1979441287582526
5005.32 1.1975076975099068
5005.62 1.1970712019425533
5005.92 1.196634642058021
5006.22 1.1961980178581382
5006.52 1.1957613293447333
5006.82 1.1953245765196368
5007.12 1.1948877593846743
5007.42 1.1944508779416783
5007.72 1.1940139321924774
5008.02 1.1935769221389014
5008.32 1.1931398477827828
5008.62 1.19270270912595
5008.92 1.1922655061702343
5009.22 1.1918282389174684
5009.52 1.1913909073694837
5009.82 1.1909535115281138
5010.0 1.1906910431632272
5010.12 1.190909278713183
5010.42 1.1914549071376068
5010.73 1.1920187825301585
5011.03 1.1925645258311988
5011.33 1.1931103256258981
5011.63 1.1936561819122535
5011.93 1.1942020946882614
5012.23 1.1947480639519166
5012.53 1.1952940897012185
5012.83 1.1958401719341631
5013.13 1.196386310648745
5013.43 1.1969325058429596
5013.73 1.197478757514802
5014.03 1.1980250656622697
5014.33 1.1985714302833572
5014.63 1.1991178513760585
5014.93 1.199664328938369
5015.23 1.2002108629682813
5015.53 1.2007574534637933
5015.83 1.2013041004228968
5016.13 1.2018508038435864
5016.43 1.2023975637238562
5016.73 1.202944380061697
5017.03 1.203491252855107
5017.33 1.2040381821020762
5017.63 1.2045851678005983
5017.93 1.2051322099486663
5018.23 1.20567930854427
5018.54 1.2062447030588728
5018.84 1.206791916424948
5019.14 1.2073391862324716
5019.44 1.2078865124794325
5019.74 1.208433895163827
5020.04 1.2089732585618307
5020.34 1.2094601819958744
5020.64 1.2099471544398577
5020.94 1.2104341758920059
5021.24 1.2109212463505505
5021.54 1.2114083658137151
5021.84 1.2118955342797293
5022.14 1.2123827517468178
5022.44 1.2128700182132066
5022.74 1.2133573336771257
5023.04 1.2138446981367994
5023.34 1.214332111590454
5023.64 1.2148195740363152
5023.94 1.2153070854726076
5024.24 1.2157946458975601
5024.54 1.216282255309396
5024.84 1.2167699137063421
5025.14 1.217257621086622
5025.44 1.21774537744846
5025.74 1.2182331827900839
5026.04 1.2187210371097177
5026.35 1.2192252046922392
5026.65 1.219713158595014
5026.95 1.2202011614704136
5027.25 1.2206892133166602
5027.55 1.2211773141319784
5027.85 1.2216654639145914
5028.15 1.2221536626627207
5028.45 1.222641910374594
5028.75 1.2231302070484324
5029.05 1.2236185526824594
5029.35 1.2241069472748969
5029.65 1.2245953908239673
5029.95 1.2250838833278956
5030.0 1.2251653035045929
5030.25 1.2251162876878052
5030.55 1.2250574522703643
5030.85 1.2249985989216725
5031.15 1.2249397276420926
5031.45 1.2248808384319887
5031.75 1.2248219312917248
5032.05 1.2247630062216648
5032.35 1.2247040632221724
5032.65 1.2246451022936122
5032.95 1.2245861234363495
5033.25 1.2245271266507478
5033.55 1.2244681119371716
5033.85 1.2244090792959865
5034.16 1.224348060066533
5034.46 1.2242889909736676
5034.76 1.2242299039543003
5035.06 1.2241707990087956
5035.36 1.2241116761375201
5035.66 1.2240525353408387
5035.96 1.223993376619117
5036.26 1.223934199972721
5050.0 1.2197716007750732
5070.0 1.2401244578392023
5090.0 1.212215724384701
5110.0 1.2226947967270791
5130.0 1.206543003583354
5150.0 1.1940187833487073
5170.0 1.1655245747453666
5190.0 1.1843776646091593
5210.0 1.2111946777951668
5230.0 1.233076081207538
5250.0 1.2494309811473756
5270.0 1.193855701021714
5290.0 1.2633146211782487
5310.0 1.2878396038682371
5330.0 1.2293531787369472
5350.0 1.2792261590854268
5370.0 1.276827470864892
5390.0 1.2622432334377056
5410.0 1.2538805839388372
5430.0 1.2691458508406215
5450.0 1.2905773109383663
5470.0 1.2715938320142295
5490.0 1.27533798865528
5510.0 1.2737496993843
5530.0 1.294429978581552
5550.0 1.3038874149935074
5570.0 1.2919097979360006
5590.0 1.281863300402731
5610.0 1.3047559798617496
5630.0 1.2994261229340756
5650.0 1.3038072524781283
5670.0 1.2892513159834007
5690.0 1.3096098801079892
5710.0 1.2906852229288341
5730.0 1.3385882965347513
5750.0 1.315387682724098
5770.0 1.323112225402787
5790.0 1.3039391458480005
5810.0 1.3298950640011993
5830.0 1.3461417793700419
5850.0 1.3245361786856993
5870.0 1.3208061678443705
5890.0 1.2635037982030484
5910.0 1.319717480652513
5930.0 1.3257757839255075
5950.0 1.3254778187204996
5970.0 1.3368308061779695
5990.0 1.325700656013374
6010.0 1.3173504540689582
6030.0 1.3329273636734533
6050.0 1.3444145393755609
6070.0 1.3433348854513245
6090.0 1.3259455548503247
6110.0 1.3278155082425094
6130.0 1.2947543966734139
6150.0 1.308374200270482
6170.0 1.2889545047292346
6190.0 1.323112148403041
6210.0 1.3222618096412018
6230.0 1.3044806184587299
6250.0 1.2816200112769662
6270.0 1.3094862302082892
6290.0 1.3200715893081691
6310.0 1.299530937526375
6330.0 1.3109979462361347
6350.0 1.3154165809228622
6370.0 1.314399251028044
6390.0 1.3221000163530205
6410.0 1.3078672359888903
6430.0 1.3142490242718556
6450.0 1.3123714789107226
6470.0 1.3105878803983395
6490.0 1.296931983500997
6510.0 1.3142787091380597
6523.64 1.307362807300463
6524.04 1.3069684920507643
6524.43 1.3065839762876443
6524.82 1.3061994028743118
6525.22 1.305804908723224
6525.61 1.305420218547281
6526.0 1.3050354707369471
6526.4 1.3046407977335792
6526.79 1.3042559331926853
6527.19 1.3038611404766687
6527.58 1.3034761592266684
6527.97 1.303091120368689
6528.37 1.3026961488823472
6528.76 1.3023109933472985
6529.15 1.301925780220085
6529.55 1.3015306300124925
6529.94 1.3011453002402396
6530.0 1.3010860136263573
6530.34 1.3002497186956665
6530.73 1.2992903235576265
6531.12 1.2983308048499052
6531.52 1.2973465547473106
6531.91 1.296386785766574
6532.3 1.2954268932505082
6532.7 1.294442259790425
6533.09 1.2934821170709196
6533.49 1.2924972270158073
6533.88 1.2915368341394335
6534.27 1.2905763177850649
6534.67 1.289591044550375
6535.06 1.2886302781086851
6535.46 1.287644748398052
6535.85 1.2866837319155926
6536.24 1.2857225920124473
6536.64 1.2847366793000714
6537.03 1.2837752894256733
6537.42 1.2828137761649
6537.82 1.2818274805572702
6538.21 1.2808657173947438
6538.6 1.2799038308801487
6539.0 1.27891715248372
6539.39 1.2779550161368536
6539.79 1.2769680815260478
6540.18 1.2761337297135051
6540.57 1.2754486512269014
6540.97 1.274745911603246
6541.36 1.2740606478322813
6541.76 1.2733577181910074
6542.15 1.2726722691700465
6542.54 1.2719867287092228
6542.94 1.2712835153097999
6543.33 1.2705977896502996
6543.72 1.2699119725762693
6544.12 1.2692084754973056
6544.51 1.2685224732759046
6544.91 1.2678187863198138
6545.3 1.267132598985384
6545.69 1.2664463202787024
6546.09 1.265742349774262
6546.48 1.2650558860058356
6546.87 1.2643693308904684
6547.27 1.2636650769162365
6547.66 1.262978336790397
6548.06 1.2622738930794328
6548.45 1.2615869679774385
6548.84 1.2608999515707509
6549.24 1.2601952245210997
6549.63 1.2595080231895057
6550.0 1.25885597857378
6550.02 1.258788755584446
6550.42 1.2574442060234103
6550.81 1.2561331055721001
6551.21 1.254788218325764
6551.6 1.2534767886620137
6551.99 1.2521651964983247
6552.39 1.2508198049786625
6552.78 1.249507883694312
6553.17 1.2481957999553188
6553.57 1.2468499043029198
6553.96 1.2455374915350192
6554.36 1.24419125844857
6554.75 1.242878516713177
6555.14 1.2415656125987506
6555.54 1.240218875614181
6555.93 1.2389056426239762
6556.33 1.2375585683623989
6556.72 1.2362450065578043
6557.11 1.2349312824497511
6557.51 1.2335837045245681
6557.9 1.2322696516937994
6558.29 1.2309554366048168
6558.69 1.2296073551564581
6559.08 1.2282928114364093
6559.48 1.2269443929620072
6559.87 1.225629520672238
6560.26 1.2246363792321426
6560.66 1.2237827252780775
6561.05 1.2229503041741518
6561.44 1.2221177759548374
6561.84 1.2212637895979783
6562.23 1.2204310444314668
6562.63 1.2195768355853505
6563.02 1.21874387351198
6563.41 1.2179108043728837
6563.81 1.2170562632780892
6564.2 1.2162229772923805
6564.59 1.2153895842706783
6564.99 1.2145347110194873
6565.38 1.2137011012114014
6565.78 1.212846005635876
6566.17 1.2120121790817193
6566.56 1.2111782455411995
6566.96 1.2103228179632828
6567.35 1.2094886677368946
6567.75 1.2086330179377271
6568.14 1.2077986510657668
6568.53 1.2069641772570516
6568.93 1.206108195609431
6569.32 1.2052735052153196
6569.71 1.2044387079141525
6570.0 1.2038178919055247
6570.11 1.2043673803555037
6570.5 1.2063157008919432
6570.9 1.2083141958447414
6571.29 1.2102629404462961
6571.68 1.21221189436688
6572.08 1.214211038883005
6572.47 1.2161604167489082
6572.86 1.218110003874705
6573.26 1.2201097977706639
6573.65 1.2220598087220176
6574.05 1.2240600372697445
6574.44 1.226010471966494
6574.83 1.2279611158244623
6575.23 1.2299619934457784
6575.62 1.2319130609294344
6576.01 1.2338643375152172
6576.41 1.235865864026763
6576.8 1.2378175641185587
6577.2 1.2398195249541657
6577.59 1.2417716484718715
6577.98 1.2437239809930885
6578.38 1.2457265904129187
6578.77 1.24767934624043
6579.16 1.2496323110124077
6579.56 1.2516355688332268
6579.95 1.2535889567919078
6580.35 1.2555213403074703
6580.74 1.2573956850113095
6581.13 1.2592702295608635
6581.53 1.2611930469334969
6581.92 1.2630679962415186
6582.31 1.2649431453387763
6582.71 1.2668665827016783
6583.1 1.2687421364430247
6583.5 1.2706659887862413
6583.89 1.2725419470951171
6584.28 1.2744181050989773
6584.68 1.2763425771399954
6585.07 1.2782191395970577
6585.46 1.2800959016926807
6585.86 1.28202099325637
6586.25 1.2838981596909
6586.65 1.285823665921926
6587.04 1.2877012366188605
6587.43 1.2895790068601727
6587.83 1.2915051323216178
6588.22 1.2933833067110911
6588.62 1.2953098466442547
6589.01 1.2971884251054229
6589.4 1.2990672030168287
6589.8 1.300994361888293
6590.0 1.3019580199889893
6590.19 1.3022163617069624
6590.58 1.3027466770513174
6590.98 1.3032906390822032
6591.37 1.3038210496934985
6591.77 1.304365109424636
6592.16 1.3048956152844784
6592.55 1.305426168158977
6592.95 1.3059703737870045
6593.34 1.306501021882585
6593.73 1.3070317169792622
6594.13 1.307576068462112
6594.52 1.3081068587524143
6594.92 1.3086513078603237
6595.31 1.309182193325872
6595.7 1.309713125769892
6596.1 1.3102577206624137
6596.49 1.3107887482542344
6596.88 1.3113198228109835
6597.28 1.311864563446077
6597.67 1.3123957331231901
6598.07 1.3129405713082138
6598.46 1.3134718360873279
6598.85 1.3140031478087606
6599.25 1.3145481316662029
6599.64 1.315079538462213
6600.04 1.3156002945136325
6600.43 1.3158946098801192
6600.82 1.3161889454611737
6601.22 1.3164908491050187
6601.61 1.3167852256274244
6602.0 1.3170796223583685
6610.0 1.323122985260677
6630.0 1.3235004415060414
6650.0 1.3214319246186832
6670.0 1.3084796242553949
6690.0 1.324378478817147
6710.0 1.303843899095077
6730.0 1.321294680409583
6750.0 1.3106454915548196
6770.0 1.3133680740153693
6790.0 1.3115140746332448
6810.0 1.3171573611849279
6830.0 1.3271032690177877
6850.0 1.30449040862073
6870.0 1.3038896387641385
6890.0 1.3180599164084876
6910.0 1.3210428904047546
6930.0 1.316217687194368
6950.0 1.3108992903958447
6970.0 1.3147474272024076
6990.0 1.3058282966045232
7010.0 1.294215606097578
7030.0 1.3090683168250958
7050.0 1.3161389213426384
7070.0 1.303626839362681
7090.0 1.2941177230265395
7110.0 1.2803829697145788
7130.0 1.2629273148340359
7150.0 1.2543790748991277
7170.0 1.2606709167520656
7190.0 1.2484589445101915
7210.0 1.2655124669863795
7230.0 1.2736390883601556
7250.0 1.2741580756578723
7270.0 1.2773252170984564
7290.0 1.270289305832617
7310.0 1.287656577125118
7330.0 1.2895152195324802
7350.0 1.2872099592520563
7370.0 1.2981996838328869
7390.0 1.284029220958096
7410.0 1.275126714478743
7430.0 1.2884043050286251
7450.0 1.2914966393486886
7470.0 1.290751673572313
7490.0 1.2866120227658602
7510.0 1.299459672148471
7530.0 1.3113836499823333
7550.0 1.308719973033147
7570.0 1.2699589785155017
7590.0 1.2237196995892237
7610.0 1.2404816694822929
7630.0 1.2878516498266788
7650.0 1.302254747224819
7670.0 1.2704302350944199
7690.0 1.278685032657861
7710.0 1.2710111236829529
7730.0 1.275231206531823
7750.0 1.2690162954930153
7770.0 1.278837784150447
7790.0 1.2847731180163413
7810.0 1.2872081718435673
7830.0 1.2805529088713667
7850.0 1.2720164793811979
7870.0 1.2786989802989777
7890.0 1.2621718909146813
7910.0 1.247952209219639
7930.0 1.2485694881226954
7950.0 1.2405280715786764
7970.0 1.2636120104641366
7990.0 1.2634898416061502
8010.0 1.264491353375247
8030.0 1.2650982611085049
8050.0 1.2661488120694835
8070.0 1.2655214764976868
8090.0 1.2488450824012811
8110.0 1.2533162787534093
8130.0 1.264794384039237
8150.0 1.2600044811947237
8170.0 1.261671956003809
8190.0 1.250534454680016
8210.0 1.2488032360116932
8230.0 1.257153203397941
8250.0 1.2635330357278896
8270.0 1.2721440018895949
8290.0 1.262093343696423
8310.0 1.2369778951733497
8330.0 1.2315605517248165
8350.0 1.2342021263280305
8370.0 1.2412467539392777
8390.0 1.2236388237407168
8410.0 1.2480999565844302
8430.0 1.2223599050060079
8450.0 1.219882254702617
8470.0 1.2149794380148766
8490.0 1.222934064333212
8510.0 1.1784420434724165
8530.0 1.219205856274202
8550.0 1.1109073421070166
8570.0 1.2480625698059538
8590.0 1.2291317889244846
8610.0 1.2334143152523551
8630.0 1.2600223641613293
8650.0 1.2437979061981836
8670.0 1.1287783947960384
8690.0 1.24078507690245
8710.0 1.2644109052963357
8730.0 1.2558472581446916
8750.0 1.2208104107165145
8770.0 1.2614669824632234
8790.0 1.2730531485754595
8810.0 1.2577552815029454
8830.0 1.2558612103688978
8850.0 1.2442324704169745
8870.0 1.2155133870439017
8890.0 1.2668066490508736
8910.0 1.2811158508101457
8930.0 1.2621010723532937
8950.0 1.2513820330533512
8970.0 1.2398517199747972
8990.0 1.2264497088780848
9010.0 1.1863614524101898
9030.0 1.2430837778962793
9050.0 1.273108861101178
9070.0 1.2556248175419464
9090.0 1.237115040286522
9110.0 1.2512534446964316
9130.0 1.2565618366460571
9150.0 1.248510034103119
9170.0 1.2539341482687036
9190.0 1.2620571554783777
9210.0 1.2265462397987428
9230.0 1.1964913890121647
9250.0 1.218547563586299
9270.0 1.2289096267296507
9290.0 1.213088837611719
9310.0 1.1912671112141717
9330.0 1.189315118670932
9350.0 1.2073620794390025
9370.0 1.2177962949385752
9390.0 1.2456105418478574
9410.0 1.20585813839399
9430.0 1.2045492177279287
9450.0 1.2036558201444336
9470.0 1.224611094765062
9490.0 1.2132730749704996
9510.0 1.1988144150063147
9530.0 1.1898481393528875
9550.0 1.1562737803734593
9570.0 1.1920317097130482
9590.0 1.2101880419953774
9610.0 1.1954918243949895
9630.0 1.1954241529736502
9650.0 1.1944776765058276
9670.0 1.2073227114266587
9690.0 1.2162257511138106
9710.0 1.200083351666263
9730.0 1.1893974759571262
9750.0 1.1842559257900687
9770.0 1.186675389768073
9790.0 1.175442689174327
9810.0 1.189684198178615
9830.0 1.1847460688729874
9850.0 1.188951877574453
9870.0 1.1797037243990778
9890.0 1.176608279104391
9910.0 1.1765710263858198
9930.0 1.1771235738669725
9950.0 1.1741661738491846
9970.0 1.1736577092512928
9990.0 1.1671603709507041
10025.0 1.1337376048774457
10075.0 1.1317192550557538
10125.0 1.1402121191095138
10175.0 1.1303974737289202
10225.0 1.1276056176360245
10275.0 1.1271512516370965
10325.0 1.1069239690044963
10375.0 1.0988574155339186
10425.0 1.1043844444470443
10475.0 1.1000163672141265
10525.0 1.093942849070329
10575.0 1.0843552422041738
10625.0 1.0757147346720801
10675.0 1.0630429401123693
10725.0 1.0598392722691348
10775.0 1.0522310048753436
10825.0 1.0400783892255852
10875.0 1.0366363583337754
10925.0 1.0239703548259886
10975.0 1.0217314705025031
11025.0 1.0241542877448777
11075.0 1.020352257209417
11125.0 1.0114276146214436
11175.0 1.0033427211003183
11225.0 0.9984399039679063
11275.0 0.9868684826941216
11325.0 0.9798805815932146
11375.0 0.9734911717382507
11425.0 0.9633991535454474
11475.0 0.9655196759205875
11525.0 0.9595265016365794
11575.0 0.9500389713313094
11625.0 0.9368148462698909
11675.0 0.9335956503316193
11725.0 0.9337784618344033
11775.0 0.9211977012875987
11825.0 0.9130104131998851
11875.0 0.903327100896679
11925.0 0.9069970309409776
11975.0 0.8876036028329249
12025.0 0.8915963911647745
12075.0 0.8834677750614082
12125.0 0.8797668692806659
12175.0 0.8778224691257321
12225.0 0.8699893981204962
12275.0 0.8638664550177809
12325.0 0.8574364394331645
12375.0 0.8529819385678945
12425.0 0.8458256004534761
12475.0 0.8424151462578825
12525.0 0.8336964849347575
12575.0 0.8296952393551181
12625.0 0.8234053973773001
12675.0 0.8170237846097238
12725.0 0.8133627102714795
12775.0 0.8095826312214337
12825.0 0.7831751041806061
12875.0 0.7942924631993884
12925.0 0.788614000028278
12975.0 0.7909676348365281
13025.0 0.7829420621809415
13075.0 0.7824290390095711
13125.0 0.7719921794527487
13175.0 0.7687900040447848
13225.0 0.7667040171329847
13275.0 0.7580904334655651
13325.0 0.7578648485087511
13375.0 0.752412221343903
13425.0 0.7520335501744577
13475.0 0.747403555941644
13525.0 0.7423132453317851
13575.0 0.7341618734016239
13625.0 0.7293106814045563
13675.0 0.7284353990952752
13725.0 0.7261873928798571
13775.0 0.7221635850181478
13825.0 0.7194260395887367
13875.0 0.7139114561223215
13925.0 0.7127239348858095
13975.0 0.7106578501194651
14025.0 0.7015279376699666
14075.0 0.7032333827013835
14125.0 0.6962613348590801
14175.0 0.6976501232148625
14225.0 0.6879069968934015
14275.0 0.6806485547293115
14325.0 0.6858646473065053
14375.0 0.6852966260553435
14425.0 0.6709060407066837
14475.0 0.6772800560036151
14525.0 0.6695947134955461
14570.0 0.6705178146815104
14620.0 0.6686321543470011
14675.0 0.6663001776121859
14725.0 0.6570776117608957
14775.0 0.6572511639396429
14825.0 0.6545513836501002
14875.0 0.6486517102188216
14925.0 0.6539781993352136
14975.0 0.6473195199358053
15025.0 0.6399759893584421
15075.0 0.6354223513941134
15125.0 0.6402905761993639
15175.0 0.6388805510353485
15225.0 0.6360382361797624
15275.0 0.6356826801877253
15325.0 0.6310711065561397
15375.0 0.6327175285342049
15425.0 0.6291863857289055
15475.0 0.6287098000668497
15525.0 0.6204768766770088
15575.0 0.6073826231488149
15625.0 0.6156995901599658
15675.0 0.6089073284356606
15725.0 0.609586716381172
15775.0 0.59103852833097
15825.0 0.5951199033627822
15875.0 0.5848889374795451
15925.0 0.5965646898448468
15975.0 0.5906891066410193
16050.0 0.5913115240854147
16150.0 0.5843539587420293
16250.0 0.5814214162290329
16350.0 0.5817201799863034
16450.0 0.5585461326852913
16550.0 0.5663996808159578
16650.0 0.5491929370964865
16750.0 0.5451021037392292
16850.0 0.5277053350984894
16950.0 0.5334456629464366
17050.0 0.5184232573815056
17150.0 0.5143642840323032
17250.0 0.5035219929976519
17350.0 0.48814792578114347
17450.0 0.48820284555158927
17550.0 0.48002285885531465
17650.0 0.4744254053713352
17750.0 0.4653676590477027
17850.0 0.46057288021708537
17950.0 0.4531022233614952
18050.0 0.44326458992426016
18150.0 0.4343808020175177
18250.0 0.42973814110865693
18350.0 0.4239125558084765
18450.0 0.41624527945498624
18550.0 0.41207685728976884
18650.0 0.4027918104361959
18750.0 0.3926585595202532
18850.0 0.39243146412336305
18950.0 0.3803102537850866
19050.0 0.38298258880823044
19150.0 0.3758930053344144
19250.0 0.3710280742327938
19350.0 0.3622807588394253
19450.0 0.3534966851037194
19550.0 0.3538701135202815
19650.0 0.34845202229898814
19750.0 0.3419779332070466
19850.0 0.3383027314033285
19950.0 0.3336658756592876
20050.0 0.33153857791049873
20150.0 0.3271696519516718
20250.0 0.31941744834346514
20350.0 0.3148823569257038
20450.0 0.3135487976184048
20550.0 0.308243031499163
20650.0 0.30283013691419136
20750.0 0.2990199796163577
20850.0 0.29431135556690236
20950.0 0.2889354838021833
21050.0 0.28702082873360885
21150.0 0.2819727142541022
21250.0 0.27783080008002026
21350.0 0.2756277102854777
21450.0 0.2715380940175229
21550.0 0.26727751301938885
21650.0 0.2609235195485499
21750.0 0.2586759363008782
21850.0 0.2559307096573306
21950.0 0.2531277183379392
22050.0 0.24750041522972543
22150.0 0.24693364522272543
22250.0 0.24139044381468444
22350.0 0.23877082083643716
22450.0 0.23587039830894999
22550.0 0.23318700394673492
22650.0 0.22884747913414677
22750.0 0.22758279132824152
22850.0 0.22329623749173697
22950.0 0.20124360636785
23050.0 0.20899660659743072
23150.0 0.20656600627980404
23250.0 0.18761008789921235
23350.0 0.1954727065688923
23450.0 0.19245581957084432
23550.0 0.17557703732128016
23650.0 0.18476099114384434
23750.0 0.18118403457327675
23850.0 0.16771338463210866
23950.0 0.17477691813146973
24050.0 0.17362206459516397
24150.0 0.16219945176702494
24250.0 0.16738543662397376
24350.0 0.16614278673023233
24450.0 0.15899289968950045
24550.0 0.15820699787117956
24650.0 0.16093155555218772
24750.0 0.15639600879069795
24850.0 0.15085204972191574
24950.0 0.15304132439371412
25050.0 0.15519792850683947
25150.0 0.0
25250.0 0.0
25350.0 0.0
25450.0 0.0
25550.0 0.0
25650.0 0.0
25750.0 0.0
25850.0 0.0
25950.0 0.0
26050.0 0.0
26150.0 0.0
26250.0 0.0
26350.0 0.0
26450.0 0.0
26550.0 0.0
26650.0 0.0
26750.0 0.0
26850.0 0.0
26950.0 0.0
27050.0 0.0
27150.0 0.0
27250.0 0.0
27350.0 0.0
27450.0 0.0
27550.0 0.0
27650.0 0.0
27750.0 0.0
27850.0 0.0
27950.0 0.0
28050.0 0.0
28150.0 0.0
28250.0 0.0
28350.0 0.0
28450.0 0.0
28550.0 0.0
28650.0 0.0
28750.0 0.0
28850.0 0.0
28950.0 0.0
29050.0 0.0
29150.0 0.0
29250.0 0.0
29350.0 0.0
29450.0 0.0
29550.0 0.0
29650.0 0.0
29750.0 0.0
29850.0 0.0
29950.0 0.0
30050.0 0.0
30150.0 0.0
30250.0 0.0
30350.0 0.0
30450.0 0.0
30550.0 0.0
30650.0 0.0
30750.0 0.0
30850.0 0.0
30950.0 0.0
31050.0 0.0
31150.0 0.0
31250.0 0.0
31350.0 0.0
31450.0 0.0
31550.0 0.0
31650.0 0.0
31750.0 0.0
31850.0 0.0
31950.0 0.0
32100.0 0.0
32300.0 0.0
32500.0 0.0
32700.0 0.0
32900.0 0.0
33100.0 0.0
33300.0 0.0
33500.0 0.0
33700.0 0.0
33900.0 0.0
34100.0 0.0
34300.0 0.0
34500.0 0.0
34700.0 0.0
34900.0 0.0
35100.0 0.0
35300.0 0.0
35500.0 0.0
35700.0 0.0
35900.0 0.0
36100.0 0.0
36300.0 0.0
36500.0 0.0
36700.0 0.0
36900.0 0.0
37100.0 0.0
37300.0 0.0
37500.0 0.0
37700.0 0.0
37900.0 0.0
38100.0 0.0
38300.0 0.0
38500.0 0.0
38700.0 0.0
38900.0 0.0
39100.0 0.0
39300.0 0.0
39500.0 0.0
39700.0 0.0
39900.0 0.0
40100.0 0.0
40300.0 0.0
40500.0 0.0
40700.0 0.0
40900.0 0.0
41100.0 0.0
41300.0 0.0
41500.0 0.0
41700.0 0.0
41900.0 0.0
42100.0 0.0
42300.0 0.0
42500.0 0.0
42700.0 0.0
42900.0 0.0
43100.0 0.0
43300.0 0.0
43500.0 0.0
43700.0 0.0
43900.0 0.0
44100.0 0.0
44300.0 0.0
44500.0 0.0
44700.0 0.0
44900.0 0.0
45100.0 0.0
45300.0 0.0
45500.0 0.0
45700.0 0.0
45900.0 0.0
46100.0 0.0
46300.0 0.0
46500.0 0.0
46700.0 0.0
46900.0 0.0
47100.0 0.0
47300.0 0.0
47500.0 0.0
47700.0 0.0
47900.0 0.0
48100.0 0.0
48300.0 0.0
48500.0 0.0
48700.0 0.0
48900.0 0.0
49100.0 0.0
49300.0 0.0
49500.0 0.0
49700.0 0.0
49900.0 0.0
50100.0 0.0
50300.0 0.0
50500.0 0.0
50700.0 0.0
50900.0 0.0
51100.0 0.0
51300.0 0.0
51500.0 0.0
51700.0 0.0
51900.0 0.0
52100.0 0.0
52300.0 0.0
52500.0 0.0
52700.0 0.0
52900.0 0.0
53100.0 0.0
53300.0 0.0
53500.0 0.0
53700.0 0.0
53900.0 0.0
54100.0 0.0
54300.0 0.0
54500.0 0.0
54700.0 0.0
54900.0 0.0
55100.0 0.0
55300.0 0.0
55500.0 0.0
55700.0 0.0
55900.0 0.0
56100.0 0.0
56300.0 0.0
56500.0 0.0
56700.0 0.0
56900.0 0.0
57100.0 0.0
57300.0 0.0
57500.0 0.0
57700.0 0.0
57900.0 0.0
58100.0 0.0
58300.0 0.0
58500.0 0.0
58700.0 0.0
58900.0 0.0
59100.0 0.0
59300.0 0.0
59500.0 0.0
59700.0 0.0
59900.0 0.0
60100.0 0.0
60300.0 0.0
60500.0 0.0
60700.0 0.0
60900.0 0.0
61100.0 0.0
61300.0 0.0
61500.0 0.0
61700.0 0.0
61900.0 0.0
62100.0 0.0
62300.0 0.0
62500.0 0.0
62700.0 0.0
62900.0 0.0
63100.0 0.0
63300.0 0.0
63500.0 0.0
63700.0 0.0
63900.0 0.0
64200.0 0.0
64600.0 0.0
65000.0 0.0
65400.0 0.0
65800.0 0.0
66200.0 0.0
66600.0 0.0
67000.0 0.0
67400.0 0.0
67800.0 0.0
68200.0 0.0
68600.0 0.0
69000.0 0.0
69400.0 0.0
69800.0 0.0
70200.0 0.0
70600.0 0.0
71000.0 0.0
71400.0 0.0
71800.0 0.0
72200.0 0.0
72600.0 0.0
73000.0 0.0
73400.0 0.0
73800.0 0.0
74200.0 0.0
74600.0 0.0
75000.0 0.0
75400.0 0.0
75800.0 0.0
76200.0 0.0
76600.0 0.0
77000.0 0.0
77400.0 0.0
77800.0 0.0
78200.0 0.0
78600.0 0.0
79000.0 0.0
79400.0 0.0
79800.0 0.0
80200.0 0.0
80600.0 0.0
81000.0 0.0
81400.0 0.0
81800.0 0.0
82200.0 0.0
82600.0 0.0
83000.0 0.0
83400.0 0.0
83800.0 0.0
84200.0 0.0
84600.0 0.0
85000.0 0.0
85400.0 0.0
85800.0 0.0
86200.0 0.0
86600.0 0.0
87000.0 0.0
87400.0 0.0
87800.0 0.0
88200.0 0.0
88600.0 0.0
89000.0 0.0
89400.0 0.0
89800.0 0.0
90200.0 0.0
90600.0 0.0
91000.0 0.0
91400.0 0.0
91800.0 0.0
92200.0 0.0
92600.0 0.0
93000.0 0.0
93400.0 0.0
93800.0 0.0
94200.0 0.0
94600.0 0.0
95000.0 0.0
95400.0 0.0
95800.0 0.0
96200.0 0.0
96600.0 0.0
97000.0 0.0
97400.0 0.0
97800.0 0.0
98200.0 0.0
98600.0 0.0
99000.0 0.0
99400.0 0.0
99800.0 0.0
100200.0 0.0
100400.00000000009 0.0
100748.43066198383 0.0
101098.07052641988 0.0
101448.92378975474 0.0
101800.9946629978 0.0
102154.28737177301 0.0
102508.80615636887 0.0
102864.55527178946 0.0
103221.53898780573 0.0
103579.76158900595 0.0
103939.22737484834 0.0
104299.94065971187 0.0
104661.9057729482 0.0
105025.12705893395 0.0
105389.60887712192 0.0
105755.35560209466 0.0
106122.37162361621 0.0
106490.66134668495 0.0
106860.22919158668 0.0
107231.07959394684 0.0
107603.217004785 0.0
107976.64589056744 0.0
108351.370733261 0.0
108727.39603038708 0.0
109104.72629507471 0.0
109483.36605611602 0.0
109863.31985801981 0.0
110244.59226106624 0.0
110627.1878413618 0.0
111011.11119089334 0.0
111396.36691758451 0.0
111782.95964535022 0.0
112170.89401415233 0.0
112560.17468005554 0.0
112950.80631528242 0.0
113342.79360827077 0.0
113736.1412637291 0.0
114130.85400269323 0.0
114526.93656258319 0.0
114924.39369725919 0.0
115323.23017708007 0.0
115723.45078895958 0.0
116125.06033642414 0.0
116528.06363967061 0.0
116932.46553562334 0.0
117338.27087799355 0.0
117745.48453733666 0.0
118154.11140111096 0.0
118564.15637373661 0.0
118975.62437665339 0.0
119388.52034838134 0.0
119802.84924457902 0.0
120218.61603810318 0.0
120635.82571906883 0.0
121054.48329490799 0.0
121474.59379043133 0.0
121896.16224788758 0.0
122319.19372702412 0.0
122743.69330514787 0.0
123169.6660771864 0.0
123597.11715574806 0.0
124026.0516711849 0.0
124456.47477165324 0.0
124888.39162317566 0.0
125321.80740970328 0.0
125756.72733317701 0.0
126193.15661359143 0.0
126631.1004890565 0.0
127070.56421586059 0.0
127511.55306853396 0.0
127954.0723399109 0.0
128398.12734119488 0.0
128843.72340202122 0.0
129290.86587052139 0.0
129739.56011338736 0.0
130189.81151593504 0.0
130641.62548217046 0.0
131095.00743485359 0.0
131549.96281556363 0.0
132006.49708476473 0.0
132464.61572187033 0.0
132924.3242253105 0.0
133385.628112597 0.0
133848.53292038973 0.0
134313.04420456337 0.0
134779.167540273 0.0
135246.90852202274 0.0
135716.27276373174 0.0
136187.2658988018 0.0
136659.8935801853 0.0
137134.16148045196 0.0
137610.07529185852 0.0
138087.64072641605 0.0
138566.86351595866 0.0
139047.7494122127 0.0
139530.30418686455 0.0
140014.53363163173 0.0
140500.44355833106 0.0
140988.03979894897 0.0
141477.32820571162 0.0
141968.3146511539 0.0
142461.00502819192 0.0
142955.40525019236 0.0
143451.52125104374 0.0
143949.35898522806 0.0
144448.924427891 0.0
144950.2235749154 0.0
145453.2624429921 0.0
145958.04706969234 0.0
146464.58351354074 0.0
146972.87785408652 0.0
147482.9361919785 0.0
147994.76464903704 0.0
148508.36936832778 0.0
149023.7565142358 0.0
149540.9322725382 0.0
150059.90285048028 0.0
150580.6744768489 0.0
151103.25340204738 0.0
151627.64589817091 0.0
152153.85825908065 0.0
152681.89680048096 0.0
153211.76785999417 0.0
153743.47779723676 0.0
154277.0329938962 0.0
154812.43985380605 0.0
155349.70480302497 0.0
155888.8342899124 0.0
156429.8347852063 0.0
156972.71278210124 0.0
157517.47479632485 0.0
158064.1273662182 0.0
158612.67705281274 0.0
159163.1304399096 0.0
159715.49413415877 0.0
160269.77476513712 0.0
160825.97898542997 0.0
161384.11347070962 0.0
161944.18491981577 0.0
162506.2000548363 0.0
163070.1656211866 0.0
163636.0883876925 0.0
164203.97514667013 0.0
164773.83271400793 0.0
165345.66792924836 0.0
165919.48765567035 0.0
166495.29878037024 0.0
167073.10821434658 0.0
167652.9228925817 0.0
168234.74977412526 0.0
168818.59584217807 0.0
169404.46810417465 0.0
169992.37359186928 0.0
170582.3193614191 0.0
171174.31249346913 0.0
171768.3600932375 0.0
172364.46929059955 0.0
172962.64724017525 0.0
173562.90112141386 0.0
174165.23813868032 0.0
174769.6655213422 0.0
175376.19052385495 0.0
175984.8204258511 0.0
176595.5625322263 0.0
177208.42417322725 0.0
177823.4127045401 0.0
178440.53550737724 0.0
179059.79998856818 0.0
179681.21358064678 0.0
180304.7837419411 0.0
180930.51795666298 0.0
181558.42373499667 0.0
182188.508613191 0.0
182820.7801536484 0.0
183455.24594501613 0.0
184091.9136022776 0.0
184730.79076684228 0.0
185371.88510663982 0.0
186015.20431621035 0.0
186660.7561167974 0.0
187308.54825644082 0.0
187958.58851006837 0.0
188610.8846795912 0.0
189265.44459399607 0.0
189922.27610943964 0.0
190581.38710934314 0.0
191242.78550448545 0.0
191906.4792331004 0.0
192572.47626097052 0.0
193240.7845815229 0.0
193911.41221592567 0.0
194584.36721318262 0.0
195259.65765023217 0.0
195937.29163204285 0.0
196617.27729171072 0.0
197299.62279055765 0.0
197984.33631822755 0.0
198671.42609278703 0.0
199360.90036082253 0.0
200052.7673975396 0.0
200747.03550686277 0.0
201443.7130215334 0.0
202142.80830321225 0.0
202844.3297425782 0.0
203548.28575942936 0.0
204254.6848027845 0.0
204963.53535098286 0.0
205674.84591178835 0.0
206388.62502249 0.0
207104.88125000495 0.0
207823.62319098154 0.0
208544.8594719008 0.0
209268.59874918268 0.0
209994.84970928813 0.0
210723.62106882382 0.0
211454.9215746472 0.0
212188.76000396966 0.0
212925.1451644646 0.0
213664.08589437135 0.0
214405.5910626017 0.0
215149.66956884676 0.0
215896.33034368197 0.0
216645.5823486771 0.0
217397.43457650184 0.0
218151.8960510343 0.0
218908.9758274697 0.0
219668.68299242735 0.0
220431.02666406232 0.0
221196.01599217302 0.0
221963.66015831166 0.0
222733.96837589474 0.0
223506.94989031187 0.0
224282.61397903945 0.0
225060.96995175022 0.0
225842.02715042542 0.0
226625.79494946744 0.0
227412.28275581042 0.0
228201.50000903595 0.0
228993.45618148448 0.0
229788.16077836952 0.0
230585.62333789226 0.0
231385.85343135396 0.0
232188.8606632739 0.0
232994.65467150253 0.0
233803.24512733784 0.0
234614.64173564175 0.0
235428.8542349548 0.0
236245.89239761574 0.0
237065.76602987712 0.0
237888.48497202326 0.0
238714.05909848903 0.0
239542.4983179762 0.0
240373.81257357553 0.0
241208.01184288395 0.0
242045.10613812497 0.0
242885.10550626923 0.0
243728.0200291531 0.0
244573.85982360275 0.0
245422.63504155353 0.0
246274.3558701723 0.0
247129.0325319802 0.0
247986.67528497343 0.0
248847.29442274923 0.0
249710.90027462755 0.0
250577.5032057754 0.0
251447.1136173319 0.0
252319.741946531 0.0
253195.39866682977 0.0
254074.09428803218 0.0
254955.83935641564 0.0
255840.64445485763 0.0
256728.52020296326 0.0
257619.47725719062 0.0
258513.52631098175 0.0
259410.67809488898 0.0
260310.94337670426 0.0
261214.33296158884 0.0
262120.8576922009 0.0
263030.5284488288 0.0
263943.3561495196 0.0
264859.35175021074 0.0
265778.5262448618 0.0
266700.8906655845 0.0
267626.45608277834 0.0
268555.23360526125 0.0
269487.23438040353 0.0
270422.46959426196 0.0
271360.9504717122 0.0
272302.6882765867 0.0
273247.69431180746 0.0
274195.97991952254 0.0
275147.55648124265 0.0
276102.4354179754 0.0
277060.6281903659 0.0
278022.1462988321 0.0
278987.001283703 0.0
279955.20472535834 0.0
280926.7682443648 0.0
281901.7035016192 0.0
282880.0221984859 0.0
283861.73607693805 0.0
284846.856919699 0.0
285835.39655038144 0.0
286827.3668336328 0.0
287822.7796752752 0.0
288821.64702244906 0.0
289823.9808637571 0.0
290829.79322940577 0.0
291839.0961913531 0.0
292851.90186345164 0.0
293868.22240159387 0.0
294888.0700038592 0.0
295911.45691065746 0.0
296938.39540488017 0.0
297968.8978120446 0.0
299002.9765004432 0.0
300040.643881292 0.0
301081.9124088775 0.0
302126.7945807098 0.0
303175.3029376698 0.0
304227.45006416074 0.0
305283.2485882598 0.0
306342.71118186694 0.0
307405.8505608609 0.0
308472.6794852493 0.0
309543.21075932245 0.0
310617.4572318076 0.0
311695.4317960206 0.0
312777.1473900245 0.0
313862.6169967824 0.0
314951.8536443137 0.0
316044.87040585116 0.0
317141.68039999536 0.0
318242.2967908759 0.0
319346.7327883069 0.0
320455.0016479461 0.0
321567.116671454 0.0
322683.09120665427 0.0
323802.93864769104 0.0
324926.672435194 0.0
326054.30605643673 0.0
327185.8530454994 0.0
328321.326983432 0.0
329460.74149841425 0.0
330604.11026592366 0.0
331751.4470088968 0.0
332902.76549789455 0.0
334058.07955126825 0.0
335217.40303532267 0.0
336380.74986448674 0.0
337548.13400147745 0.0
338719.56945746863 0.0
339895.07029225933 0.0
341074.65061444003 0.0
342258.32458156615 0.0
343446.10640032514 0.0
344638.0103267076 0.0
345834.0506661794 0.0
347034.2417738501 0.0
348238.5980546498 0.0
349447.1339634991 0.0
350659.8640054834 0.0
351876.8027360276 0.0
353097.96476106776 0.0
354323.3647372312 0.0
355553.01737200917 0.0
356786.93742393394 0.0
358025.13970275706 0.0
359267.6390696242 0.0
360514.4504372573 0.0
361765.5887701314 0.0
363021.06908465445 0.0
364280.90644934855 0.0
365545.1159850277 0.0
366813.7128649837 0.0
368086.7123151656 0.0
369364.1296143627 0.0
370645.98009438923 0.0
371932.2791402647 0.0
373223.04219040385 0.0
374518.28473679814 0.0
375818.0223252031 0.0
377122.2705553253 0.0
378431.04508100665 0.0
379744.36161041673 0.0
381062.23590623855 0.0
382384.6837858583 0.0
383711.7211215558 0.0
385043.36384069227 0.0
386379.62792590604 0.0
387720.529415301 0.0
389066.08440264023 0.0
390416.3090375398 0.0
391771.21952565934 0.0
393130.8321289014 0.0
394495.16316560353 0.0
395864.22901073477 0.0
397238.0460960931 0.0
398616.63091049937 0.0
400000.0000000001 0.0
