91.0 2.6729856795193623e-08
94.0 5.5390509394652405e-08
96.0 9.448313494187979e-08
98.0 1.5364001450033925e-07
100.0 2.1298187105281267e-07
102.0 3.748061620796567e-07
104.0 5.371365711391613e-07
106.0 8.177328641924247e-07
108.0 1.217149250052414e-06
110.0 1.6178141260057948e-06
114.0 3.4125878026858724e-06
118.0 6.652386766129687e-06
121.0 1.0314476337627226e-05
125.0 1.7523570987644713e-05
127.0 2.4053917849661958e-05
128.0 2.7326739148549193e-05
131.0 3.949806592679165e-05
132.0 4.511718275111138e-05
134.0 5.638173234661094e-05
137.0 8.045233130055972e-05
140.0 0.00010819796719755606
143.0 0.00015154315309728848
147.0 0.00022418930115753046
151.0 0.00032169388450292453
155.0 0.0004493672172907331
159.0 0.0006294887825331448
162.0 0.0007983108051306688
166.0 0.0010669783326008
170.0 0.00139834686010587
173.0 0.001724208634296233
177.0 0.0022201119381955094
180.0 0.002638458846681864
182.0 0.002987763101204369
186.0 0.003728960989343268
191.0 0.004854774934514391
194.0 0.005642180852814693
198.0 0.006846631240819019
202.0 0.008217127936398758
205.0 0.009332365514558589
210.0 0.011493401949638648
216.0 0.014561977824962023
220.0 0.01684356248421692
223.0 0.018763968101105883
227.0 0.02186332202403351
230.0 0.03252456102176021
234.0 0.06802886359918747
240.0 0.0726844800168367
246.0 0.11204215757875946
252.0 0.18659126399228887
257.0 0.20037661080062646
260.0 0.27592684046872473
264.0 0.6332728712917718
269.0 0.8572957216342115
274.0 0.9319370901354711
279.0 0.9730455771091268
284.0 0.9994980286740672
290.0 1.0006097357076182
296.0 0.802418383314628
301.0 0.46909150326744226
308.0 1.1578980847100788
318.0 2.0575104508287403
328.0 2.786961504986321
338.0 3.1202046814960362
348.0 2.979901671516004
357.0 2.6899980817164018
366.0 2.4594921966196783
375.0 2.1391108001440746
385.0 1.6253346940711484
395.0 2.0228245415348427
405.0 2.2686290613741598
414.0 2.3499978760074107
422.0 2.3952690840016873
430.0 2.5008467139822623
441.0 2.7011555336578517
451.0 2.784250595749019
460.0 2.79847076552824
470.0 2.814343644867019
480.0 2.8900799956669743
490.0 2.9818961849577756
500.0 3.068427281045422
506.0 3.1182772815564075
512.0 3.274971091698401
520.0 3.3568136014724796
530.0 3.297524889109202
540.0 3.2370982231964307
550.0 3.326930661362038
560.0 3.417974190440716
570.0 3.4485998180712922
580.0 3.4380780148163264
590.0 3.4365732100701396
600.0 3.4569261880080875
610.0 3.477386916921815
620.0 3.457648269970672
630.0 3.427229284893721
640.0 3.396119474352628
650.0 3.420560462145755
658.0 3.4402387896021707
665.0 3.457549402258063
675.0 3.4556296519862046
685.0 3.4129522615891354
695.0 3.369391675200737
705.0 3.324936654832008
716.0 3.3762024666595893
726.0 3.423360913295908
735.0 3.4662585636378984
745.0 3.4002392347337684
755.0 3.320181669410542
765.0 3.238657338103029
775.0 3.2058285160253566
785.0 3.2228588930753324
795.0 3.2399590706472225
805.0 3.257129094956697
815.0 3.2407895076178477
825.0 3.1901493942224883
835.0 3.1385142896136737
845.0 3.0858716911475224
855.0 3.061291866153466
865.0 3.0654470783159162
875.0 3.0694788212220385
885.0 3.0733848998660127
895.0 3.1708374373496064
905.0 3.3640406511224814
915.0 3.5600822822368454
925.0 4.295917955216376
935.0 5.584227702287675
945.0 6.611052582189072
955.0 7.369997228915131
965.0 7.966099325906402
975.0 8.161090383719669
985.0 8.358652320826465
995.0 8.488025765099943
1005.0 8.601079610128432
1015.0 8.720338039958108
1025.0 8.85258564702359
1035.0 8.986372370247263
1045.0 9.111198415669811
1055.0 9.234781041642927
1065.0 9.301947593596948
1075.0 9.233685687405924
1085.0 9.163778421978598
1095.0 9.13906918689732
1105.0 9.125215267671017
1115.0 9.160638810772443
1125.0 9.224442817976975
1135.0 9.198649329202336
1145.0 9.188380618421485
1155.0 9.194011601460105
1165.0 9.026422413883452
1175.0 8.68153632110746
1185.0 8.072717675492733
1195.0 7.193817790415338
1205.0 6.254883303827303
1208.72 5.862683362091272
1208.8 5.8542193209679905
1208.87 5.846812267230867
1208.94 5.839404263894832
1209.02 5.830936811967215
1209.09 5.823526774756504
1209.16 5.8161157888613655
1209.23 5.808703854572597
1209.31 5.800231911602754
1209.38 5.792817946020358
1209.45 5.78540303295738
1209.53 5.776927686791728
1209.6 5.769510744390517
1209.67 5.76209285542063
1209.75 5.753614109334775
1209.82 5.746194192979701
1209.89 5.738773330966822
1209.96 5.731351523585775
1210.04 5.7228683007850725
1210.11 5.715444468589691
1210.18 5.708019691935521
1210.26 5.699533076792998
1210.33 5.692106277272133
1210.4 5.684678534200826
1210.47 5.6772498478679125
1210.55 5.668758765986376
1210.62 5.66132805935049
1210.69 5.653896410359861
1210.77 5.645401943693875
1210.84 5.637968276342505
1210.91 5.630533667542217
1210.99 5.622035819345346
1211.06 5.614599194124206
1211.13 5.60716162835888
1211.2 5.599723122337066
1211.28 5.59122082163218
1211.35 5.583780301743058
1211.42 5.576338842500706
1211.5 5.567833167792311
1211.57 5.560389696617173
1211.64 5.552945286991029
1211.72 5.54443624151977
1211.79 5.536989821893025
1211.86 5.529542464716436
1211.93 5.522094170276483
1212.01 5.5135806864716885
1212.08 5.506130384574558
1212.15 5.498679146313779
1212.23 5.490162299243577
1212.3 5.482709055452427
1212.37 5.475254876196294
1212.44 5.467799761760847
1212.52 5.459278486226387
1212.59 5.451821368796923
1212.66 5.444363317085367
1212.74 5.43583868576211
1212.81 5.428378632977982
1212.88 5.420917646807903
1212.96 5.412389662914628
1213.03 5.404926677591115
1213.1 5.397462759776735
1213.17 5.3899979097560315
1213.25 5.381465511477328
1213.32 5.373998664829439
1213.39 5.366530886868866
1213.47 5.357995143466991
1213.54 5.350525370793037
1213.61 5.343054667698988
1213.69 5.334515582379871
1213.76 5.3270428864839054
1213.83 5.319569261059343
1213.9 5.312094706389585
1213.98 5.3035512207078215
1214.05 5.296074675752357
1214.12 5.288597202441801
1214.2 5.2800503822599625
1214.27 5.272570920569841
1214.34 5.26509053141364
1214.41 5.257609215073972
1214.49 5.249058004293013
1214.56 5.2415747020829695
1214.63 5.234090473577059
1214.71 5.225535935692521
1214.78 5.218049723217073
1214.85 5.2105625853323145
1214.93 5.202004723528431
1215.0 5.194515603572671
1215.07 5.187025559093054
1215.14 5.1795345903710714
1215.22 5.170972351895927
1215.29 5.1634794036021106
1215.36 5.155985531950005
1215.44 5.147419976922453
1215.51 5.139924127591745
1215.58 5.132427355785722
1215.66 5.123858487377332
1215.73 5.11635973978368
1215.8 5.10886007059664
1215.87 5.101359480096601
1215.95 5.0927862488891344
1216.02 5.085283685090616
1216.09 5.077780200859613
1216.17 5.069203663608794
1216.24 5.0616982079649935
1216.31 5.054191832768166
1216.38 5.0466845382978835
1216.46 5.038103647906621
1216.53 5.030594384505762
1216.6 5.023084202709531
1216.68 5.014500013591861
1216.75 5.0069878647454225
1216.82 4.999474798380605
1216.9 4.990887313686561
1216.97 4.98337228214968
1217.04 4.975856333970347
1217.11 4.968339469427054
1217.19 4.959747645370602
1217.26 4.952228818127489
1217.33 4.944709075394948
1217.41 4.936113963049789
1217.48 4.928592259490304
1217.55 4.921069641314866
1217.63 4.912471243818385
1217.7 4.904946666686612
1217.77 4.897421175811304
1217.84 4.889894771469836
1217.92 4.881292048333801
1217.99 4.873763687498331
1218.06 4.8662344140677325
1218.14 4.857628413038823
1218.21 4.850097184979585
1218.28 4.842565045195186
1218.35 4.835031993962217
1218.43 4.826421676848277
1218.5 4.818886673442104
1218.57 4.811350759455944
1218.65 4.8027371716872205
1218.72 4.795199307387978
1218.79 4.787660533376289
1218.87 4.779043678068837
1218.94 4.771502955601914
1219.01 4.763961324289048
1219.08 4.756418784405683
1219.16 4.747797626642618
1219.23 4.740253140749622
1219.3 4.732707747151227
1219.38 4.724083329058423
1219.45 4.716535991303044
1219.52 4.708987746706318
1219.6 4.700360071387317
1219.67 4.692809884483988
1219.74 4.685258791602326
1219.81 4.677706793016686
1219.89 4.669074828816748
1219.96 4.6615208903602685
1220.03 4.661755281319797
1220.11 4.67389314121768
1220.18 4.684514926407214
1220.25 4.695137791846887
1220.32 4.705761737209056
1220.4 4.717904710985481
1220.47 4.7285309693645
1220.54 4.739158306637035
1220.62 4.751305155622967
1220.69 4.761934803708826
1220.76 4.772565529660486
1220.84 4.7847162501647125
1220.91 4.795349284728922
1220.98 4.8059833961325555
1221.05 4.816618584049349
1221.13 4.828774402286696
1221.2 4.839411895919244
1221.27 4.850050465040284
1221.35 4.86221014625686
1221.42 4.872851018899374
1221.49 4.883492966006984
1221.57 4.8956565065270645
1221.64 4.90630075496461
1221.71 4.9169460768451785
1221.78 4.927592471843875
1221.86 4.93976109401937
1221.93 4.950409787463406
1222.0 4.961059553005173
1222.08 4.973232025980997
1222.15 4.983884087783001
1222.22 4.994537220663672
1222.29 5.005191424299069
1222.37 5.017368967738043
1222.44 5.028025464757548
1222.51 5.0386830315143785
1222.59 5.0508644172754815
1222.66 5.061524275237748
1222.73 5.072185201921262
1222.81 5.084370426354936
1222.88 5.095033642067965
1222.95 5.1056979254874655
1223.02 5.116363276290864
1223.1 5.1285535552246095
1223.17 5.139221192193492
1223.24 5.149889895533146
1225.0 5.418481090168773
1235.0 6.957115496236307
1245.0 7.836532948958833
1255.0 8.0415267544012
1265.0 8.215637266701378
1275.0 8.358226828443197
1285.0 8.247247126895566
1295.0 7.878036852516318
1305.0 7.756747313868023
1315.0 7.888030511081436
1325.0 7.850436175278379
1335.0 7.641220329609292
1345.0 7.496423475308156
1355.0 7.417230801477464
1365.0 7.306417699537703
1375.0 7.163628769017488
1385.0 6.9258056821883764
1395.0 6.591752026143934
1405.0 6.516707502469881
1415.0 6.7042657648953
1425.0 6.828029615091962
1435.0 6.887172592776009
1442.0 6.914629116775377
1447.0 6.9094608745446635
1455.0 6.900771923372236
1465.0 6.849811616700865
1475.0 6.7582470891807525
1485.0 6.663803973073661
1495.0 6.566505532479422
1505.0 6.482837312671453
1512.0 6.434052406032283
1517.0 6.398906893000114
1525.0 6.274267560597885
1535.0 6.065987747737636
1545.0 5.86381336170788
1555.0 5.6678674356381675
1565.0 5.61348504857362
1575.0 5.7020784155023945
1585.0 5.655624433389742
1595.0 5.4728655590203275
1605.0 5.325135979646815
1615.0 5.212794511581156
1625.0 5.145971380019044
1635.0 5.125094604260021
1645.0 5.062048274201861
1655.0 4.956483540831119
1665.0 4.929248673857718
1672.0 4.965480077853217
1677.0 4.991385508721995
1685.0 4.961585545906893
1695.0 4.870362811144957
1705.0 4.789298469487082
1715.0 4.718490586904351
1725.0 4.669766271940675
1735.0 4.6433117192698665
1745.0 4.595511223676277
1755.0 4.526208737997109
1765.0 4.462340816850179
1775.0 4.403959369133904
1785.0 4.330695592286833
1795.0 4.242448350493632
1805.0 4.161347832626775
1815.0 4.087456738219495
1825.0 4.000217137950178
1835.0 3.8995420576458097
1845.0 3.8518153761244314
1855.0 3.8574208743663054
1865.0 3.8074582120195366
1875.0 3.7015427516660786
1885.0 3.622939863960134
1895.0 3.571845973192151
1905.0 3.5138813633543435
1915.0 3.449004498314889
1925.0 3.383065000781595
1935.0 3.316061196977874
1945.0 3.2782836424371964
1955.0 3.2699307494818073
1967.0 3.20785025565534
1976.0 3.1331483927458357
1984.0 3.098174733109968
1995.0 3.093538482168976
2005.0 3.0556994054034865
2015.0 2.9843844306552
2025.0 2.9217048297415302
2035.0 2.8706009353169035
2045.0 2.8318712689447367
2055.0 2.8041497714181416
2065.0 2.766123786581909
2074.0 2.719712720363292
2078.0 2.6983337581445186
2085.0 2.679655034807865
2095.0 2.6610780551100404
2105.0 2.6442161300619933
2115.0 2.628714924665666
2125.0 2.599173846978312
2135.0 2.555876939060553
2145.0 2.527108680076962
2155.0 2.5118508713550765
2165.0 2.4879945207631358
2175.0 2.455860202248952
2185.0 2.425054470574059
2195.0 2.394842654268382
2205.0 2.368211911269758
2215.0 2.3451846171509927
2225.0 2.3272799246343725
2235.0 2.3145286754008123
2245.0 2.291934959178041
2255.0 2.2609484762676466
2265.0 2.2328353454576546
2275.0 2.207235466982593
2285.0 2.1841643372023354
2295.0 2.1640166379980905
2305.0 2.153649267853505
2315.0 2.151595406412704
2325.0 2.1437907958165963
2335.0 2.1298215410694534
2345.0 2.118075598431015
2355.0 2.1101000044724074
2365.0 2.0893946486693586
2375.0 2.0562748500660213
2385.0 2.0322686067400713
2395.0 2.019744887576082
2405.0 2.0176060167057552
2415.0 2.0243579683317625
2425.0 2.023734895246304
2435.0 2.0149187706030083
2445.0 2.0033233597179843
2455.0 1.9885436762512185
2465.0 1.968607129056837
2475.0 1.940743486926124
2485.0 1.913548714359094
2495.0 1.894893141463315
2505.0 1.8769429039946788
2513.0 1.8577383049720675
2518.0 1.8484340503227479
2525.0 1.834477827342339
2535.0 1.8194465644146918
2545.0 1.803950471076474
2555.0 1.7899747526858427
2565.0 1.7759353688535853
2575.0 1.7638263966776262
2585.0 1.7536582085714347
2595.0 1.747041731509892
2605.0 1.7411896392915902
2615.0 1.7369090967129928
2625.0 1.724153761777726
2635.0 1.7024782412008614
2645.0 1.6827335030509156
2655.0 1.6649298573086013
2665.0 1.6551507863924182
2675.0 1.6530312223090213
2685.0 1.6464228125892453
2695.0 1.636117278575983
2705.0 1.6294327524070742
2715.0 1.625162678243678
2725.0 1.6085988575883838
2735.0 1.5800909946827808
2745.0 1.5609132100969338
2755.0 1.5519333131163713
2765.0 1.5433238900203095
2775.0 1.533438155253343
2785.0 1.5127741234657204
2795.0 1.4829345907570275
2805.0 1.4678994641422716
2815.0 1.4685696808051065
2825.0 1.4650758779891528
2835.0 1.4569822480619947
2845.0 1.4463513248304927
2855.0 1.4327539595820062
2865.0 1.425793341889988
2875.0 1.4217318902825988
2885.0 1.4121948767852401
2895.0 1.3988373221876347
2910.0 1.376809816420332
2930.0 1.3489360875052208
2950.0 1.3217001739798337
2970.0 1.300209580313195
2990.0 1.2845189455098587
3010.0 1.2704079663814296
3030.0 1.26046483515495
3050.0 1.2448381553114052
3070.0 1.2351230630657564
3090.0 1.226615273582079
3110.0 1.2227966088588178
3130.0 1.2106580728419065
3150.0 1.1910014241728302
3170.0 1.1729514330845365
3190.0 1.15740109070495
3210.0 1.1443731983597332
3230.0 1.1347728105005435
3250.0 1.1419025603084507
3270.0 1.142388612959747
3290.0 1.1005872404405208
3310.0 1.0812799422644168
3330.0 1.078390746558707
3350.0 1.057969145166411
3370.0 1.041909438041467
3390.0 1.0306989879877213
3410.0 1.0157883769196265
3430.0 0.9948833020444205
3450.0 0.9820255589657619
3470.0 0.9699896461743379
3490.0 0.9505609840521178
3510.0 0.9392541772340411
3530.0 0.9347553737253933
3550.0 0.9219281331094672
3570.0 0.9039402486494031
3590.0 0.8844547957862771
3610.0 0.8783013212969896
3630.0 0.8614065692516363
3640.0 0.8568773913761875
3650.0 0.8616528079639632
3670.0 0.8436635058913843
3690.0 0.8265057499812613
3704.66 0.8126426587528857
3704.88 0.8125608954057043
3705.11 0.8124754087784868
3705.33 0.812393632491355
3705.55 0.8123118498785589
3705.78 0.8122263431111596
3706.0 0.8121445475605997
3706.22 0.812062745685445
3706.45 0.8119772187812683
3706.67 0.8118954039705361
3706.89 0.8118135828362784
3707.12 0.8117280357987279
3707.34 0.8116462017310793
3707.56 0.8115643613409742
3707.79 0.8114787941734537
3708.01 0.811396940852145
3708.24 0.8113113601664063
3708.46 0.8112294939153619
3708.68 0.8111476213436486
3708.91 0.8110620205336296
3709.13 0.8109801350343675
3709.35 0.8108982432155051
3709.58 0.8108126222846103
3709.8 0.8107307175403862
3710.0 0.8106562531989686
3710.02 0.8106844810710206
3710.25 0.8110091101271981
3710.47 0.8113196395581751
3710.7 0.8116442993112061
3710.92 0.8119548581024603
3711.14 0.8122654312462206
3711.37 0.8125901366959738
3711.59 0.8129007391942604
3711.81 0.8132113560422419
3712.04 0.8135361071797655
3712.26 0.8138467533765228
3712.48 0.814157413920164
3712.71 0.8144822107365078
3712.93 0.814792900623174
3713.16 0.8151177281142982
3713.38 0.8154284473401291
3713.6 0.8157391809081449
3713.83 0.8160640540631297
3714.05 0.8163748169645606
3714.27 0.8166855942053669
3714.5 0.8170105130152636
3714.72 0.8173213195837362
3714.94 0.817632140488775
3715.17 0.8179571049446368
3715.39 0.8182679551715933
3715.62 0.8185929502801711
3715.84 0.8189038298251872
3716.06 0.8192147237020709
3716.29 0.8195397644416592
3716.51 0.8198506876308558
3716.73 0.8201616251491106
3716.96 0.8204867115107651
3717.18 0.8207976783355859
3717.4 0.821108659486657
3717.63 0.8214337914614337
3717.85 0.8217448019133247
3718.08 0.8220699645187597
3718.3 0.8223810042676131
3718.52 0.8226920583380207
3718.75 0.8230172665416291
3718.97 0.8233283499032539
3719.19 0.8236394475836254
3719.42 0.823964701376466
3719.64 0.8242758283423102
3719.86 0.8245869696240933
3720.09 0.8248234450455418
3720.31 0.824917482357426
3720.53 0.8250115225793396
3720.76 0.8251098404680037
3720.98 0.8252038866415687
3721.21 0.8253022107519374
3721.43 0.8253962628762419
3721.65 0.8254903179094648
3721.88 0.8255886512814916
3722.1 0.8256827122640944
3722.32 0.8257767761549509
3722.55 0.8258751187865212
3722.77 0.8259691886253986
3722.99 0.8260632613718657
3723.22 0.8261616132608642
3723.44 0.8262556919539941
3723.67 0.8263540500594813
3723.89 0.8264481346983613
3724.11 0.826542222243721
3724.34 0.8266405896031022
3724.56 0.8267346830928538
3724.78 0.8268287794884214
3725.01 0.8269271560995826
3725.23 0.8270212584381843
3725.45 0.8271153636819376
3725.68 0.8272137495427657
3725.9 0.8273078607281962
3726.13 0.8274062528003006
3726.35 0.8275003699264963
3726.57 0.8275944899567345
3726.8 0.8276928912749738
3727.02 0.8277870172446198
3727.24 0.8278811461176445
3727.47 0.8279795566799065
3727.69 0.8280736914909831
3727.91 0.8281678292047746
3728.14 0.8282662490089473
3728.36 0.8283603926594337
3728.59 0.8284588186696744
3728.81 0.8285529682559445
3729.03 0.8286471207438217
3729.26 0.8287455559924439
3729.48 0.8288397144147485
3729.7 0.8289338757379969
3729.93 0.8290323202228894
3730.0 0.8290622822171089
3730.15 0.8292464730954513
3730.37 0.8295166299041623
3730.6 0.8297990795199901
3730.82 0.8300692611059585
3731.05 0.8303517366235609
3731.27 0.8306219429834936
3731.49 0.8308921614539452
3731.72 0.8311746755300368
3731.94 0.8314449187695533
3732.16 0.831715174117192
3732.39 0.8319977267441461
3732.61 0.8322680068559505
3732.83 0.8325382990734816
3733.06 0.8328208902436713
3733.28 0.8330912072204695
3733.51 0.8333738242736263
3733.73 0.833644166006399
3733.95 0.8339145198408958
3734.18 0.8341971754245419
3734.4 0.8344675540101169
3734.62 0.8347379446950204
3734.85 0.8350206388015314
3735.07 0.8352910542326154
3735.29 0.8355614817606337
3735.52 0.8358442143823862
3735.74 0.8361146666516871
3735.96 0.8363851310155296
3736.19 0.8366679021449017
3736.41 0.8369383912451289
3736.64 0.8372211882335487
3736.86 0.8374917020668738
3737.08 0.8377622279907381
3737.31 0.8380450634740367
3737.53 0.838315614126103
3737.75 0.8385861768663146
3737.98 0.8388690508368726
3738.2 0.8391396383003902
3738.42 0.8394102378496617
3738.65 0.8396931502998592
3738.87 0.8399637745675415
3739.1 0.8402467128579961
3739.32 0.840517361840803
3739.54 0.8407880229053626
3739.77 0.841070999662722
3739.99 0.841341685437512
3740.21 0.8418399219823854
3740.44 0.8423721592496021
3740.66 0.8428812808431037
3740.88 0.8433904269547949
3741.11 0.8439227422850865
3741.33 0.8444319385427737
3741.56 0.844964306295026
3741.78 0.8454735526922076
3742.0 0.8459828235996615
3742.23 0.8465152693897896
3742.45 0.847024590427053
3742.67 0.8475339359698568
3742.9 0.8480664597827886
3743.12 0.8485758554457181
3743.34 0.8490852756094548
3743.57 0.8496178774301186
3743.79 0.8501273477042991
3744.02 0.8506600019097563
3744.24 0.851169522287879
3744.46 0.8516790671588975
3744.69 0.8522117993468967
3744.91 0.8527213943121761
3745.13 0.8532310137656187
3745.36 0.8537638239210926
3745.58 0.8542734934591171
3745.8 0.8547831874805728
3746.03 0.8553160755884555
3746.25 0.8558258196848146
3746.48 0.8563587601403361
3746.7 0.8568685543050997
3746.92 0.8573783729453853
3747.15 0.8579113913281342
3747.37 0.8584212600271466
3747.59 0.8589311531969506
3747.82 0.8594642494918648
3748.04 0.8599741927107193
3748.26 0.860484160395635
3748.49 0.8610173345876532
3748.71 0.8615273523119452
3748.93 0.862037394497567
3749.16 0.862570646571632
3750.0 0.8645184029692738
3770.0 0.8840516194050958
3790.0 0.9249831729071941
3810.0 0.9580137123465866
3830.0 0.8759701561872841
3850.0 0.985828481946514
3870.0 0.9923906038085348
3890.0 0.825918709417966
3910.0 0.98729142997059
3930.0 0.9572502956444189
3950.0 0.973867777778889
3970.0 0.7936906832812153
3990.0 1.0
4010.0 1.008510534188896
4030.0 0.9800392560588498
4050.0 1.0070483666597199
4070.0 0.9769479679027274
4078.2 0.9577422310180355
4078.45 0.957156115408874
4078.7 0.9565699658127823
4078.94 0.9560072302278614
4079.19 0.9554210140243591
4079.43 0.9548582145007567
4079.68 0.9542719316990763
4079.93 0.9536856149222903
4080.17 0.9523737895173542
4080.42 0.9506859899735929
4080.66 0.949065615007127
4080.91 0.9473776333771778
4081.16 0.9456895588559525
4081.4 0.9440689199296343
4081.65 0.9423806633607947
4081.9 0.940692313920359
4082.14 0.9390714110901152
4082.39 0.9373828796406342
4082.63 0.9357618020939613
4082.88 0.9340730886609713
4083.13 0.932384282389089
4083.37 0.9307629410314235
4083.62 0.9290739528145926
4083.86 0.9274524368020278
4084.11 0.9257632666657781
4084.36 0.924074003723333
4084.6 0.9224522239926876
4084.85 0.9207627791693755
4085.1 0.9190732415595367
4085.34 0.9174511981666921
4085.59 0.9157614787145324
4085.83 0.9141392607653132
4086.08 0.9124493594963536
4086.33 0.910759365473552
4086.57 0.9091368839550122
4086.82 0.9074467081539486
4087.06 0.9058240521405279
4087.31 0.9041336945867172
4087.56 0.9024432443117424
4087.8 0.9008203248218585
4088.05 0.8991296928326655
4088.3 0.8974389681419647
4088.54 0.8958157852314784
4088.79 0.8941248788650832
4089.03 0.8925015215581706
4089.28 0.8908104335415867
4089.53 0.8891192528561612
4089.77 0.8874956322214699
4090.0 0.8859395823177165
4090.02 0.8857591888317056
4090.26 0.8835944057401149
4090.51 0.8813393030979723
4090.76 0.8790840777552604
4091.0 0.876918945997736
4091.25 0.8746634801874477
4091.5 0.8724078917026498
4091.74 0.8702424113532389
4091.99 0.8679865824519378
4092.23 0.8658208713189114
4092.48 0.8635648020349228
4092.73 0.8613086101197321
4092.97 0.8591425505178859
4093.22 0.8568861182710691
4093.47 0.8546295634191006
4093.71 0.8524631554224502
4093.96 0.8502063602899105
4094.2 0.8480397216401412
4094.45 0.8457826862608326
4094.7 0.8435255283196639
4094.94 0.8413585413981081
4095.19 0.8391011432612134
4095.43 0.836933925767987
4095.68 0.8346762874691617
4095.93 0.8324185266517573
4096.17 0.8302509610097331
4096.42 0.8279929600814293
4096.67 0.8257348366605813
4096.91 0.8235669229437472
4097.16 0.8213085594630237
4097.4 0.819140415304925
4097.65 0.8168818117981084
4097.9 0.8146230858420129
4098.14 0.8124545937320353
4098.39 0.8101956278008591
4098.63 0.8080269053310246
4098.88 0.8057676994585419
4099.13 0.8035083711800363
4099.37 0.801339300881246
4099.62 0.7990797327124347
4099.87 0.7968200421636189
4100.11 0.7962100476082767
4100.36 0.7974943972830366
4100.6 0.7987274352274499
4100.85 0.8000119145988934
4101.1 0.8012964601349967
4101.34 0.8025296860929025
4101.59 0.8038143612977894
4101.83 0.8050477117288608
4102.08 0.8063325165840589
4102.33 0.8076173875802597
4102.57 0.808850925957603
4102.82 0.8101359265762216
4103.07 0.8114209933216121
4103.31 0.8126547196047956
4103.56 0.8139399159447148
4103.8 0.8151737666297781
4104.05 0.8164590925457618
4104.3 0.8177444845648691
4104.54 0.8189785230885687
4104.79 0.8202640446558577
4105.03 0.8214982075369507
4105.28 0.8227838586339615
4105.53 0.8240695758104535
4105.77 0.8253039264630052
4106.02 0.8265897731413433
4106.27 0.8278756858849415
4106.51 0.8291102242685323
4106.76 0.8303962664861055
4107.0 0.8316309291558546
4107.25 0.83291710082895
4107.5 0.834203338543672
4107.74 0.8354381888773091
4107.99 0.8367245560196888
4108.23 0.8379595305950216
4108.48 0.8392460271466107
4108.73 0.8405325897161996
4108.97 0.841767751888286
4109.22 0.8430544438392268
4109.47 0.8443412017939556
4109.71 0.8455765515224017
4109.96 0.846863438830629
4110.0 0.8470693469239028
4110.2 0.8488453317001718
4110.45 0.851065416593265
4110.7 0.8532856169482727
4110.94 0.8554171179078774
4111.19 0.8576375445439579
4111.44 0.8598580866171784
4111.68 0.8619899156029687
4111.93 0.8642106839087076
4112.17 0.8663427300622764
4112.42 0.8685637245683859
4112.67 0.8707848344704642
4112.91 0.872917208533218
4113.16 0.8751385445871243
4113.4 0.8772711357402063
4113.65 0.8794926979138015
4113.9 0.8817143754422044
4114.14 0.8838472943875154
4114.39 0.8860691979870763
4114.64 0.8882912169166861
4114.88 0.8904244635838554
4115.13 0.8926467085360993
4115.37 0.8947801721695765
4115.62 0.8970026431123285
4115.87 0.8992252293439837
4116.11 0.9013590205824097
4116.36 0.903581832756061
4116.6 0.905715840883394
4116.85 0.9079388789669227
4117.1 0.9101620322982198
4117.34 0.912296367913604
4117.59 0.9145197471062789
4117.84 0.9167432415219795
4118.08 0.918877904555114
4118.33 0.9211016247836991
4118.57 0.9232365045817915
4118.82 0.9254604505911557
4119.07 0.9276845117824267
4119.31 0.9298197188814343
4119.56 0.9320440058050036
4119.81 0.9342684078857465
4120.05 0.9360622956995043
4120.3 0.9365786366842346
4120.54 0.9370743473643013
4120.79 0.9375907369612725
4121.04 0.9381071513576953
4121.28 0.9386029325078836
4121.53 0.9391193955059154
4121.77 0.9396152233102715
4122.02 0.9401317349028734
4122.27 0.9406482712859116
4122.51 0.9411441695347695
4122.76 0.9416607545017486
4123.01 0.9421773642537414
4123.25 0.9426733329316944
4123.5 0.9431899912570009
4123.74 0.9436860065619576
4123.99 0.9442027134535412
4124.24 0.9447194451211274
4124.48 0.9452155308295731
4124.73 0.9457323110528122
4124.97 0.9462284433713097
4125.22 0.9467452721431675
4125.47 0.9472621256820187
4125.71 0.9477583283784038
4125.96 0.9482752304552522
4126.21 0.9487921572936753
4126.45 0.949288430352552
4126.7 0.949805405718352
4126.94 0.9503017253601351
4127.19 0.9508187492462812
4130.0 0.9566317999965249
4150.0 0.9389202874402298
4170.0 0.9334725337822232
4190.0 0.927986377385026
4210.0 0.9254393044827157
4230.0 0.9044688100914899
4250.0 0.9018327528663417
4270.0 0.8866897834551388
4290.0 0.8659682013920765
4310.0 0.849660781198271
4315.65 0.8396554258719116
4315.91 0.8391947051748907
4316.17 0.8387339583378404
4316.43 0.8382731853627019
4316.69 0.8378123862514177
4316.95 0.8373515610059259
4317.21 0.8368907096281687
4317.47 0.8364298321200871
4317.73 0.8359689284836237
4317.99 0.8355079987207155
4318.25 0.8350470428333047
4318.52 0.8345683302243728
4318.78 0.8341073210891793
4319.04 0.8336462858353768
4319.3 0.8331852244649078
4319.56 0.8327241369797114
4319.82 0.8322630233817295
4320.08 0.8312398906333014
4320.34 0.8289521855326912
4320.6 0.8266643596536416
4320.86 0.8243764130052568
4321.12 0.822088345596616
4321.38 0.8198001574368226
4321.64 0.8175118485349709
4321.9 0.8152234189001626
4322.16 0.8129348685414753
4322.42 0.8106461974680101
4322.68 0.8083574056888587
4322.94 0.8060684932131217
4323.2 0.8037794600498741
4323.46 0.8014903062082142
4323.73 0.7991129802678928
4323.99 0.7968235804560826
4324.25 0.7945340599934794
4324.51 0.7922444188891714
4324.77 0.7899546571522469
4325.03 0.7876647747918015
4325.29 0.7853747718169062
4325.55 0.7830846482366551
4325.81 0.7807944040601351
4326.07 0.7785040392964387
4326.33 0.7762135539546355
4326.59 0.7739229480438173
4326.85 0.7716322215730683
4327.11 0.7693413745514798
4327.37 0.7670504069881185
4327.63 0.7647593188920749
4327.89 0.7624681102724307
4328.15 0.7601767811382746
4328.41 0.7578853314986718
4328.67 0.7555937613627103
4328.94 0.7532139263863705
4329.2 0.7509221106513344
4329.46 0.7486301744475258
4329.72 0.7463381177840229
4329.98 0.7440459406699113
4330.0 0.7438696143646185
4330.24 0.7425974856283847
4330.5 0.7412192757921219
4330.76 0.7398409927743335
4331.02 0.7384626365805231
4331.28 0.7370842072161985
4331.54 0.7357057046868527
4331.8 0.7343271289979927
4332.06 0.7329484801551206
4332.32 0.7315697581637429
4332.58 0.7301909630293514
4332.84 0.7288120947574516
4333.1 0.7274331533535447
4333.36 0.7260541388231356
4333.62 0.724675051171715
4333.88 0.7232958904047871
4334.15 0.7218636076110878
4334.41 0.7204842978180417
4334.67 0.7191049149261973
4334.93 0.7177254589410534
4335.19 0.7163459298681125
4335.45 0.714966327712863
4335.71 0.7135866524808073
4335.97 0.7122069041774426
4336.23 0.7108270828082702
4336.49 0.7094471883787776
4336.75 0.7080672208944655
4337.01 0.7066871803608298
4337.27 0.7053070667833662
4337.53 0.7039268801675747
4337.79 0.7025466205189406
4338.05 0.7011662878429635
4338.31 0.6997858821451375
4338.57 0.6984054034309615
4338.83 0.6970248517059194
4339.09 0.6956442269755096
4339.35 0.694263529245225
4339.62 0.6928296504965753
4339.88 0.6914488039758634
4340.14 0.6918276178608113
4340.4 0.6937148312187581
4340.66 0.6956021400035061
4340.92 0.6974895442078037
4341.18 0.6993770438244068
4341.44 0.701264638846065
4341.7 0.7031523292655478
4341.96 0.7050401150756058
4342.22 0.7069279962689967
4342.48 0.7088159728384715
4342.74 0.7107040447768018
4343.0 0.7125922120767398
4343.26 0.7144804747310447
4343.52 0.7163688327324764
4343.78 0.718257286073788
4344.04 0.7201458347477536
4344.3 0.7220344787471273
4344.57 0.7239958637880164
4344.83 0.725884702082152
4345.09 0.727773635679703
4345.35 0.7296626645734323
4345.61 0.7315517887560963
4345.87 0.733441008220472
4346.13 0.735330322959317
4346.39 0.7372197329653953
4346.65 0.739109238231466
4346.91 0.7409988387503073
4347.17 0.7428885345146784
4347.43 0.7447783255173457
4347.69 0.7466682117510691
4347.95 0.7485581932086292
4348.21 0.7504482698827871
4348.47 0.7523384417663105
4348.73 0.7542287088519616
4348.99 0.7561190711325224
4349.25 0.7580095286007557
4349.51 0.7599000812494311
4349.78 0.7618634481957829
4350.0 0.7634633045501267
4350.04 0.7637521817486251
4350.3 0.7656299380489204
4350.56 0.7675077888281531
4350.82 0.7693857340791396
4351.08 0.7712637737947164
4351.34 0.7731419079677007
4351.6 0.7750201365909163
4351.86 0.7768984596571817
4352.12 0.7787768771593352
4352.38 0.7806553890901953
4352.64 0.7825339954425883
4352.9 0.7844126962093338
4353.16 0.7862914913832719
4353.42 0.7881703809572235
4353.68 0.7900493649240158
4353.94 0.7919284432764706
4354.2 0.7938076160074299
4354.46 0.7956868831097157
4354.72 0.7975662445761578
4354.99 0.7995179890462711
4355.25 0.8013975428482114
4355.51 0.8032771909925234
4355.77 0.8051569334720377
4356.03 0.8070367702795801
4356.29 0.8089167014079953
4356.55 0.8107967268501096
4356.81 0.8126768465987558
4357.07 0.8145570606467607
4357.33 0.8164373689869716
4357.59 0.8183177716122162
4357.85 0.820198268515329
4358.11 0.8220788596891387
4358.37 0.823959545126494
4358.63 0.8258403248202245
4358.89 0.827721198763167
4359.15 0.829602166948151
4359.41 0.8314832293680281
4359.67 0.8333643860156286
4359.93 0.8352456368837914
4360.2 0.83587944347551
4360.46 0.8360449388885592
4360.72 0.836210440602522
4360.98 0.8363759486168887
4361.24 0.8365414629311504
4361.5 0.8367069835447979
4361.76 0.8368725104573206
4362.02 0.8370380436682101
4362.28 0.8372035831769561
4362.54 0.8373691289830503
4362.8 0.8375346810859831
4363.06 0.837700239485245
4363.32 0.837865804180326
4363.58 0.8380313751707186
4363.84 0.8381969524559132
4364.1 0.8383625360353999
4364.36 0.8385281259086699
4364.62 0.8386937220752149
4364.88 0.8388593245345253
4365.15 0.839031302979112
4365.41 0.839196918264407
4365.67 0.8393625398409212
4365.93 0.8395281677081459
4366.19 0.8396938018655715
4366.45 0.8398594423126906
4366.71 0.8400250890489942
4366.97 0.840190742073973
4367.23 0.8403564013871183
4367.49 0.8405220669879224
4370.0 0.8421217004541824
4390.0 0.8114368771462136
4410.0 0.8185874500121328
4430.0 0.806986353412285
4450.0 0.8009184472817307
4470.0 0.7652834075740866
4490.0 0.7840858462981625
4510.0 0.7825040625346412
4530.0 0.7645187666344079
4550.0 0.7582545310265496
4570.0 0.7586378646066722
4590.0 0.7481983132206004
4610.0 0.7495749902478875
4630.0 0.7416434787239695
4650.0 0.7259063269993631
4670.0 0.7173639501341974
4690.0 0.7150166399282686
4710.0 0.7048428630709517
4730.0 0.7060961567202602
4750.0 0.7026428888780971
4770.0 0.6907949743073222
4790.0 0.6830904801186918
4810.0 0.6753503182254276
4830.0 0.65968373436907
4834.84 0.6497697297892616
4835.13 0.6491754313299297
4835.42 0.6485811015100086
4835.71 0.6479867403321241
4836.0 0.647392347798902
4836.29 0.6467979239129682
4836.59 0.6461829696614074
4836.88 0.645588481997026
4837.17 0.644993962987899
4837.46 0.6443994126366515
4837.75 0.6438048309459073
4838.05 0.6431897134618977
4838.34 0.6425950680195901
4838.63 0.6420003912457495
4838.92 0.6414056831429997
4839.21 0.6408109437139642
4839.5 0.6402161729612663
4839.8 0.6396008599125856
4840.09 0.6386506242777731
4840.38 0.6369105395971815
4840.67 0.6351703665712582
4840.96 0.6334301052074407
4841.26 0.6316297418793764
4841.55 0.6298893008165902
4841.84 0.6281487714384739
4842.13 0.6264081537524622
4842.42 0.6246674477659893
4842.72 0.6228666245228426
4843.01 0.6211257389135492
4843.3 0.6193847650263494
4843.59 0.6176437028686758
4843.88 0.6159025524479589
4844.17 0.6141613137716294
4844.47 0.6123599395172015
4844.76 0.6106185213092843
4845.05 0.6088770148682985
4845.34 0.6071354202016728
4845.63 0.6053937373168343
4845.93 0.6035919035757163
4846.22 0.6018500412353703
4846.51 0.6001080906993467
4846.8 0.598366051975071
4847.09 0.5966239250699672
4847.38 0.5948817099914597
4847.68 0.5930793257523163
4847.97 0.5913369313094528
4848.26 0.5895944487157094
4848.55 0.5878518779785081
4848.84 0.5861092191052697
4849.14 0.5843063758074469
4849.43 0.582563537645865
4849.72 0.5808206113707609
4850.0 0.579137702400342
4850.01 0.579093406039554
4850.3 0.5778087777875194
4850.59 0.5765240842134178
4850.89 0.5751950221271164
4851.18 0.5739101956733569
4851.47 0.5726253039142027
4851.76 0.5713403468551477
4852.05 0.5700553245016845
4852.35 0.5687259223279058
4852.64 0.5674407671510494
4852.93 0.566155546696451
4853.22 0.5648702609696011
4853.51 0.5635849099759913
4853.81 0.5622551678587385
4854.1 0.5609696840979773
4854.39 0.5596841350871149
4854.68 0.5583985208316403
4854.97 0.5571128413370419
4855.26 0.5558270966088078
4855.56 0.5544969472147301
4855.85 0.5532110697867281
4856.14 0.5519251271417416
4856.43 0.5506391192852568
4856.72 0.5493530462227596
4857.02 0.5480225572016133
4857.31 0.5467363514955401
4857.6 0.5454500806000985
4857.89 0.544163744520773
4858.18 0.5428773432630469
4858.47 0.5415908768324036
4858.77 0.5402599809135165
4859.06 0.5389733819066206
4859.35 0.5376867177434436
4859.64 0.5363999884294668
4859.93 0.5351131939701713
4860.23 0.5356622433945888
4860.52 0.5367462153778795
4860.81 0.5378302396377894
4861.1 0.5389143161698923
4861.39 0.5399984449697592
4861.68 0.5410826260329614
4861.98 0.5422042476430347
4862.27 0.543288535021426
4862.56 0.5443728746497131
4862.85 0.545457266523472
4863.14 0.5465417106382757
4863.44 0.5476636043472407
4863.73 0.5487481547318865
4864.02 0.54983275734415
4864.31 0.5509174121795989
4864.6 0.5520021192338114
4864.9 0.5531242849256166
4865.19 0.5542090982043464
4865.48 0.5552939636884147
4865.77 0.5563788813734015
4866.06 0.5574638512548769
4866.35 0.5585488733284215
4866.65 0.5596713648742051
4866.94 0.5607564931179637
4867.23 0.5618416735403731
4867.52 0.562926906137015
4867.81 0.564012190903462
4868.11 0.5651349541771004
4868.4 0.5662203450684778
4868.69 0.5673057881162507
4868.98 0.5683912833159993
4869.27 0.5694768306633081
4869.56 0.5705624301537519
4869.86 0.5716855189758749
4870.0 0.5722096461862908
4870.15 0.5729295871630135
4870.44 0.5743215240687061
4870.73 0.5757135282197764
4871.02 0.577105599610536
4871.32 0.5785457442145551
4871.61 0.5799379523857194
4871.9 0.5813302277792972
4872.19 0.5827225703895974
4872.48 0.5841149802109296
4872.77 0.585507457237608
4873.07 0.5869480214288546
4873.36 0.5883406351660766
4873.65 0.5897333160913776
4873.94 0.5911260641990694
4874.23 0.5925188794834646
4874.53 0.5939597935663612
4874.82 0.5953527455030465
4875.11 0.5967457645991793
4875.4 0.5981388508490736
4875.69 0.5995320042470442
4875.98 0.6009252247874067
4876.28 0.6023665580645108
4876.57 0.6037599151873657
4876.86 0.6051533394353651
4877.15 0.606546830802826
4877.44 0.6079403892840659
4877.74 0.6093820721250739
4878.03 0.610775767130602
4878.32 0.6121695292326687
4878.61 0.613563358425594
4878.9 0.6149572547036976
4879.2 0.6163992869596425
4879.49 0.6177933197038538
4879.78 0.6191874195160102
4880.07 0.6203338038852911
4880.36 0.6207014789139059
4880.65 0.6210691704381996
4880.95 0.6214495583377813
4881.24 0.6218172834178924
4881.53 0.6221850249893999
4881.82 0.6225527830508925
4882.11 0.6229205576009591
4882.41 0.6233010313817952
4882.7 0.6236688394732264
4882.99 0.6240366640489508
4883.28 0.6244045051075576
4883.57 0.6247723626476367
4883.86 0.6251402366677777
4884.16 0.6255208133397341
4884.45 0.625888720883924
4884.74 0.6262566449038972
4885.03 0.6266245853982437
4885.32 0.6269925423655541
4885.62 0.627373204837458
4885.91 0.6277411953143779
4886.2 0.6281092022599846
4886.49 0.628477225672869
4886.78 0.6288452655516218
4887.07 0.6292133218948343
4887.37 0.6295940871604474
4887.66 0.6299621769959703
4887.95 0.6303302832916781
4888.24 0.6306984060461621
4888.53 0.6310665452580145
4888.83 0.6314473962423447
4889.12 0.6318155689320819
4889.41 0.632183758074914
4889.7 0.6325519636694333
4890.0 0.6329328833195111
4890.29 0.6330711035285124
4890.58 0.6332093288882926
4890.87 0.6333475593983976
4891.16 0.6334857950583732
4891.45 0.6336240358677646
4891.74 0.6337622818261174
4892.04 0.6339053003043476
4892.33 0.6340435567367717
4892.62 0.6341818183167792
4892.91 0.6343200850439156
4910.0 0.6287062040812802
4928.77 0.625536462108221
4929.07 0.6257909122403582
4929.36 0.626036891238063
4929.66 0.626291363169182
4929.96 0.6265458461830636
4930.0 0.6265797780888925
4930.26 0.6267451618572096
4930.55 0.626929635352232
4930.85 0.6271204777520969
4931.15 0.6273113280324559
4931.45 0.6275021861926019
4931.74 0.6276866899035854
4932.04 0.627877563558579
4932.34 0.6280684450912586
4932.64 0.6282593345009161
4932.93 0.6284438684170912
4933.23 0.6286347733160732
4933.53 0.628825686089934
4933.83 0.6290166067379651
4934.12 0.6292011708485664
4934.42 0.6293921069804024
4934.72 0.6295830509843093
4935.02 0.6297740028595807
4935.31 0.6299585971538468
4935.61 0.6301495645074034
4935.91 0.6303405397302269
4936.21 0.6305315228216086
4936.5 0.6307161472887819
4936.8 0.6309071458529334
4937.1 0.631098152283546
4937.4 0.6312891665799126
4937.69 0.6314738212092394
4937.99 0.6316648509728617
4938.29 0.6318558886001416
4938.59 0.6320469340903725
4938.88 0.6322316188711034
4939.18 0.6324226798230771
4939.48 0.6326137486359054
4939.78 0.6328048253088833
4940.07 0.6329449364661035
4940.37 0.6329448636993121
4940.67 0.6329447892127552
4940.97 0.6329447130065615
4941.26 0.6329446377060849
4941.56 0.6329445581183145
4941.86 0.6329444768112897
4942.16 0.6329443937851391
4942.45 0.6329443118925235
4942.75 0.6329442254858016
4943.05 0.6329441373603361
4943.35 0.632944047516256
4943.64 0.6329439590334608
4943.94 0.6329438658098142
4944.24 0.6329437708679349
4944.54 0.6329436742079518
4944.83 0.6329435791369363
4945.13 0.6329434790983918
4945.43 0.6329433773421252
4945.73 0.6329432738682658
4946.02 0.6329431722109887
4946.32 0.6329430653595722
4946.62 0.6329429567909447
4946.92 0.632942846505235
4947.21 0.6329427382636548
4947.51 0.6329426246013923
4947.81 0.6329425092224296
4948.11 0.6329423921268953
4948.4 0.6329422773029699
4948.7 0.632942156831887
4949.0 0.6329420346446145
4949.3 0.632941910741281
4949.59 0.6329417893369682
4949.89 0.6329416620590902
4950.0 0.6329416149606549
4950.19 0.6326890964370682
4950.49 0.6322903653130149
4950.78 0.6319049046659866
4951.08 0.6315061310048969
4951.38 0.6311073357175713
4951.68 0.6307085188058736
4951.97 0.630322975237818
4952.27 0.6299241158036261
4952.57 0.6295252347505923
4952.87 0.629126332080578
4953.16 0.6287407056198429
4953.46 0.6283417604418713
4953.76 0.6279427936524475
4954.06 0.6275438052534346
4954.35 0.6271580959283583
4954.65 0.6267590650359215
4954.95 0.62636001253942
4955.25 0.6259609384407168
4955.54 0.6255751462796284
4955.84 0.6251760297020277
4956.14 0.6247768915277491
4956.44 0.6243777317586557
4956.73 0.623991856789875
4957.03 0.6235926545564054
4957.33 0.6231934307336414
4957.63 0.6227941853234442
4957.92 0.6224082275752817
4958.22 0.6220089397152273
4958.52 0.6216096302732597
4958.82 0.6212102992512404
4959.11 0.6208242587519969
4959.41 0.6204248852946322
4959.71 0.620025490262733
4960.01 0.6196377750125416
4960.3 0.6195909995224569
4960.6 0.6195426070751787
4960.9 0.6194942105510194
4961.2 0.6194458099503133
4961.49 0.6193990188282951
4961.79 0.619350610211358
4962.09 0.6193021975188683
4962.39 0.619253780751161
4962.68 0.6192069740023045
4962.98 0.6191585492209795
4963.28 0.6191101203654302
4963.58 0.6190616874359917
4963.87 0.619014865065391
4964.17 0.6189664241249468
4964.47 0.6189179791116068
4964.77 0.6188695300257054
4965.06 0.6188226920384531
4965.36 0.6187742349441578
4965.66 0.6187257737782943
4965.96 0.6186773085411974
4966.25 0.6186304549423846
4966.55 0.6185819816995043
4966.85 0.6185335043863832
4967.15 0.6184850230033561
4967.44 0.6184381537980722
4967.74 0.6183896644118719
4968.04 0.6183411709567578
4968.34 0.6182926734330643
4968.63 0.6182457886263977
4968.93 0.6181972831021404
4969.23 0.6181487735102962
4969.53 0.618100259851199
4969.82 0.6180533594482363
4970.0 0.6180242469419749
4970.12 0.6179473465921668
4970.42 0.6177550878718099
4970.72 0.6175628179438807
4971.02 0.6173705368093353
4971.31 0.6171846543943296
4971.61 0.6169923512228965
4971.91 0.6168000368476843
4972.21 0.616607711269649
4972.5 0.6164217858962082
4972.8 0.6162294382887435
4973.1 0.6160370794812923
4973.4 0.6158447094748106
4973.69 0.6156587411574754
4973.99 0.6154663491290207
4974.29 0.6152739459043703
4974.58 0.6150879454788337
4974.88 0.6148955202377859
4975.18 0.6147030838033768
4975.48 0.6145106361765623
4975.78 0.6143181773582965
4976.07 0.6141321231967755
4976.37 0.613939642371443
4976.48 0.6138690632654007
4976.67 0.6137471503574933
4976.78 0.6136765671491974
4976.97 0.6135546471558813
4977.08 0.6134840598456813
4977.26 0.6133685500940591
4977.38 0.6132915413558082
4977.56 0.6131760248928296
4977.68 0.6130990116805322
4977.86 0.6129834885067709
4977.98 0.6129064708208086
4978.16 0.612790940936836
4978.28 0.612713918777591
4978.45 0.6126048009892349
4978.58 0.6125213555518341
4978.75 0.6124122314271296
4978.88 0.6123287811444929
4979.05 0.6122196506839807
4979.18 0.6121361955565211
4979.35 0.612027058760742
4979.48 0.6119435987888739
4979.64 0.611840875941879
4979.78 0.6117509908425043
4979.94 0.611648262033915
4980.08 0.6115967307707234
4980.24 0.6115707156265038
4980.39 0.6115463253830381
4980.54 0.6115219341275895
4980.69 0.6114975418601996
4980.83 0.6114747748310096
4980.99 0.6114487542897621
4981.13 0.6114259853718066
4981.29 0.6113999626720588
4981.43 0.6113771918654933
4981.59 0.6113511670074226
4981.73 0.6113283943124024
4981.89 0.6113023672961865
4982.02 0.6112812194980408
4982.19 0.6112535635386837
4982.32 0.6112324139872588
4982.49 0.6112047557352464
4982.62 0.611183604430687
4982.79 0.6111559438862081
4982.92 0.6111347908286581
4983.09 0.6111071279919014
4983.21 0.6110876005015782
4983.39 0.6110583080526593
4983.51 0.6110387789444549
4983.69 0.6110094840688144
4983.81 0.6109899533428622
4983.99 0.6109606560406995
4984.11 0.6109411236971324
4984.29 0.6109118239686474
4984.4 0.6108939178623967
4984.59 0.610862987852991
4984.7 0.6108450802641685
4984.89 0.6108141476940627
4985.0 0.6107962386227906
4985.19 0.6107653034921957
4985.3 0.6107473929385958
4985.49 0.6107164552477219
4985.59 0.6107001716012643
4985.79 0.6106676029609744
4985.89 0.6106513179671664
4986.09 0.6106187466322859
4986.19 0.6106024602912382
4986.39 0.6105698862619887
4986.49 0.6105535985738122
4986.69 0.6105210218504159
4986.78 0.6105063617389449
4986.99 0.6104721533978992
4987.08 0.6104574920742101
4987.29 0.6104232809047719
4987.38 0.6104086183689642
4987.59 0.6103744043713661
4987.68 0.6103597406235396
4987.9 0.6103238943759962
4987.97 0.6103124882961942
4988.2 0.6102750096283829
4988.5 0.6102261208414994
4988.8 0.6101772280156785
4989.1 0.6101283311512522
4989.4 0.6100794302485532
4989.7 0.6100305253079132
4990.0 0.6099816163296652
4990.3 0.6097087534807739
4990.6 0.6094358755282503
4990.9 0.6091629824733907
4991.2 0.6088900743174896
4991.5 0.6086171510618434
4991.8 0.6083442127077476
4992.1 0.6080712592564981
4992.4 0.6077982907093907
4992.7 0.6075253070677193
4993.0 0.6072523083327797
4993.3 0.606979294505867
4993.6 0.6067062655882761
4993.9 0.6064332215813031
4994.2 0.6061601624862404
4994.5 0.605887088304384
4994.8 0.6056139990370282
4995.1 0.6053408946854674
4995.41 0.6050586710101015
4995.71 0.6047855359913153
4996.01 0.60451238589225
4996.31 0.6042392207141996
4996.61 0.6039660404584584
4996.91 0.603692845126319
4997.21 0.6034196347190756
4997.51 0.6031464092380218
4997.81 0.6028731686844511
4998.11 0.6025999130596577
4998.41 0.6023266423649332
4998.71 0.6020533566015713
4999.01 0.6017800557708651
4999.31 0.6015067398741077
4999.61 0.6012334089125927
4999.91 0.6009600628876108
5000.21 0.6006979084228724
5000.51 0.6004405424060508
5000.81 0.6001831621185424
5001.11 0.5999257675615715
5001.41 0.5996683587363599
5001.71 0.5994109356441322
5002.01 0.5991534982861113
5002.31 0.5988960466635206
5002.61 0.5986385807775838
5002.92 0.5983725177123088
5003.22 0.5981150228280041
5003.52 0.5978575136840619
5003.82 0.5975999902817056
5004.12 0.5973424526221562
5004.42 0.5970849007066371
5004.72 0.5968273345363703
5005.02 0.5965697541125786
5005.32 0.5963121594364844
5005.62 0.5960545505093084
5005.92 0.5957969273322736
5006.22 0.5955392899066015
5006.52 0.5952816382335137
5006.82 0.5950239723142331
5007.12 0.5947662921499792
5007.42 0.5945085977419746
5007.72 0.5942508890914405
5008.02 0.5939931661995982
5008.32 0.5937354290676693
5008.62 0.5934776776968737
5008.92 0.5932199120884327
5009.22 0.5929621322435674
5009.52 0.5927043381634987
5009.82 0.5924465298494476
5010.0 0.5922918380292123
5010.12 0.5923104781471031
5010.42 0.5923570789530384
5010.73 0.5924052338863188
5011.03 0.5924518361769716
5011.33 0.5924984391976889
5011.63 0.5925450429483892
5011.93 0.59259164742899
5012.23 0.5926382526394097
5012.53 0.5926848585795667
5012.83 0.5927314652493789
5013.13 0.5927780726487641
5013.43 0.5928246807776409
5013.73 0.5928712896359274
5014.03 0.5929178992235417
5014.33 0.5929645095404019
5014.63 0.5930111205864264
5014.93 0.5930577323615333
5015.23 0.5931043448656405
5015.53 0.5931509580986667
5015.83 0.5931975720605298
5016.13 0.5932441867511483
5016.43 0.5932908021704405
5016.73 0.5933374183183243
5017.03 0.5933840351947186
5017.33 0.5934306527995412
5017.63 0.5934772711327104
5017.93 0.593523890194145
5018.23 0.5935705099837626
5018.54 0.5936186845312782
5018.84 0.5936653058012838
5019.14 0.5937119277992253
5019.44 0.5937585505250205
5019.74 0.5938051739785887
5020.04 0.5938539362247335
5020.34 0.593916597065613
5020.64 0.5939792594199147
5020.94 0.5940419232874884
5021.24 0.5941045886681848
5021.54 0.5941672555618532
5021.84 0.5942299239683443
5022.14 0.5942925938875077
5022.44 0.5943552653191939
5022.74 0.594417938263253
5023.04 0.5944806127195353
5023.34 0.594543288687891
5023.64 0.5946059661681699
5023.94 0.5946686451602222
5024.24 0.5947313256638987
5024.54 0.5947940076790494
5024.84 0.5948566912055246
5025.14 0.5949193762431745
5025.44 0.5949820627918493
5025.74 0.5950447508513996
5026.04 0.595107440421676
5026.35 0.5951722212312369
5026.65 0.5952349138728604
5026.95 0.595297608024756
5027.25 0.5953603036867737
5027.55 0.5954230008587645
5027.85 0.5954856995405784
5028.15 0.5955483997320657
5028.45 0.5956111014330774
5028.75 0.5956738046434639
5029.05 0.5957365093630754
5029.35 0.5957992155917626
5029.65 0.5958619233293762
5029.95 0.5959246325757666
5030.0 0.5959350842635078
5030.25 0.5957733586912115
5030.55 0.5955792778827896
5030.85 0.5953851860334405
5031.15 0.5951910831441068
5031.45 0.5949969692157301
5031.75 0.5948028442492528
5032.05 0.5946087082456171
5032.35 0.5944145612057653
5032.65 0.5942204031306398
5032.95 0.5940262340211815
5033.25 0.5938320538783326
5033.55 0.5936378627030351
5033.85 0.5934436604962308
5034.16 0.5932429732943225
5034.46 0.5930487486596906
5034.76 0.5928545129964081
5035.06 0.5926602663054157
5035.36 0.5924660085876555
5035.66 0.5922717398440678
5035.96 0.592077460075594
5036.26 0.5918831692831752
5050.0 0.5872594175531474
5070.0 0.5801588776269423
5090.0 0.5724912286005811
5110.0 0.5631772358079477
5130.0 0.5570627673031197
5150.0 0.5547035063107812
5170.0 0.5370752927528725
5190.0 0.5398123076658925
5210.0 0.5353888785783512
5230.0 0.5376853318791871
5250.0 0.532743431501252
5270.0 0.5220018595371166
5290.0 0.5343724390604592
5310.0 0.5312997758385246
5330.0 0.5156710321572582
5350.0 0.5203383870188077
5370.0 0.5147975508804501
5390.0 0.5092900209718625
5410.0 0.502273586194916
5430.0 0.5044453479847247
5450.0 0.49545730278879246
5470.0 0.489813559040312
5490.0 0.48708561237978176
5510.0 0.4828467835206456
5530.0 0.4839261434881889
5550.0 0.4842248689591634
5570.0 0.47827808191402504
5590.0 0.47225422274521206
5610.0 0.4719095324551754
5630.0 0.466466742206974
5650.0 0.46431106246932835
5670.0 0.45995655188169243
5690.0 0.46261050394001835
5710.0 0.45491331561283105
5730.0 0.4585737771591226
5750.0 0.4533530743284988
5770.0 0.4482273541954135
5790.0 0.44877001937092165
5810.0 0.4490270266131259
5830.0 0.44474270883090905
5850.0 0.4364103741015279
5870.0 0.42469677274077966
5890.0 0.4173626847149075
5910.0 0.418103551165849
5930.0 0.41949954468453593
5950.0 0.4172653474065447
5970.0 0.4153082857673656
5990.0 0.41317096275570436
6010.0 0.41231620757873294
6030.0 0.41295005920021866
6050.0 0.4131795411542886
6070.0 0.41262871919423755
6090.0 0.4122463840497207
6110.0 0.40940565816613933
6130.0 0.4034904220782113
6150.0 0.3939684902766326
6170.0 0.38639103664518043
6190.0 0.3837539137224495
6210.0 0.37953889737372887
6230.0 0.37487470766066294
6250.0 0.37121583041883344
6270.0 0.3700236729013254
6290.0 0.37209516480718147
6310.0 0.3738876946870162
6330.0 0.37546832133065194
6350.0 0.3736585626298332
6370.0 0.3731870539366691
6390.0 0.3737072090446673
6410.0 0.3711445470979056
6430.0 0.37062847782962005
6450.0 0.37043131331034235
6470.0 0.36640230756547254
6490.0 0.3589994287947958
6510.0 0.3555604651090777
6523.64 0.35458917827614406
6524.04 0.35439431645021535
6524.43 0.3542043161191457
6524.82 0.3540143058659593
6525.22 0.3538194132495018
6525.61 0.35362938290206164
6526.0 0.35343934263684174
6526.4 0.3532444192433178
6526.79 0.35305435889262876
6527.19 0.35285941490163847
6527.58 0.3526693344713586
6527.97 0.352479244130536
6528.37 0.35228426938493523
6528.76 0.35209415897329793
6529.15 0.3519040386554495
6529.55 0.35170903316867874
6529.94 0.3515188927887866
6530.0 0.35148963954374807
6530.34 0.3513238667285711
6530.73 0.3511337062925046
6531.12 0.35094353595745187
6531.52 0.35074847917848906
6531.91 0.3505582887960251
6532.3 0.3503680885188992
6532.7 0.35017300103461
6533.09 0.34998278071883043
6533.49 0.3497876726850813
6533.88 0.34959743233650814
6534.27 0.34940718210048816
6534.67 0.34921204338380035
6535.06 0.3490217731237363
6535.46 0.3488266138725701
6535.85 0.3486363235943168
6536.24 0.34844602343582454
6536.64 0.34825083352408603
6537.03 0.3480605133561456
6537.42 0.3478701833122794
6537.82 0.3476749627533566
6538.21 0.3474846127087781
6538.6 0.34729425279258586
6539.0 0.34709900159985785
6539.39 0.34690862169168446
6539.79 0.3467133499973568
6540.18 0.34648249893152383
6540.57 0.3462044420299761
6540.97 0.34591924104304617
6541.36 0.3456411560221288
6541.76 0.3453559261990352
6542.15 0.3450778130669676
6542.54 0.3447996860602723
6542.94 0.34451441318113735
6543.33 0.34423625807556296
6543.72 0.343958089101418
6544.12 0.3436727731850348
6544.51 0.343394576124275
6544.91 0.3431092314053166
6545.3 0.3428310062661489
6545.69 0.3425527672685144
6546.09 0.34226737954365927
6546.48 0.3419891124798695
6546.87 0.3417108315636585
6547.27 0.34142540085167267
6547.66 0.34114709188155257
6548.06 0.34086163240052864
6548.45 0.3405832953846934
6548.84 0.34030494452652466
6549.24 0.3400194420896752
6549.63 0.3397410631980251
6550.0 0.33947694735678285
6550.02 0.33946267047008
6550.42 0.33917712509614095
6550.81 0.3388987043469415
6551.21 0.3386131302374507
6551.6 0.33833468147517876
6551.99 0.3380562188866848
6552.39 0.3377706018713607
6552.78 0.3374921112820097
6553.17 0.3372136068724639
6553.57 0.33692794697001593
6553.96 0.3366494145718214
6554.36 0.33636372596725694
6554.75 0.33608516558858315
6555.14 0.33580659139977226
6555.54 0.33552085993929265
6555.93 0.33524225778219924
6556.33 0.3349564976404874
6556.72 0.3346778675232733
6557.11 0.33439922360597024
6557.51 0.33411342063952226
6557.9 0.3338347487742835
6558.29 0.3335560631149684
6558.69 0.3332702173424474
6559.08 0.33299150374737474
6559.48 0.3327056293269743
6559.87 0.33242688780429336
6560.26 0.3324983525783216
6560.66 0.3327512562917549
6561.05 0.33299784770901203
6561.44 0.3332444492911106
6561.84 0.3334973845483017
6562.23 0.3337440067162261
6562.63 0.3339969630839988
6563.02 0.33424360583173246
6563.41 0.3344902587369003
6563.81 0.33474324662544364
6564.2 0.3349899201014369
6564.59 0.33523660373043207
6564.99 0.3354896231259872
6565.38 0.3357363273168297
6565.78 0.33598936779837785
6566.17 0.3362360925450598
6566.56 0.3364828274373468
6566.96 0.33673589940295584
6567.35 0.3369826548421129
6567.75 0.3372357478783563
6568.14 0.33748252385838107
6568.53 0.3377293099766214
6568.93 0.3379824344739966
6569.32 0.33822924112414365
6569.71 0.3384760579080848
6570.0 0.33865959490561276
6570.11 0.3387292138528666
6570.5 0.33897605115975854
6570.9 0.3392292281506471
6571.29 0.33947608597449686
6571.68 0.33972295392476254
6572.08 0.3399761623401634
6572.47 0.3402230507984395
6572.86 0.3404699493787151
6573.26 0.34072318920492567
6573.65 0.34097010828426944
6574.05 0.3412233691320964
6574.44 0.34147030870452444
6574.83 0.3417172583915867
6575.23 0.34197055062736237
6575.62 0.34221752079857504
6576.01 0.34246450108001225
6576.41 0.34271782469005485
6576.8 0.34296482544671403
6577.2 0.3432181700539199
6577.59 0.34346519127982605
6577.98 0.34371222260860096
6578.38 0.34396559856724934
6578.77 0.3442126503563516
6579.16 0.34445971224392036
6579.56 0.34471311954034906
6579.95 0.3449602018793295
6580.35 0.3451565749188754
6580.74 0.3453400991430148
6581.13 0.3455236305779634
6581.53 0.34571187543657095
6581.92 0.3458954214748465
6582.31 0.346078974720788
6582.71 0.34626724194638064
6583.1 0.3464508097892848
6583.5 0.3466390919839369
6583.89 0.34682267441954484
6584.28 0.3470062640575758
6584.68 0.34719456860294395
6585.07 0.3473781728273205
6585.46 0.3475617842509828
6585.86 0.34775011113732845
6586.25 0.34793373714098186
6586.65 0.34812207897898356
6587.04 0.34830571955837586
6587.43 0.3484893673318186
6587.83 0.3486777314945536
6588.22 0.34886139383738674
6588.62 0.3490497729409072
6589.01 0.34923344984888244
6589.4 0.34941713394567797
6589.8 0.34960553535770283
6590.0 0.3496997388987848
6590.19 0.3497892340132979
6590.58 0.34997293985458416
6590.98 0.3501613635653988
6591.37 0.3503450839591457
6591.77 0.3505335225933861
6592.16 0.3507172575353516
6592.55 0.3509009996577862
6592.95 0.3510894605746118
6593.34 0.3512732172389327
6593.73 0.3514569810805963
6594.13 0.3516454642703091
6594.52 0.3518292426475302
6594.92 0.35201774074333386
6595.31 0.3522015336518766
6595.7 0.35238533373254827
6596.1 0.35257385408505926
6596.49 0.35275766869072933
6596.88 0.3529414904654087
6597.28 0.35313003306494184
6597.67 0.35331386935829995
6598.07 0.353502426846617
6598.46 0.35368627765442506
6598.85 0.3538701356260359
6599.25 0.3540587153452202
6599.64 0.3542425878249674
6600.04 0.3544098179326963
6600.43 0.35438539597212315
6600.82 0.354360971788777
6601.22 0.3543359190356565
6601.61 0.35431149035074117
6602.0 0.3542870594440114
6610.0 0.3537854229324821
6630.0 0.3505357484824747
6650.0 0.34340720482802367
6670.0 0.3379577553920368
6690.0 0.33738460034533446
6710.0 0.3337917177175576
6730.0 0.3312343768350976
6750.0 0.3316313471338989
6770.0 0.33214645059363174
6790.0 0.33328993983736765
6810.0 0.3331123448373103
6830.0 0.3354565623216175
6850.0 0.33133430750878196
6870.0 0.32379711043277637
6890.0 0.3267044314834085
6910.0 0.3325434455051935
6930.0 0.33286279392052026
6950.0 0.33163778954824963
6970.0 0.3299234112540639
6990.0 0.3271726009659547
7010.0 0.32784245891578623
7030.0 0.32805583772611935
7050.0 0.3191159325825194
7070.0 0.3130470049523687
7090.0 0.30833466381912145
7110.0 0.3029704279915984
7130.0 0.29780718451563515
7150.0 0.2919595391340749
7170.0 0.29325553051939707
7190.0 0.2939092507538134
7210.0 0.29560431246622715
7230.0 0.296288521956213
7250.0 0.2964809266869513
7270.0 0.29928422071357064
7290.0 0.3026447473527564
7310.0 0.3063177166388116
7330.0 0.3071294215926924
7350.0 0.3055036884975456
7370.0 0.30560229286358
7390.0 0.30539021177354825
7410.0 0.3017730816060709
7430.0 0.3002840508519026
7450.0 0.2999372706372904
7470.0 0.29924693680726294
7490.0 0.2990504289873804
7510.0 0.3004988890492327
7530.0 0.3028502552761926
7550.0 0.3013750702083521
7570.0 0.28927075944648484
7590.0 0.2654491284484775
7610.0 0.26649196872279723
7630.0 0.2822177751235551
7650.0 0.28280506537307704
7670.0 0.2741603690616264
7690.0 0.2671907282601283
7710.0 0.2701133559932982
7730.0 0.2720983632445524
7750.0 0.2703802075800007
7770.0 0.26859496000013455
7790.0 0.2685981456575793
7810.0 0.2684111406750779
7830.0 0.266678828010397
7850.0 0.2643748402951853
7870.0 0.2620658102327987
7890.0 0.2591517354969625
7910.0 0.25623171464962907
7930.0 0.25403331207956364
7950.0 0.2542994341872898
7970.0 0.2554202134813862
7990.0 0.2555903821530814
8010.0 0.2567750741317093
8030.0 0.25888140833723294
8050.0 0.2584791270226591
8070.0 0.2568028208960688
8090.0 0.25435884930194513
8110.0 0.2528337968353411
8130.0 0.2542063321494358
8150.0 0.25366564151530585
8170.0 0.25411280143860066
8190.0 0.2563488507496917
8210.0 0.2574040733449524
8230.0 0.2581717967785375
8250.0 0.25913172548634855
8270.0 0.2540031072024558
8290.0 0.24620405713168717
8310.0 0.24288570617060268
8330.0 0.23885495861475708
8350.0 0.2364565617552358
8370.0 0.2360478966491165
8390.0 0.23715047934725964
8410.0 0.23873685193822627
8430.0 0.23439379768479454
8450.0 0.2319789927541578
8470.0 0.23120606194503818
8490.0 0.22607061009409563
8510.0 0.22567859870691578
8530.0 0.21946303714783202
8550.0 0.2201647333373458
8570.0 0.2315228523883588
8590.0 0.23443615593299927
8610.0 0.23689850396763698
8630.0 0.23615019133007328
8650.0 0.22474725900619133
8670.0 0.22528807855016106
8690.0 0.23617064084851694
8710.0 0.24029792806603023
8730.0 0.23778667754405958
8750.0 0.23276215997672095
8770.0 0.23767549800506294
8790.0 0.24031044716890165
8810.0 0.2347855369162957
8830.0 0.2329444965425376
8850.0 0.23047915079284761
8870.0 0.22823886224786633
8890.0 0.23100324382352058
8910.0 0.2305276747944441
8930.0 0.2306734868861005
8950.0 0.23531180047042868
8970.0 0.23030710149372796
8990.0 0.20973061734560086
9010.0 0.21160237450168173
9030.0 0.2331367351849889
9050.0 0.23749126203651427
9070.0 0.23213952238791194
9090.0 0.23109544284136382
9110.0 0.23008234413596854
9130.0 0.22682479410819759
9150.0 0.2202958074015586
9170.0 0.21828177172518246
9190.0 0.222905250752454
9210.0 0.22032708673428206
9230.0 0.21843983195802302
9250.0 0.2189988444140197
9270.0 0.22005461900570492
9290.0 0.2144176942221359
9310.0 0.20565706362047334
9330.0 0.2052454367987051
9350.0 0.20805245782944937
9370.0 0.2153125199966651
9390.0 0.2230787727112066
9410.0 0.2146273815966967
9430.0 0.19668422939613672
9450.0 0.19939172278693376
9470.0 0.2091959398604884
9490.0 0.20424771413275128
9510.0 0.2007938641102599
9530.0 0.2044750835375803
9550.0 0.20605688337240777
9570.0 0.20670472586383612
9590.0 0.18362664368384451
9610.0 0.18396096152947003
9630.0 0.20450106833406972
9650.0 0.20702176703854447
9670.0 0.2141327470381128
9690.0 0.21150012551779468
9710.0 0.2078248605391012
9730.0 0.20739886500087087
9750.0 0.207441761279504
9770.0 0.2034211439552353
9790.0 0.1952970057229819
9810.0 0.1989288306383685
9830.0 0.2059944138115239
9850.0 0.2053275450895618
9870.0 0.20492882966580173
9890.0 0.20405764243488528
9910.0 0.20308397591104538
9930.0 0.20264833419997444
9950.0 0.19931050811666132
9970.0 0.19870280679730992
9990.0 0.19920844095123383
10025.0 0.19046056127616365
10075.0 0.19235613146875744
10125.0 0.19110258120044832
10175.0 0.19067450277744874
10225.0 0.18845961369232225
10275.0 0.1878862136682437
10325.0 0.18490869147337463
10375.0 0.18412036639513632
10425.0 0.18513657654599625
10475.0 0.1830266570073298
10525.0 0.181867385499522
10575.0 0.18024099134773539
10625.0 0.17868592142662654
10675.0 0.17739126412615414
10725.0 0.1760916931295713
10775.0 0.17478726873311357
10825.0 0.17347805025646487
10875.0 0.17216409606231106
10925.0 0.17084546357542915
10975.0 0.16952220930132558
11025.0 0.16821167767507078
11075.0 0.16691397687307394
11125.0 0.16561188902807125
11175.0 0.1643054663057471
11225.0 0.16302079894070282
11275.0 0.16175801514712485
11325.0 0.16049115066660732
11375.0 0.15922025327937062
11425.0 0.1579715112662257
11475.0 0.15674504621813232
11525.0 0.15551478662242882
11575.0 0.15428077623861636
11625.0 0.15308679224466884
11675.0 0.15193299872419477
11725.0 0.15077574239314243
11775.0 0.1496150625901858
11825.0 0.14849489250389417
11875.0 0.1474153883054894
11925.0 0.1463327310128012
11975.0 0.14524695591947148
12025.0 0.14421976782585752
12075.0 0.1432513613201685
12125.0 0.14228015159675217
12175.0 0.14130616957696807
12225.0 0.14036480655909273
12275.0 0.13945618152296352
12325.0 0.13854499180389168
12375.0 0.13763126528762062
12425.0 0.13678598574767178
12475.0 0.1360093530788589
12525.0 0.13523049322920233
12575.0 0.13444943007143303
12625.0 0.1336661871397658
12675.0 0.13288078763584937
12725.0 0.13209325443459313
12775.0 0.13130361008987096
12825.0 0.1306457626390824
12875.0 0.1301200400793635
12925.0 0.1295926766959495
12975.0 0.12906368959014286
13025.0 0.12841671126830048
13075.0 0.12765150039997353
13125.0 0.12688437472361908
13175.0 0.12611535393242188
13225.0 0.12476981237432955
13275.0 0.1228465336940963
13325.0 0.12091978402673069
13375.0 0.11898959861478642
13425.0 0.11770432244861077
13475.0 0.1170653425712387
13525.0 0.11642481840039064
13575.0 0.11578276539913043
13625.0 0.11490444198975665
13675.0 0.11378938764758073
13725.0 0.11267222078509051
13775.0 0.11155296228768331
13825.0 0.11048595231120172
13875.0 0.10947131808533048
13925.0 0.10845479460961291
13975.0 0.10743640032130586
14025.0 0.10661584255062222
14075.0 0.10599352108763188
14125.0 0.1053698877059142
14175.0 0.1047449550424667
14225.0 0.10425523103130865
14275.0 0.10390098170551003
14325.0 0.10354580564701583
14375.0 0.10318971166755862
14425.0 0.10286919661067291
14475.0 0.10258433502646642
14525.0 0.10229866855095714
14570.0 0.10204088678918487
14620.0 0.10190731883318957
14675.0 0.1020133129744986
14725.0 0.10210932629827894
14775.0 0.1022050142063882
14825.0 0.10231870981851844
14875.0 0.10245044747457935
14925.0 0.10258191012551632
14975.0 0.10271310028522851
15025.0 0.10273379104762835
15075.0 0.10264380118282951
15125.0 0.10255330313219488
15175.0 0.10246230149388369
15225.0 0.10228794674550398
15275.0 0.1020301089085524
15325.0 0.10177160300354492
15375.0 0.10151243500694339
15425.0 0.10107732156641228
15475.0 0.10046599135327983
15525.0 0.09985364973860675
15575.0 0.09924030566894203
15625.0 0.09874615336121507
15675.0 0.09837138676139126
15725.0 0.09799588906045946
15775.0 0.09761966664926265
15825.0 0.09742800302060557
15875.0 0.09742118277179927
15925.0 0.09741402500008559
15975.0 0.09740653261910252
16050.0 0.09748751820230127
16150.0 0.0976565217361383
16250.0 0.09739668027020416
16350.0 0.09670679352175347
16450.0 0.09571616784700737
16550.0 0.09442401797720067
16650.0 0.09333378018078616
16750.0 0.09244606857517687
16850.0 0.09172406830392735
16950.0 0.09116826797276205
17050.0 0.08991708101997155
17150.0 0.08796874928072701
17250.0 0.08626018332682997
17350.0 0.08479206736547726
17450.0 0.08300095041291376
17550.0 0.08088609726829282
17650.0 0.07891765728436818
17750.0 0.07709606051985106
17850.0 0.07544059294329132
17950.0 0.07395171138592485
18050.0 0.07248437680501933
18150.0 0.07103869217642769
18250.0 0.06974154398106036
18350.0 0.06859331686616514
18450.0 0.06737075977001467
18550.0 0.06607374871126438
18650.0 0.06526394799864313
18750.0 0.06494245138313191
18850.0 0.06468648754376957
18950.0 0.06449621168706629
19050.0 0.06385026961610678
19150.0 0.06274773133244939
19250.0 0.06165654144370405
19350.0 0.06057675586956925
19450.0 0.05949125310215477
19550.0 0.05840005283718083
19650.0 0.05734712734119701
19750.0 0.056332581067610125
19850.0 0.05554977637372873
19950.0 0.054999182226777035
20050.0 0.054554810450548774
20150.0 0.05421687640768301
20250.0 0.053816784590688026
20350.0 0.053354433241851275
20450.0 0.05277018412167125
20550.0 0.05206383221783532
20650.0 0.05147745931045375
20750.0 0.051011294603068184
20850.0 0.050551980516189685
20950.0 0.050099541792121026
21050.0 0.04959618259865458
21150.0 0.04904182876686894
21250.0 0.04833800259842224
21350.0 0.04748446879105123
21450.0 0.04671858760129197
21550.0 0.04604051989518801
21650.0 0.045433020156853146
21750.0 0.044896215815749096
21850.0 0.04434699317062411
21950.0 0.043785344290719314
22050.0 0.04315700265577196
22150.0 0.04246187674442487
22250.0 0.041717334786204326
22350.0 0.04092331483271066
22450.0 0.04026422266141467
22550.0 0.039740273439586464
22650.0 0.038789956175719044
22750.0 0.03741265606328084
22850.0 0.0358957123918255
22950.0 0.03423894495938342
23050.0 0.03274986989320486
23150.0 0.03142874810810732
23250.0 0.030308973616693522
23350.0 0.029390845003245628
23450.0 0.028497110023165965
23550.0 0.02762781504078466
23650.0 0.026927514786484842
23750.0 0.02639644835582788
23850.0 0.02585307618520157
23950.0 0.02529738963976243
24050.0 0.024846757233261085
24150.0 0.02450132314581902
24250.0 0.024065432116949965
24350.0 0.02353897357214981
24450.0 0.02300806254798972
24550.0 0.022472700296936765
24650.0 0.022021145224983225
24750.0 0.021653507741162936
24850.0 0.021258012292153464
24950.0 0.020834629733286644
25050.0 0.020567991457202273
25150.0 0.020458290437084338
25250.0 0.020360230352346742
25350.0 0.020273826859004113
25450.0 0.020118424922300048
25550.0 0.019893946092267002
25650.0 0.019752354892124194
25750.0 0.019693748931233768
25850.0 0.019635037595162042
25950.0 0.01957622204252917
26050.0 0.019517303415046594
26150.0 0.019458282837824133
26250.0 0.019399161419670335
26350.0 0.019339940253386388
26450.0 0.019280620416053693
26550.0 0.019221202969315242
26650.0 0.019161688959651008
26750.0 0.019102079418647437
26850.0 0.019042375363261255
26950.0 0.018982577796077666
27050.0 0.018922687705563105
27150.0 0.01886270606631269
27250.0 0.0188026338392925
27350.0 0.01874247197207677
27450.0 0.018682221399080188
27550.0 0.01862188304178535
27650.0 0.018561457808965516
27750.0 0.01850094659690284
27850.0 0.018440350289602024
27950.0 0.018379669758999673
28050.0 0.01831890586516938
28150.0 0.018258059456522636
28250.0 0.018197131370005643
28350.0 0.018136122431292232
28450.0 0.018075033454972817
28550.0 0.018013865244739646
28650.0 0.017952618593568254
28750.0 0.01789129428389542
28850.0 0.0178298930877935
28950.0 0.017768415767141357
29050.0 0.017706863073791913
29150.0 0.017645235749736404
29250.0 0.017583534527265427
29350.0 0.01752176012912685
29450.0 0.01745991326868062
29550.0 0.017397994650050614
29650.0 0.017336004968273498
29750.0 0.01727394490944479
29850.0 0.017211815150862033
29950.0 0.017149616361165323
30050.0 0.017087349200475038
30150.0 0.01702501432052707
30250.0 0.01696261236480541
30350.0 0.016900143968672243
30450.0 0.01683760975949561
30550.0 0.01677501035677466
30650.0 0.016712346372262536
30750.0 0.016649618410087032
30850.0 0.016586827066868894
30950.0 0.016523972931838046
31050.0 0.016461056586947583
31150.0 0.016398068194010466
31250.0 0.01633080845205732
31350.0 0.016263548710104176
31450.0 0.01619628896815103
31550.0 0.016129029226197886
31650.0 0.01606176948424474
31750.0 0.0159945097422916
31850.0 0.01592725000033846
31950.0 0.01585999025838531
32100.0 0.015759100645455597
32300.0 0.015624581161549307
32500.0 0.01549006167764302
32700.0 0.01535554219373673
32900.0 0.015221022709830445
33100.0 0.015086503225924155
33300.0 0.014951983742017868
33500.0 0.01481746425811158
33700.0 0.014682944774205292
33900.0 0.014548425290299002
34100.0 0.014465242248732147
34300.0 0.01443339564950472
34500.0 0.014401549050277294
34700.0 0.014369702451049867
34900.0 0.01433785585182244
35100.0 0.014306009252595014
35300.0 0.014274162653367587
35500.0 0.01424231605414016
35700.0 0.014210469454912734
35900.0 0.014178622855685311
36100.0 0.014146776256457884
36300.0 0.014114929657230458
36500.0 0.014083083058003031
36700.0 0.014051236458775604
36900.0 0.014019389859548178
37100.0 0.013987543260320751
37300.0 0.013955696661093324
37500.0 0.013923850061865901
37700.0 0.013892003462638474
37900.0 0.013860156863411048
38100.0 0.013828310264183621
38300.0 0.013796463664956194
38500.0 0.013764617065728768
38700.0 0.013732770466501343
38900.0 0.013700923867273916
39100.0 0.01366907726804649
39300.0 0.013637230668819065
39500.0 0.013605384069591638
39700.0 0.013573537470364213
39900.0 0.013541690871136786
40100.0 0.01350984427190936
40300.0 0.013477997672681933
40500.0 0.013446151073454506
40700.0 0.01341430447422708
40900.0 0.013382457874999653
41100.0 0.01335061127577223
41300.0 0.013318764676544803
41500.0 0.013286918077317376
41700.0 0.01325507147808995
41900.0 0.013223224878862523
42100.0 0.013191378279635096
42300.0 0.01315953168040767
42500.0 0.013127685081180243
42700.0 0.01309583848195282
42900.0 0.013063991882725393
43100.0 0.013032145283497967
43300.0 0.01300029868427054
43500.0 0.012968452085043113
43700.0 0.012936605485815687
43900.0 0.01290475888658826
44100.0 0.012872912287360833
44300.0 0.01284106568813341
44500.0 0.012809219088905983
44700.0 0.012777372489678557
44900.0 0.01274552589045113
45100.0 0.012713679291223703
45300.0 0.012681832691996277
45500.0 0.012649986092768852
45700.0 0.012618139493541425
45900.0 0.012586292894313999
46100.0 0.012554446295086574
46300.0 0.012522599695859147
46500.0 0.012490753096631722
46700.0 0.012458906497404295
46900.0 0.012427059898176869
47100.0 0.012395213298949442
47300.0 0.012363366699722015
47500.0 0.01233152010049459
47700.0 0.012299673501267164
47900.0 0.012267826902039737
48100.0 0.01223598030281231
48300.0 0.012204133703584885
48500.0 0.012172287104357459
48700.0 0.012140440505130032
48900.0 0.012108593905902605
49100.0 0.012076747306675179
49300.0 0.012044900707447754
49500.0 0.012013054108220327
49700.0 0.0119812075089929
49900.0 0.011949360909765476
50100.0 0.011917514310538049
50300.0 0.011885667711310622
50500.0 0.011853821112083196
50700.0 0.011821974512855769
50900.0 0.011790127913628342
51100.0 0.011758281314400917
51300.0 0.01172643471517349
51500.0 0.011694588115946064
51700.0 0.01166274151671864
51900.0 0.011630894917491212
52100.0 0.011599048318263788
52300.0 0.011567201719036361
52500.0 0.011535355119808934
52700.0 0.01150350852058151
52900.0 0.011471661921354083
53100.0 0.011439815322126656
53300.0 0.011407968722899231
53500.0 0.011376122123671804
53700.0 0.011344275524444378
53900.0 0.011312428925216951
54100.0 0.011280582325989524
54300.0 0.011248735726762098
54500.0 0.011216889127534673
54700.0 0.011185042528307246
54900.0 0.01115319592907982
55100.0 0.011121349329852395
55300.0 0.011089502730624968
55500.0 0.011057656131397541
55700.0 0.011025809532170115
55900.0 0.010993962932942688
56100.0 0.010962116333715261
56300.0 0.010930269734487836
56500.0 0.01089842313526041
56700.0 0.010866576536032985
56900.0 0.010834729936805558
57100.0 0.010802883337578131
57300.0 0.010771036738350705
57500.0 0.010739190139123278
57700.0 0.010707343539895851
57900.0 0.010675496940668426
58100.0 0.010643650341441
58300.0 0.010611803742213575
58500.0 0.010579957142986148
58700.0 0.010548110543758722
58900.0 0.010516263944531297
59100.0 0.01048441734530387
59300.0 0.010452570746076443
59500.0 0.010420724146849017
59700.0 0.010388877547621592
59900.0 0.010357030948394165
60100.0 0.01032518434916674
60300.0 0.010293337749939313
60500.0 0.010261491150711887
60700.0 0.01022964455148446
60900.0 0.010197797952257033
61100.0 0.010165951353029607
61300.0 0.01013410475380218
61500.0 0.010102258154574755
61700.0 0.010070411555347328
61900.0 0.010038564956119904
62100.0 0.010006718356892477
62300.0 0.00997487175766505
62500.0 0.009943025158437624
62700.0 0.009911178559210197
62900.0 0.00987933195998277
63100.0 0.009847485360755345
63300.0 0.009815638761527919
63500.0 0.009783792162300492
63700.0 0.009751945563073067
63900.0 0.00972009896384564
64200.0 0.0096723290650045
64600.0 0.009608635866549649
65000.0 0.009544942668094795
65400.0 0.009481249469639944
65800.0 0.009417556271185092
66200.0 0.00935386307273024
66600.0 0.009290169874275387
67000.0 0.009226476675820534
67400.0 0.009162783477365682
67800.0 0.009099090278910829
68200.0 0.009035397080455978
68600.0 0.008971703882001124
69000.0 0.00890801068354627
69400.0 0.00884431748509142
69800.0 0.008780624286636568
70200.0 0.008716931088181714
70600.0 0.008653237889726861
71000.0 0.00858954469127201
71400.0 0.008525851492817158
71800.0 0.008462158294362306
72200.0 0.008398465095907453
72600.0 0.008334771897452601
73000.0 0.00827107869899775
73400.0 0.008207385500542896
73800.0 0.008143692302088043
74200.0 0.008079999103633191
74600.0 0.008016305905178338
75000.0 0.007952612706723487
75400.0 0.007888919508268633
75800.0 0.00782522630981378
76200.0 0.007761533111358928
76600.0 0.007697839912904076
77000.0 0.007634146714449224
77400.0 0.007570453515994371
77800.0 0.007506760317539519
78200.0 0.007443067119084666
78600.0 0.007379373920629814
79000.0 0.007315680722174961
79400.0 0.0072519875237201095
79800.0 0.007188294325265257
80200.0 0.007124601126810405
80600.0 0.007060907928355552
81000.0 0.0069972147299007005
81400.0 0.006933521531445847
81800.0 0.006869828332990994
82200.0 0.006806135134536142
82600.0 0.00674244193608129
83000.0 0.006678748737626437
83400.0 0.006615055539171585
83800.0 0.006551362340716733
84200.0 0.00648766914226188
84600.0 0.006423975943807028
85000.0 0.006360282745352175
85400.0 0.0062965895468973234
85800.0 0.00623289634844247
86200.0 0.0061692031499876185
86600.0 0.006105509951532766
87000.0 0.006041816753077913
87400.0 0.005978123554623061
87800.0 0.005914430356168208
88200.0 0.005850737157713356
88600.0 0.005787043959258503
89000.0 0.005723350760803651
89400.0 0.005659657562348799
89800.0 0.005595964363893947
90200.0 0.005532271165439094
90600.0 0.005468577966984242
91000.0 0.005404884768529389
91400.0 0.005341191570074537
91800.0 0.005277498371619684
92200.0 0.0052138051731648325
92600.0 0.005150111974709979
93000.0 0.005086418776255127
93400.0 0.005022725577800275
93800.0 0.004959032379345422
94200.0 0.00489533918089057
94600.0 0.004831645982435717
95000.0 0.004767952783980865
95400.0 0.004704259585526012
95800.0 0.00464056638707116
96200.0 0.004576873188616308
96600.0 0.004513179990161456
97000.0 0.004449486791706603
97400.0 0.004385793593251751
97800.0 0.004322100394796898
98200.0 0.004258407196342045
98600.0 0.004194713997887193
99000.0 0.004131020799432341
99400.0 0.004067327600977489
99800.0 0.004003634402522636
100200.0 0.003939941204067784
100400.00000000009 0.003908094604840344
100748.43066198383 0.0038526129465866277
101098.07052641988 0.003796938743403496
101448.92378975474 0.003741071327078196
101800.9946629978 0.0036850100270790893
102154.28737177301 0.0036287541705474083
102508.80615636887 0.0035723030822893157
102864.55527178946 0.00351565608476776
103221.53898780573 0.003458812498094322
103579.76158900595 0.003401771640021175
103939.22737484834 0.003344532825932703
104299.94065971187 0.003287095368837417
104661.9057729482 0.0032294585793596797
105025.12705893395 0.0031716217657313875
105389.60887712192 0.003113584233783808
105755.35560209466 0.0030553452869390555
106122.37162361621 0.0029969042262018484
106490.66134668495 0.0029382603501510994
106860.22919158668 0.002879412954931454
107231.07959394684 0.0028203613342449867
107603.217004785 0.0027611047793425123
107976.64589056744 0.0027016425790152227
108351.370733261 0.002641974019586111
108727.39603038708 0.0025820983849013704
109104.72629507471 0.0025220149563219434
109483.36605611602 0.002461723012714688
109863.31985801981 0.002401221830443854
110244.59226106624 0.0023405106833623668
110627.1878413618 0.0022795888428030807
111011.11119089334 0.0022184555775701703
111396.36691758451 0.002157110153930147
111782.95964535022 0.0020955518356031875
112170.89401415233 0.00203377988375426
112560.17468005554 0.0019717935569842342
112950.80631528242 0.001909592111321112
113342.79360827077 0.0018471748002108924
113736.1412637291 0.0017845408745087452
114130.85400269323 0.001721689582469996
114526.93656258319 0.0016586201697410552
114924.39369725919 0.0015953318793505132
115323.23017708007 0.001531823951699849
115723.45078895958 0.0014680956245544375
116125.06033642414 0.0014041461330343795
116528.06363967061 0.0013399747096052832
116932.46553562334 0.0012755805840691937
117338.27087799355 0.0012109629835551311
117745.48453733666 0.0011461211325099632
118154.11140111096 0.001081054252689063
118564.15637373661 0.001015761563146911
118975.62437665339 0.0009502422802279114
119388.52034838134 0.000884495617556717
119802.84924457902 0.0008185207860289697
120218.61603810318 0.0007859885590957681
120635.82571906883 0.0007838142632589105
121054.48329490799 0.0007816324216915983
121474.59379043133 0.0007794430082069391
121896.16224788758 0.0007772459965271622
122319.19372702412 0.000775041360283302
122743.69330514787 0.0007728290730148811
123169.6660771864 0.0007706091081695921
123597.11715574806 0.0007683814391029834
124026.0516711849 0.0007661460390781321
124456.47477165324 0.000763902881265328
124888.39162317566 0.0007616519387417505
125321.80740970328 0.0007593931844911441
125756.72733317701 0.0007571265914034991
126193.15661359143 0.0007548521322747189
126631.1004890565 0.0007525697798062983
127070.56421586059 0.0007502795066049948
127511.55306853396 0.000747981285182498
127954.0723399109 0.0007456750879551061
128398.12734119488 0.0007433608872433853
128843.72340202122 0.0007410386552718445
129290.86587052139 0.0007387083641685991
129739.56011338736 0.0007363699859650365
130189.81151593504 0.0007340234925954848
130641.62548217046 0.0007316688558968685
131095.00743485359 0.0007293060476083752
131549.96281556363 0.0007269350393711162
132006.49708476473 0.0007245558027277832
132464.61572187033 0.0007221683091223136
132924.3242253105 0.000719772529899539
133385.628112597 0.0007173684363048464
133848.53292038973 0.0007149559994838325
134313.04420456337 0.000712535190481955
134779.167540273 0.0007101059802441922
135246.90852202274 0.0007076683396146837
135716.27276373174 0.0007052222393363882
136187.2658988018 0.0007027676500507297
136659.8935801853 0.000700304542297244
137134.16148045196 0.0006978328865132312
137610.07529185852 0.0006953526530333914
138087.64072641605 0.0006928638120894754
138566.86351595866 0.0006903663338099253
139047.7494122127 0.0006878601882195148
139530.30418686455 0.0006853453452389952
140014.53363163173 0.0006828217746847259
140500.44355833106 0.0006802894462683173
140988.03979894897 0.0006777483295962663
141477.32820571162 0.0006751983941695899
141968.3146511539 0.0006726396093834658
142461.00502819192 0.0006700719445268545
142955.40525019236 0.0006674953687821381
143451.52125104374 0.0006649098512247486
143949.35898522806 0.0006623153608227949
144448.924427891 0.0006597118664366967
144950.2235749154 0.0006570993368188015
145453.2624429921 0.0006544777406130157
145958.04706969234 0.0006518470463544269
146464.58351354074 0.000649207222468924
146972.87785408652 0.0006465582372728257
147482.9361919785 0.0006439000589724899
147994.76464903704 0.0006412326556639381
148508.36936832778 0.0006385559953324723
149023.7565142358 0.0006358700458522876
149540.9322725382 0.0006331747749860945
150059.90285048028 0.0006304701503847207
150580.6744768489 0.0006277561395867307
151103.25340204738 0.0006250327100180336
151627.64589817091 0.0006222998289914914
152153.85825908065 0.0006195574637065326
152681.89680048096 0.0006168055812487487
153211.76785999417 0.0006140441485895057
153743.47779723676 0.0006112731325855471
154277.0329938962 0.0006084924999785922
154812.43985380605 0.0006057022173949464
155349.70480302497 0.0006029022513450878
155888.8342899124 0.0006000925682232741
156429.8347852063 0.0005972731343071369
156972.71278210124 0.0005944439157572744
157517.47479632485 0.0005916048786168539
158064.1273662182 0.0005887559888111919
158612.67705281274 0.0005858972121473537
159163.1304399096 0.0005830285143137399
159715.49413415877 0.0005801498608796745
160269.77476513712 0.0005772612172949964
160825.97898542997 0.0005743625488896368
161384.11347070962 0.0005714538208732079
161944.18491981577 0.0005685349983345849
162506.2000548363 0.0005656060462414847
163070.1656211866 0.0005626669294400521
163636.0883876925 0.0005597176126544288
164203.97514667013 0.000556758060486335
164773.83271400793 0.0005537882374146447
165345.66792924836 0.000550808107794958
165919.48765567035 0.0005478176358591719
166495.29878037024 0.0005448167857150587
167073.10821434658 0.0005418055213458238
167652.9228925817 0.0005387838066096807
168234.74977412526 0.0005357516052394156
168818.59584217807 0.0005327088808419504
169404.46810417465 0.0005296555968979129
169992.37359186928 0.0005265917167611877
170582.3193614191 0.0005235172036584837
171174.31249346913 0.0005204320206888905
171768.3600932375 0.0005173361308234348
172364.46929059955 0.0005142294969046417
172962.64724017525 0.0005111120816460791
173562.90112141386 0.0005079838476319164
174165.23813868032 0.0005048447573164752
174769.6655213422 0.0005016947730237748
175376.19052385495 0.0004985338569470885
175984.8204258511 0.0004953619711484794
176595.5625322263 0.0004921790775583507
177208.42417322725 0.0004889851379749887
177823.4127045401 0.00048578011406410126
178440.53550737724 0.00048256396735836586
179059.79998856818 0.00047933665925695574
179681.21358064678 0.0004760981510250856
180304.7837419411 0.00047284840379354336
180930.51795666298 0.00046958737855822257
181558.42373499667 0.0004663150361796619
182188.508613191 0.00046303133738256343
182820.7801536484 0.0004597362427553291
183455.24594501613 0.00045642971274958624
184091.9136022776 0.0004531117076797101
184730.79076684228 0.00044978218772235646
185371.88510663982 0.0004464411129159704
186015.20431621035 0.0004430884431603163
186660.7561167974 0.0004397241382159931
187308.54825644082 0.0004363481577039501
187958.58851006837 0.0004329604611050101
188610.8846795912 0.0004295610077593713
189265.44459399607 0.00042614975686612686
189922.27610943964 0.0004227266674827735
190581.38710934314 0.00041929169852471823
191242.78550448545 0.00041584480876479305
191906.4792331004 0.0004123859568327481
192572.47626097052 0.00040891510121476285
193240.7845815229 0.0004054322002529468
193911.41221592567 0.0004019372121448362
194584.36721318262 0.0003984300949429018
195259.65765023217 0.0003949108065540319
195937.29163204285 0.00039137930473903595
196617.27729171072 0.00038783554711213566
197299.62279055765 0.0003842794911404539
197984.33631822755 0.0003807110941435126
198671.42609278703 0.00037713031329270817
199360.90036082253 0.00037353710561080554
200052.7673975396 0.0003699314279714204
200747.03550686277 0.0003663132370984992
201443.7130215334 0.00036268248956580887
202142.80830321225 0.0003590391417964022
202844.3297425782 0.0003553831500621038
203548.28575942936 0.00035171447048298296
204254.6848027845 0.0003480330590268244
204963.53535098286 0.0003443388715086092
205674.84591178835 0.0003406318635899711
206388.62502249 0.00033691199077867304
207104.88125000495 0.0003331792084280708
207823.62319098154 0.0003294334717365751
208544.8594719008 0.00032567473574712325
209268.59874918268 0.0003219029553466253
209994.84970928813 0.0003181180852654322
210723.62106882382 0.0003143200800767896
211454.9215746472 0.0003105088941962912
212188.76000396966 0.0003066844818813401
212925.1451644646 0.0003028467972305863
213664.08589437135 0.0002989957941833847
214405.5910626017 0.0002951314265192405
215149.66956884676 0.0002912536478572518
215896.33034368197 0.000287362411655562
216645.5823486771 0.00028345767121078756
217397.43457650184 0.00027953937965746674
218151.8960510343 0.0002756074899674949
218908.9758274697 0.0002716619549495575
219668.68299242735 0.0002677027272485727
220431.02666406232 0.0002637297593451097
221196.01599217302 0.0002597430035548277
221963.66015831166 0.0002557424120279005
222733.96837589474 0.0002517279367484405
223506.94989031187 0.00024769952953393167
224282.61397903945 0.00024365714203463705
225060.96995175022 0.000239600725733028
225842.02715042542 0.0002355302319431994
226625.79494946744 0.00023144561181028282
227412.28275581042 0.00022734681630986984
228201.50000903595 0.00022323379624740954
228993.45618148448 0.00021910650225762755
229788.16077836952 0.00021496488480393064
230585.62333789226 0.00021080889417781
231385.85343135396 0.00020663848049825526
232188.8606632739 0.0002024535937111394
232994.65467150253 0.00019825418358862957
233803.24512733784 0.0001940401997285807
234614.64173564175 0.00018981159155392825
235428.8542349548 0.00018556830831209127
236245.89239761574 0.00018131029907434874
237065.76602987712 0.0001770375127352371
237888.48497202326 0.00017274989801193584
238714.05909848903 0.0001684474034436481
239542.4983179762 0.00016412997739099453
240373.81257357553 0.00015979756803537662
241208.01184288395 0.0001554501233783669
242045.10613812497 0.0001510875912410804
242885.10550626923 0.00014670991926354698
243728.0200291531 0.0001423170549040932
244573.85982360275 0.00013790894543869544
245422.63504155353 0.00013348553796035815
246274.3558701723 0.0001290467793784759
247129.0325319802 0.00012459261641819424
247986.67528497343 0.0001201229956197791
248847.29442274923 0.00011563786333796174
249710.90027462755 0.00011113716574130313
250577.5032057754 0.00010945469430531775
251447.1136173319 0.00010918993823731065
252319.741946531 0.00010892426335324751
253195.39866682977 0.00010865766646444609
254074.09428803218 0.0001083901443711581
254955.83935641564 0.0001081216938625309
255840.64445485763 0.00010785231171656873
256728.52020296326 0.000107581994700094
257619.47725719062 0.00010731073956870913
258513.52631098175 0.00010703854306675656
259410.67809488898 0.00010676540192728045
260310.94337670426 0.00010649131287198717
261214.33296158884 0.00010621627261120591
262120.8576922009 0.00010594027784384973
263030.5284488288 0.0001056633252573751
263943.3561495196 0.00010538541152774264
264859.35175021074 0.00010510653331937725
265778.5262448618 0.00010482668728512768
266700.8906655845 0.00010454587006622722
267626.45608277834 0.00010426407829225226
268555.23360526125 0.00010398130858108258
269487.23438040353 0.00010369755753886061
270422.46959426196 0.00010341282175995043
271360.9504717122 0.00010312709782689766
272302.6882765867 0.0001028403823103873
273247.69431180746 0.00010255267176920345
274195.97991952254 0.00010226396275018767
275147.55648124265 0.00010197425178819748
276102.4354179754 0.00010168353540606532
277060.6281903659 0.00010139181011455592
278022.1462988321 0.000101099072412325
278987.001283703 0.00010080531878587721
279955.20472535834 0.00010051054570952364
280926.7682443648 0.00010021474964534026
281901.7035016192 9.991792704312445e-05
282880.0221984859 9.962007434035303e-05
283861.73607693805 9.93211879621394e-05
284846.856919699 9.902126432119034e-05
285835.39655038144 9.872029981776379e-05
286827.3668336328 9.841829083962443e-05
287822.7796752752 9.811523376200124e-05
288821.64702244906 9.781112494754363e-05
289823.9808637571 9.750596074627772e-05
290829.79322940577 9.719973749556314e-05
291839.0961913531 9.68924515200482e-05
292851.90186345164 9.658409913162619e-05
293868.22240159387 9.627467662939121e-05
294888.0700038592 9.596418029959343e-05
295911.45691065746 9.565260641559531e-05
296938.39540488017 9.533995123782565e-05
297968.8978120446 9.50262110137357e-05
299002.9765004432 9.471138197775357e-05
300040.643881292 9.439546035123919e-05
301081.9124088775 9.407844234243955e-05
302126.7945807098 9.376032414644201e-05
303175.3029376698 9.344110194512952e-05
304227.45006416074 9.312077190713455e-05
305283.2485882598 9.279933018779286e-05
306342.71118186694 9.247677292909817e-05
307405.8505608609 9.215309625965472e-05
308472.6794852493 9.182829629463157e-05
309543.21075932245 9.150236913571573e-05
310617.4572318076 9.117531087106525e-05
311695.4317960206 9.084711757526297e-05
312777.1473900245 9.051778530926833e-05
313862.6169967824 9.018731012037074e-05
314951.8536443137 8.985568804214211e-05
316044.87040585116 8.952291509438892e-05
317141.68039999536 8.918898728310531e-05
318242.2967908759 8.885390060042388e-05
319346.7327883069 8.851765102456846e-05
320455.0016479461 8.81802345198056e-05
321567.116671454 8.784164703639614e-05
322683.09120665427 8.75018845105464e-05
323802.93864769104 8.716094286436022e-05
324926.672435194 8.681881800578878e-05
326054.30605643673 8.647550582858238e-05
327185.8530454994 8.613100221224079e-05
328321.326983432 8.578530302196374e-05
329460.74149841425 8.54384041086021e-05
330604.11026592366 8.509030130860675e-05
331751.4470088968 8.474099044397952e-05
332902.76549789455 8.439046732222283e-05
334058.07955126825 8.403872773628907e-05
335217.40303532267 8.368576746453109e-05
336380.74986448674 8.333158227065017e-05
337548.13400147745 8.297616790364609e-05
338719.56945746863 8.261952009776573e-05
339895.07029225933 8.226163457245194e-05
341074.65061444003 8.190250703229274e-05
342258.32458156615 8.154213316696865e-05
343446.10640032514 8.118050865120178e-05
344638.0103267076 8.081762914470366e-05
345834.0506661794 8.045349029212295e-05
347034.2417738501 8.008808772299404e-05
348238.5980546498 7.972141705168338e-05
349447.1339634991 7.935347387733749e-05
350659.8640054834 7.898425378383015e-05
351876.8027360276 7.861375233970905e-05
353097.96476106776 7.824196509814354e-05
354323.3647372312 7.78688875968699e-05
355553.01737200917 7.749451535813869e-05
356786.93742393394 7.711884388866079e-05
358025.13970275706 7.67418686795532e-05
359267.6390696242 7.636358520628584e-05
360514.4504372573 7.5983988928626e-05
361765.5887701314 7.560307529058455e-05
363021.06908465445 7.522083972036121e-05
364280.90644934855 7.483727763028938e-05
365545.1159850277 7.445238441678196e-05
366813.7128649837 7.40661554602748e-05
368086.7123151656 7.367858612517207e-05
369364.1296143627 7.328967175979054e-05
370645.98009438923 7.28994076963033e-05
371932.2791402647 7.250778925068496e-05
373223.04219040385 7.211481172265375e-05
374518.28473679814 7.17204703956162e-05
375818.0223252031 7.132476053661025e-05
377122.2705553253 7.092767739624822e-05
378431.04508100665 7.052921620866073e-05
379744.36161041673 7.012937219143814e-05
381062.23590623855 6.972814054557399e-05
382384.6837858583 6.932551645540725e-05
383711.7211215558 6.892149508856434e-05
385043.36384069227 6.85160715959019e-05
386379.62792590604 6.810924111144729e-05
387720.529415301 6.770099875234117e-05
389066.08440264023 6.729133961877854e-05
390416.3090375398 6.688025879394975e-05
391771.21952565934 6.646775134398255e-05
393130.8321289014 6.605381231788124e-05
394495.16316560353 6.56384367474683e-05
395864.22901073477 6.522161964732459e-05
397238.0460960931 6.480335601472914e-05
398616.63091049937 6.438364082960018e-05
400000.0000000001 6.396246905443338e-05
