91.0 0.0
94.0 0.0
96.0 0.0
98.0 0.0
100.0 0.0
102.0 0.0
104.0 5.369749440574687e-08
106.0 6.897049826378785e-08
108.0 9.100573503381879e-08
110.0 1.3189820796448348e-07
114.0 1.9256434783839484e-07
118.0 2.679479031545496e-07
121.0 1.0636200319584652e-06
125.0 1.3935181076734846e-06
127.0 1.5254500683522986e-06
128.0 1.6383421669176076e-06
131.0 1.874557522270408e-06
132.0 2.1750770623208588e-06
134.0 2.3815816658781924e-06
137.0 3.070687637727518e-06
140.0 3.544089857640701e-06
143.0 1.0133760053600677e-05
147.0 2.435143852688063e-05
151.0 2.6894370981373693e-05
155.0 3.0180475376572903e-05
159.0 3.3962232988818184e-05
162.0 3.643164132738214e-05
166.0 4.11133495922075e-05
170.0 4.5144115449674336e-05
173.0 4.8374005046472146e-05
177.0 5.269216423919959e-05
180.0 5.6152868274080795e-05
182.0 5.852832222736028e-05
186.0 6.310176320227249e-05
191.0 6.964365268541275e-05
194.0 7.406779107927368e-05
198.0 7.902023118507174e-05
202.0 8.532833704870277e-05
205.0 8.952018714202739e-05
210.0 9.309709246673268e-05
216.0 0.00010675856230582821
220.0 0.00011379192480594025
223.0 0.00011746916751798194
227.0 0.00012575512672365332
230.0 0.00019397185263517013
234.0 0.0003370045533302331
240.0 0.000454661052908876
246.0 0.00043492845221981537
252.0 0.00047928800661247155
257.0 0.0003981506295402781
260.0 0.00048784901465212397
264.0 0.0005226460975979984
269.0 0.0005342664252581835
274.0 0.0005408576540644227
279.0 0.0005498233601033342
284.0 0.0005583678924827893
290.0 0.000543348085089553
296.0 0.0005590328000543958
301.0 0.0005539916205375719
308.0 0.0005760896200158517
318.0 0.0006117036579765751
328.0 0.0006265416507408006
338.0 0.0006345486474116254
348.0 0.0006398819904255253
357.0 0.0006510142819135017
366.0 0.0006758203364474753
375.0 0.0006787903938084208
385.0 0.0006594183018038576
395.0 0.0007003062013285534
405.0 0.0007277129775010576
414.0 0.0007276542499302045
422.0 0.0007169329605750306
430.0 0.0007161889212065763
441.0 0.0007336740603841291
451.0 0.000732893644014843
460.0 0.0007201626065243372
470.0 0.0007237554765240721
480.0 0.0007417991889258265
490.0 0.0007158675570321262
500.0 0.0007498656528084941
506.0 0.0007238988029269442
512.0 0.000799496659735235
520.0 0.0007960048747211628
530.0 0.0007786310599835228
540.0 0.0007401002019990875
550.0 0.0007353519736314875
560.0 0.0007840282934519113
570.0 0.0008228274306307971
580.0 0.0008123063470572105
590.0 0.0008212837553397716
600.0 0.0007644030318578184
610.0 0.0006807373750877344
620.0 0.0008256334750887387
630.0 0.0008088878775708804
640.0 0.0008402529440069826
650.0 0.0008269830697098024
658.0 0.0007981592241992568
665.0 0.0008387633203761079
675.0 0.0008564822204656573
685.0 0.0008012827778220184
695.0 0.0008579224194133701
705.0 0.0007806938301902048
716.0 0.0008732818432449698
726.0 0.0008789090477465473
735.0 0.0008804885689178417
745.0 0.0008665096115528758
755.0 0.0008661019374744057
765.0 0.0007766209605782506
775.0 0.0008667829638156881
785.0 0.0008289030876198756
795.0 0.0008658443349573696
805.0 0.0008811153349739123
815.0 0.000883859752238229
825.0 0.0008849348443498755
835.0 0.0007885107236372221
845.0 0.0008871580548086486
855.0 0.0008820008786604344
865.0 0.000901383894504198
875.0 0.0009107205482748571
885.0 0.000916147955960241
895.0 0.0009196724141027855
905.0 0.000911486000899181
915.0 0.0009926772675618236
925.0 0.0017742423558364383
935.0 0.002689848293514842
945.0 0.00392854873448124
955.0 0.004835456648352453
965.0 0.004992871577521389
975.0 0.0019169687724064815
985.0 0.0038704013991564686
995.0 0.004192994681595753
1005.0 0.0060415575308087645
1015.0 0.006259465559249622
1025.0 0.003884194252538116
1035.0 0.004884247920028512
1045.0 0.008322820238518786
1055.0 0.008092640025405082
1065.0 0.006575377527086564
1075.0 0.007533811552536958
1085.0 0.0063197616414662735
1095.0 0.008372201089398876
1105.0 0.008113891557437934
1115.0 0.007758769941922956
1125.0 0.007045966988817967
1135.0 0.00924504607052011
1145.0 0.008656215651859147
1155.0 0.00922692572697503
1165.0 0.009179913336948725
1175.0 0.00635209327888009
1185.0 0.009248252107218531
1195.0 0.006537596153638385
1205.0 0.005082869492835556
1208.72 0.004847144839788925
1208.8 0.004842027129943693
1208.87 0.004837547468773
1208.94 0.004833066253833952
1209.02 0.0048279429631064305
1209.09 0.004823458419576563
1209.16 0.0048189723231302165
1209.23 0.00481448467403844
1209.31 0.004809354031368389
1209.38 0.004804863056091709
1209.45 0.004800370529021229
1209.53 0.004795234312561107
1209.6 0.00479073846113046
1209.67 0.004786241058757411
1209.75 0.004781099271565424
1209.82 0.004776598546656494
1209.89 0.0047720962716564
1209.96 0.004767592446835966
1210.04 0.004762443321077893
1210.11 0.004757936176125638
1210.18 0.004753427482203965
1210.26 0.004748272792800709
1210.33 0.004743760780570501
1210.4 0.004739247220221641
1210.47 0.0047347321120248
1210.55 0.004729570093394381
1210.62 0.004725051669291708
1210.69 0.004720531698191518
1210.77 0.0047153641229986
1210.84 0.004710840837814815
1210.91 0.004706316006483781
1210.99 0.00470114287778238
1211.06 0.0046966147341895425
1211.13 0.004692085045299503
1211.2 0.0046875538113827385
1211.28 0.004682373366812379
1211.35 0.00467783882303452
1211.42 0.004673302735079673
1211.5 0.004668116744077695
1211.57 0.004663577348082484
1211.64 0.0046590364087598386
1211.72 0.004653844874377715
1211.79 0.004649300628834962
1211.86 0.0046447548408141215
1211.93 0.004640207510585384
1212.01 0.0046350086736813255
1212.08 0.004630458039631172
1212.15 0.0046259058642221735
1212.23 0.004620701491008794
1212.3 0.004616146013597527
1212.37 0.00461158899567625
1212.44 0.004607030437514969
1212.52 0.0046018187710974885
1212.59 0.004597256913331187
1212.66 0.004592693516173421
1212.74 0.004587476320513144
1212.81 0.004582909625568377
1212.88 0.004578341392080441
1212.96 0.004573118670224334
1213.03 0.004568547140766944
1213.1 0.004563974073614477
1213.17 0.004559399469036709
1213.25 0.004554169467303756
1213.32 0.004549591569151621
1213.39 0.004545012134421954
1213.47 0.0045397766135533936
1213.54 0.004535193887065759
1213.61 0.004530609624848135
1213.69 0.004525368587888143
1213.76 0.004520781035728419
1213.83 0.00451619194868601
1213.9 0.004511601327030437
1213.98 0.004506353023508832
1214.05 0.004501759114304082
1214.12 0.004497163671333165
1214.2 0.004491909858773881
1214.27 0.004487311130068482
1214.34 0.004482710868443667
1214.41 0.004478109074168785
1214.49 0.004472848004342972
1214.56 0.0044682429267249545
1214.63 0.0044636363173033
1214.71 0.004458369745488942
1214.78 0.004453759854537646
1214.85 0.004449148432628923
1214.93 0.004443876361865346
1215.0 0.004439261660239963
1215.07 0.004434645428503075
1215.14 0.004430027666923786
1215.22 0.004424748352187688
1215.29 0.004420127313280789
1215.36 0.004415504745377116
1215.44 0.004410219938734161
1215.51 0.004405594095314619
1215.58 0.004400966723743648
1215.66 0.004395676428230266
1215.73 0.004391045782954656
1215.8 0.0043864136103727355
1215.87 0.004381779910753356
1215.95 0.0043764823845485286
1216.02 0.004371845413611191
1216.09 0.004371758087184271
1216.17 0.0044028709304841825
1216.24 0.00443010249080495
1216.31 0.004457341350680227
1216.38 0.00448458750878982
1216.46 0.0045157349101206294
1216.53 0.004542996702858513
1216.6 0.004570265789682366
1216.68 0.004601439390179441
1216.75 0.004628724102744437
1216.82 0.004656016105248931
1216.9 0.0046872158900187495
1216.97 0.0047145235093810425
1217.04 0.004741838414538165
1217.11 0.00476916060417176
1217.19 0.004800394881829205
1217.26 0.004827732676616617
1217.33 0.00485507775173821
1217.41 0.004886338179167669
1217.48 0.0049136988505687346
1217.55 0.004941066798163528
1217.63 0.004972353360493145
1217.7 0.004999736895496961
1217.77 0.005027127702555869
1217.84 0.00505452578035343
1217.92 0.005085846770521798
1217.99 0.005113260424041506
1218.06 0.005140681344163666
1218.14 0.005172028434781859
1218.21 0.005199464921764852
1218.28 0.005226908671215905
1218.35 0.005254359681819946
1218.43 0.0052857411548885
1218.5 0.0053132077206785875
1218.57 0.005340681543489733
1218.65 0.005372089082593396
1218.72 0.005399578451738451
1218.79 0.005427075073774517
1218.87 0.0054585086640786765
1218.94 0.0054860208236006125
1219.01 0.005513540231885284
1219.08 0.005541066887619624
1219.16 0.005572534795488657
1219.23 0.0056000769770514795
1219.3 0.005627626401938261
1219.38 0.0056591203266446585
1219.45 0.0056866852685211
1219.52 0.005714257449597679
1219.6 0.005745777376329209
1219.67 0.005773365065560771
1219.74 0.005800959989870422
1219.81 0.005828562147947136
1219.89 0.005860116327455744
1219.96 0.005887733982047724
1220.03 0.005915358866287316
1220.11 0.0059469390135099805
1220.18 0.005974579385439584
1220.25 0.006002226982899187
1220.32 0.006029881804579136
1220.4 0.006061496159374862
1220.47 0.006089166457117607
1220.54 0.0061168439749657
1220.62 0.006148484263201189
1220.69 0.006176177248296346
1220.76 0.00620387744938366
1220.84 0.00623554365628548
1220.91 0.00626325931580816
1220.98 0.006290982187211842
1221.05 0.006318712269188934
1221.13 0.00635041261904487
1221.2 0.006378158147848156
1221.27 0.006405910883116231
1221.35 0.006437637117417333
1221.42 0.006465405290709628
1221.49 0.006493180666359964
1221.57 0.006524932770355883
1221.64 0.006552723575232536
1221.71 0.006580521578362523
1221.78 0.00660832677844029
1221.86 0.006640112960872307
1221.93 0.006667933578585579
1222.0 0.006695761389144424
1222.08 0.006727573407104019
1222.15 0.006755416626510193
1222.22 0.00678326703466179
1222.29 0.00681112463025473
1222.37 0.006842970681636756
1222.44 0.006870843674499071
1222.51 0.006898723850705059
1222.59 0.006930595703485411
1222.66 0.006958491268182447
1222.73 0.006986394012127582
1222.81 0.007018291651595636
1222.88 0.0070462097752576995
1222.95 0.007074135074074283
1223.02 0.0071020675467434085
1223.1 0.007133999155290156
1223.17 0.007161946996116884
1223.24 0.007189902006705092
1225.0 0.007849607704456345
1235.0 0.010994171414847022
1245.0 0.01223153606736801
1255.0 0.011770184468272481
1265.0 0.010487975676847594
1275.0 0.013211727584120342
1285.0 0.014402860107588423
1295.0 0.010944682234189812
1305.0 0.011023377300717061
1315.0 0.014388843422416538
1325.0 0.013721010022632414
1335.0 0.012270299158696162
1345.0 0.01483064084140379
1355.0 0.014709680880016236
1365.0 0.013034755789865893
1375.0 0.013809656354569204
1385.0 0.013679441947567206
1395.0 0.011916400198149464
1405.0 0.012057203434799626
1415.0 0.013086225288281152
1425.0 0.013676423760351232
1435.0 0.013840566416844167
1442.0 0.014698056977949755
1447.0 0.0150053285110807
1455.0 0.014617049600745936
1465.0 0.013486867108318071
1475.0 0.013680452065744994
1485.0 0.014202998684358486
1495.0 0.014545982494710024
1505.0 0.01388573527423284
1512.0 0.012506318128042168
1517.0 0.0132052730111015
1525.0 0.012647975669757722
1535.0 0.010993365692403117
1545.0 0.011829765591307185
1555.0 0.011489494588564122
1565.0 0.012030906064048054
1575.0 0.013236841709564656
1585.0 0.014107394182164633
1595.0 0.014458309459966156
1605.0 0.014474404110033845
1615.0 0.014617021822109003
1625.0 0.014131496339583547
1635.0 0.015195859662590556
1645.0 0.015738898066670524
1655.0 0.015010493664824579
1665.0 0.01600725911293976
1672.0 0.014926060636014073
1677.0 0.016587432899896927
1685.0 0.017845567710240092
1695.0 0.01714162734809449
1705.0 0.016856513097444143
1715.0 0.016024457431275663
1725.0 0.016161376041919143
1735.0 0.017702720717978966
1745.0 0.01771594789389061
1755.0 0.019024312374036907
1765.0 0.018225351650520166
1775.0 0.018575435534653545
1785.0 0.019368807772817482
1795.0 0.021040738509900226
1805.0 0.021445437293732647
1815.0 0.020117289119194786
1825.0 0.02104312173428757
1835.0 0.020939177998568807
1845.0 0.01977051796630175
1855.0 0.020424342128912684
1865.0 0.02133123182095939
1875.0 0.023603200280126187
1885.0 0.022185495784252097
1895.0 0.02199939025425558
1905.0 0.02407914298282309
1915.0 0.02360258268903209
1925.0 0.023837828336889688
1935.0 0.02541690859389111
1945.0 0.02711207676766806
1955.0 0.025853802164138382
1967.0 0.02905083365741212
1976.0 0.03076805940972724
1984.0 0.03026033712601659
1995.0 0.030299742133609194
2005.0 0.032497546673002246
2015.0 0.033067534768334725
2025.0 0.03481917137923479
2035.0 0.03403881274784321
2045.0 0.03563797134108678
2055.0 0.032934634035812885
2065.0 0.03498603185736155
2074.0 0.040091641793422395
2078.0 0.0391591717411172
2085.0 0.040941739134470564
2095.0 0.04039322947520577
2105.0 0.04247941424413804
2115.0 0.04453328991262606
2125.0 0.04574951061866132
2135.0 0.04599557345805844
2145.0 0.04753964082670009
2155.0 0.04995020312095833
2165.0 0.05066435079747438
2175.0 0.0521014515582775
2185.0 0.05323969451478644
2195.0 0.05614277137501706
2205.0 0.0569287097068665
2215.0 0.05706117689745754
2225.0 0.05844541682677452
2235.0 0.060965175098170614
2245.0 0.06178398219253363
2255.0 0.06188600701299632
2265.0 0.06473271991009745
2275.0 0.06699591810318407
2285.0 0.06902686581503835
2295.0 0.06664342416383674
2305.0 0.06997888108682139
2315.0 0.07067484179198658
2325.0 0.0659246880758207
2335.0 0.07272671279553061
2345.0 0.0746321158236988
2355.0 0.07727373291470785
2365.0 0.07737418135969419
2375.0 0.07885175984848354
2385.0 0.07864377881655606
2395.0 0.08294374598112077
2405.0 0.08421059166578783
2415.0 0.08679872992473092
2425.0 0.09055333543676636
2435.0 0.0913422919469657
2445.0 0.09602099787546768
2455.0 0.0978877757383952
2465.0 0.09920791560488353
2475.0 0.10016842110221381
2485.0 0.0976743700361403
2495.0 0.08470152797026631
2505.0 0.10318334373209455
2513.0 0.10296964958249323
2518.0 0.10735040353541851
2525.0 0.10947176903463826
2535.0 0.11286426442054216
2545.0 0.11343874412850952
2555.0 0.11964289127872808
2565.0 0.12094282002888944
2575.0 0.12515264205068588
2585.0 0.12770977925883187
2595.0 0.12914292553590698
2605.0 0.1310352000822447
2615.0 0.13202717087719812
2625.0 0.13736628501221998
2635.0 0.14230098073025108
2645.0 0.14987242957534588
2655.0 0.1553327422543054
2665.0 0.14976967287690338
2675.0 0.15430519590784916
2685.0 0.15883841860502265
2695.0 0.1564528877961763
2705.0 0.16013268376459086
2715.0 0.16029297865504907
2725.0 0.16363513162717602
2735.0 0.16681944188301495
2745.0 0.16578717699801798
2755.0 0.17005378448874156
2765.0 0.1739585527847121
2775.0 0.18093138668229422
2785.0 0.18012838876736073
2795.0 0.17430305124381099
2805.0 0.18046606300067697
2815.0 0.18919149877845953
2825.0 0.19716285064143885
2835.0 0.1952664507189024
2845.0 0.19645944950604238
2855.0 0.19663680227587754
2865.0 0.20639201534853832
2875.0 0.2116794544240578
2885.0 0.21618518106231782
2895.0 0.22052864398097813
2910.0 0.2343660859484829
2930.0 0.23812136734463155
2950.0 0.2404384060716883
2970.0 0.24747867820337244
2990.0 0.25278719510575276
3010.0 0.2554316813989463
3030.0 0.2675528035156327
3050.0 0.2757634526145295
3070.0 0.2863767538057937
3090.0 0.2895915040751348
3110.0 0.30503585923403254
3130.0 0.30685748450867323
3150.0 0.31763066692650416
3170.0 0.3255070064656398
3190.0 0.3242227915228516
3210.0 0.33188511261889225
3230.0 0.335491314198095
3250.0 0.35685625518942327
3270.0 0.3690874575517641
3290.0 0.37827062254193805
3310.0 0.3790578613530346
3330.0 0.4057958885196488
3350.0 0.4192714770244788
3370.0 0.3847906454628882
3390.0 0.42697018838846257
3410.0 0.41936454404063955
3430.0 0.4418179393036492
3450.0 0.44001635715826354
3470.0 0.4426102800351752
3490.0 0.45876690059765846
3510.0 0.4594636717121659
3530.0 0.468248036044553
3550.0 0.4984151804248612
3570.0 0.4834445197510424
3590.0 0.5368685838681958
3610.0 0.4833962642962309
3630.0 0.4001980365586288
3640.0 0.549877806375054
3650.0 0.5911173711717681
3670.0 0.6397953148308371
3690.0 0.5409668926386717
3704.66 0.5973271250817556
3704.88 0.5955530077160672
3705.11 0.5936979927924569
3705.33 0.5919233859568652
3705.55 0.590148539825473
3705.78 0.5882927630117366
3706.0 0.5865174274129179
3706.22 0.5847418525195225
3706.45 0.5828853138195415
3706.67 0.5811092494612218
3706.89 0.5793329458095635
3707.12 0.5774756452272715
3707.34 0.5757408712736197
3707.56 0.5742720024559427
3707.79 0.5727361544499183
3708.01 0.5712668792564042
3708.24 0.5697306064036255
3708.46 0.568260924835631
3708.68 0.5667910445961685
3708.91 0.5652541391964107
3709.13 0.563783852584505
3709.35 0.5623133673021353
3709.58 0.5607758293585987
3709.8 0.5593049377058537
3710.0 0.5579487292285985
3710.02 0.5577772614997736
3710.25 0.5558052321415398
3710.47 0.5539186841088224
3710.7 0.5519461130355252
3710.92 0.550059046841555
3711.14 0.5481717273250323
3711.37 0.5461983497020279
3711.59 0.5443105120272114
3711.81 0.5424224210312972
3712.04 0.5404482368632181
3712.26 0.5385596277120037
3712.48 0.5366707652411643
3712.71 0.5347795354363605
3712.93 0.5333508756086859
3713.16 0.5318570706700249
3713.38 0.5304280167023577
3713.6 0.5289987700445575
3713.83 0.527504351602801
3714.05 0.5260747108071666
3714.27 0.5246448773224621
3714.5 0.5231498453809904
3714.72 0.5217196177606401
3714.94 0.5202891974522889
3715.17 0.5187935520145255
3715.39 0.518875771827595
3715.62 0.526080363305504
3715.84 0.5329726337351863
3716.06 0.5398658057317203
3716.29 0.5470732676942076
3716.51 0.5539682837973302
3716.73 0.5608642014599883
3716.96 0.5680745338837632
3717.18 0.5749722956379716
3717.4 0.5818709589443687
3717.63 0.589084161805948
3717.85 0.5959846691887337
3718.08 0.6037628912164922
3718.3 0.6131430440215095
3718.52 0.6225244238886448
3718.75 0.6323335421028872
3718.97 0.6417174318595369
3719.19 0.6511025486682426
3719.42 0.6609155736741881
3719.64 0.670303200351646
3719.86 0.6796920540709792
3720.09 0.6895089858362101
3720.31 0.6989003494033862
3720.53 0.7082929400021736
3720.76 0.7196322395312065
3720.98 0.735709106741946
3721.21 0.7525189904018437
3721.43 0.7686001614910087
3721.65 0.7846834366898006
3721.88 0.8015000195911741
3722.1 0.8175875986324906
3722.32 0.833677281765827
3722.55 0.8505005638526254
3722.77 0.8665945507923326
3722.99 0.8826906418062829
3723.22 0.8995206230220071
3723.44 0.9130623545988006
3723.67 0.9181260019879343
3723.89 0.9229701323692264
3724.11 0.9278148900656773
3724.34 0.9328805347536578
3724.56 0.9377265755887368
3724.78 0.942573243733115
3725.01 0.9476408857012838
3725.23 0.9524888369722615
3725.45 0.9573374155466259
3725.68 0.9624070547761939
3725.9 0.9672569164650643
3726.13 0.9695562990666375
3726.35 0.9642440700448828
3726.57 0.9589311363905507
3726.8 0.9533759523501911
3727.02 0.9480615774073745
3727.24 0.9427464978372718
3727.47 0.9371890703451663
3727.69 0.9318725494974056
3727.91 0.9265553240276957
3728.14 0.9209956531008054
3728.36 0.9156769863643816
3728.59 0.9101158086625296
3728.81 0.9016893965403039
3729.03 0.8826997474504641
3729.26 0.862844265369251
3729.48 0.8438495139630383
3729.7 0.8248522681015132
3729.93 0.8049888439632225
3730.0 0.7989429128582886
3730.15 0.7859864958282547
3730.37 0.7669816532591232
3730.6 0.7471102871309637
3730.82 0.7281003423317355
3731.05 0.7082236420692671
3731.27 0.6892085950693232
3731.49 0.6727465210432865
3731.72 0.6646180076315045
3731.94 0.6568418614663051
3732.16 0.649064692176863
3732.39 0.6409329212558263
3732.61 0.633153659221007
3732.83 0.6253733740705689
3733.06 0.617238345667736
3733.28 0.609455967789631
3733.51 0.601318751541413
3733.73 0.593534280947645
3733.95 0.5857487872528098
3734.18 0.5785924909622788
3734.4 0.5744138552444897
3734.62 0.5702346682287709
3734.85 0.5658649287125541
3735.07 0.561684614046641
3735.29 0.5575037480873898
3735.52 0.553132253316948
3735.74 0.5489502597169408
3735.96 0.544767714828207
3736.19 0.5403944648182761
3736.41 0.5362107922982985
3736.64 0.5318363634045044
3736.86 0.5291190306358582
3737.08 0.5303148402216814
3737.31 0.5315651669001741
3737.53 0.5327612866117316
3737.75 0.5339575579394219
3737.98 0.535208367346145
3738.2 0.5364049487959225
3738.42 0.5376016818600514
3738.65 0.5388529739893174
3738.87 0.5400500171718678
3739.1 0.5413016335145592
3739.32 0.5424989868130639
3739.54 0.5407068150621941
3739.77 0.5304975009965699
3739.99 0.5207307618482241
3740.21 0.5109627434741836
3740.44 0.5007493565020303
3740.66 0.4909787215420465
3740.88 0.48120680736812754
3741.11 0.4709893475268866
3741.33 0.46121481679116394
3741.56 0.4509946214619867
3741.78 0.4412174741807308
3742.0 0.43143904770542524
3742.23 0.427823291253696
3742.45 0.4388136417103533
3742.67 0.44980542171763044
3742.9 0.46129835658060586
3743.12 0.47229306065420906
3743.34 0.4832891942643128
3743.57 0.4947866806060232
3743.79 0.5057857382534777
3744.02 0.5172862815331332
3744.24 0.5282882631983917
3744.46 0.5392916743763406
3744.69 0.5507967690589197
3744.91 0.5609180616658324
3745.13 0.5691440251002217
3745.36 0.5777450368422283
3745.58 0.5859731828236151
3745.8 0.5942023958225493
3746.03 0.6028068048249062
3746.25 0.6110382003484828
3746.48 0.6196448910732831
3746.7 0.6278784691064243
3746.92 0.6361131141387453
3747.15 0.6447232020654172
3747.37 0.6529600295846921
3747.59 0.6577826255308943
3747.82 0.6551734191351413
3748.04 0.6526773183753706
3748.26 0.6501808870099767
3748.49 0.647570628004194
3748.71 0.6450735204029685
3748.93 0.6425760821990024
3749.16 0.6399647705923271
3750.0 0.6304247368023405
3770.0 0.6043660623092207
3790.0 0.7159202101266146
3810.0 0.8127705887083712
3830.0 0.5713672868073917
3850.0 0.7814306627539593
3870.0 0.874514340336255
3890.0 0.6369639484206848
3910.0 0.8332607609060984
3930.0 0.7049557803452383
3950.0 0.8386309200160085
3970.0 0.5840923823315887
3990.0 1.0
4010.0 1.0450317298803091
4030.0 1.0619702056711977
4050.0 1.085053732893307
4070.0 1.001891751311044
4078.2 1.0567466870397857
4078.45 1.0498959909933934
4078.7 1.0430443678866719
4078.94 1.036465937535784
4079.19 1.0296124974218517
4079.43 1.0230323227637952
4079.68 1.016177065683792
4079.93 1.0093208815961485
4080.17 1.0171688540102126
4080.42 1.0283515016413722
4080.66 1.0390882417611962
4080.91 1.050273802695742
4081.16 1.0614608499831044
4081.4 1.0722018137231026
4081.65 1.0833917742100696
4081.9 1.094583220996857
4082.14 1.1053284082063954
4082.39 1.1165227680888248
4082.63 1.1272707518371197
4082.88 1.1247399573319585
4083.13 1.121014989047221
4083.37 1.1174385410278687
4083.62 1.113712575944545
4083.86 1.1101351710092173
4084.11 1.1064082091495544
4084.36 1.1026807387391135
4084.6 1.099101888705908
4084.85 1.0953734215527782
4085.1 1.0916444458660557
4085.34 1.0882420351378037
4085.59 1.0889594805060907
4085.83 1.089648308539122
4086.08 1.0903659215717398
4086.33 1.0910836201454783
4086.57 1.091772691252158
4086.82 1.0924905574827546
4087.06 1.0931797895376394
4087.31 1.0938978234201395
4087.56 1.094615942837416
4087.8 1.0953054179479211
4088.05 1.0958823956080648
4088.3 1.0957175160682564
4088.54 1.095559201271943
4088.79 1.0953942583195533
4089.03 1.095235882647392
4089.28 1.0950708762829
4089.53 1.0949058375654808
4089.77 1.0947473699592405
4090.0 1.0945954771913264
4090.02 1.0945822678304478
4090.26 1.0944237393495213
4090.51 1.09425857380984
4090.76 1.0936024526005017
4091.0 1.0917605273496818
4091.25 1.0898415943529762
4091.5 1.08792239517507
4091.74 1.0860797135437514
4091.99 1.0841599926592675
4092.23 1.0823168101950866
4092.48 1.080396567615394
4092.73 1.0784760588690616
4092.97 1.0766321200657618
4093.22 1.074711089641418
4093.47 1.06528795128245
4093.71 1.0454372043950129
4093.96 1.0247566329904563
4094.2 1.004900682811661
4094.45 0.9842146913759342
4094.7 0.9635259346675531
4094.94 0.9436621266899639
4095.19 0.9229679501440412
4095.43 0.9030989391840624
4095.68 0.8823993429289949
4095.93 0.8616969815657136
4096.17 0.8491528624605221
4096.42 0.8437231476326281
4096.67 0.8382927018907462
4096.91 0.8330787863427542
4097.16 0.8276469080347415
4097.4 0.8224316172393491
4097.65 0.8169983063987263
4097.9 0.8115642646870446
4098.14 0.8063468970484362
4098.39 0.8009114228548395
4098.63 0.7956926800497447
4098.88 0.7944348401711908
4099.13 0.795963055311765
4099.37 0.797430326096547
4099.62 0.7989589250884332
4099.87 0.800487719918989
4100.11 0.8019555471989347
4100.36 0.8034847258657599
4100.6 0.8049529216237444
4100.85 0.8064824841168657
4101.1 0.8080122424358851
4101.34 0.8094809946527333
4101.59 0.814106774004461
4101.83 0.8197038718793221
4102.08 0.8255349341909679
4102.33 0.8313667638658802
4102.57 0.8369660422801911
4102.82 0.842799375959101
4103.07 0.8486334769726929
4103.31 0.8542349358452526
4103.56 0.8600705408067734
4103.8 0.8656734434514838
4104.05 0.8715105523237572
4104.3 0.8683598530668573
4104.54 0.8636910503529153
4104.79 0.8588270731893504
4105.03 0.8541570397564789
4105.28 0.8492917806091851
4105.53 0.8444258674002457
4105.77 0.839753975385789
4106.02 0.83488678023895
4106.27 0.830018931053868
4106.51 0.8253451805243619
4106.76 0.8204760494472879
4107.0 0.8268500931674233
4107.25 0.8345369567288694
4107.5 0.8422248326985565
4107.74 0.8496061460912581
4107.99 0.857296006344012
4108.23 0.8646792246248672
4108.48 0.8723710691115282
4108.73 0.8800639259434708
4108.97 0.8874500209047009
4109.22 0.8951448618962093
4109.47 0.9030902276891637
4109.71 0.9164678961803877
4109.96 0.9304047702982126
4110.0 0.9326348408670876
4110.2 0.943785900091961
4110.45 0.9577263796887129
4110.7 0.9716686987811913
4110.94 0.9850550556859871
4111.19 0.9990009801227286
4111.44 1.0129487439864364
4111.68 1.0263403278069356
4111.93 1.0402916968800244
4112.17 1.0519344013299594
4112.42 1.0512854557736129
4112.67 1.050636414408335
4112.91 1.0500132445615107
4113.16 1.0493640154134936
4113.4 1.0487406652970004
4113.65 1.048091248369913
4113.9 1.047441735638593
4114.14 1.0468181132847898
4114.39 1.0461684127799507
4114.64 1.045518616473714
4114.88 1.044746393763133
4115.13 1.0434783250869102
4115.37 1.0422608120413552
4115.62 1.040992395207929
4115.87 1.0397238007462268
4116.11 1.0385057829521631
4116.36 1.0372368403448273
4116.6 1.0360184883346333
4116.85 1.034749197589338
4117.1 1.033479729225593
4117.34 1.0322608724948203
4117.59 1.031164807689834
4117.84 1.030377500578774
4118.08 1.0296215787309158
4118.33 1.0288340486600944
4118.57 1.0280779127730748
4118.82 1.0272901597470967
4119.07 1.0265022929702652
4119.31 1.025745833848815
4119.56 1.0249577441237931
4119.81 1.0241695406514748
4120.05 1.0234127583057104
4120.3 1.0278538083619164
4120.54 1.037556760436275
4120.79 1.0476653021448057
4121.04 1.0577751703307448
4121.28 1.0674818917232967
4121.53 1.077594359755302
4121.77 1.0873035769685333
4122.02 1.0974186447807934
4122.27 1.107535038986175
4122.51 1.1172480252780528
4122.76 1.12736701916417
4123.01 1.1282576534061342
4123.25 1.1232053895541505
4123.5 1.117941923233013
4123.74 1.1128883317564304
4123.99 1.1076234825098092
4124.24 1.1023579277019186
4124.48 1.0973023313024404
4124.73 1.0920353936198846
4124.97 1.0869784696768778
4125.22 1.0817101491533523
4125.47 1.0764411231117132
4125.71 1.0795496165939977
4125.96 1.0862914544068993
4126.21 1.0930341719559766
4126.45 1.099508008448173
4126.7 1.10625245024669
4126.94 1.1127279419970597
4127.19 1.119474108000655
4130.0 1.1676560188653071
4150.0 1.1416637488604717
4170.0 1.1076378482439257
4190.0 1.101594006623292
4210.0 1.1553028243839099
4230.0 1.1224495817766502
4250.0 1.1822004095921785
4270.0 1.2252389846717735
4290.0 1.1582935856729304
4310.0 0.9990236653293879
4315.65 1.0954868800894595
4315.91 1.1010503358589532
4316.17 1.117224791506781
4316.43 1.1334013355569326
4316.69 1.1495799679731722
4316.95 1.1657606887194212
4317.21 1.1819434977594185
4317.47 1.1981283950569466
4317.73 1.214315380575718
4317.99 1.2305044542796009
4318.25 1.2466956161322829
4318.52 1.26351172510384
4318.78 1.2618303124021013
4319.04 1.2558920059102354
4319.3 1.2499529180817759
4319.56 1.244013048929936
4319.82 1.238072398467958
4320.08 1.232130966709023
4320.34 1.2261887536663831
4320.6 1.220245759353271
4320.86 1.214301983782948
4321.12 1.2083574269686168
4321.38 1.2040666610832613
4321.64 1.2017057875347628
4321.9 1.1993445971737693
4322.16 1.19698309000549
4322.42 1.1946212660351592
4322.68 1.1922591252680037
4322.94 1.1898966677092635
4323.2 1.187533893364154
4323.46 1.1851708022379177
4323.73 1.1827164877057945
4323.99 1.1796360222695235
4324.25 1.1735446924264772
4324.51 1.1674525633952053
4324.77 1.1613596351893278
4325.03 1.1552659078224925
4325.29 1.1491713813082862
4325.55 1.143076055660367
4325.81 1.1369799308923754
4326.07 1.130883007017978
4326.33 1.1247852840507835
4326.59 1.1186867620044691
4326.85 1.118591266506118
4327.11 1.1192789067904902
4327.37 1.1199666258094498
4327.63 1.1206544235613802
4327.89 1.1213423000446705
4328.15 1.1220302552577044
4328.41 1.1227182891988738
4328.67 1.1234064018665622
4328.94 1.1241210637310166
4329.2 1.1248093368746874
4329.46 1.1229276234697794
4329.72 1.1194392620509728
4329.98 1.1159504396235145
4330.0 1.1156820495727404
4330.24 1.11246115619519
4330.5 1.1089714117738245
4330.76 1.1054812063672337
4331.02 1.101990539983238
4331.28 1.0984994126296692
4331.54 1.09500782431433
4331.8 1.0915157750450581
4332.06 1.0887062573863082
4332.32 1.0874331994664657
4332.58 1.086159967262009
4332.84 1.0848865607757614
4333.1 1.0836129800105427
4333.36 1.0823392249691786
4333.62 1.0810652956544833
4333.88 1.0797911920692844
4334.15 1.0784679000496018
4334.41 1.077193441229434
4334.67 1.0756600756044967
4334.93 1.0676577714316027
4335.19 1.0596544249639266
4335.45 1.051650036219487
4335.71 1.0436446052163937
4335.97 1.0356381319727348
4336.23 1.0276306165066333
4336.49 1.0196220588361344
4336.75 1.0116124589793734
4337.01 1.0036018169544647
4337.27 0.99559013277953
4337.53 0.9918903112386215
4337.79 0.9897790709957244
4338.05 0.9876675495760674
4338.31 0.9855557469843917
4338.57 0.9834436632254476
4338.83 0.9813312983039675
4339.09 0.979218652224704
4339.35 0.9771057249924073
4339.62 0.974911233751843
4339.88 0.9727977334146145
4340.14 0.9742056300703291
4340.4 0.9797225884445891
4340.66 0.9852402487021502
4340.92 0.9907586108303876
4341.18 0.996277674816692
4341.44 1.00179744064843
4341.7 1.0073179083130221
4341.96 1.0128390777978262
4342.22 1.0183609490902157
4342.48 1.0238835221775402
4342.74 1.0285079310630125
4343.0 1.0281888448759022
4343.26 1.0278697083114345
4343.52 1.0275505213702851
4343.78 1.0272312840531281
4344.04 1.0269119963606377
4344.3 1.026592658293489
4344.57 1.026260984675567
4344.83 1.0259415439237098
4345.09 1.0256220527992492
4345.35 1.0253025113028615
4345.61 1.0297299321230742
4345.87 1.034777128549185
4346.13 1.0398249648230171
4346.39 1.0448734409329858
4346.65 1.0499225568674841
4346.91 1.054972312614954
4347.17 1.060022708163781
4347.43 1.0650737435023643
4347.69 1.0701254186190816
4347.95 1.0751777335023602
4348.21 1.0801582961998806
4348.47 1.0850774351138786
4348.73 1.0899971964802655
4348.99 1.0949175802877589
4349.25 1.0998385865250218
4349.51 1.1047602151807299
4349.78 1.1098717960216873
4350.0 1.1140372840776291
4350.04 1.1147946934183732
4350.3 1.1197182131990746
4350.56 1.124642355352452
4350.82 1.1279394217974483
4351.08 1.1268185802268325
4351.34 1.125697584554203
4351.6 1.1245764347820753
4351.86 1.1234551309129701
4352.12 1.122333672949396
4352.38 1.1212120608938763
4352.64 1.1200902947489293
4352.9 1.1189683745170795
4353.16 1.1178463002008414
4353.42 1.1167240718027405
4353.68 1.1252777694156055
4353.94 1.1342196226430348
4354.2 1.1431626130942585
4354.46 1.1521067407486343
4354.72 1.1610520055855453
4354.99 1.1703425226782298
4355.25 1.1792901055541263
4355.51 1.188238825549873
4355.77 1.197188682644826
4356.03 1.2061396768183015
4356.29 1.2085142252970142
4356.55 1.2079655098728073
4356.81 1.2074167132336966
4357.07 1.206867835380889
4357.33 1.206318876315589
4357.59 1.205769836039005
4357.85 1.2052207145523437
4358.11 1.204671511856816
4358.37 1.2041222279536263
4358.63 1.203572862843987
4358.89 1.2043869403464778
4359.15 1.2073828892192875
4359.41 1.2103792111122857
4359.67 1.213375906018492
4359.93 1.2163729739309344
4360.2 1.2194857084803958
4360.46 1.2224835367301015
4360.72 1.2254817379648444
4360.98 1.228480312177633
4361.24 1.2314792593615045
4361.5 1.2344472069066543
4361.76 1.2371749847071392
4362.02 1.239903100647673
4362.28 1.2426315547218811
4362.54 1.2453603469234185
4362.8 1.248089477245907
4363.06 1.250818945682978
4363.32 1.2535487522282491
4363.58 1.2562788968753662
4363.84 1.2590093796179451
4364.1 1.2617402004496077
4364.36 1.2582197526618197
4364.62 1.2532102702432864
4364.88 1.2482001357862784
4365.15 1.2429966137241917
4365.41 1.2379851501475991
4365.67 1.2329730345676324
4365.93 1.227960266995853
4366.19 1.2229468474438414
4366.45 1.2179327759231326
4366.71 1.2129180524453154
4366.97 1.209344557003157
4367.23 1.2070065700496577
4367.49 1.2046682734531584
4370.0 1.1926083887343004
4390.0 1.1729164574582536
4410.0 1.1967628418846434
4430.0 1.3145814010464059
4450.0 1.3332123388521397
4470.0 1.351287949881317
4490.0 1.3271040208223517
4510.0 1.435096754373928
4530.0 1.3097949868139804
4550.0 1.33524711810925
4570.0 1.5268569102951344
4590.0 1.395068496339826
4610.0 1.5205280441800881
4630.0 1.4453297062921042
4650.0 1.4335023808864902
4670.0 1.352240469055612
4690.0 1.5075688421698987
4710.0 1.5113188335838388
4730.0 1.4628235924692239
4750.0 1.5573007297005057
4770.0 1.5148565409713706
4790.0 1.5474005425002402
4810.0 1.4973912974304162
4830.0 1.397890136261237
4834.84 1.4721791811598373
4835.13 1.4726529289900232
4835.42 1.4731267227128826
4835.71 1.4736005623268422
4836.0 1.4740744478303283
4836.29 1.4688192181869952
4836.59 1.4631703883680867
4836.88 1.4577091471897463
4837.17 1.45224721230508
4837.46 1.4467845837334858
4837.75 1.4413212614943631
4838.05 1.4356688188945628
4838.34 1.430204085460714
4838.63 1.4247386584182287
4838.92 1.4255414051744306
4839.21 1.4279796977427925
4839.5 1.43041828125363
4839.8 1.432941260006176
4840.09 1.4353804354081552
4840.38 1.4378199017267475
4840.67 1.4402596589534258
4840.96 1.442699707079664
4841.26 1.4452242009064227
4841.55 1.444942103416305
4841.84 1.4429959592781554
4842.13 1.4410495600392643
4842.42 1.4391029057066158
4842.72 1.43708885693001
4843.01 1.4351416836350783
4843.3 1.433194255267592
4843.59 1.431246571834543
4843.88 1.42929863334292
4844.17 1.4252307398065642
4844.47 1.4179153715368864
4844.76 1.4108429413572656
4845.05 1.4037696190658029
4845.34 1.396695404687632
4845.63 1.3896202982478894
4845.93 1.3823002839142824
4846.22 1.3752233626682682
4846.51 1.3681455494369898
4846.8 1.3638849392331396
4847.09 1.3684812076656705
4847.38 1.373078035141274
4847.68 1.3778339621833795
4847.97 1.382431926972522
4848.26 1.3870304507556261
4848.55 1.3916295335165012
4848.84 1.3962291752389562
4849.14 1.4009880134851378
4849.43 1.4051073998434926
4849.72 1.402728082877168
4850.0 1.4004305191108593
4850.01 1.4003484579525312
4850.3 1.3979685250781133
4850.59 1.3955882842624476
4850.89 1.3931256421340337
4851.18 1.3907447748435522
4851.47 1.3883635996377235
4851.76 1.3859821165250854
4852.05 1.3836003255141807
4852.35 1.3730480911632235
4852.64 1.3616433941606347
4852.93 1.350237269883958
4853.22 1.33882971837373
4853.51 1.3274207396704953
4853.81 1.3156168460898394
4854.1 1.3042049639122206
4854.39 1.2927916546646687
4854.68 1.2813769183877557
4854.97 1.2932074315955358
4855.26 1.3155010533811058
4855.56 1.3385663174304057
4855.85 1.360865539392161
4856.14 1.3831675138630093
4856.43 1.4054722407639224
4856.72 1.427779720015858
4857.02 1.4508593189565056
4857.31 1.4731723975751017
4857.6 1.4881389094612467
4857.89 1.496247473533241
4858.18 1.504357029047052
4858.47 1.512467575974003
4858.77 1.5208588401849503
4859.06 1.5289714040363014
4859.35 1.5370849592137446
4859.64 1.5451995056885837
4859.93 1.5533150434321186
4860.23 1.552174907982199
4860.52 1.532634128814702
4860.81 1.5130909166511022
4861.1 1.493545271560859
4861.39 1.4739971936135032
4861.68 1.4544466828785796
4861.98 1.434219456607381
4862.27 1.4146639966227488
4862.56 1.3951061040617097
4862.85 1.3776320154237132
4863.14 1.3782375867144725
4863.44 1.3788641057994735
4863.73 1.3794698047376073
4864.02 1.3800755664145614
4864.31 1.3806813908282796
4864.6 1.3812872779767114
4864.9 1.3819141238001595
4865.19 1.3825201385749517
4865.48 1.38312621607823
4865.77 1.3918273990275885
4866.06 1.4011293153045228
4866.35 1.4104323691473537
4866.65 1.4200574149969902
4866.94 1.4293627830962303
4867.23 1.438669288661286
4867.52 1.4479769316591942
4867.81 1.4572857120569003
4868.11 1.4669166817540333
4868.4 1.4588668149339266
4868.69 1.445291657375124
4868.98 1.431714810102988
4869.27 1.418136273165887
4869.56 1.4045560466123237
4869.86 1.3905057584210863
4870.0 1.383948338508569
4870.15 1.3769220945213654
4870.44 1.3633367411521111
4870.73 1.3497496983617752
4871.02 1.3429233000673024
4871.32 1.3415448305822684
4871.61 1.340212130738867
4871.9 1.3388792545988497
4872.19 1.3375462021670603
4872.48 1.3362129734483459
4872.77 1.3348795684475483
4873.07 1.3334999984642097
4873.36 1.3321662348355314
4873.65 1.3330173949678117
4873.94 1.3374444871349158
4874.23 1.3418721136283567
4874.53 1.3464529791623374
4874.82 1.3508816926851277
4875.11 1.3553109404866999
4875.4 1.3597407225513773
4875.69 1.3641710388634811
4875.98 1.3686018894073297
4876.28 1.374469149468736
4876.57 1.3851030019067831
4876.86 1.3957381529177788
4877.15 1.4063746024639279
4877.44 1.4170123505074304
4877.74 1.4280182838417563
4878.03 1.4386586735390299
4878.32 1.4493003616189153
4878.61 1.4599433480435888
4878.9 1.47058763277522
4879.2 1.461590462855139
4879.49 1.4528920958343925
4879.78 1.4441926447713804
4880.07 1.435492109697234
4880.36 1.4267904906430873
4880.65 1.4180877876400808
4880.95 1.409083850803598
4881.24 1.4003789426214703
4881.53 1.3916729505850087
4881.82 1.3991456337743873
4882.11 1.40999021500546
4882.41 1.4212101387900697
4882.7 1.4320574101695234
4882.99 1.4429060037667494
4883.28 1.4537559195431493
4883.57 1.4646071574601192
4883.86 1.4754597174790494
4884.16 1.4866878949370061
4884.45 1.4909203831082527
4884.74 1.4916675004901752
4885.03 1.492414696698634
4885.32 1.493161971731079
4885.62 1.493935097813324
4885.91 1.4946825332039264
4886.2 1.4954300474107665
4886.49 1.4961776404312912
4886.78 1.496925312262947
4887.07 1.4945959366772312
4887.37 1.4882678472557418
4887.66 1.482149916212594
4887.95 1.4760312204413006
4888.24 1.4699117599638296
4888.53 1.4637915348021535
4888.83 1.457459462725445
4889.12 1.451337681894774
4889.41 1.4452151364465928
4889.7 1.440384330491912
4890.0 1.4395888044341367
4890.29 1.438819687063424
4890.58 1.4380504626922908
4890.87 1.437281131323599
4891.16 1.4365116929602084
4891.45 1.4357421476049828
4891.74 1.4349724952607839
4892.04 1.4341761905971304
4892.33 1.4340246220263528
4892.62 1.4422206038205132
4892.91 1.4504175787734626
4910.0 1.521167526177649
4928.77 1.4959268579472849
4929.07 1.5007109076850682
4929.36 1.5053360474546353
4929.66 1.5101212523947147
4929.96 1.5149977556500338
4930.0 1.5156661436648968
4930.26 1.5200109326197724
4930.55 1.524857589056921
4930.85 1.5298719771109186
4931.15 1.5348869809420111
4931.45 1.5399026005310479
4931.74 1.544751618094534
4932.04 1.5497684486181973
4932.34 1.5547858948428694
4932.64 1.5590055886570742
4932.93 1.5619274119995101
4933.23 1.5649503468903578
4933.53 1.5679736468742793
4933.83 1.5709973119397576
4934.12 1.573920535189202
4934.42 1.5769449182148338
4934.72 1.5799696662878742
4935.02 1.5829947793968093
4935.31 1.580927795709044
4935.61 1.570338987082745
4935.91 1.559748835882522
4936.21 1.5491573421493943
4936.5 1.5389176220938021
4936.8 1.5283234881655583
4937.1 1.5177280118260459
4937.4 1.5071311931163103
4937.69 1.49688632573793
4937.99 1.4951836297549448
4938.29 1.508848805148812
4938.59 1.5225156795617265
4938.88 1.5357286064567637
4939.18 1.5493988221203883
4939.48 1.5630707366469878
4939.78 1.5767443499840346
4940.07 1.5899637909740447
4940.37 1.6036407451513826
4940.67 1.6061335851680703
4940.97 1.5893045633914238
4941.26 1.5730344916282784
4941.56 1.5562012960272333
4941.86 1.5393659782392495
4942.16 1.5225285383293636
4942.45 1.5062503292830114
4942.75 1.489408716056883
4943.05 1.4725649809022079
4943.35 1.4625794013123516
4943.64 1.4661894789926804
4943.94 1.469924488573436
4944.24 1.4736599521704328
4944.54 1.4773958697693748
4944.83 1.4810076883223238
4945.13 1.4847444987500755
4945.43 1.488481763137379
4945.73 1.4922194814699297
4946.02 1.4996910993774457
4946.32 1.5162909515167518
4946.62 1.53289286586737
4946.92 1.5494968423652544
4947.21 1.5655493131052405
4947.51 1.5821573449726882
4947.81 1.5987674387974926
4948.11 1.6153795945155685
4948.4 1.6314399715936976
4948.7 1.63941749947472
4949.0 1.627237823640188
4949.3 1.6150566109113917
4949.59 1.6032799777479196
4949.89 1.5910957425982188
4950.0 1.5866278046652347
4950.19 1.578909970694457
4950.49 1.566722662083821
4950.78 1.5549401364127604
4951.08 1.542749805749913
4951.38 1.5332471694108765
4951.68 1.530018596254756
4951.97 1.5268972457497352
4952.27 1.5236678523560268
4952.57 1.5204380419111105
4952.87 1.517207814427606
4953.16 1.5140848647870986
4953.46 1.5108538171646007
4953.76 1.5076223525410304
4954.06 1.5049969933055871
4954.35 1.5038269490560812
4954.65 1.5026163965131085
4954.95 1.5014056792901218
4955.25 1.5001947973919565
4955.54 1.4990241216953655
4955.84 1.497812915950108
4956.14 1.496601545544007
4956.44 1.4953900104818991
4956.73 1.496432732799802
4957.03 1.5035241398120531
4957.33 1.5106164174400671
4957.63 1.5177095656565405
4957.92 1.5245671031161556
4958.22 1.5316619634102704
4958.52 1.5387576942118237
4958.82 1.545854295493476
4959.11 1.5527151708131213
4959.41 1.559608408801198
4959.71 1.5659384998160968
4960.01 1.5722693653827773
4960.3 1.5783899383288291
4960.6 1.5847223271096111
4960.9 1.5910554903698773
4961.2 1.5973894280852965
4961.49 1.603512970683249
4961.79 1.6098484314226575
4962.09 1.6150279401438346
4962.39 1.6170268835670984
4962.68 1.618959418222363
4962.98 1.6209588223543374
4963.28 1.6229584607337357
4963.58 1.6249583333529647
4963.87 1.626891766202392
4964.17 1.6288920994711527
4964.47 1.630892666957232
4964.77 1.6305821134775085
4965.06 1.6241371390541817
4965.36 1.6174690940326968
4965.66 1.6108002048665817
4965.96 1.6041304715818623
4966.25 1.5976822603827923
4966.55 1.5910108670740317
4966.85 1.584338629723841
4967.15 1.577665548358261
4967.44 1.5706532423431714
4967.74 1.5615746378628566
4968.04 1.5524948906148435
4968.34 1.5434140006344914
4968.63 1.534634720789491
4968.93 1.525551583538704
4969.23 1.5164673036605298
4969.53 1.5073818811902924
4969.82 1.4985982200717884
4970.0 1.4931457554934027
4970.12 1.4923105540590136
4970.42 1.4972228029214194
4970.72 1.5021356485498116
4971.02 1.5070490909252852
4971.31 1.5117993191117192
4971.61 1.516713935034609
4971.91 1.5216291476484929
4972.21 1.5265449569344411
4972.5 1.5312974730630138
4972.8 1.5364500437348405
4973.1 1.5425456507047002
4973.4 1.5486420004982822
4973.69 1.5545358447052342
4973.99 1.5606336553169642
4974.29 1.5667322086827065
4974.58 1.5726281829431057
4974.88 1.578728196989817
4975.18 1.5848289537207836
4975.48 1.5889285407666927
4975.78 1.5850204760631803
4976.07 1.5812422058269697
4976.37 1.5773331597118454
4976.48 1.5758997177749117
4976.67 1.5734236145966132
4976.78 1.5719899896968157
4976.97 1.5695135704966088
4977.08 1.5680797626395713
4977.26 1.5657333869016126
4977.38 1.5641690366185201
4977.56 1.5618223615096405
4977.68 1.5602578116490027
4977.86 1.557910837178422
4977.98 1.5563460877463768
4978.16 1.5532174573860846
4978.28 1.5500897372013234
4978.45 1.5456585309932693
4978.58 1.5422697485227337
4978.75 1.537837985196985
4978.88 1.5344487767018857
4979.05 1.5300164562757415
4979.18 1.5266268217693078
4979.35 1.522193944260071
4979.48 1.5188038837555586
4979.64 1.5146312481877615
4979.78 1.5109799626911273
4979.94 1.5068068028421582
4980.08 1.503155058606581
4980.24 1.4989813744927072
4980.39 1.4950682917010822
4980.54 1.4911549631699816
4980.69 1.4872413889032001
4980.83 1.4838353707011158
4980.99 1.4804504032638646
4981.13 1.4774883702238015
4981.29 1.4741029764300264
4981.43 1.4711405703337936
4981.59 1.4677547501967272
4981.73 1.4647919710559238
4981.89 1.4614057245887806
4982.02 1.4586542319146842
4982.19 1.4550558996310237
4982.32 1.4523040605797082
4982.49 1.4487052753482377
4982.62 1.445953089930461
4982.79 1.442353851765267
4982.92 1.439601319991787
4983.09 1.4360016289069395
4983.21 1.4334605159720746
4983.39 1.4296486067980871
4983.51 1.4293047792311069
4983.69 1.433404144114604
4983.81 1.4361372206010388
4983.99 1.4402370851725377
4984.11 1.442970494779004
4984.29 1.4470708590226786
4984.4 1.4495767847565477
4984.59 1.453905465638613
4984.7 1.4564116967133205
4984.89 1.4607409049939228
4985.0 1.4632474413997818
4985.19 1.4675771770621666
4985.3 1.470084018789509
4985.49 1.4744142818169608
4985.59 1.476693501772116
4985.79 1.4812522192318558
4985.89 1.4835317167345037
4986.09 1.48809098928042
4986.19 1.4885047770463673
4986.39 1.4856002709085967
4986.49 1.484147925816097
4986.69 1.481243051586996
4986.78 1.479935778125792
4986.99 1.4768852801426098
4987.08 1.475577841047908
4987.29 1.4725269565925487
4987.38 1.4712193518694778
4987.59 1.4681680809539088
4987.68 1.4668603106076004
4987.9 1.4636633294791026
4987.97 1.4626460459512103
4988.2 1.4593033313130968
4988.5 1.4549427811103957
4988.8 1.450581678888106
4989.1 1.454302930659351
4989.4 1.4586020154587624
4989.7 1.4629016185176256
4990.0 1.4672017398193526
4990.3 1.4715023793473667
4990.6 1.4758035370850884
4990.9 1.4801052130159236
4991.2 1.4844074071233133
4991.5 1.4887101193906604
4991.8 1.5006617542208782
4992.1 1.5126148516869644
4992.4 1.5245694117425241
4992.7 1.5365254343412675
4993.0 1.5484829194367882
4993.3 1.560441866982709
4993.6 1.572402276932648
4993.9 1.58436414924018
4994.2 1.5954570146872995
4994.5 1.5943639146036068
4994.8 1.5932706654137576
4995.1 1.5921772671221717
4995.41 1.591047265585908
4995.71 1.5899535641344282
4996.01 1.588859713594627
4996.31 1.587765713970928
4996.61 1.5866715652677588
4996.91 1.584717062894942
4997.21 1.577170630755402
4997.51 1.5696232539830515
4997.81 1.5620749326074463
4998.11 1.5545256666581688
4998.41 1.546975456164737
4998.71 1.5394243011567423
4999.01 1.5318722016637574
4999.31 1.5243191577153585
4999.61 1.519171599176034
4999.91 1.5236497051795017
5000.21 1.528128349447637
5000.51 1.5326075319631485
5000.81 1.537087252708747
5001.11 1.5415675116671248
5001.41 1.5460483088210137
5001.71 1.5505296441531027
5002.01 1.5550115176460906
5002.31 1.5608023978869616
5002.61 1.57019248756766
5002.92 1.5798967802676387
5003.22 1.5892891925494026
5003.52 1.598682747038707
5003.82 1.6080774436990768
5004.12 1.6174732824941187
5004.42 1.6268702633873493
5004.72 1.6362683863423073
5005.02 1.6421596366467228
5005.32 1.6419919264578202
5005.62 1.6418241810714962
5005.92 1.6416564004885765
5006.22 1.6414885847098895
5006.52 1.6413207337362619
5006.82 1.6411528475685215
5007.12 1.6409849262074954
5007.42 1.6408169696540127
5007.72 1.638285486512384
5008.02 1.6326627680669972
5008.32 1.627039343852022
5008.62 1.6214152138895304
5008.92 1.6157903782016458
5009.22 1.6101648368104817
5009.52 1.604538589738152
5009.82 1.598911637006791
5010.0 1.5955351266608195
5010.12 1.5932839786384851
5010.42 1.5875659418891317
5010.73 1.5815638833363361
5011.03 1.5757546998451715
5011.33 1.5699447887734395
5011.63 1.5641341501439765
5011.93 1.5583227839796219
5012.23 1.5525106903032366
5012.53 1.5466978691376314
5012.83 1.5408843205056748
5013.13 1.5327987828587066
5013.43 1.5231979716279047
5013.73 1.51359596828442
5014.03 1.503992772865833
5014.33 1.49438838540982
5014.63 1.4847828059540298
5014.93 1.475176034536118
5015.23 1.4655680711937753
5015.53 1.4559589159646091
5015.83 1.453102849630036
5016.13 1.4536237675919024
5016.43 1.4541447366280553
5016.73 1.454665756736614
5017.03 1.4551868279157023
5017.33 1.4557079501634396
5017.63 1.4562291234779463
5017.93 1.456750347857344
5018.23 1.4572716232997498
5018.54 1.4582628591322264
5018.84 1.4593745600068428
5019.14 1.4604863842931781
5019.44 1.4615983319870416
5019.74 1.4627104030842553
5020.04 1.4638225975806263
5020.34 1.4649349154719682
5020.64 1.4660473567540937
5020.94 1.467159921422809
5021.24 1.465999031455408
5021.54 1.464383242913771
5021.84 1.4627672435575994
5022.14 1.4611510333933637
5022.44 1.4595346124275428
5022.74 1.4579179806666007
5023.04 1.4563011381170168
5023.34 1.4546840847852676
5023.64 1.453066820677828
5023.94 1.4513547630411123
5024.24 1.4496279309800615
5024.54 1.4479008748048714
5024.84 1.446173594522451
5025.14 1.4444460901397063
5025.44 1.442718361663553
5025.74 1.4409904091008914
5026.04 1.439262232458638
5026.35 1.4374762145275892
5026.65 1.440406774631538
5026.95 1.4434983521806333
5027.25 1.4465902951832625
5027.55 1.4496826036274937
5027.85 1.4527752775013902
5028.15 1.455868316793006
5028.45 1.4589617214904227
5028.75 1.462055491581691
5029.05 1.4653965243132823
5029.35 1.4758984106749626
5029.65 1.4864015677292233
5029.95 1.4969059954352062
5030.0 1.4986568569189163
5030.25 1.5074116937519528
5030.55 1.5179186626385297
5030.85 1.5284269020540013
5031.15 1.538936411957391
5031.45 1.549447192307816
5031.75 1.558184550771451
5032.05 1.5509497567770238
5032.35 1.5437140655418167
5032.65 1.536477477094333
5032.95 1.5292399914630144
5033.25 1.5220016086763697
5033.55 1.514762328762891
5033.85 1.507522151751076
5034.16 1.5000396930841815
5034.46 1.495470210313145
5034.76 1.5015908820788124
5035.06 1.5077122877182845
5035.36 1.5138344272077486
5035.66 1.519957300523443
5035.96 1.5260809076415471
5036.26 1.5322052485382573
5050.0 1.555897360784282
5070.0 1.5343959690886197
5090.0 1.6278362106486433
5110.0 1.5807863609611137
5130.0 1.6327638062001435
5150.0 1.5428086823469362
5170.0 1.358519550790309
5190.0 1.5091673247643227
5210.0 1.5614187052977406
5230.0 1.6755726749626647
5250.0 1.6344143595363991
5270.0 1.4920251471580674
5290.0 1.8190547424999104
5310.0 1.6642615880543263
5330.0 1.6468652006654467
5350.0 1.8196304088579631
5370.0 1.6476468572807421
5390.0 1.7464428195884356
5410.0 1.6984840593346877
5430.0 1.7103942301062889
5450.0 1.6745501556934397
5470.0 1.7795031484512394
5490.0 1.8855024942503904
5510.0 1.8229236834479023
5530.0 1.8263860187039298
5550.0 1.7222376111699362
5570.0 1.9177662644534452
5590.0 1.7824699055222877
5610.0 1.8654298157458584
5630.0 1.8015176388172334
5650.0 1.899671337327416
5670.0 1.8973342197084524
5690.0 1.9029229172904132
5710.0 1.7914413262987487
5730.0 1.8893978097229107
5750.0 1.9136609503642328
5770.0 1.8935981949552956
5790.0 1.8705933616209705
5810.0 1.9873428821204129
5830.0 1.9079128941577375
5850.0 1.849209248041972
5870.0 1.8425249562190502
5890.0 1.4010792409183388
5910.0 1.9389367267089692
5930.0 1.858606638881566
5950.0 1.963320892823695
5970.0 2.0271190368215772
5990.0 2.023647944068751
6010.0 1.96773841795102
6030.0 1.9390166623817695
6050.0 2.0202479141127556
6070.0 1.896017842592686
6090.0 1.9730851977343884
6110.0 2.0382706720258694
6130.0 2.040924580281034
6150.0 1.9518482658200935
6170.0 1.9157111760175776
6190.0 1.9812753554652005
6210.0 2.044063273419148
6230.0 1.953569210150545
6250.0 1.9125418523264273
6270.0 1.962196974853488
6290.0 1.979317220010143
6310.0 1.9967084536462278
6330.0 1.9699100199774384
6350.0 2.037539875538352
6370.0 1.9453038822303332
6390.0 2.0748749727932077
6410.0 1.9624313121552046
6430.0 2.1246037461012426
6450.0 2.130354414708211
6470.0 2.0955967511569065
6490.0 1.973325469314489
6510.0 2.11326372972457
6523.64 2.131911925137826
6524.04 2.1375852456123714
6524.43 2.14311735667432
6524.82 2.1486500833839592
6525.22 2.1562783883851018
6525.61 2.165821646861614
6526.0 2.1753659826180605
6526.4 2.185156163895177
6526.79 2.194702681526716
6527.19 2.2044951004134554
6527.58 2.214043799508686
6527.97 2.2070651680584707
6528.37 2.191430132814336
6528.76 2.1761841737079783
6529.15 2.160936437806183
6529.55 2.145295888771968
6529.94 2.1300445542255004
6530.0 2.1276980374008843
6530.34 2.1144003146204913
6530.73 2.118420707927132
6531.12 2.1252763118380513
6531.52 2.1323084970150465
6531.91 2.1391656541262813
6532.3 2.146023577899261
6532.7 2.1530581421974597
6533.09 2.160006133451052
6533.49 2.1705830927813357
6533.88 2.1808968061183336
6534.27 2.191211682424852
6534.67 2.201792250707244
6535.06 2.21210948244088
6535.46 2.222692466318245
6535.85 2.231451216867003
6536.24 2.2350078646698623
6536.64 2.2386561092440855
6537.03 2.242213538324129
6537.42 2.245771353043464
6537.82 2.2494207943418254
6538.21 2.2529793901175035
6538.6 2.266666891535662
6539.0 2.295640915254008
6539.39 2.3238938474050097
6539.79 2.3528745559880018
6540.18 2.3811340052684518
6540.57 2.409396671413506
6540.97 2.4383873626404124
6541.36 2.4669651073890813
6541.76 2.496476800892775
6542.15 2.5252540171530664
6542.54 2.554034506237641
6542.94 2.5835563560399786
6543.33 2.612343473759349
6543.72 2.641133863382585
6544.12 2.6886815123333365
6544.51 2.7394373861072667
6544.91 2.791500702597088
6545.3 2.8422682954293434
6545.69 2.893041672806142
6546.09 2.9451229400198735
6546.48 2.9959080331605614
6546.87 3.0277085592844464
6547.27 3.0603282325929073
6547.66 3.0921360690777377
6548.06 3.1247632394865037
6548.45 3.1565783849559725
6548.84 3.188397138151054
6549.24 3.2089317069249406
6549.63 3.1817476896315697
6550.0 3.155954821248853
6550.02 3.1545605316206884
6550.42 3.126673004752673
6550.81 3.0994794856684416
6551.21 3.0715854352356766
6551.6 3.0443855562734834
6551.99 3.02653942652916
6552.39 3.023589347255946
6552.78 3.0207126562819626
6553.17 3.017835606262289
6553.57 3.0148844127907717
6553.96 3.012006635574746
6554.36 3.009054696330377
6554.75 3.0517494919967647
6555.14 3.1261541066673604
6555.54 3.202475323123155
6555.93 3.2768970797385477
6556.33 3.353235876021954
6556.72 3.427674771356537
6557.11 3.502122126388561
6557.51 3.656626638900169
6557.9 3.8294056782674684
6558.29 4.002204387684411
6558.69 4.179454264381672
6559.08 4.352292812658991
6559.48 4.529583545882127
6559.87 4.702461925524863
6560.26 4.863725259821887
6560.66 5.02849752900139
6561.05 5.1891689850665275
6561.44 5.3498586989392445
6561.84 5.514687626142648
6562.23 5.675414318583536
6562.63 5.813876366228829
6563.02 5.802997535083856
6563.41 5.792117406863082
6563.81 5.7809569537314625
6564.2 5.770074198468108
6564.59 5.759190146491657
6564.99 5.748025669372085
6565.38 5.685833581676795
6565.78 5.5167914063796415
6566.17 5.351956234047868
6566.56 5.187102253217494
6566.96 5.0180017109817205
6567.35 4.853109636234996
6567.75 4.683970026989047
6568.14 4.495314956533133
6568.53 4.286301596473005
6568.93 4.07190418869355
6569.32 3.8628426058424847
6569.71 3.653757220146265
6570.0 3.4982680427402877
6570.11 3.439285946866213
6570.5 3.23015235192254
6570.9 3.1226904042742567
6571.29 3.0574984510875867
6571.68 2.99229906141169
6572.08 2.9254201682838654
6572.47 2.860205717065201
6572.86 2.794983831445465
6573.26 2.7280818677232257
6573.65 2.7495741170516625
6574.05 2.779033138711278
6574.44 2.8077589588478378
6574.83 2.8364880112567676
6575.23 2.86595706337346
6575.62 2.894692662285411
6576.01 2.930101510989955
6576.41 3.0262850429246
6576.8 3.120074729481311
6577.2 3.2162802971347637
6577.59 3.3100914664965293
6577.98 3.403913239803551
6578.38 3.5001517138495837
6578.77 3.6165106005264724
6579.16 3.783545693115466
6579.56 3.9548833624088107
6579.95 4.121956723148932
6580.35 4.293333638136838
6580.74 4.46044525983055
6581.13 4.627575767190247
6581.53 4.74189411961285
6581.92 4.797674857464936
6582.31 4.8534618641616545
6582.71 4.910685818332076
6583.1 4.966485521673026
6583.5 5.0237224968173475
6583.89 5.079534894413285
6584.28 5.038262923716505
6584.68 4.951667387302335
6585.07 4.867227014536088
6585.46 4.782777041003721
6585.86 4.696151711285809
6586.25 4.611682292777794
6586.65 4.525037021369277
6587.04 4.387811586995043
6587.43 4.242814777467262
6587.83 4.094083030164474
6588.22 3.9490529340091336
6588.62 3.8002870497844436
6589.01 3.655223673258675
6589.4 3.511225888452672
6589.8 3.384050722487012
6590.0 3.3204576006692936
6590.19 3.260040714926218
6590.58 3.13601666794407
6590.98 3.0087979345443703
6591.37 2.88474545272742
6591.77 2.757497558135485
6592.16 2.6473219841264366
6592.55 2.5774617008751277
6592.95 2.505801910800558
6593.34 2.435925604156014
6593.73 2.3660413883392923
6594.13 2.2943570543503267
6594.52 2.224456819638398
6594.92 2.1900039235332964
6595.31 2.2007980338760706
6595.7 2.2115933398733043
6596.1 2.222666690506219
6596.49 2.233464418129557
6596.88 2.244263341071063
6597.28 2.255340401041004
6597.67 2.2408921918023257
6598.07 2.2115686558463037
6598.46 2.1829749232984894
6598.85 2.154377947645598
6599.25 2.1250443476159333
6599.64 2.0964408035181163
6600.04 2.067100467254737
6600.43 2.078337752540574
6600.82 2.0968216718180517
6601.22 2.115781678160341
6601.61 2.134269771054692
6602.0 2.152759924052659
6610.0 1.9930613238367998
6630.0 1.9717683865971218
6650.0 2.0784762567997586
6670.0 2.088807178923211
6690.0 2.0508115814493206
6710.0 2.1145924479436693
6730.0 2.0840278733036897
6750.0 2.0810412303577155
6770.0 2.0790822391039803
6790.0 2.064817663116994
6810.0 2.1133484735881907
6830.0 2.1197200084406336
6850.0 2.135732400212906
6870.0 2.0783339499218347
6890.0 2.130405511485772
6910.0 2.144747887050567
6930.0 2.1505824491979957
6950.0 2.202709278093766
6970.0 2.2171835231610477
6990.0 2.225888733281078
7010.0 2.2160593840235467
7030.0 2.229006430158232
7050.0 2.262524247848972
7070.0 2.201570723767079
7090.0 2.152901232608177
7110.0 2.1252651002938534
7130.0 2.1577515004880823
7150.0 2.0988868435717003
7170.0 2.10500648136724
7190.0 2.025409542020675
7210.0 2.0786912768838817
7230.0 2.186703760475987
7250.0 2.1622199038150445
7270.0 2.2258292852505255
7290.0 2.2544000328825438
7310.0 2.2643412607116185
7330.0 2.341057262156709
7350.0 2.378811593826392
7370.0 2.3791581545266305
7390.0 2.378890096002658
7410.0 2.421880973413549
7430.0 2.365005457701855
7450.0 2.4139850985384337
7470.0 2.442130664709981
7490.0 2.434187090570017
7510.0 2.4452441122969177
7530.0 2.469917525310877
7550.0 2.5004545791962673
7570.0 2.466591945680452
7590.0 2.4531355405033564
7610.0 2.3880684523563396
7630.0 2.380116700621376
7650.0 2.362001250224826
7670.0 2.2174649178206685
7690.0 2.2881951448482005
7710.0 2.164528645222372
7730.0 2.292972208797056
7750.0 2.30336638083478
7770.0 2.2457466307450997
7790.0 2.239288689190772
7810.0 2.3008272716577114
7830.0 2.3498143392324837
7850.0 2.349900098177574
7870.0 2.3803771781879934
7890.0 2.370890736521407
7910.0 2.3442977488127843
7930.0 2.3315272776514133
7950.0 2.3588165040827858
7970.0 2.3804654857302356
7990.0 2.392646331349323
8010.0 2.402097652635213
8030.0 2.3606710027179596
8050.0 2.4126130174729834
8070.0 2.470943463841738
8090.0 2.429286270949893
8110.0 2.445008325835357
8130.0 2.4666997787173446
8150.0 2.473259817212229
8170.0 2.457273104366465
8190.0 2.4316142707480988
8210.0 2.352442706742675
8230.0 2.381562404918129
8250.0 2.429227122862915
8270.0 2.552579671288498
8290.0 2.4475411439974972
8310.0 2.3866442589725643
8330.0 2.402103555581618
8350.0 2.441980799606519
8370.0 2.428475203747394
8390.0 2.3877230257545032
8410.0 2.4618732326523185
8430.0 2.4475225784870567
8450.0 2.401211165767538
8470.0 2.404776407931193
8490.0 2.414324982817683
8510.0 2.2177144892645675
8530.0 2.413786855090312
8550.0 1.8633949628091249
8570.0 2.4468256352249336
8590.0 2.4576942254191705
8610.0 2.3382696988472143
8630.0 2.470132790762913
8650.0 2.4736682903770735
8670.0 2.1924561876797157
8690.0 2.371692511154955
8710.0 2.4246377895537656
8730.0 2.4679682975382646
8750.0 2.4207140420793762
8770.0 2.479006096324901
8790.0 2.5057091818904302
8810.0 2.542933556817273
8830.0 2.5122228870064753
8850.0 2.493114443598832
8870.0 2.2208562390577784
8890.0 2.407763329792893
8910.0 2.4704372169216646
8930.0 2.4935270270028522
8950.0 2.430806825542029
8970.0 2.332686156509054
8990.0 2.422153319929485
9010.0 2.319746167639909
9030.0 2.30045916640144
9050.0 2.5246456620377558
9070.0 2.557863572305411
9090.0 2.399611075267398
9110.0 2.418882898175544
9130.0 2.421931867643462
9150.0 2.3506506301433254
9170.0 2.320021875511597
9190.0 2.3205252710135387
9210.0 2.4001104670959372
9230.0 2.361966929356952
9250.0 2.385058353305336
9270.0 2.445306069059104
9290.0 2.3217358290118013
9310.0 2.2363749647759454
9330.0 2.4053651175725457
9350.0 2.4185617348383976
9370.0 2.4036037923563063
9390.0 2.417250565320814
9410.0 2.4095237465534374
9430.0 2.4235636978824453
9450.0 2.452188271262674
9470.0 2.4642664839964072
9490.0 2.4536670425470675
9510.0 2.426480572993773
9530.0 2.421028022108869
9550.0 2.3422940608564584
9570.0 2.44533874372702
9590.0 2.4831468831961234
9610.0 2.473719410599339
9630.0 2.482546023273697
9650.0 2.4752334761515424
9670.0 2.4763017514651064
9690.0 2.4812097887065647
9710.0 2.4629401046122594
9730.0 2.4573686354096718
9750.0 2.460444723328713
9770.0 2.468391000248938
9790.0 2.4530161317822174
9810.0 2.4839305399928295
9830.0 2.493418306508057
9850.0 2.494261275020122
9870.0 2.498075076801213
9890.0 2.490477679114141
9910.0 2.474487093649452
9930.0 2.502376362659807
9950.0 2.5154784921466398
9970.0 2.519874788012293
9990.0 2.5191325319505076
10025.0 2.5137530631548373
10075.0 2.4978368274624216
10125.0 2.562912280942201
10175.0 2.5612966244284805
10225.0 2.581398095023089
10275.0 2.6016282042883514
10325.0 2.6007015245807383
10375.0 2.5874873104355767
10425.0 2.5741004499084177
10475.0 2.560542639959951
10525.0 2.543411090434112
10575.0 2.5239043659202727
10625.0 2.504200323252349
10675.0 2.484300889216807
10725.0 2.459495635517685
10775.0 2.4325167456351915
10825.0 2.405312116496605
10875.0 2.377883936056583
10925.0 2.344585976505822
10975.0 2.308972014134441
11025.0 2.2731007730320005
11075.0 2.236974726501426
11125.0 2.2310787469205655
11175.0 2.2392184677826834
11225.0 2.247334468502766
11275.0 2.255426958892079
11325.0 2.2648887806686298
11375.0 2.275431198680821
11425.0 2.285962779111788
11475.0 2.2964836086618887
11525.0 2.3026431300390793
11575.0 2.3009985850601624
11625.0 2.2992868331736687
11675.0 2.297508490277222
11725.0 2.2867708138285208
11775.0 2.2704640084041543
11825.0 2.2540275358823094
11875.0 2.237462586755057
11925.0 2.2266591700098175
11975.0 2.231567575234858
12025.0 2.236445847456692
12075.0 2.241294251784389
12125.0 2.243488126006142
12175.0 2.2417120767980885
12225.0 2.2398792250571575
12275.0 2.237990076298777
12325.0 2.2308284499282744
12375.0 2.2176285515633216
12425.0 2.2043280934454876
12475.0 2.1909279700570434
12525.0 2.181796973591931
12575.0 2.1775288168024813
12625.0 2.1732005212378565
12675.0 2.168812613363722
12725.0 2.164004206899988
12775.0 2.1586077963932873
12825.0 2.153149902209581
12875.0 2.1476310578810325
12925.0 2.1420738599946323
12975.0 2.136514267582355
13025.0 2.1308955864925174
13075.0 2.125218324512082
13125.0 2.1152153482870304
13175.0 2.103182292458791
13225.0 2.0910696757364446
13275.0 2.0788781777452137
13325.0 2.0680036830881843
13375.0 2.058897255649386
13425.0 2.0497252794154286
13475.0 2.0404883080701595
13525.0 2.0343425431901783
13575.0 2.029310479739221
13625.0 2.024229743775801
13675.0 2.0191007413083515
13725.0 2.009442996179645
13775.0 1.9912765153510674
13825.0 1.9730202524302756
13875.0 1.9546749533525531
13925.0 1.9298459245770327
13975.0 1.8993005876036477
14025.0 1.8686298832621573
14075.0 1.8378348449001467
14125.0 1.8195857912972089
14175.0 1.807612199818589
14225.0 1.7955766517902345
14275.0 1.7834796512679747
14325.0 1.7832112940601657
14375.0 1.7869817656116898
14425.0 1.790740640127412
14475.0 1.794488008541679
14525.0 1.787283158501038
14570.0 1.7778194505816998
14620.0 1.7672536959852139
14675.0 1.7555704298006287
14725.0 1.759108079828259
14775.0 1.7676413911655005
14825.0 1.7761783906476756
14875.0 1.784719046343106
14925.0 1.792597298082278
14975.0 1.800122846281539
15025.0 1.8076491051672885
15075.0 1.8151760666923715
15125.0 1.8226994189449186
15175.0 1.8302192987865669
15225.0 1.837739834803818
15275.0 1.845261019578112
15325.0 1.8519709069128554
15375.0 1.8568560212232268
15425.0 1.8617347729223352
15475.0 1.8666072089807204
15525.0 1.8598676742589848
15575.0 1.8494781116283823
15625.0 1.8390430547925667
15675.0 1.8285628497043496
15725.0 1.814123228705235
15775.0 1.7949191614137623
15825.0 1.77564923523473
15875.0 1.7563139473037757
15925.0 1.7493828649247452
15975.0 1.7451996999965413
16050.0 1.738875417709909
16150.0 1.735110513221757
16250.0 1.737117001799873
16350.0 1.7362238793184759
16450.0 1.7332348461516216
16550.0 1.7344094746363317
16650.0 1.7446461531974515
16750.0 1.75232609617846
16850.0 1.7562350135182023
16950.0 1.7572035327746507
17050.0 1.7548457777867115
17150.0 1.7421982398473612
17250.0 1.7197159336910184
17350.0 1.6986551009861275
17450.0 1.67883315592165
17550.0 1.6545032290068873
17650.0 1.6261387146668456
17750.0 1.599289677955976
17850.0 1.5739403407302053
17950.0 1.5460331685110207
18050.0 1.51507239976667
18150.0 1.489181807383979
18250.0 1.471654552090596
18350.0 1.4517840231091061
18450.0 1.430867609505232
18550.0 1.4078805959500693
18650.0 1.3834064730398299
18750.0 1.3628665307762504
18850.0 1.3472329338161881
18950.0 1.338424236755222
19050.0 1.3322905297867078
19150.0 1.3219079092267858
19250.0 1.307746662035054
19350.0 1.2903684709726315
19450.0 1.2662056556737473
19550.0 1.2465725232481832
19650.0 1.230934660447135
19750.0 1.2142666544660758
19850.0 1.1949913359246247
19950.0 1.1812234368123087
20050.0 1.1742459549339626
20150.0 1.163568982148503
20250.0 1.1504741484732925
20350.0 1.139169491179665
20450.0 1.1325366418507734
20550.0 1.1243320246971131
20650.0 1.1137933714954995
20750.0 1.1046855920798457
20850.0 1.0969957235431158
20950.0 1.0894037790763431
21050.0 1.0818694596462581
21150.0 1.0744803648503958
21250.0 1.0671507425994582
21350.0 1.0599091619873549
21450.0 1.0526842797109839
21550.0 1.0403258233424222
21650.0 1.0260800608724465
21750.0 1.0182873562611379
21850.0 1.0126555393071068
21950.0 1.002894489841948
22050.0 0.9916704007069472
22150.0 0.9814920471952747
22250.0 0.9717018566067793
22350.0 0.9626289048681907
22450.0 0.9538840842807736
22550.0 0.944277574497006
22650.0 0.9341137884219057
22750.0 0.9087539848767516
22850.0 0.8700069252801467
22950.0 0.8456903980916651
23050.0 0.8403762723854961
23150.0 0.8193360218712321
23250.0 0.7637607802461863
23350.0 0.7339694785734665
23450.0 0.7146651959019448
23550.0 0.7078174887142406
23650.0 0.7109184213337446
23750.0 0.7021598036519217
23850.0 0.6742244106443955
23950.0 0.6594136467205519
24050.0 0.6492234854886174
24150.0 0.642356260393123
24250.0 0.6384444270348812
24350.0 0.6298775689133654
24450.0 0.6104630192449404
24550.0 0.5996338204840914
24650.0 0.5941994659586524
24750.0 0.5787756176925845
24850.0 0.5475574626835211
24950.0 0.5387776563583067
25050.0 0.5318531139847374
25150.0 0.5065519353966099
25250.0 0.506846355223038
25350.0 0.48605002398138447
25450.0 0.5155036920135017
25550.0 0.5368591162589064
25650.0 0.5107921139570012
25750.0 0.496870742617464
25850.0 0.5243911528954426
25950.0 0.536732291121471
26050.0 0.5330050954733715
26150.0 0.5708068213656239
26250.0 0.5546014417502443
26350.0 0.5233669080248781
26450.0 0.5075263170028865
26550.0 0.48920086430544646
26650.0 0.4955525863299794
26750.0 0.4840450031451172
26850.0 0.4667964292807077
26950.0 0.4780838342815443
27050.0 0.48579202598056637
27150.0 0.5157163218202622
27250.0 0.486878792496403
27350.0 0.4692211002709436
27450.0 0.4723580181259893
27550.0 0.5100538414440694
27650.0 0.4829176914083943
27750.0 0.482942324476129
27850.0 0.4810436320026505
27950.0 0.48448467736740464
28050.0 0.46440497128078156
28150.0 0.460200617076846
28250.0 0.43181166148955513
28350.0 0.4368906436313764
28450.0 0.4266708715957653
28550.0 0.4262772141643472
28650.0 0.42390189662945205
28750.0 0.4199585871099721
28850.0 0.41263457880344984
28950.0 0.39970623605355
29050.0 0.4096870417704758
29150.0 0.38318494159499067
29250.0 0.37523665787318355
29350.0 0.37371049353236
29450.0 0.36106189929980226
29550.0 0.3770168014935307
29650.0 0.3783220598006467
29750.0 0.3502055617137113
29850.0 0.3545082938337334
29950.0 0.35407696014909407
30050.0 0.3545348279954789
30150.0 0.34200034634708065
30250.0 0.34415540204634193
30350.0 0.34055816998744065
30450.0 0.3368155065105312
30550.0 0.33400094394218344
30650.0 0.3329374869162367
30750.0 0.34130241571919323
30850.0 0.3252908734201373
30950.0 0.31732112486098485
31050.0 0.28970952165001884
31150.0 0.34944227544335515
31250.0 0.3512382013887605
31350.0 0.33259785692084
31450.0 0.3156314811249667
31550.0 0.32522677277348255
31650.0 0.3275117812305043
31750.0 0.3375028802522484
31850.0 0.3220081283220388
31950.0 0.3650441424178832
32100.0 0.3848753934949306
32300.0 0.4115613643718651
32500.0 0.5569654167546677
32700.0 0.6868539492912878
32900.0 0.6727937776067514
33100.0 0.4725291732151314
33300.0 0.4085002840021934
33500.0 0.36470257487723956
33700.0 0.34884091118605676
33900.0 0.4072784240846944
34100.0 0.37654037092048626
34300.0 0.3581319420029761
34500.0 0.36552522156121886
34700.0 0.3266695134281763
34900.0 0.315460541843821
35100.0 0.3216741073557698
35300.0 0.2895701828753354
35500.0 0.3230108144320121
35700.0 0.3156414449654185
35900.0 0.2759035445523196
36100.0 0.2764028541959689
36300.0 0.26355345135540226
36500.0 0.2741194608397542
36700.0 0.2756710350337853
36900.0 0.2768006658714594
37100.0 0.26716842318057804
37300.0 0.27557746195779775
37500.0 0.26155150129099813
37700.0 0.2541673842453315
37900.0 0.2660839590620236
38100.0 0.26926434488869055
38300.0 0.26085581688764714
38500.0 0.24174276838720904
38700.0 0.26604585263394975
38900.0 0.26394069551128696
39100.0 0.24740613702782147
39300.0 0.23148237843081326
39500.0 0.2340826050812754
39700.0 0.24182442327481385
39900.0 0.22034207446861626
40100.0 0.23286865218804445
40300.0 0.24665648214132735
40500.0 0.259289208478255
40700.0 0.19885839796785867
40900.0 0.22320445685606063
41100.0 0.21402870898109103
41300.0 0.2077371314375667
41500.0 0.20155459003211718
41700.0 0.2161937619106239
41900.0 0.1816766286159087
42100.0 0.19577906627611272
42300.0 0.19771061867002668
42500.0 0.1669847880467493
42700.0 0.16549979679663362
42900.0 0.1874510001462126
43100.0 0.18253179727918412
43300.0 0.1757016234327121
43500.0 0.16403951225897503
43700.0 0.1840936606932381
43900.0 0.16686518020199975
44100.0 0.1636718389030611
44300.0 0.170723776842405
44500.0 0.14777601528775863
44700.0 0.1518494591174535
44900.0 0.1559380142197364
45100.0 0.156029572224538
45300.0 0.12959355599758451
45500.0 0.11618259016542788
45700.0 0.12583027432553892
45900.0 0.12190061613795189
46100.0 0.14611954233331978
46300.0 0.14705216201041613
46500.0 0.15794822805889755
46700.0 0.1366654936509607
46900.0 0.130863700900337
47100.0 0.1461641013189777
47300.0 0.14201836359665126
47500.0 0.15483758538905307
47700.0 0.14716421341151406
47900.0 0.17719330544459214
48100.0 0.1645146623616401
48300.0 0.15297301821600573
48500.0 0.1510192643714756
48700.0 0.14906633560361968
48900.0 0.14711464059046636
49100.0 0.14516294557731302
49300.0 0.14320920688430352
49500.0 0.1412554044415486
49700.0 0.13930282293745802
49900.0 0.13735139378397193
50100.0 0.13539976121166364
50300.0 0.13344245290146586
50500.0 0.1314851445912681
50700.0 0.12953007293866386
50900.0 0.12842448007185045
51100.0 0.13109367171520203
51300.0 0.13823277375858484
51500.0 0.14653224691915578
51700.0 0.15264854969549874
51900.0 0.17512166836541768
52100.0 0.20177333769351974
52300.0 0.22605902603126113
52500.0 0.22137926104190833
52700.0 0.20939890123639515
52900.0 0.1962099542927755
53100.0 0.1962792037579493
53300.0 0.1950114776101279
53500.0 0.18840986726226655
53700.0 0.16744053416730634
53900.0 0.15123869225134534
54100.0 0.1427175512839617
54300.0 0.143022452246958
54500.0 0.14500301242957783
54700.0 0.14853039628964876
54900.0 0.15857198089445007
55100.0 0.16860781571767672
55300.0 0.17753597696071688
55500.0 0.1720334455248236
55700.0 0.1774928156322625
55900.0 0.19194895131693684
56100.0 0.21779157950029485
56300.0 0.24120257132864203
56500.0 0.26147616235477245
56700.0 0.27314813242543784
56900.0 0.2790660535085554
57100.0 0.28035269344844516
57300.0 0.2742221169199987
57500.0 0.2618382345740819
57700.0 0.24793295652639846
57900.0 0.2354291496837461
58100.0 0.22809124408404954
58300.0 0.2284896849762523
58500.0 0.24207116010271776
58700.0 0.24528039545343672
58900.0 0.2434789024807353
59100.0 0.23639198456135546
59300.0 0.2370620337379112
59500.0 0.2462947633495095
59700.0 0.26569334930436234
59900.0 0.2980770737374393
60100.0 0.32352280026030733
60300.0 0.3409133046903897
60500.0 0.3507475863093635
60700.0 0.3646020528933587
60900.0 0.3842632623828266
61100.0 0.43897740570307753
61300.0 0.5261329982999887
61500.0 0.6465928592282099
61700.0 0.8492801390976842
61900.0 0.9886395447487671
62100.0 1.0681427595786923
62300.0 1.025821084591861
62500.0 0.9370209725500661
62700.0 0.8300654524095387
62900.0 0.7323616192611876
63100.0 0.6499961656258426
63300.0 0.5825390808570564
63500.0 0.5411880210132619
63700.0 0.5019019705790332
63900.0 0.4637893168922084
64200.0 0.41397600590112105
64600.0 0.373096238588499
65000.0 0.3550581653283156
65400.0 0.32891274199364245
65800.0 0.33662213159240795
66200.0 0.3467198634284835
66600.0 0.3456849446753766
67000.0 0.34368314103934666
67400.0 0.3367976477146171
67800.0 0.3382664395506641
68200.0 0.3439392801374039
68600.0 0.3599453661649274
69000.0 0.39318300050150534
69400.0 0.4304092435951243
69800.0 0.6287962046333814
70200.0 0.5423072371319825
70600.0 0.46219310198946356
71000.0 0.4673680982748073
71400.0 0.45991289225269716
71800.0 0.4637464063471436
72200.0 0.48112579928580507
72600.0 0.5160929092275631
73000.0 0.5511466312265555
73400.0 0.5930185513467625
73800.0 0.6464803652899738
74200.0 0.6932260043064047
74600.0 0.7560488612821047
75000.0 0.8486055828589472
75400.0 0.9467858754048423
75800.0 1.0239932734104644
76200.0 1.0722662843105153
76600.0 1.0535676156913192
77000.0 1.0244747625259882
77400.0 0.9877832749430296
77800.0 0.9786068086761405
78200.0 0.9596410315476324
78600.0 0.9302614157761154
79000.0 0.8716258365988803
79400.0 0.8019899352016427
79800.0 0.7257587217777309
80200.0 0.6601708308622198
80600.0 0.6007970419447984
81000.0 0.5491804735818151
81400.0 0.5194599213917186
81800.0 0.49762577991585
82200.0 0.48304334031762225
82600.0 0.48200849329011963
83000.0 0.4831265013543208
83400.0 0.4842963047294402
83800.0 0.4834684271074381
84200.0 0.4843132948048511
84600.0 0.4900438761656005
85000.0 0.5054309809331567
85400.0 0.5239384480769572
85800.0 0.533055333222276
86200.0 0.5249420811651587
86600.0 0.48745709010473626
87000.0 0.4416683629756467
87400.0 0.3892560341687315
87800.0 0.33912141548641633
88200.0 0.2962773134734719
88600.0 0.26149990630079983
89000.0 0.23898408616750283
89400.0 0.22085094431443897
89800.0 0.20688013567064864
90200.0 0.19677431918138188
90600.0 0.18599410830021376
91000.0 0.17548368136057244
91400.0 0.17196520146706354
91800.0 0.1672597513110394
92200.0 0.16242245129622063
92600.0 0.16083830661766085
93000.0 0.15857283869287692
93400.0 0.15550445867471116
93800.0 0.15055868745150958
94200.0 0.14579547662661096
94600.0 0.14171749908311934
95000.0 0.13944797249866533
95400.0 0.14007474009040535
95800.0 0.14347947165688235
96200.0 0.151328570979269
96600.0 0.15429169116156813
97000.0 0.1522887247123722
97400.0 0.14314793677467003
97800.0 0.13654106382514136
98200.0 0.13255681028909344
98600.0 0.13187168180795728
99000.0 0.13164727942864538
99400.0 0.1313657205091994
99800.0 0.13098032920240532
100200.0 0.13221540842441562
100400.00000000009 0.13283444265149583
100748.43066198383 0.13333169960577942
101098.07052641988 0.13323069981013524
101448.92378975474 0.1318785418336393
101800.9946629978 0.13176462199597905
102154.28737177301 0.1323382321945032
102508.80615636887 0.13372639281533769
102864.55527178946 0.13537368931942415
103221.53898780573 0.1375392388451833
103579.76158900595 0.14016810811767402
103939.22737484834 0.14307564219139668
104299.94065971187 0.1479026603160303
104661.9057729482 0.1528085975356574
105025.12705893395 0.1578310263686625
105389.60887712192 0.16337037313776012
105755.35560209466 0.16869576806937972
106122.37162361621 0.17176040505926515
106490.66134668495 0.1735769265307958
106860.22919158668 0.1743286311028011
107231.07959394684 0.1762132240251902
107603.217004785 0.17735135476650488
107976.64589056744 0.1770048956051225
108351.370733261 0.17792421326019378
108727.39603038708 0.18112394042666544
109104.72629507471 0.19173258087534079
109483.36605611602 0.2078746108540276
109863.31985801981 0.22688853594128094
110244.59226106624 0.24353200502242522
110627.1878413618 0.2627194356096457
111011.11119089334 0.28452675334223376
111396.36691758451 0.3783594866011123
111782.95964535022 0.4911393490957264
112170.89401415233 0.6247404203121458
112560.17468005554 0.6355752779916399
112950.80631528242 0.6086777827123531
113342.79360827077 0.5412564728659823
113736.1412637291 0.4791596324366948
114130.85400269323 0.42532571699873967
114526.93656258319 0.3816376445339021
114924.39369725919 0.34991831672200613
115323.23017708007 0.3236316793743434
115723.45078895958 0.3028340205863756
116125.06033642414 0.29074884770559517
116528.06363967061 0.28073586082633006
116932.46553562334 0.27288253481542724
117338.27087799355 0.26976189824749985
117745.48453733666 0.2698316512470446
118154.11140111096 0.2728119833592922
118564.15637373661 0.28021449590789543
118975.62437665339 0.2919884739143182
119388.52034838134 0.3029098586093342
119802.84924457902 0.3080993301248186
120218.61603810318 0.30523599472182167
120635.82571906883 0.30167197676429325
121054.48329490799 0.29861624197412384
121474.59379043133 0.29581290095916246
121896.16224788758 0.29757988629008336
122319.19372702412 0.30410271745666584
122743.69330514787 0.3173645703565671
123169.6660771864 0.32490248018496454
123597.11715574806 0.33005208217175774
124026.0516711849 0.3342580281226197
124456.47477165324 0.3441648292476828
124888.39162317566 0.3560425792333917
125321.80740970328 0.3698733792010511
125756.72733317701 0.3857617592030501
126193.15661359143 0.39892910633464185
126631.1004890565 0.414806996960265
127070.56421586059 0.44957030298568773
127511.55306853396 0.521557749323363
127954.0723399109 0.6737188210909839
128398.12734119488 0.6531366772091964
128843.72340202122 0.5113170505231635
129290.86587052139 0.3130076034201671
129739.56011338736 0.2882940445914505
130189.81151593504 0.2745453329645382
130641.62548217046 0.26773431156766986
131095.00743485359 0.2643482865975733
131549.96281556363 0.2623193150234555
132006.49708476473 0.2596668098583329
132464.61572187033 0.2582151336841173
132924.3242253105 0.257528542227643
133385.628112597 0.2545495948400531
133848.53292038973 0.2570271977432859
134313.04420456337 0.2585442419133283
134779.167540273 0.25836701694912295
135246.90852202274 0.2569450768735629
135716.27276373174 0.25751453226630966
136187.2658988018 0.25316412325069104
136659.8935801853 0.24962031899567627
137134.16148045196 0.24617970089352267
137610.07529185852 0.24154637787110644
138087.64072641605 0.23759345796802864
138566.86351595866 0.23500406118885622
139047.7494122127 0.23102449625009244
139530.30418686455 0.226550946888857
140014.53363163173 0.2220305075572705
140500.44355833106 0.21638025290270932
140988.03979894897 0.2113082783459659
141477.32820571162 0.22301033984720176
141968.3146511539 0.2387162478769832
142461.00502819192 0.24181565460550514
142955.40525019236 0.23953023211404173
143451.52125104374 0.2390687200245548
143949.35898522806 0.23651273100644724
144448.924427891 0.23030584181970676
144950.2235749154 0.2294106312368046
145453.2624429921 0.23044608195895408
145958.04706969234 0.22851631723913476
146464.58351354074 0.2268245948010257
146972.87785408652 0.22544493546120478
147482.9361919785 0.22651647473291436
147994.76464903704 0.2278776993687464
148508.36936832778 0.2280478679355942
149023.7565142358 0.22789001925774002
149540.9322725382 0.22750118263784222
150059.90285048028 0.2279297482247253
150580.6744768489 0.2287891481215256
151103.25340204738 0.23028083234777041
151627.64589817091 0.23209601063728616
152153.85825908065 0.23331738531461224
152681.89680048096 0.23252329122006266
153211.76785999417 0.23255635912587388
153743.47779723676 0.23353771596719514
154277.0329938962 0.23828354145532846
154812.43985380605 0.24797094345878848
155349.70480302497 0.2605067894795179
155888.8342899124 0.2590984303509675
156429.8347852063 0.2541056392111725
156972.71278210124 0.24574170151447622
157517.47479632485 0.250192500985496
158064.1273662182 0.2539702110574424
158612.67705281274 0.25694139293580964
159163.1304399096 0.2547401785329089
159715.49413415877 0.25589615341049016
160269.77476513712 0.26091114604803256
160825.97898542997 0.26265990706076375
161384.11347070962 0.26457104849022806
161944.18491981577 0.2668696702629132
162506.2000548363 0.27549253325786865
163070.1656211866 0.2887716932972469
163636.0883876925 0.3054017810655269
164203.97514667013 0.31899981222128876
164773.83271400793 0.3174602865772764
165345.66792924836 0.3081366285159213
165919.48765567035 0.3009477052039813
166495.29878037024 0.3010522967280336
167073.10821434658 0.30238742007452796
167652.9228925817 0.3015820551872147
168234.74977412526 0.304732614377725
168818.59584217807 0.3123790533166325
169404.46810417465 0.32468448724061033
169992.37359186928 0.34135367801642424
170582.3193614191 0.33982984614962547
171174.31249346913 0.3294272204588903
171768.3600932375 0.31881286578318446
172364.46929059955 0.3145057457499056
172962.64724017525 0.31262046914736313
173562.90112141386 0.3122140047054873
174165.23813868032 0.3109627636891848
174769.6655213422 0.30648444285853366
175376.19052385495 0.3012080241189959
175984.8204258511 0.29642597681731286
176595.5625322263 0.29500157247624037
177208.42417322725 0.2959186283674887
177823.4127045401 0.2978314994503198
178440.53550737724 0.29957835532792715
179059.79998856818 0.2982919195447253
179681.21358064678 0.29559957874344406
180304.7837419411 0.29260583692822184
180930.51795666298 0.29041953692591377
181558.42373499667 0.29047555489745364
182188.508613191 0.29008140685453637
182820.7801536484 0.2898736243742301
183455.24594501613 0.2902686176268859
184091.9136022776 0.2910961694664032
184730.79076684228 0.2906060589967854
185371.88510663982 0.294897861461092
186015.20431621035 0.30725426063174294
186660.7561167974 0.3304696309332028
187308.54825644082 0.3518416199345063
187958.58851006837 0.3323260888239585
188610.8846795912 0.30957227637309287
189265.44459399607 0.30974024906119413
189922.27610943964 0.3026248830569152
190581.38710934314 0.30282093634844515
191242.78550448545 0.30710909077352705
191906.4792331004 0.3086228983420853
192572.47626097052 0.3037343640598701
193240.7845815229 0.30343629156666446
193911.41221592567 0.3040510205292775
194584.36721318262 0.3059686480033598
195259.65765023217 0.30916717069671645
195937.29163204285 0.3126588955266516
196617.27729171072 0.31433648791702334
197299.62279055765 0.31415388798419513
197984.33631822755 0.3128750779787137
198671.42609278703 0.31377163295660254
199360.90036082253 0.3159680492056913
200052.7673975396 0.31780641525407144
200747.03550686277 0.31959547466586047
201443.7130215334 0.3193912836557466
202142.80830321225 0.31918638401606275
202844.3297425782 0.3243741030693839
203548.28575942936 0.3323314295299327
204254.6848027845 0.3373693771463226
204963.53535098286 0.33607305630625445
205674.84591178835 0.33477223668203837
206388.62502249 0.3337464146903976
207104.88125000495 0.3327195799549181
207823.62319098154 0.33577417896918554
208544.8594719008 0.3407374956554893
209268.59874918268 0.3439241976130857
209994.84970928813 0.34435453990626386
210723.62106882382 0.34473412285270666
211454.9215746472 0.3447387826730169
212188.76000396966 0.3447434586648837
212925.1451644646 0.347209993583864
213664.08589437135 0.35005862097230894
214405.5910626017 0.35277355778283137
215149.66956884676 0.35541425322810005
215896.33034368197 0.35700582242518725
216645.5823486771 0.35709653235081884
217397.43457650184 0.35706711797401774
218151.8960510343 0.35658637494586726
218908.9758274697 0.35615794185886046
219668.68299242735 0.35778920158920197
220431.02666406232 0.3594261224839629
221196.01599217302 0.3599956470119056
221963.66015831166 0.3603869543353551
222733.96837589474 0.36336743230872287
223506.94989031187 0.3674503500531728
224282.61397903945 0.3692524000705404
225060.96995175022 0.36930199663093366
225842.02715042542 0.37002406570460505
226625.79494946744 0.37158722205682637
227412.28275581042 0.37384595144246846
228201.50000903595 0.3774564350438984
228993.45618148448 0.3805043150055702
229788.16077836952 0.38182597434321214
230585.62333789226 0.3827660230640497
231385.85343135396 0.3818685979624012
232188.8606632739 0.3812038439825642
232994.65467150253 0.3823898537516827
233803.24512733784 0.38367845454168703
234614.64173564175 0.38634624014654984
235428.8542349548 0.3889592060394355
236245.89239761574 0.3898285836186279
237065.76602987712 0.39065155142800717
237888.48497202326 0.38874859525027505
238714.05909848903 0.3868958439904797
239542.4983179762 0.3889281760892182
240373.81257357553 0.390909866249777
241208.01184288395 0.39062816588713095
242045.10613812497 0.3904147187515849
242885.10550626923 0.39155478964738444
243728.0200291531 0.39266219038017813
244573.85982360275 0.39338440051344975
245422.63504155353 0.39389483934558334
246274.3558701723 0.39305368958085596
247129.0325319802 0.3924808627746317
247986.67528497343 0.39298909554780953
248847.29442274923 0.39408668543174347
249710.90027462755 0.3967224301360625
250577.5032057754 0.39907554030915016
251447.1136173319 0.40093180628098596
252319.741946531 0.40258849816159975
253195.39866682977 0.40401688929769697
254074.09428803218 0.4033532777484564
254955.83935641564 0.4011847014557057
255840.64445485763 0.4008534183627277
256728.52020296326 0.4012777291985224
257619.47725719062 0.4051473023932001
258513.52631098175 0.40964781243769705
259410.67809488898 0.4118684509629611
260310.94337670426 0.41379513110327565
261214.33296158884 0.4141692948726761
262120.8576922009 0.4143664509320719
263030.5284488288 0.4142099579055469
263943.3561495196 0.41454988442956686
264859.35175021074 0.4153495110635197
265778.5262448618 0.4163536770409006
266700.8906655845 0.41744094613891464
267626.45608277834 0.4186629452620193
268555.23360526125 0.4198783801707349
269487.23438040353 0.42097111625425293
270422.46959426196 0.42268193052215997
271360.9504717122 0.4254267183494971
272302.6882765867 0.42628956126448575
273247.69431180746 0.42597044261667744
274195.97991952254 0.4283579355384956
275147.55648124265 0.4305967815896307
276102.4354179754 0.42894190032236146
277060.6281903659 0.42852829041313495
278022.1462988321 0.4299803233893856
278987.001283703 0.4317695659346956
279955.20472535834 0.4337190828189468
280926.7682443648 0.435451612097254
281901.7035016192 0.43692433566702127
282880.0221984859 0.43772849732060976
283861.73607693805 0.4373460617793156
284846.856919699 0.43614085545450176
285835.39655038144 0.4377658706476064
286827.3668336328 0.43905000286741197
287822.7796752752 0.4384664748242246
288821.64702244906 0.4395264794242325
289823.9808637571 0.44174257690619967
290829.79322940577 0.4439845245534585
291839.0961913531 0.4455795904539263
292851.90186345164 0.44565057919521617
293868.22240159387 0.4463169040006213
294888.0700038592 0.44726317932127524
295911.45691065746 0.44791527379837054
296938.39540488017 0.4486154913561036
297968.8978120446 0.4493771849375816
299002.9765004432 0.453161605987495
300040.643881292 0.4568910297467941
301081.9124088775 0.45852322137238066
302126.7945807098 0.45854152421095723
303175.3029376698 0.457750077520296
304227.45006416074 0.4574684992998021
305283.2485882598 0.45777717579409616
306342.71118186694 0.45865478191921677
307405.8505608609 0.46483718081579056
308472.6794852493 0.46678736865504367
309543.21075932245 0.4619306591576523
310617.4572318076 0.46183156447957735
311695.4317960206 0.46256095366594524
312777.1473900245 0.4633535607012821
313862.6169967824 0.46701595050418304
314951.8536443137 0.471170480160982
316044.87040585116 0.4746595016870086
317141.68039999536 0.4776252341936622
318242.2967908759 0.47874760397814486
319346.7327883069 0.47513740437087826
320455.0016479461 0.4760361209064874
321567.116671454 0.4804308689273385
322683.09120665427 0.49029375557781973
323802.93864769104 0.4978284342534925
324926.672435194 0.5061241418411871
326054.30605643673 0.5171454997815823
327185.8530454994 0.5046256517066919
328321.326983432 0.5019242859611529
329460.74149841425 0.5189853896878852
330604.11026592366 0.519093791168388
331751.4470088968 0.516658176802067
332902.76549789455 0.5140332945485175
334058.07955126825 0.5289399415358056
335217.40303532267 0.5251834278538058
336380.74986448674 0.5131371590066578
337548.13400147745 0.5070599172978256
338719.56945746863 0.5129976936036621
339895.07029225933 0.5168946771991877
341074.65061444003 0.0
342258.32458156615 0.0
343446.10640032514 0.0
344638.0103267076 0.0
345834.0506661794 0.0
347034.2417738501 0.0
348238.5980546498 0.0
349447.1339634991 0.0
350659.8640054834 0.0
351876.8027360276 0.0
353097.96476106776 0.0
354323.3647372312 0.0
355553.01737200917 0.0
356786.93742393394 0.0
358025.13970275706 0.0
359267.6390696242 0.0
360514.4504372573 0.0
361765.5887701314 0.0
363021.06908465445 0.0
364280.90644934855 0.0
365545.1159850277 0.0
366813.7128649837 0.0
368086.7123151656 0.0
369364.1296143627 0.0
370645.98009438923 0.0
371932.2791402647 0.0
373223.04219040385 0.0
374518.28473679814 0.0
375818.0223252031 0.0
377122.2705553253 0.0
378431.04508100665 0.0
379744.36161041673 0.0
381062.23590623855 0.0
382384.6837858583 0.0
383711.7211215558 0.0
385043.36384069227 0.0
386379.62792590604 0.0
387720.529415301 0.0
389066.08440264023 0.0
390416.3090375398 0.0
391771.21952565934 0.0
393130.8321289014 0.0
394495.16316560353 0.0
395864.22901073477 0.0
397238.0460960931 0.0
398616.63091049937 0.0
400000.0000000001 0.0
