91.0 0.0
94.0 0.0
96.0 0.0
98.0 0.0
100.0 0.0
102.0 1.4993163285178923e-05
104.0 1.679941184400466e-05
106.0 1.962627685904773e-05
108.0 2.3355355802844174e-05
110.0 3.2244776805596815e-05
114.0 4.090720474559508e-05
118.0 4.968531910075397e-05
121.0 0.0001439494137238579
125.0 0.000173699769945974
127.0 0.0001850883953904795
128.0 0.0001942056185577482
131.0 0.00021189584172194697
132.0 0.0002408194627373113
134.0 0.00025233014752363897
137.0 0.0003006006432332093
140.0 0.00032659308650490884
143.0 0.0007038996771797214
147.0 0.0013801909551638461
151.0 0.0014739687425384305
155.0 0.0015912032421442417
159.0 0.001719126013389322
162.0 0.0018185498000626295
166.0 0.0019580414646725368
170.0 0.002090037255582103
173.0 0.0021932940234365415
177.0 0.002324477654077772
180.0 0.0024325105532966166
182.0 0.0025074205597573926
186.0 0.002652037467277753
191.0 0.0028264949293493255
194.0 0.0029484753165434398
198.0 0.0031117043636761095
202.0 0.003263093749742961
205.0 0.0033685709069016254
210.0 0.0034446600450031293
216.0 0.0038164715768443896
220.0 0.003987436492898966
223.0 0.004070820346537015
227.0 0.004260031308254889
230.0 0.006246797480739755
234.0 0.010752074606387272
240.0 0.013431041263945915
246.0 0.01281612384238494
252.0 0.01343975043775835
257.0 0.011260072269937452
260.0 0.013015479133499175
264.0 0.013714857354762959
269.0 0.013682687070701081
274.0 0.013612607466375423
279.0 0.013499697505674752
284.0 0.013482553862516589
290.0 0.01283020845358339
296.0 0.012969882335485851
301.0 0.012560775794611553
308.0 0.012715356578491786
318.0 0.01286763304465655
328.0 0.012685070785099417
338.0 0.012436864420674177
348.0 0.012121074624018369
357.0 0.011959136092267595
366.0 0.011903030243115354
375.0 0.011673420051268578
385.0 0.011052441861190873
395.0 0.011156622947495186
405.0 0.011037535806492482
414.0 0.010802450833837978
422.0 0.010514355332764498
430.0 0.010266581112487563
441.0 0.010094268463889614
451.0 0.009836696842451264
460.0 0.009585766089939154
470.0 0.009341764537711914
480.0 0.009174146942410612
490.0 0.008832334261132908
500.0 0.008763186201941827
506.0 0.008562269124203518
512.0 0.008859390174752077
520.0 0.00868136824180607
530.0 0.008382780675884528
540.0 0.007992308475752628
550.0 0.0077888051172488116
560.0 0.007849838901864683
570.0 0.007790117424501053
580.0 0.00754032289942581
590.0 0.007454846856554206
600.0 0.007121204422689314
610.0 0.0063641953595784855
620.0 0.007010480728142162
630.0 0.006800011305791793
640.0 0.006761563089210007
650.0 0.006606824985114211
658.0 0.00639955240493868
665.0 0.006434683606178557
675.0 0.00634638723845768
685.0 0.006082136165268801
695.0 0.006132792777671651
705.0 0.005795937380084348
716.0 0.005937280103409919
726.0 0.005843735363616093
735.0 0.005755502318963453
745.0 0.0056333019717475265
755.0 0.005540173178642641
765.0 0.005106500748439583
775.0 0.005364914324845367
785.0 0.005214249666285638
795.0 0.0051936152718921064
805.0 0.005158568468320939
815.0 0.005087722095407451
825.0 0.005026153038139565
835.0 0.004693946731809634
845.0 0.004870605949106726
855.0 0.004803510259824056
865.0 0.004782021029597419
875.0 0.004753940310216453
885.0 0.004705789472646482
895.0 0.0046683280351161646
905.0 0.004642046742346596
915.0 0.005565455119796429
925.0 0.011536294088914507
935.0 0.01901487231601257
945.0 0.031765004912830075
955.0 0.04041277043788593
965.0 0.043851596776509724
975.0 0.01515510067422566
985.0 0.04190885768727429
995.0 0.04241096330802696
1005.0 0.05606281433841049
1015.0 0.052016276897325686
1025.0 0.028169834681761305
1035.0 0.040124265537943335
1045.0 0.06884324620407486
1055.0 0.06800957283072394
1065.0 0.056897770969153744
1075.0 0.06456008544960476
1085.0 0.053992107689972764
1095.0 0.06753844865213002
1105.0 0.06535153390080096
1115.0 0.0634397934059853
1125.0 0.057954602599807566
1135.0 0.06978473560634237
1145.0 0.06536893007025797
1155.0 0.0681976982328068
1165.0 0.06916948519532282
1175.0 0.051820976862089474
1185.0 0.0657701136390895
1195.0 0.04928468523345524
1205.0 0.03911076837525215
1208.72 0.03327769327266026
1208.8 0.03314495064355687
1208.87 0.03302878602340352
1208.94 0.03291260757599228
1209.02 0.032779815281635045
1209.09 0.03266360721868596
1209.16 0.032547385341821486
1209.23 0.03243114965528431
1209.31 0.032298291966306014
1209.38 0.03218202670188829
1209.45 0.032065747641119004
1209.53 0.03193284039789465
1209.6 0.031816531787773106
1209.67 0.03170020939460413
1209.75 0.03156725264492283
1209.82 0.03145090073089511
1209.89 0.0313345350471087
1209.96 0.031218155597789152
1210.04 0.031085133662514634
1210.11 0.03096872472984214
1210.18 0.030852302044903124
1210.26 0.030719230713731702
1210.33 0.030602778573852907
1210.4 0.030486312694958814
1210.47 0.03036983308126308
1210.55 0.03023669671003093
1210.62 0.030120187678795336
1210.69 0.03000366492598729
1210.77 0.029870479269106232
1210.84 0.029753927127091236
1210.91 0.029637361276717577
1210.99 0.029504126381649395
1211.06 0.0293875311703668
1211.13 0.02927092226392321
1211.2 0.029154299666515275
1211.28 0.02902099993898276
1211.35 0.02890434801791466
1211.42 0.028787682419057922
1211.5 0.02865433356314076
1211.57 0.028537638668842246
1211.64 0.028420930109915435
1211.72 0.02828753217288353
1211.79 0.02817079434669853
1211.86 0.028054042869029888
1211.93 0.02793727774405615
1212.01 0.027803815181316933
1212.08 0.02768702082618348
1212.15 0.02757021283686806
1212.23 0.027436701302372336
1212.3 0.027319864111001003
1212.37 0.027203013298555182
1212.44 0.027086148869201545
1212.52 0.026952572852948494
1212.59 0.0268356792585324
1212.66 0.026718772060294507
1212.74 0.026585147181333653
1212.81 0.026468210846057525
1212.88 0.02635126092002954
1212.96 0.026217587225306118
1213.03 0.02610060819022985
1213.1 0.025983615577456112
1213.17 0.025866609391134714
1213.25 0.025732871419990807
1213.32 0.02561583616146461
1213.39 0.02549878734242368
1213.47 0.025365000664123925
1213.54 0.025247922800788844
1213.61 0.02513083138995635
1213.69 0.0249969960512552
1213.76 0.024879875624004573
1213.83 0.024762741662257597
1213.9 0.0246828970016198
1213.98 0.024847441678412657
1214.05 0.02499143503607728
1214.12 0.025135444036503037
1214.2 0.02530004489954315
1214.27 0.025444087404071617
1214.34 0.025588145536338872
1214.41 0.025732219291569464
1214.49 0.025896894135867068
1214.56 0.026041001352801414
1214.63 0.026185124177701375
1214.71 0.0263498550832642
1214.78 0.026494011337749937
1214.85 0.026638183185221813
1214.93 0.02680297009824802
1215.0 0.02694717534322822
1215.07 0.02709139616623415
1215.14 0.027235632562510097
1215.22 0.027400493221464376
1215.29 0.027544762973024654
1215.36 0.02768904828291868
1215.44 0.0278539648248706
1215.51 0.0279982834580641
1215.58 0.02814261763467409
1215.66 0.028307590006043125
1215.73 0.028451957474007153
1215.8 0.028596340470489135
1215.87 0.02874073899075252
1215.95 0.028905784873692362
1216.02 0.02905021664326069
1216.09 0.029194663921736325
1216.17 0.029359765510141723
1216.24 0.029504246006069167
1216.31 0.029648741996048396
1216.38 0.029793253475356985
1216.46 0.029958428412178342
1216.53 0.03010297306701079
1216.6 0.030247533196341058
1216.68 0.03041276371503523
1216.75 0.030557356988128725
1216.82 0.030701965720907495
1216.9 0.030867251768269696
1216.97 0.03101189361309038
1217.04 0.031156550902802255
1217.11 0.03130122363270207
1217.19 0.03146658279576672
1217.26 0.031611288595954405
1217.33 0.0317560098215603
1217.41 0.03192142439021131
1217.48 0.03206617865447557
1217.55 0.03221094832940681
1217.63 0.03237641825066014
1217.7 0.03252122093265976
1217.77 0.03266603901059355
1217.84 0.032810872479777736
1217.92 0.03297641528498321
1217.99 0.03312128171965475
1218.06 0.033266163530868205
1218.14 0.03343176156610424
1218.21 0.0335766763113066
1218.28 0.03372160641836075
1218.35 0.03386655188259646
1218.43 0.03403222264044705
1218.5 0.03417720099721122
1218.57 0.0343221946964911
1218.65 0.03448792056215579
1218.72 0.03463294712255698
1218.79 0.034777989010826446
1218.87 0.034943769931693416
1218.94 0.0350888446497169
1219.01 0.03523393468097905
1219.08 0.03537904002082941
1219.16 0.03554489343419102
1219.23 0.03569003156250657
1219.3 0.035835184984805396
1219.38 0.036001093331660496
1219.45 0.03614627951114775
1219.52 0.036291480970031674
1219.6 0.03645744419798694
1219.67 0.03660267838282227
1219.74 0.03674792783248535
1219.81 0.036893192542345174
1219.89 0.03705922803363025
1219.96 0.03720452542832414
1220.03 0.03734983806867048
1220.11 0.037515928319852114
1220.18 0.03766127361388624
1220.25 0.03780663413904631
1220.32 0.03795200989071471
1220.4 0.03811817224569009
1220.47 0.03826358061004848
1220.54 0.03840900418641321
1220.62 0.03857522118043379
1220.69 0.03872067733843281
1220.76 0.0388661486939539
1220.84 0.03903242027499683
1220.91 0.03917792418113504
1220.98 0.039323443270329744
1221.05 0.03946897753798254
1221.13 0.03963532099527061
1221.2 0.03978088777271333
1221.27 0.03992646971417251
1221.35 0.040092867638134015
1221.42 0.040238482058456704
1221.49 0.04038411162837193
1221.57 0.04055056396720062
1221.64 0.040696225985091344
1221.71 0.040841903138169225
1221.78 0.04098759542185503
1221.86 0.041154119410327206
1221.93 0.041299844101331876
1222.0 0.04144558390856255
1222.08 0.041612162192054845
1222.15 0.04175793437580635
1222.22 0.0419037216614205
1222.29 0.04204952404433146
1222.37 0.04221617381971732
1222.44 0.042362008538610905
1222.51 0.04250785834046124
1222.59 0.04267456229136946
1222.66 0.04282044439849427
1222.73 0.04296634157425433
1222.81 0.04313309964924455
1222.88 0.04327902909960949
1222.95 0.04342497360430628
1223.02 0.043570933158788086
1223.1 0.04373776250067317
1223.17 0.04388375428939087
1223.24 0.0440297611136134
1225.0 0.047705717835320675
1235.0 0.06910279404273077
1245.0 0.07466769966731318
1255.0 0.07127740372630567
1265.0 0.06391805128576349
1275.0 0.07929415636951824
1285.0 0.0820123276402877
1295.0 0.06780518891642728
1305.0 0.06841645201375762
1315.0 0.07979669729165605
1325.0 0.07752769077042614
1335.0 0.07082378627725526
1345.0 0.07965466614848746
1355.0 0.0787227952425465
1365.0 0.07156850379151573
1375.0 0.07417206407383932
1385.0 0.07398723726018885
1395.0 0.06571549975108341
1405.0 0.06773420980848147
1415.0 0.06961648188500114
1425.0 0.07084944292206447
1435.0 0.07065933578226616
1442.0 0.07346713850415222
1447.0 0.07440881938510036
1455.0 0.07288623973234329
1465.0 0.06834500790790075
1475.0 0.0674721916113237
1485.0 0.06817551142460698
1495.0 0.06845106512128248
1505.0 0.0645210927865873
1512.0 0.05999004198714093
1517.0 0.0625173743112327
1525.0 0.060936446466639656
1535.0 0.05424081943483106
1545.0 0.057683026148233736
1555.0 0.055526717636769175
1565.0 0.056476921344343435
1575.0 0.05944417912826985
1585.0 0.06141837510577841
1595.0 0.06269169300063232
1605.0 0.061161934566780124
1615.0 0.06109101425040464
1625.0 0.058455825432674816
1635.0 0.06121425794403772
1645.0 0.06176780272805822
1655.0 0.05799152544131131
1665.0 0.06138954496430164
1672.0 0.05635444102445244
1677.0 0.06281129025193131
1685.0 0.06398759737461768
1695.0 0.060940591697583
1705.0 0.058990058594896234
1715.0 0.05611053551111719
1725.0 0.05582486286126897
1735.0 0.0590150060424514
1745.0 0.05782500000120434
1755.0 0.06101562885447901
1765.0 0.05683764396116023
1775.0 0.05766438060792117
1785.0 0.05902214491997572
1795.0 0.06209413876991748
1805.0 0.060966851542250546
1815.0 0.0577231562684458
1825.0 0.05814028042030883
1835.0 0.05539893775319132
1845.0 0.05172499669396322
1855.0 0.05237148873071345
1865.0 0.05392582877515278
1875.0 0.05729301093916176
1885.0 0.05363987405130263
1895.0 0.05269206101964788
1905.0 0.05440934321330799
1915.0 0.05324650175726126
1925.0 0.05161652781042646
1935.0 0.05128737747192245
1945.0 0.05527249314387551
1955.0 0.05302447018405701
1967.0 0.05736830142851373
1976.0 0.058411314871694875
1984.0 0.056576673566378397
1995.0 0.05567443050057521
2005.0 0.056190329771371506
2015.0 0.05517826286022357
2025.0 0.055400940874508045
2035.0 0.0557237563386638
2045.0 0.05760138175815202
2055.0 0.055887195081613904
2065.0 0.055275573037983576
2074.0 0.058792283361559707
2078.0 0.06301989883451439
2085.0 0.07377758836116137
2095.0 0.0698117445960527
2105.0 0.06896991937930312
2115.0 0.0723590459749985
2125.0 0.06921019928860145
2135.0 0.06623949503590604
2145.0 0.07344240841545428
2155.0 0.07358494726497532
2165.0 0.06885220400346452
2175.0 0.06983458705519685
2185.0 0.07618831952445873
2195.0 0.07724265809397136
2205.0 0.0740910954797662
2215.0 0.06571001884535946
2225.0 0.07003859772970444
2235.0 0.0820214058630178
2245.0 0.07809256286693664
2255.0 0.06727869174149803
2265.0 0.06563260100417728
2275.0 0.06917110278173502
2285.0 0.08024780363530756
2295.0 0.07423198511678834
2305.0 0.07858570582856939
2315.0 0.06975115554166048
2325.0 0.05856175296085853
2335.0 0.05860801075287998
2345.0 0.049559149255092985
2355.0 0.06694128412156392
2365.0 0.05444759681876922
2375.0 0.05561708417226487
2385.0 0.046465094638690196
2395.0 0.051474698013247285
2405.0 0.050496351885366116
2415.0 0.054449347488453294
2425.0 0.07039070949315265
2435.0 0.07598385521605314
2445.0 0.085017084874317
2455.0 0.0876173452485549
2465.0 0.08099616748474485
2475.0 0.06918892733842198
2485.0 0.056518312436184576
2495.0 0.060603310822467955
2505.0 0.07857254693748794
2513.0 0.05046359126595918
2518.0 0.04666190882920865
2525.0 0.04769935954204725
2535.0 0.059574502328603264
2545.0 0.06255934552497797
2555.0 0.09339282314689423
2565.0 0.0777755412564111
2575.0 0.089492983371515
2585.0 0.08387485222402978
2595.0 0.0784901557396211
2605.0 0.0716541426919335
2615.0 0.06775887418057176
2625.0 0.08145153717703568
2635.0 0.11567426106982075
2645.0 0.1679906431296445
2655.0 0.2108213055240619
2665.0 0.1609644851880851
2675.0 0.16309602942813536
2685.0 0.18069911678537753
2695.0 0.14446371398514773
2705.0 0.16704630457054145
2715.0 0.13484796880365527
2725.0 0.10826048774187758
2735.0 0.12716060376256308
2745.0 0.08454009678849851
2755.0 0.1022666075476606
2765.0 0.12304661487500117
2775.0 0.1359315101889663
2785.0 0.09888438383844576
2795.0 0.04984710578329941
2805.0 0.055765458029775006
2815.0 0.13181228322005767
2825.0 0.16976361289036623
2835.0 0.15716780026903573
2845.0 0.12694179749566198
2855.0 0.09883633794174529
2865.0 0.16444725414181469
2875.0 0.2123126649128246
2885.0 0.19820298432419944
2895.0 0.24790563152019118
2910.0 0.30530484549202785
2930.0 0.2794364239780677
2950.0 0.259474088622149
2970.0 0.26834191699459653
2990.0 0.27496538755051997
3010.0 0.2798636953865206
3030.0 0.29554225842459025
3050.0 0.3092744787474748
3070.0 0.3317284366637536
3090.0 0.3265675681699499
3110.0 0.3663338454195211
3130.0 0.3477610555747801
3150.0 0.3487073847300564
3170.0 0.3803517634775182
3190.0 0.34033839808177174
3210.0 0.3645877479540024
3230.0 0.3171342813725615
3250.0 0.4237983833953707
3270.0 0.5046057631487798
3290.0 0.4965342920547647
3310.0 0.47233948224082717
3330.0 0.48684758583609394
3350.0 0.4570766726753026
3370.0 0.3929121579690825
3390.0 0.4943768243593663
3410.0 0.49870478467800045
3430.0 0.4997759777527623
3450.0 0.4568314693112366
3470.0 0.47883029301685437
3490.0 0.47462584608063413
3510.0 0.53016815358184
3530.0 0.5100065620178843
3550.0 0.5881034615769865
3570.0 0.4947815686877407
3590.0 0.35252269544611076
3610.0 0.45234390090432997
3630.0 0.5566616423924715
3640.0 0.5836267371304698
3650.0 0.5827554191960066
3670.0 0.6548037513014855
3690.0 0.5888977124903616
3704.66 0.6357666422093796
3704.88 0.6314539786456626
3705.11 0.626945039921889
3705.33 0.6226319076808371
3705.55 0.6183185463300792
3705.78 0.6138088781475387
3706.0 0.6094950482071902
3706.22 0.6051809892000407
3706.45 0.6006705916953087
3706.67 0.596356064186289
3706.89 0.5933038432387232
3707.12 0.5906076962832284
3707.34 0.5880286325294125
3707.56 0.585449431329157
3707.79 0.5827528467600853
3708.01 0.5801733644456629
3708.24 0.57747648600298
3708.46 0.5748967226097134
3708.68 0.572316821812982
3708.91 0.5696195058935416
3709.13 0.5670393240705419
3709.35 0.5644590048697823
3709.58 0.5666249347223757
3709.8 0.5729614500702714
3710.0 0.5787222070605169
3710.02 0.5792982978704143
3710.25 0.5859235396475654
3710.47 0.5922610673997871
3710.7 0.5988870199910559
3710.92 0.6052252276095256
3711.14 0.6115637675757885
3711.37 0.6181907783240199
3711.59 0.6245299980287263
3711.81 0.630869550018746
3712.04 0.6374976187250114
3712.26 0.643166594786002
3712.48 0.6473974251380761
3712.71 0.6518208024063101
3712.93 0.656052085074923
3713.16 0.660475935189653
3713.38 0.6647076701176421
3713.6 0.6689396261293951
3713.83 0.6733641801492787
3714.05 0.6775965883352909
3714.27 0.6818292175634568
3714.5 0.6862544753560091
3714.72 0.6904875566733152
3714.94 0.6944002845276759
3715.17 0.6914528217394317
3715.39 0.688633356089373
3715.62 0.6856855725285534
3715.84 0.682865800071832
3716.06 0.6800458776347879
3716.29 0.6770976165539554
3716.51 0.6742773873676721
3716.73 0.6714570082291392
3716.96 0.6685082697176746
3717.18 0.6656875838873283
3717.4 0.6628667481327913
3717.63 0.659917532280069
3717.85 0.6568096315729748
3718.08 0.6535129492628625
3718.3 0.6503594298266854
3718.52 0.6472057430645203
3718.75 0.6439085280078001
3718.97 0.6407544990199749
3719.19 0.637600302737492
3719.42 0.6343025550339593
3719.64 0.6311480165899332
3719.86 0.6279933108825914
3720.09 0.6246950306320341
3720.31 0.6215399828272542
3720.53 0.6248617968639281
3720.76 0.6322042875379964
3720.98 0.6392279150909415
3721.21 0.6465711910935019
3721.43 0.6535955697827514
3721.65 0.6606203156596556
3721.88 0.6679647607451781
3722.1 0.6749902576170214
3722.32 0.6820161216074173
3722.55 0.6893617355558892
3722.77 0.6963883503998844
3722.99 0.7034153322933209
3723.22 0.7123388889691878
3723.44 0.7228356569361111
3723.67 0.7338101377045846
3723.89 0.7443080285638723
3724.11 0.7548064683411423
3724.34 0.7657826968008914
3724.56 0.7762822592592323
3724.78 0.7867823705322602
3725.01 0.7977603463544051
3725.23 0.8082615800972263
3725.45 0.8187633625514255
3725.68 0.8297430854071112
3725.9 0.8382359026544745
3726.13 0.8399700878768493
3726.35 0.8416289605752852
3726.57 0.8432879181722855
3726.8 0.8450223737018557
3727.02 0.846681504938551
3727.24 0.8483407210577238
3727.47 0.8500754468432823
3727.69 0.8517348365692612
3727.91 0.853394311161632
3728.14 0.8551293071519757
3728.36 0.8567889553182588
3728.59 0.8585241327606865
3728.81 0.8513907620054295
3729.03 0.8442570154928501
3729.26 0.8367986060350048
3729.48 0.8296640910001051
3729.7 0.8225292002784502
3729.93 0.8150695946774447
3730.0 0.8127991984360768
3730.15 0.8079339355777471
3730.37 0.8007979008618566
3730.6 0.7933370993423057
3730.82 0.7862002963926683
3731.05 0.7787386917703275
3731.27 0.7716011206838815
3731.49 0.7618213964501923
3731.72 0.7507842564652083
3731.94 0.740226425159641
3732.16 0.7296680395161145
3732.39 0.7186291345831356
3732.61 0.7080696151730034
3732.83 0.6975095415291016
3733.06 0.686468871979856
3733.28 0.6759076647824559
3733.51 0.6648658102293908
3733.73 0.6543034696216585
3733.95 0.6437405749542853
3734.18 0.6344737199904118
3734.4 0.6269166479988146
3734.62 0.6193591792856499
3734.85 0.6114577651132931
3735.07 0.603899485000414
3735.29 0.5963408082405376
3735.52 0.5884381311899847
3735.74 0.5808786431829341
3735.96 0.5733187586034201
3736.19 0.5654148189120767
3736.41 0.5578541232379164
3736.64 0.5499493356375146
3736.86 0.5442938326868347
3737.08 0.5419736265273338
3737.31 0.5395478254123308
3737.53 0.5372273685770566
3737.75 0.534906789200686
3737.98 0.5324805979289956
3738.2 0.5301597679238889
3738.42 0.527838815400669
3738.65 0.5254122340454978
3738.87 0.5230910309405756
3739.1 0.52066418763013
3739.32 0.5183427339750806
3739.54 0.5164724037505024
3739.77 0.5192346523836154
3739.99 0.5218769430318986
3740.21 0.5245193703471515
3740.44 0.5272820541120659
3740.66 0.5299247609469827
3740.88 0.5325676044230626
3741.11 0.5353307232376131
3741.33 0.5379738461805726
3741.56 0.540737257146518
3741.78 0.5433806595209184
3742.0 0.5460241984933359
3742.23 0.5487880443715809
3742.45 0.5468741494817156
3742.67 0.5445043702095778
3742.9 0.5420267401122251
3743.12 0.539656705293076
3743.34 0.5372865455515529
3743.57 0.5348085177158309
3743.79 0.5324381024752731
3744.02 0.5299598075437622
3744.24 0.5275891368363856
3744.46 0.5252183412458418
3744.69 0.5227396487007898
3744.91 0.5203685976914028
3745.13 0.5182846951587207
3745.36 0.5162461106847852
3745.58 0.5142960550947503
3745.8 0.5123458966257888
3746.03 0.5103069845972666
3746.25 0.5083566157138997
3746.48 0.506317483720544
3746.7 0.5043669044492959
3746.92 0.5024162223314012
3747.15 0.500376762886235
3747.37 0.49842587041995934
3747.59 0.49647487512634564
3747.82 0.496567139751339
3748.04 0.49888020361675467
3748.26 0.5011933867252816
3748.49 0.5036118420090216
3748.71 0.5059252690008491
3748.93 0.5082388152132381
3749.16 0.5106576500814717
3750.0 0.519492762460867
3770.0 0.6717757638310996
3790.0 0.6778414968926062
3810.0 0.698488520215942
3830.0 0.45806449517201997
3850.0 0.6236715838336834
3870.0 0.6683652283717977
3890.0 0.6291538226890552
3910.0 0.7901723965917147
3930.0 0.4399469373355903
3950.0 0.7559581062656008
3970.0 0.4291683732715966
3990.0 1.0
4010.0 1.0580904739979138
4030.0 1.0535346403928016
4050.0 1.0651775335793914
4070.0 1.0407180820328181
4078.2 1.0626817927132188
4078.45 1.0653984661574214
4078.7 1.0681665765864645
4078.94 1.0708240993012088
4079.19 1.0735924945177053
4079.43 1.0762502906090035
4079.68 1.0790189705725461
4079.93 1.0817877957996271
4080.17 1.0844460046718023
4080.42 1.0872151145849118
4080.66 1.0898735967362776
4080.91 1.0926429912950173
4081.16 1.094960754793683
4081.4 1.0967160622305514
4081.65 1.0985446004206034
4081.9 1.1003732334439813
4082.14 1.1021288103592235
4082.39 1.103957629235947
4082.63 1.1057133845577096
4082.88 1.1075423892613319
4083.13 1.1093714887644088
4083.37 1.1111275134682976
4083.62 1.1129567987583378
4083.86 1.115480843376644
4084.11 1.1194432852131115
4084.36 1.123405935825479
4084.6 1.127210276815701
4084.85 1.1311733365850376
4085.1 1.1351366050855867
4085.34 1.1389415392064286
4085.59 1.1429052167763636
4085.83 1.146710543575975
4086.08 1.150674630157309
4086.33 1.1546389253955902
4086.57 1.1577851721515762
4086.82 1.1593938209075558
4087.06 1.1609382015921257
4087.31 1.1625470125898474
4087.56 1.164155906355058
4087.8 1.1657005222317276
4088.05 1.1673095782037541
4088.3 1.1689187169254516
4088.54 1.170463567943583
4088.79 1.1720728688371753
4089.03 1.1736178755292312
4089.28 1.1744879876384104
4089.53 1.1714764470294954
4089.77 1.1685852138551336
4090.0 1.165814307005467
4090.02 1.1655733520288272
4090.26 1.1626818105074477
4090.51 1.1596696275089233
4090.76 1.156657280664425
4091.0 1.1537652735583306
4091.25 1.1507526056098287
4091.5 1.1477397738501534
4091.74 1.144847301258228
4091.99 1.1416967242041969
4092.23 1.1371548066078228
4092.48 1.132423392187101
4092.73 1.1276917224193523
4092.97 1.1231490792288745
4093.22 1.118416909034202
4093.47 1.1136844835468371
4093.71 1.1091411149166337
4093.96 1.1044081891088318
4094.2 1.0998643402048607
4094.45 1.0951309141471255
4094.7 1.0903972328869929
4094.94 1.083802658251181
4095.19 1.076932948110654
4095.43 1.0703376793009671
4095.68 1.0634672461136407
4095.93 1.0565964440641797
4096.17 1.0500001270958388
4096.42 1.0431286021536053
4096.67 1.0362567084278171
4096.91 1.0296593435241386
4097.16 1.022786727059583
4097.4 1.0161886683756316
4097.65 1.0120370280059303
4097.9 1.0082563144921657
4098.14 1.0046266376087696
4098.39 1.0008455242963274
4098.63 0.997215463633254
4098.88 0.9934339505784645
4099.13 0.9896522335951974
4099.37 0.986021593448962
4099.62 0.9822394768084081
4099.87 0.9784571562827714
4100.11 0.9748259367766855
4100.36 0.9759929802164373
4100.6 0.9786139960591566
4100.85 0.9813443606341576
4101.1 0.9840748677896237
4101.34 0.9866962887889823
4101.59 0.9894270753721983
4101.83 0.9920487646031525
4102.08 0.994779830574443
4102.33 0.9975110390753863
4102.57 1.0001331333186008
4102.82 1.0028646211477081
4103.07 1.0063399531866406
4103.31 1.010012429941724
4103.56 1.013838123154003
4103.8 1.0175109773532103
4104.05 1.0213370637085835
4104.3 1.0251633506256854
4104.54 1.0288367747411005
4104.79 1.032663454717087
4105.03 1.0363372561422688
4105.28 1.040164329121386
4105.53 1.0439916025908267
4105.77 1.0484656741232978
4106.02 1.0537214360842624
4106.27 1.0589774743273928
4106.51 1.064023530948509
4106.76 1.0692801106467285
4107.0 1.0743266870278905
4107.25 1.0795838081044515
4107.5 1.0848412053648864
4107.74 1.0898885665501468
4107.99 1.0951465050730327
4108.23 1.100194385833415
4108.48 1.1034760948651932
4108.73 1.104616416700626
4108.97 1.10571117980044
4109.22 1.1068516144188838
4109.47 1.1079921065734606
4109.71 1.1090870331679472
4109.96 1.1102276380811567
4110.0 1.1104101402055782
4110.2 1.1113226729161827
4110.45 1.1124633905718841
4110.7 1.1136041657430478
4110.94 1.114699364014011
4111.19 1.1157120834468177
4111.44 1.116532595805456
4111.68 1.1173203257821143
4111.93 1.1181409175386356
4112.17 1.1189287237317747
4112.42 1.1197493948747532
4112.67 1.120570106516626
4112.91 1.1213580277914221
4113.16 1.1221788188025017
4113.4 1.122966816266254
4113.65 1.1237876866351189
4113.9 1.1246351524660634
4114.14 1.1255143135986923
4114.39 1.1264301510377264
4114.64 1.12734603397607
4114.88 1.1282253243995337
4115.13 1.1291412965068501
4115.37 1.1300206725263795
4115.62 1.1309367337898595
4115.87 1.1318528405362436
4116.11 1.1327323457999927
4116.36 1.1336485416831976
4116.6 1.1341482229074578
4116.85 1.1326899999831845
4117.1 1.131231696838572
4117.34 1.129831650353778
4117.59 1.1283731899939495
4117.84 1.1269146494307687
4118.08 1.125514375040129
4118.33 1.1240556772950232
4118.57 1.1226552520203161
4118.82 1.1211963971153274
4119.07 1.1197374620352154
4119.31 1.1184619206857473
4119.56 1.1185667700335717
4119.81 1.118671621938842
4120.05 1.1187722821737276
4120.3 1.1188771390909087
4120.54 1.1189778041367955
4120.79 1.119082666064985
4121.04 1.1191875305494638
4121.28 1.1192882028593023
4121.53 1.1193930723534267
4121.77 1.1194937494720913
4122.02 1.1195986239749585
4122.27 1.1200966890734452
4122.51 1.12057485352024
4122.76 1.1210729643509
4123.01 1.121571098511734
4123.25 1.1220493292535512
4123.5 1.122547509136494
4123.74 1.1230257837683375
4123.99 1.1235240093667256
4124.24 1.1240222582867532
4124.48 1.1245005991893682
4124.73 1.1249988938147792
4124.97 1.1225996525538509
4125.22 1.1198278009790938
4125.47 1.1170558000583422
4125.71 1.1143945386796745
4125.96 1.1116222450719084
4126.21 1.1088498021499171
4126.45 1.1061881164799474
4126.7 1.1034153809332063
4126.94 1.1007534143632642
4127.19 1.0979803862329975
4130.0 1.06316767420974
4150.0 1.0734647422593975
4170.0 1.077183456641338
4190.0 1.1351709488112276
4210.0 1.1470806282183195
4230.0 1.0668924987449844
4250.0 1.1442217165734263
4270.0 1.1144760938547689
4290.0 1.0933023065952427
4310.0 0.9268134884127046
4315.65 1.2036912032197926
4315.91 1.2169108597957272
4316.17 1.2244892114189154
4316.43 1.2285416191901048
4316.69 1.2325942339966356
4316.95 1.236647055822837
4317.21 1.240700084652996
4317.47 1.2447533204714152
4317.73 1.2488067632623838
4317.99 1.2528604130102339
4318.25 1.2569142696992568
4318.52 1.2611242629695714
4318.78 1.264271654829871
4319.04 1.262431200812282
4319.3 1.2605906480125055
4319.56 1.2587499964379563
4319.82 1.2569092460960567
4320.08 1.2550683969942067
4320.34 1.2532274491398276
4320.6 1.2513864025403327
4320.86 1.2495452572031414
4321.12 1.2477040131356538
4321.38 1.2458626703452882
4321.64 1.2429644866454446
4321.9 1.2395066832425623
4322.16 1.2360486974062144
4322.42 1.232590529150153
4322.68 1.2291321784881177
4322.94 1.2256736454338601
4323.2 1.2222149300010936
4323.46 1.218756032203568
4323.73 1.2151639068694144
4323.99 1.2117046373708806
4324.25 1.2085335611715757
4324.51 1.206573526559156
4324.77 1.2046133872824154
4325.03 1.2026531433492256
4325.29 1.2006927947674348
4325.55 1.198732341544913
4325.81 1.196771783689522
4326.07 1.19481112120913
4326.33 1.1928503541115851
4326.59 1.1908894824047545
4326.85 1.1889285060964985
4327.11 1.1934285599994507
4327.37 1.2013495327959767
4327.63 1.2092709121529095
4327.89 1.217192698039462
4328.15 1.2251148904248206
4328.41 1.2330374892782587
4328.67 1.2409604945689658
4328.94 1.2491886609855682
4329.2 1.2571124946876977
4329.46 1.2650367347335794
4329.72 1.2720042839775736
4329.98 1.2749522782587552
4330.0 1.2751790532218714
4330.24 1.277900421552222
4330.5 1.280848713846646
4330.76 1.2837971551307084
4331.02 1.286745745393093
4331.28 1.2896944846224718
4331.54 1.2926433728075508
4331.8 1.295592409937004
4332.06 1.2985415959995172
4332.32 1.3014909309837661
4332.58 1.2986736334728668
4332.84 1.29329310688648
4333.1 1.2879122990156908
4333.36 1.2825312098817339
4333.62 1.2771498395057883
4333.88 1.2717681879090872
4334.15 1.2661792520822344
4334.41 1.2607970272935325
4334.67 1.2554145213485266
4334.93 1.2500317342684268
4335.19 1.2446982070402393
4335.45 1.239529542089664
4335.71 1.2343606071457667
4335.97 1.2291914022289145
4336.23 1.2240219273594912
4336.49 1.2188521825578251
4336.75 1.2136821678442966
4337.01 1.2085118832392685
4337.27 1.203341328763101
4337.53 1.1981705044361717
4337.79 1.192999410278803
4338.05 1.1918667245628882
4338.31 1.1925289916940982
4338.57 1.1931912898378703
4338.83 1.1938536189918174
4339.09 1.1945159791535434
4339.35 1.1951783703206553
4339.62 1.195866270885642
4339.88 1.1965287252486307
4340.14 1.1971912106097358
4340.4 1.1978537269665621
4340.66 1.1993478002246005
4340.92 1.203613771749147
4341.18 1.2078799599068728
4341.44 1.2121463646813306
4341.7 1.2164129860561192
4341.96 1.2206798240147947
4342.22 1.224946878540927
4342.48 1.229214149618074
4342.74 1.2334816372298385
4343.0 1.2377493413597795
4343.26 1.242017261991472
4343.52 1.2451537927389138
4343.78 1.2478735633580782
4344.04 1.2505934707165312
4344.3 1.2533135148038712
4344.57 1.2561383206785697
4344.83 1.258858643450307
4345.09 1.26157910291936
4345.35 1.264299699075339
4345.61 1.2670204319078455
4345.87 1.2697413014065115
4346.13 1.2717289358059405
4346.39 1.2717260374480346
4346.65 1.2717231356091407
4346.91 1.2717202302894703
4347.17 1.2717173214892366
4347.43 1.271714409208652
4347.69 1.271711493447929
4347.95 1.271708574207281
4348.21 1.2717056514869196
4348.47 1.2717027252870579
4348.73 1.2716997956079084
4348.99 1.2709872164350065
4349.25 1.270061698032997
4349.51 1.2691361287386116
4349.78 1.2681749067631691
4350.0 1.2673916482848433
4350.04 1.267249233738398
4350.3 1.2663235098327932
4350.56 1.2653977350501537
4350.82 1.264471909394281
4351.08 1.2635460328689663
4351.34 1.2626201054780113
4351.6 1.2626499584962803
4351.86 1.265274275534436
4352.12 1.2678987240445703
4352.38 1.270523304016678
4352.64 1.2731480154407644
4352.9 1.2757728583068262
4353.16 1.278397832604888
4353.42 1.281022938324948
4353.68 1.2836481754570135
4353.94 1.286273543991083
4354.2 1.2888990439171848
4354.46 1.2909078889910064
4354.72 1.292731793167832
4354.99 1.2946259429953726
4355.25 1.2964500310719054
4355.51 1.2982742093529438
4355.77 1.300098477831612
4356.03 1.301922836501028
4356.29 1.303747285354331
4356.55 1.3055718243846406
4356.81 1.3073964535850824
4357.07 1.309492628776139
4357.33 1.3121996993139344
4357.59 1.3149069052367466
4357.85 1.317614246534282
4358.11 1.3203217231962368
4358.37 1.3230293352123375
4358.63 1.3257370825722823
4358.89 1.3284449652657795
4359.15 1.3311529832825284
4359.41 1.333861136612258
4359.67 1.3365694252446683
4359.93 1.3426486590645084
4360.2 1.3497954997262525
4360.46 1.356677998374102
4360.72 1.363560846070534
4360.98 1.3704440427890625
4361.24 1.377327588503275
4361.5 1.3842114831866894
4361.76 1.3910957268128472
4362.02 1.397980319355294
4362.28 1.4048652607875516
4362.54 1.4091657045924681
4362.8 1.4076503114264995
4363.06 1.4061348370199163
4363.32 1.4046192813788156
4363.58 1.4031036445092782
4363.84 1.4015879264174012
4364.1 1.4000721271092738
4364.36 1.398556246590993
4364.62 1.3970402848686374
4364.88 1.395524241948302
4365.15 1.393949803748873
4365.41 1.3885395311142585
4365.67 1.3824209483275283
4365.93 1.3763020489788622
4366.19 1.3701828330921804
4366.45 1.3640633006913392
4366.71 1.3579434518002549
4366.97 1.3518232864428237
4367.23 1.34570280464296
4367.49 1.339582006424513
4370.0 1.3101714967341669
4390.0 1.2018177113707984
4410.0 1.3295981346819132
4430.0 1.4150555417303678
4450.0 1.4783635194028562
4470.0 1.4710520373193026
4490.0 1.531755743674506
4510.0 1.6345974129129468
4530.0 1.4224460764273843
4550.0 1.5244269592748594
4570.0 1.641677810959228
4590.0 1.6119033814757526
4610.0 1.7021077919608707
4630.0 1.6939524619557285
4650.0 1.5901754078274803
4670.0 1.5556276750914406
4690.0 1.6211020029670966
4710.0 1.5781899806183557
4730.0 1.6400832800011664
4750.0 1.7374169549028697
4770.0 1.680642321409435
4790.0 1.7246559733339644
4810.0 1.7506826733222478
4830.0 1.7470873399586817
4834.84 1.7304955923126595
4835.13 1.7279125962298512
4835.42 1.7250888752862215
4835.71 1.7222650089484408
4836.0 1.7194409972287268
4836.29 1.716616840139297
4836.59 1.7136951453603793
4836.88 1.7108706925564747
4837.17 1.7080460944199203
4837.46 1.7052213509629284
4837.75 1.7023964621977115
4838.05 1.7039870302776166
4838.34 1.7080504232338427
4838.63 1.712114014161861
4838.92 1.7161778030449
4839.21 1.7202417898661913
4839.5 1.7243059746089668
4839.8 1.728510511911847
4840.09 1.7325750992707163
4840.38 1.7366398845001965
4840.67 1.7398132977221117
4840.96 1.7406464352255029
4841.26 1.7415083404277032
4841.55 1.7423415529786341
4841.84 1.7431748024125262
4842.13 1.7440080887262082
4842.42 1.7448414119165085
4842.72 1.7457035091918127
4843.01 1.74653690739717
4843.3 1.747370342469524
4843.59 1.744206874153592
4843.88 1.740747166810984
4844.17 1.737287282738764
4844.47 1.7337079063591734
4844.76 1.73024766277948
4845.05 1.7267872425152684
4845.34 1.7233266455813976
4845.63 1.719865871992723
4845.93 1.7162855755024118
4846.22 1.7142104129810913
4846.51 1.7131134991444894
4846.8 1.7120165262570923
4847.09 1.7109194943238288
4847.38 1.7098224033496263
4847.68 1.708687419527537
4847.97 1.7075902084507717
4848.26 1.7064929383480179
4848.55 1.7053956092242024
4848.84 1.703946074065233
4849.14 1.7006978373953154
4849.43 1.6975577120385437
4849.72 1.6944174262197185
4850.0 1.6913852738737465
4850.01 1.6912769799523288
4850.3 1.6881363732498624
4850.59 1.6849956061258053
4850.89 1.681746367886844
4851.18 1.6786052744294544
4851.47 1.6754640205913927
4851.76 1.6725292111697403
4852.05 1.6696372953824505
4852.35 1.6666455026728078
4852.64 1.663753285900918
4852.93 1.6608609212063088
4853.22 1.6579684086014101
4853.51 1.655075748098652
4853.81 1.6520831850595552
4854.1 1.6491902236995177
4854.39 1.6447953049984059
4854.68 1.638791042453332
4854.97 1.632786477763897
4855.26 1.6267816109555486
4855.56 1.620569361876208
4855.85 1.6145638804906854
4856.14 1.60855809706346
4856.43 1.6025520116199723
4856.72 1.5965456241856595
4857.02 1.5902585967251825
4857.31 1.583720840459896
4857.6 1.5771827559738592
4857.89 1.5706443432947246
4858.18 1.5641056024501385
4858.47 1.5575665334677469
4858.77 1.5508016340719122
4859.06 1.54426189758414
4859.35 1.5377218330424391
4859.64 1.531181440474445
4859.93 1.5293481720493292
4860.23 1.5290011022366352
4860.52 1.5286655804396365
4860.81 1.5283300380218514
4861.1 1.5279944749849685
4861.39 1.5276588913306788
4861.68 1.5273232870606719
4861.98 1.5269760885371269
4862.27 1.5266404423300155
4862.56 1.5279234372360047
4862.85 1.531855276376787
4863.14 1.535787306102496
4863.44 1.5398551235990208
4863.73 1.5437875410166786
4864.02 1.5477201489703232
4864.31 1.5516529474437994
4864.6 1.555585936420992
4864.9 1.5596547461611854
4865.19 1.563482906176523
4865.48 1.5643651169104438
4865.77 1.565247367185085
4866.06 1.5661296569970542
4866.35 1.5670119863429661
4866.65 1.5679247824374367
4866.94 1.5688071922040205
4867.23 1.569689641494271
4867.52 1.5705721303048044
4867.81 1.5714546586322307
4868.11 1.5708015920067708
4868.4 1.5694133065276754
4868.69 1.5680249483486624
4868.98 1.5666365174758168
4869.27 1.5652480139152174
4869.56 1.5638594376729564
4869.86 1.5624229030135097
4870.0 1.561752493558298
4870.15 1.561034178920427
4870.44 1.5596453821641334
4870.73 1.5596305442370355
4871.02 1.5626691802012445
4871.32 1.5658127503220283
4871.61 1.5688516832452994
4871.9 1.571890762112741
4872.19 1.574929986911988
4872.48 1.577969357630676
4872.77 1.5810088742564508
4873.07 1.5841533553279226
4873.36 1.5871931687609642
4873.65 1.5905053350075562
4873.94 1.5938378245168632
4874.23 1.5971704742954398
4874.53 1.6006182116717975
4874.82 1.6039511874735408
4875.11 1.607284323503368
4875.4 1.610617619747707
4875.69 1.613951076192989
4875.98 1.617284692825645
4876.28 1.6206662150537579
4876.57 1.623885491740399
4876.86 1.6271049229203998
4877.15 1.6303245085806732
4877.44 1.6335442487081326
4877.74 1.6368751768920076
4878.03 1.6400952312399055
4878.32 1.6433154400152874
4878.61 1.646535803205072
4878.9 1.6495168805381144
4879.2 1.651651375024572
4879.49 1.6537148187344162
4879.78 1.6557783597968647
4880.07 1.6578419982036514
4880.36 1.6599057339465104
4880.65 1.6619695670171766
4880.95 1.6641046691565258
4881.24 1.666168700213429
4881.53 1.6682328285730645
4881.82 1.6668358170331252
4882.11 1.6648849208078993
4882.41 1.6628666466908255
4882.7 1.660915546298368
4882.99 1.6589643455652907
4883.28 1.6570130445000053
4883.57 1.6550616431109235
4883.86 1.6531101414064566
4884.16 1.6510912409849634
4884.45 1.6482831924115313
4884.74 1.6446757284801878
4885.03 1.6410680828314324
4885.32 1.637460255480543
4885.62 1.633727829097677
4885.91 1.6301196321240816
4886.2 1.626511253494704
4886.49 1.622902693224816
4886.78 1.6192939513296898
4887.07 1.6163247539628598
4887.37 1.6189886340254591
4887.66 1.6215638425792276
4887.95 1.624139173505704
4888.24 1.6267146267945143
4888.53 1.6292902024352856
4888.83 1.6319547197714
4889.12 1.6345305443031084
4889.41 1.6371064911553044
4889.7 1.6396825603176184
4890.0 1.6427283184829764
4890.29 1.6457847088804534
4890.58 1.6488412451328158
4890.87 1.6518979272277092
4891.16 1.654954755152779
4891.45 1.658011728895672
4891.74 1.661068848444036
4892.04 1.6642315393285363
4892.33 1.6672889554774943
4892.62 1.6728128150472266
4892.91 1.6818309488337715
4910.0 1.731565632421598
4928.77 1.7559804315268586
4929.07 1.7582666507374016
4929.36 1.7604767673186876
4929.66 1.762763203094511
4929.96 1.765049748973939
4930.0 1.7653546300762828
4930.26 1.767336404947313
4930.55 1.7695469436962386
4930.85 1.7706674679850773
4931.15 1.7694552888061474
4931.45 1.76824304391851
4931.74 1.7670711447393492
4932.04 1.7658587706411324
4932.34 1.7646463308510294
4932.64 1.76343382537471
4932.93 1.7622616743145316
4933.23 1.761049039671857
4933.53 1.7591965507167229
4933.83 1.7541449404758511
4934.12 1.7492614716731916
4934.42 1.7442093533786749
4934.72 1.7391569767851178
4935.02 1.734104341914984
4935.31 1.7292198827220666
4935.61 1.7241667399735285
4935.91 1.719113339015023
4936.21 1.7140596798690186
4936.5 1.7163792998765701
4936.8 1.7190452243699197
4937.1 1.7217112779058583
4937.4 1.7243774604730708
4937.69 1.7269548929288216
4937.99 1.7296213292245795
4938.29 1.7322878945180784
4938.59 1.734954588798015
4938.88 1.7375325158667685
4939.18 1.740772926480487
4939.48 1.7441880312866256
4939.78 1.7476033025205429
4940.07 1.7509048895651402
4940.37 1.7543204880645076
4940.67 1.7577362529484324
4940.97 1.7611521842023508
4941.26 1.76445440921137
4941.56 1.7678706676171307
4941.86 1.7717359896880094
4942.16 1.7759007729391323
4942.45 1.7799269237716093
4942.75 1.7840921077427705
4943.05 1.7882574954434494
4943.35 1.792423086855827
4943.64 1.7964500188436618
4943.94 1.8006160108370601
4944.24 1.8047822064893173
4944.54 1.8082906541916954
4944.83 1.8108505774822965
4945.13 1.813498899487723
4945.43 1.8161473491070774
4945.73 1.818795926329168
4946.02 1.8213563389268557
4946.32 1.8240051670683886
4946.62 1.8266541227795006
4946.92 1.8293032060490046
4947.21 1.8313322898909452
4947.51 1.8317023341649687
4947.81 1.8320723919920894
4948.11 1.8324424633710648
4948.4 1.8328002119180329
4948.7 1.8331703099453693
4949.0 1.833540421520879
4949.3 1.8339105466433192
4949.59 1.8342683471376209
4949.89 1.8344859124481576
4950.0 1.8329431704225352
4950.19 1.8302783660492514
4950.49 1.826070604458804
4950.78 1.8220028970541127
4951.08 1.8177947123081972
4951.38 1.8135863124262113
4951.68 1.809377697426847
4951.97 1.8053091651306774
4952.27 1.8011001271216516
4952.57 1.796890874050698
4952.87 1.7967635378680955
4953.16 1.7972475365123135
4953.46 1.7977482445806332
4953.76 1.7982489727986986
4954.06 1.7987497211646928
4954.35 1.7992337970685075
4954.65 1.799734585053468
4954.95 1.800235393180976
4955.25 1.8007362214492155
4955.54 1.799794712358208
4955.84 1.7981569979779883
4956.14 1.796519197045731
4956.44 1.7948813095689262
4956.73 1.7932979360829724
4957.03 1.7916598784237039
4957.33 1.7900217342420803
4957.63 1.788383503545584
4957.92 1.7867997983088102
4958.22 1.78479124451956
4958.52 1.7824124235875012
4958.82 1.780033479264299
4959.11 1.7777337158051074
4959.41 1.7753545288438322
4959.71 1.772975218523131
4960.01 1.7705957848536942
4960.3 1.7682955484001321
4960.6 1.7659158721760368
4960.9 1.7637256334660234
4961.2 1.7619776005169625
4961.49 1.7602877480540344
4961.79 1.758539534535793
4962.09 1.7567912292144976
4962.39 1.7550428320980898
4962.68 1.753352627636673
4962.98 1.7516040500130474
4963.28 1.7498553806178623
4963.58 1.7482702818516032
4963.87 1.747766310346385
4964.17 1.7472449303784237
4964.47 1.7467235197673094
4964.77 1.7462020785156545
4965.06 1.7456979895159759
4965.36 1.7451764880122154
4965.66 1.7446549558756648
4965.96 1.744133393108937
4966.25 1.7436291866545386
4966.55 1.7455008103833949
4966.85 1.7475434729790214
4967.15 1.749586232489877
4967.44 1.7515609921323667
4967.74 1.753603942218393
4968.04 1.7556469891944384
4968.34 1.7576901330520043
4968.63 1.7596652641975972
4968.93 1.7617085985640317
4969.23 1.7634854104086615
4969.53 1.765181158804233
4969.82 1.7668204578751108
4970.0 1.7678379912383686
4970.12 1.7685163627228402
4970.42 1.7702123471121494
4970.72 1.7719084110360517
4971.02 1.7736045544875605
4971.31 1.7752442354128597
4971.61 1.7769405352482794
4971.91 1.7776845554019292
4972.21 1.777793685861305
4972.5 1.7778991792692678
4972.8 1.7780083110331522
4973.1 1.7781174434601752
4973.4 1.7782265765502228
4973.69 1.7783320725007346
4973.99 1.7784412068943938
4974.29 1.7785503419507356
4974.58 1.7773881992138487
4974.88 1.7740400167209438
4975.18 1.7706916633182492
4975.48 1.7673431390206067
4975.78 1.7639944438428263
4976.07 1.760757209420524
4976.37 1.7574081782217477
4976.48 1.7561801573108058
4976.67 1.7540589761868304
4976.78 1.7528308926396852
4976.97 1.750709603330598
4977.08 1.7494814571526836
4977.26 1.7469497205209854
4977.38 1.74456585526956
4977.56 1.7409899673257996
4977.68 1.7386059819879935
4977.86 1.7350299139225094
4977.98 1.7326458085087604
4978.16 1.7290695603371726
4978.28 1.7266853348579185
4978.45 1.7233075998895167
4978.58 1.720724561061576
4978.75 1.7173466560223047
4978.88 1.7147634871458222
4979.05 1.7113854120504635
4979.18 1.7088021131367428
4979.35 1.7054238680000782
4979.48 1.70284043906044
4979.64 1.699660756867901
4979.78 1.6968784649429602
4979.94 1.693704423949813
4980.08 1.6910032099765775
4980.24 1.687916030595889
4980.39 1.6850217246607815
4980.54 1.6821273458911545
4980.69 1.679232894290156
4980.83 1.676531340421921
4980.99 1.6734437726066862
4981.13 1.6707420828011308
4981.29 1.6676543596357094
4981.43 1.6649525339046478
4981.59 1.6618646554025427
4981.73 1.6591626937578074
4981.89 1.6560746599325014
4982.02 1.65356557145663
4982.19 1.6502843732509158
4982.32 1.6477751585912281
4982.49 1.6444937953830616
4982.62 1.6419844545505253
4982.79 1.640675656572532
4982.92 1.6401389621279157
4983.09 1.6394371123164748
4983.21 1.638941676218925
4983.39 1.6381985023646672
4983.51 1.6377030399904051
4983.69 1.6369598267227825
4983.81 1.6364643380740718
4983.99 1.6357210853964828
4984.11 1.635225570475598
4984.29 1.6344822783914394
4984.4 1.634028032701205
4984.59 1.6332434057133212
4984.7 1.6327891359443791
4984.89 1.6320044673677954
4985.0 1.6315501735222235
4985.19 1.6307654633605326
4985.3 1.6303111454404058
4985.49 1.631960436112865
4985.59 1.6342519322534004
4985.79 1.6388350364718256
4985.89 1.6411266445475656
4986.09 1.6457099726266342
4986.19 1.6480016926277927
4986.39 1.6525852445479945
4986.49 1.6548770764648268
4986.69 1.6594608522065923
4986.78 1.6615235999685658
4986.99 1.6663367955731772
4987.08 1.6683996440418296
4987.29 1.6732130746184406
4987.38 1.675276023784985
4987.59 1.6800896893130952
4987.68 1.6821527391687472
4987.9 1.6871958770847832
4987.97 1.6888005497238965
4988.2 1.693052190704922
4988.5 1.6955540464915115
4988.8 1.6980560214716238
4989.1 1.7005581156348253
4989.4 1.7030603289706754
4989.7 1.7055626614687573
4990.0 1.708065113118633
4990.3 1.710567683909873
4990.6 1.713070373832047
4990.9 1.7152697955074385
4991.2 1.7154972546994123
4991.5 1.7157247205753494
4991.8 1.7159521931346133
4992.1 1.716179672376569
4992.4 1.7164071583005784
4992.7 1.7166346509060078
4993.0 1.7168621501922188
4993.3 1.7170896561585771
4993.6 1.7173247914729985
4993.9 1.7177809966875481
4994.2 1.718237219869827
4994.5 1.718693461018216
4994.8 1.7191497201310961
4995.1 1.7196059972068487
4995.41 1.7200775023877364
4995.71 1.7205338159830068
4996.01 1.7209901475362424
4996.31 1.7214464970458243
4996.61 1.720862822860278
4996.91 1.7202432509328438
4997.21 1.7196236438870662
4997.51 1.7190040017259494
4997.81 1.718384324452497
4998.11 1.7177646120697132
4998.41 1.7171448645805978
4998.71 1.7165250819881548
4999.01 1.7159052642953867
4999.31 1.7147477371526962
4999.61 1.7134826108910501
4999.91 1.712217417736202
5000.21 1.7109521576939266
5000.51 1.7096868307699935
5000.81 1.7084214369701716
5001.11 1.7071559763002326
5001.41 1.7058904487659374
5001.71 1.704624854373058
5002.01 1.7076904097809815
5002.31 1.7123311383463555
5002.61 1.7169720909671182
5002.92 1.7217679773704626
5003.22 1.7264093855102418
5003.52 1.7310510176460998
5003.82 1.7356928737584698
5004.12 1.7403349538278265
5004.42 1.7449772578346072
5004.72 1.747556150862153
5005.02 1.7491033233746662
5005.32 1.7506505674199833
5005.62 1.7521978829918328
5005.92 1.7537452700839289
5006.22 1.755292728689991
5006.52 1.756840258803739
5006.82 1.7583878604188903
5007.12 1.7599355335291733
5007.42 1.757762429995372
5007.72 1.7527437905141061
5008.02 1.7477248995858192
5008.32 1.7427057572323585
5008.62 1.7376863634755244
5008.92 1.7326667183371611
5009.22 1.7276468218390955
5009.52 1.7226266740031524
5009.82 1.7176062748511698
5010.0 1.7145198749624364
5010.12 1.7116230978698195
5010.42 1.7043809028348964
5010.73 1.6968969226702173
5011.03 1.6896539948379206
5011.33 1.6824107066609675
5011.63 1.6751670581706688
5011.93 1.6679230493983321
5012.23 1.660678680375286
5012.53 1.6534339511327891
5012.83 1.6472006423095664
5013.13 1.6427146869801832
5013.43 1.6382285070303657
5013.73 1.633742102479626
5014.03 1.6292554733474331
5014.33 1.6247686196532964
5014.63 1.6202815414167089
5014.93 1.615794238657163
5015.23 1.6113067113941621
5015.53 1.6069411419669093
5015.83 1.6029113636947756
5016.13 1.598881383460873
5016.43 1.5948512012827283
5016.73 1.590820817177879
5017.03 1.5867902311638244
5017.33 1.5827594432580985
5017.63 1.578728453478222
5017.93 1.5746972618417148
5018.23 1.571875231182601
5018.54 1.5752075159717922
5018.84 1.578432464265296
5019.14 1.5816575665406414
5019.44 1.5848828227843699
5019.74 1.5881082329830545
5020.04 1.591333797123239
5020.34 1.594559515191479
5020.64 1.5977853871743313
5020.94 1.6009711031024758
5021.24 1.603794172451881
5021.54 1.6066173759246565
5021.84 1.6094407135090836
5022.14 1.6122641851934425
5022.44 1.6150877909660075
5022.74 1.6179115308150775
5023.04 1.620735404728929
5023.34 1.623559412695847
5023.64 1.626383554704117
5023.94 1.6305367834730908
5024.24 1.6347360384038496
5024.54 1.6389354946444599
5024.84 1.643135152177357
5025.14 1.647335010984975
5025.44 1.6515350710497398
5025.74 1.655735332354115
5026.04 1.6599357948805287
5026.35 1.6642764842007711
5026.65 1.667995825845363
5026.95 1.6716618404607013
5027.25 1.6753280300536477
5027.55 1.6789943946089274
5027.85 1.682660934111267
5028.15 1.686327648545383
5028.45 1.6899945378960273
5028.75 1.6936616021479198
5029.05 1.6973288412857912
5029.35 1.7004982371520043
5029.65 1.7035432759478828
5029.95 1.7065884591528895
5030.0 1.7070960037259482
5030.25 1.7096337867544007
5030.55 1.7126792587398019
5030.85 1.7157248750964809
5031.15 1.7187706358118158
5031.45 1.7218165408732151
5031.75 1.7248625902680599
5032.05 1.7223114019213417
5032.35 1.7173611478234023
5032.65 1.712410647424974
5032.95 1.7074599007474012
5033.25 1.7025089078120699
5033.55 1.6975576686403513
5033.85 1.6926061832536134
5034.16 1.6874893897141352
5034.46 1.6825374037560807
5034.76 1.6787619194644685
5035.06 1.6756675381666428
5035.36 1.6725730014534637
5035.66 1.6694783093383798
5035.96 1.6663834618348685
5036.26 1.6632884589563952
5050.0 1.7159017169430864
5070.0 1.6867839761117207
5090.0 1.7343600358275044
5110.0 1.681391639056154
5130.0 1.6374993711589991
5150.0 1.6070007361437788
5170.0 1.385222706186284
5190.0 1.5548658945156133
5210.0 1.6105811940758865
5230.0 1.6965761710649545
5250.0 1.7719392211956175
5270.0 1.5679754881691512
5290.0 1.9280040165196848
5310.0 2.0118832646078615
5330.0 1.7622979524778855
5350.0 1.9212314613164991
5370.0 1.8380848215492267
5390.0 1.8835811497225696
5410.0 1.8156845466827298
5430.0 1.8560563947108937
5450.0 1.87819428143535
5470.0 1.9321398510400494
5490.0 1.915239892011635
5510.0 1.900391071654349
5530.0 1.876250963520864
5550.0 1.9879377183192533
5570.0 1.9138179876945218
5590.0 1.846228689397239
5610.0 1.9653176519571813
5630.0 1.9875931452424054
5650.0 1.9895397786235551
5670.0 1.9685553556621427
5690.0 1.990593782780509
5710.0 1.884024263485343
5730.0 2.0341048650159697
5750.0 2.0178969353276726
5770.0 2.0584317282534776
5790.0 1.9916470026905921
5810.0 2.0595129912431425
5830.0 2.091594410536475
5850.0 2.083624461341346
5870.0 2.036667208124129
5890.0 1.7556323839187187
5910.0 1.9769334668859744
5930.0 2.0247935203635037
5950.0 2.0057514348272436
5970.0 2.039345172711127
5990.0 1.9766009951160848
6010.0 1.9729812018988135
6030.0 2.022722131721267
6050.0 2.102661224093259
6070.0 2.100154875579495
6090.0 2.0108907798095412
6110.0 2.0512765030352114
6130.0 2.0288947490047677
6150.0 2.0077753049740212
6170.0 1.8946096381125392
6190.0 1.9283159423245497
6210.0 2.002031676646219
6230.0 1.9011077149611473
6250.0 1.8838857738567478
6270.0 1.9449617656939742
6290.0 1.9996553452495056
6310.0 1.9841574873365362
6330.0 2.0133702406838108
6350.0 2.011148629453062
6370.0 2.0477285078910676
6390.0 2.0097460032851897
6410.0 2.023881821331584
6430.0 2.057766043030057
6450.0 2.0485868568183685
6470.0 2.0886863193661354
6490.0 2.015972931860197
6510.0 2.1291142495022464
6523.64 2.0961338329973165
6524.04 2.09562045576021
6524.43 2.095119882606092
6524.82 2.09461927949255
6525.22 2.094105809284705
6525.61 2.093605145497369
6526.0 2.0931044517636854
6526.4 2.092576813293559
6526.79 2.091966268469131
6527.19 2.0913400323020053
6527.58 2.0907294166056927
6527.97 2.0901187659296343
6528.37 2.0894924212126025
6528.76 2.088881699695603
6529.15 2.088335895491001
6529.55 2.0880806084325223
6529.94 2.0878316850151353
6530.0 2.087793387480611
6530.34 2.0875763599381685
6530.73 2.08732739945816
6531.12 2.0870784206853994
6531.52 2.086823038841967
6531.91 2.087953200793819
6532.3 2.0936807728255027
6532.7 2.0995554721493828
6533.09 2.1052835637613807
6533.49 2.111158795910072
6533.88 2.116887406950153
6534.27 2.122616274360646
6534.67 2.126367901666351
6535.06 2.1251927795001757
6535.46 2.1239874626931075
6535.85 2.122812217094482
6536.24 2.121636910574158
6536.64 2.1204314047135493
6537.03 2.1192559748146738
6537.42 2.117815695791231
6537.82 2.115853439116297
6538.21 2.1139401429069786
6538.6 2.1120267519747746
6539.0 2.1100642013537363
6539.39 2.108150618588874
6539.79 2.1061878712451585
6540.18 2.107024638693791
6540.57 2.111421044220944
6540.97 2.1159303804170055
6541.36 2.120327180443395
6541.76 2.12483692119483
6542.15 2.1292341156049694
6542.54 2.1336315046683296
6542.94 2.1376604416522125
6543.33 2.1411194471351322
6543.72 2.1445786041676613
6544.12 2.148126614939666
6544.51 2.151586078890193
6544.91 2.155134404403819
6545.3 2.1585941751825173
6545.69 2.1633121342442942
6546.09 2.169257276177281
6546.48 2.175054051243612
6546.87 2.1808510846415805
6547.27 2.186797028234842
6547.66 2.192594584805612
6548.06 2.1985410649078925
6548.45 2.1989271975516154
6548.84 2.195930796497941
6549.24 2.1928574148308178
6549.63 2.189860721654839
6550.0 2.187017571772097
6550.02 2.186863884298051
6550.42 2.183790055205924
6550.81 2.180792925854292
6551.21 2.1714227660699983
6551.6 2.1593307256546934
6551.99 2.147238125468921
6552.39 2.1348348772121413
6552.78 2.122741143379735
6553.17 2.1106468500210886
6553.57 2.098241865430515
6553.96 2.0927785387672437
6554.36 2.0895204856951737
6554.75 2.086343730143626
6555.14 2.0831668227547966
6555.54 2.0799082984979984
6555.93 2.0767310836084123
6556.33 2.073472244012264
6556.72 2.071933875321254
6557.11 2.070818446748093
6557.51 2.069674357604609
6557.9 2.0685588123564553
6558.29 2.0674432095217976
6558.69 2.066298941674641
6559.08 2.0651832222158073
6559.48 2.074149275182728
6559.87 2.0846312039556865
6560.26 2.095113603949446
6560.66 2.1058652728586162
6561.05 2.1163486271683913
6561.44 2.126832452493431
6561.84 2.137585583067441
6562.23 2.141121037580164
6562.63 2.1441533316828107
6563.02 2.147109947850096
6563.41 2.1500666917778055
6563.81 2.15309938234938
6564.2 2.15605638501741
6564.59 2.1590135153901495
6564.99 2.1580852840587386
6565.38 2.1570811745259477
6565.78 2.1560512638932576
6566.17 2.1550470477000343
6566.56 2.1540427788631153
6566.96 2.153012704865374
6567.35 2.1515667128885747
6567.75 2.141703982693085
6568.14 2.132087370735489
6568.53 2.122470314521878
6568.93 2.1126062057014394
6569.32 2.1029882497805747
6569.71 2.093369849797145
6570.0 2.086217418390656
6570.11 2.08404422459636
6570.5 2.079688708220524
6570.9 2.075221299354093
6571.29 2.070865368470458
6571.68 2.066509233000939
6572.08 2.062041189259173
6572.47 2.057684639462299
6572.86 2.0547820028518875
6573.26 2.060007702037807
6573.65 2.065102986392729
6574.05 2.0703291525160767
6574.44 2.0754248920686047
6574.83 2.080520856290009
6575.23 2.085747719610618
6575.62 2.091889529442291
6576.01 2.101516325711601
6576.41 2.1113904096672544
6576.8 2.121018077048284
6577.2 2.1308930543216396
6577.59 2.140521592560492
6577.98 2.1501505606228943
6578.38 2.1644917474721965
6578.77 2.188632862328753
6579.16 2.2127750646505344
6579.56 2.237537427285622
6579.95 2.261681831942373
6580.35 2.286446453053506
6580.74 2.3105930594036357
6581.13 2.3290166654408626
6581.53 2.336171541261092
6581.92 2.3431478576746487
6582.31 2.350124482576715
6582.71 2.3572803157051525
6583.1 2.3642575653582503
6583.5 2.3714140391636445
6583.89 2.3741114991511054
6584.28 2.370655838944367
6584.68 2.367111401730543
6585.07 2.3636554093944055
6585.46 2.3601992531312765
6585.86 2.3566543072157042
6586.25 2.353197818967504
6586.65 2.341233198175761
6587.04 2.3204940051534475
6587.43 2.2997538668500512
6587.83 2.278480948322155
6588.22 2.2577388956347884
6588.62 2.2364640139218572
6589.01 2.21572004740759
6589.4 2.195102281973892
6589.8 2.174066659770417
6590.0 2.163548480355168
6590.19 2.1535559824991433
6590.58 2.1330443717100374
6590.98 2.1120058525940633
6591.37 2.0914923512438786
6591.77 2.0704518933729013
6592.16 2.0598002695708413
6592.55 2.055313152163638
6592.95 2.0507107632355526
6593.34 2.046223222263636
6593.73 2.0417354722355667
6594.13 2.037132434559874
6594.52 2.0326442611510003
6594.92 2.0314415399057126
6595.31 2.032054260911217
6595.7 2.0326670031020444
6596.1 2.0332954786350106
6596.49 2.0339082637303463
6596.88 2.0345210700017735
6597.28 2.035149611248836
6597.67 2.0379334518907504
6598.07 2.041663575394091
6598.46 2.045300605272123
6598.85 2.0489377925711163
6599.25 2.05266840458658
6599.64 2.0563059106946713
6600.04 2.0600368496462798
6600.43 2.0641504623688705
6600.82 2.068387040564529
6601.22 2.0727324403548066
6601.61 2.076969391723153
6602.0 2.081206527276002
6610.0 2.0319916698709743
6630.0 2.045160869583385
6650.0 2.00971590619286
6670.0 1.9976674779649135
6690.0 1.9833741217866572
6710.0 2.044426583058221
6730.0 2.0901780242806844
6750.0 1.93880691512984
6770.0 1.9368616823114728
6790.0 2.0312110211681085
6810.0 2.0208470641817113
6830.0 2.024987821938722
6850.0 2.0313890818756524
6870.0 1.98147803940018
6890.0 1.9696038641151943
6910.0 2.0004070095441087
6930.0 2.0345767211066104
6950.0 2.049640643278983
6970.0 2.06483139297868
6990.0 1.9655712159844316
7010.0 2.066667545840718
7030.0 2.041332934151315
7050.0 2.1568618971226656
7070.0 2.0112421940375262
7090.0 1.9857479437644665
7110.0 1.9426564124118342
7130.0 1.9525879964464496
7150.0 1.9319024205396886
7170.0 1.9587100422049273
7190.0 1.897755309057558
7210.0 1.838609358359968
7230.0 1.9467887515823343
7250.0 1.983668683416048
7270.0 2.026648130071122
7290.0 1.9366642858637033
7310.0 1.9830224098772535
7330.0 2.048621217432324
7350.0 2.143162277998828
7370.0 2.0706651778576606
7390.0 2.112170631766035
7410.0 2.088469188136648
7430.0 2.1383089507148623
7450.0 2.1192723426663136
7470.0 2.1298843298114805
7490.0 2.1257976466611215
7510.0 2.0750628654808096
7530.0 2.1557962265919666
7550.0 2.170430748773461
7570.0 2.167298600328119
7590.0 2.168188163490218
7610.0 2.095017666867681
7630.0 2.108928851815561
7650.0 2.0824965458351725
7670.0 1.901973795910783
7690.0 1.9586686605927657
7710.0 1.9861636842497
7730.0 2.0245185468131774
7750.0 2.0388703655364053
7770.0 1.9994314006838845
7790.0 2.0073695285670357
7810.0 2.018410884381603
7830.0 2.0145428236551295
7850.0 2.046313644736224
7870.0 2.069775373887816
7890.0 2.03908849186952
7910.0 2.0225477685350333
7930.0 1.9784130335904273
7950.0 1.951286185159579
7970.0 2.006147540911051
7990.0 2.0338200536582676
8010.0 2.0224792086714225
8030.0 2.0542506208081863
8050.0 2.035274435098485
8070.0 2.0380611112009084
8090.0 2.03700321607031
8110.0 2.058778442909417
8130.0 2.1083919915881126
8150.0 2.0389956391358584
8170.0 1.9826444514982582
8190.0 1.9674924467451298
8210.0 1.9357004154132713
8230.0 2.0902201272029344
8250.0 2.0634721453126392
8270.0 2.010820791399588
8290.0 1.9819453218172303
8310.0 2.006027247026424
8330.0 1.9917059309142187
8350.0 2.003345973610624
8370.0 2.04847973555141
8390.0 1.9708192446799884
8410.0 2.0040901880225817
8430.0 2.0324799053616367
8450.0 1.9676347687701217
8470.0 1.8834848779029056
8490.0 1.9589316528905425
8510.0 1.9834446830367614
8530.0 1.9418221867498502
8550.0 1.6611211397117551
8570.0 1.9042452321684098
8590.0 1.949921050807183
8610.0 1.9544702075233584
8630.0 1.9691440554504194
8650.0 1.9609715822295515
8670.0 1.5449184117748453
8690.0 1.8449340329096515
8710.0 1.9320176460843936
8730.0 1.9849355137641127
8750.0 1.9803849033030325
8770.0 1.9448767245928975
8790.0 1.9788932565295965
8810.0 1.8732172225491472
8830.0 1.878233361155931
8850.0 1.9495847754852302
8870.0 1.8682957196154935
8890.0 1.877936993702563
8910.0 1.9138812346883423
8930.0 1.887459401896981
8950.0 1.8519063630817616
8970.0 1.8420820554674076
8990.0 1.7134369259684084
9010.0 1.6972578705807542
9030.0 1.8458685759828708
9050.0 1.9663038740905678
9070.0 1.9328566922229498
9090.0 1.8532448642315096
9110.0 1.9165471058979973
9130.0 1.907129985478376
9150.0 1.7476876302216326
9170.0 1.7199920207463586
9190.0 1.8021015867567896
9210.0 1.862911073258908
9230.0 1.8440284003798293
9250.0 1.8408387321103088
9270.0 1.8606020942145816
9290.0 1.8925180624629838
9310.0 1.9193598310546907
9330.0 1.9261900355937116
9350.0 1.9241469171154755
9370.0 1.906039572228743
9390.0 1.891183821798578
9410.0 1.904110532859572
9430.0 1.9182129630320295
9450.0 1.9109661103221338
9470.0 1.9315025881440886
9490.0 1.9296285315264547
9510.0 1.902129054151054
9530.0 1.9108732376759632
9550.0 1.8835994373741651
9570.0 1.8941159295963086
9590.0 1.9147542879464938
9610.0 1.9114511311120868
9630.0 1.8923979403362607
9650.0 1.8810598064141253
9670.0 1.8860549958660422
9690.0 1.896051579838567
9710.0 1.8736717978445887
9730.0 1.8590755132468877
9750.0 1.8551046627038559
9770.0 1.8580488170167806
9790.0 1.8445157418044895
9810.0 1.8475597235225714
9830.0 1.8628215703381283
9850.0 1.8628798370885242
9870.0 1.8533553041852329
9890.0 1.8499340367856572
9910.0 1.8319895863630211
9930.0 1.8369438969103957
9950.0 1.8422528224766763
9970.0 1.8443750581899692
9990.0 1.842531650106469
10025.0 1.8339448643760985
10075.0 1.8099386714823291
10125.0 1.8171486533587031
10175.0 1.8000303409522225
10225.0 1.8015056950816446
10275.0 1.8028605404780826
10325.0 1.7868014752790147
10375.0 1.7733033059999077
10425.0 1.7597511341598082
10475.0 1.7461456387500376
10525.0 1.7310029764522885
10575.0 1.714349362939235
10625.0 1.6976378202307625
10675.0 1.6808690651425504
10725.0 1.666121464907877
10775.0 1.6527022733614984
10825.0 1.6392353974641294
10875.0 1.6257214177742374
10925.0 1.6115436684348312
10975.0 1.5969469720399083
11025.0 1.5823028051340007
11075.0 1.5676117366962838
11125.0 1.5563242404692643
11175.0 1.5475609186036365
11225.0 1.5387643924302832
11275.0 1.5299350536031668
11325.0 1.5234854412968974
11375.0 1.5199859223115315
11425.0 1.51646515304567
11475.0 1.512923380126915
11525.0 1.5074490833616079
11575.0 1.4960601202699757
11625.0 1.4846362884847122
11675.0 1.4731779870955537
11725.0 1.4615477738791132
11775.0 1.4497478489361033
11825.0 1.4379141220802543
11875.0 1.4260469744995041
11925.0 1.4177435121376636
11975.0 1.4109433371287379
12025.0 1.404119792437985
12075.0 1.3972731376465137
12125.0 1.390854136385713
12175.0 1.3855681492390952
12225.0 1.3802625203415542
12275.0 1.3749374646898291
12325.0 1.3683455719858386
12375.0 1.3593640834695764
12425.0 1.3503578819506836
12475.0 1.3413272342325828
12525.0 1.3329341417584912
12575.0 1.3257733072872684
12625.0 1.3185918399800516
12675.0 1.3113899594408611
12725.0 1.30388848665143
12775.0 1.2956504414138106
12825.0 1.2873910954740164
12875.0 1.2791106724476191
12925.0 1.273051183371425
12975.0 1.2677455562978044
13025.0 1.2624239817921155
13075.0 1.257086624938937
13125.0 1.250386252960266
13175.0 1.2425917005513365
13225.0 1.2347783518319027
13275.0 1.2269463988237832
13325.0 1.2199054088352652
13375.0 1.214739016436169
13425.0 1.2095583627399198
13475.0 1.2043635914661353
13525.0 1.1997720818667752
13575.0 1.195585222709038
13625.0 1.191386071478847
13675.0 1.187174750412724
13725.0 1.1817878221372171
13775.0 1.172033584614519
13825.0 1.1622602480602864
13875.0 1.1524680000568552
13925.0 1.142594461437454
13975.0 1.132606490258572
14025.0 1.1225999527763648
14075.0 1.1125750290171192
14125.0 1.1054736877764675
14175.0 1.1010063915532189
14225.0 1.0965282020443694
14275.0 1.0920392234922847
14325.0 1.0910445437729257
14375.0 1.0923448601762693
14425.0 1.0936417273983134
14475.0 1.0949351779532779
14525.0 1.090425518405437
14570.0 1.0832458708497408
14620.0 1.0752549550686223
14675.0 1.0664486521440557
14725.0 1.0642747930274186
14775.0 1.066092289420117
14825.0 1.0679073675113553
14875.0 1.069720049523924
14925.0 1.0709220479217072
14975.0 1.0715248867610347
15025.0 1.0721240493285493
15075.0 1.072719569057585
15125.0 1.0743750409878634
15175.0 1.0779215581622847
15225.0 1.0814677479916548
15275.0 1.085013613338984
15325.0 1.0875455385853112
15375.0 1.0846141067927948
15425.0 1.0816754911043627
15475.0 1.0787297554115383
15525.0 1.075830772038767
15575.0 1.0729593575802474
15625.0 1.0700811014942162
15675.0 1.0671960639217468
15725.0 1.062557909493374
15775.0 1.0538031031185158
15825.0 1.0450357947585778
15875.0 1.0362560931128628
15925.0 1.0339630930435058
15975.0 1.0350139600554396
16050.0 1.0365857483490835
16150.0 1.036390777428891
16250.0 1.032278764200094
16350.0 1.0256981735873048
16450.0 1.0166755805222072
16550.0 1.008811560009336
16650.0 1.0016617975490973
16750.0 0.993684310492084
16850.0 0.9839911196595826
16950.0 0.9730999678917621
17050.0 0.9603207081880155
17150.0 0.9449845177490414
17250.0 0.9262382113528076
17350.0 0.9101704362926423
17450.0 0.8974314612944998
17550.0 0.8831708675375484
17650.0 0.8670051824747143
17750.0 0.8519266366984694
17850.0 0.8383892357525871
17950.0 0.8221861337330227
18050.0 0.8013757491613259
18150.0 0.7883919174568974
18250.0 0.7786246576084158
18350.0 0.7675733087945542
18450.0 0.7557075287666705
18550.0 0.7429364254967687
18650.0 0.7292481458224341
18750.0 0.7162332636802983
18850.0 0.7044658400537994
18950.0 0.6957907150610906
19050.0 0.6889808123619559
19150.0 0.6792254575211638
19250.0 0.6656609851333504
19350.0 0.6538521177641231
19450.0 0.6429065196559354
19550.0 0.632028725574287
19650.0 0.6212450768093585
19750.0 0.6120876159902049
19850.0 0.6038785258438641
19950.0 0.5963366523908826
20050.0 0.5900438428711543
20150.0 0.5813295616087706
20250.0 0.5702654564519878
20350.0 0.5640945993925391
20450.0 0.560577031920264
20550.0 0.5556104463511535
20650.0 0.5472615116130832
20750.0 0.5392875292724398
20850.0 0.5318813519628297
20950.0 0.5254950420871259
21050.0 0.5201961241788031
21150.0 0.514317933647544
21250.0 0.5079643191815436
21350.0 0.5017334825696672
21450.0 0.4955820012228985
21550.0 0.4885182009246604
21650.0 0.4809106100082656
21750.0 0.475201104613418
21850.0 0.4705554577241299
21950.0 0.4643544534379822
22050.0 0.4572504951845208
22150.0 0.450919623084687
22250.0 0.4450834669964093
22350.0 0.43963457876288253
22450.0 0.4344826437677814
22550.0 0.4291846336057069
22650.0 0.42374159524277827
22750.0 0.41203922000394033
22850.0 0.39168917528850994
22950.0 0.37700949096002234
23050.0 0.3744649751509037
23150.0 0.3581750059806872
23250.0 0.33679369948547433
23350.0 0.32315289760036425
23450.0 0.314777273185699
23550.0 0.31101772163939123
23650.0 0.3131401720497507
23750.0 0.31059151963378306
23850.0 0.29509603508029725
23950.0 0.2867186655258883
24050.0 0.2826935945253016
24150.0 0.2797354608408951
24250.0 0.27831441147824487
24350.0 0.2721194579395478
24450.0 0.264234030515655
24550.0 0.2595099311067358
24650.0 0.25804253184213444
24750.0 0.2518209287439057
24850.0 0.22931186505531165
24950.0 0.21747177731481937
25050.0 0.21581666399084237
25150.0 0.21603969796551115
25250.0 0.21677400221817694
25350.0 0.21667334775381175
25450.0 0.2156156604249945
25550.0 0.21627637204475328
25650.0 0.2176318522556255
25750.0 0.21764467478373944
25850.0 0.21521258734589233
25950.0 0.21390475631509698
26050.0 0.213437328142372
26150.0 0.21167444337244642
26250.0 0.20953884263373773
26350.0 0.20763681857071636
26450.0 0.2061427476377609
26550.0 0.20439318888488653
26650.0 0.20242646242954057
26750.0 0.20097270726205757
26850.0 0.19973333318800732
26950.0 0.19834265314373958
27050.0 0.19646450919662403
27150.0 0.19451728998167886
27250.0 0.19245341956900475
27350.0 0.19063871183749342
27450.0 0.18908368987771593
27550.0 0.1871504232074735
27650.0 0.1849617538138538
27750.0 0.18326554307479134
27850.0 0.18178787720282288
27950.0 0.1803833612906332
28050.0 0.17899935604072295
28150.0 0.17757066133679267
28250.0 0.17596071041267455
28350.0 0.17430989525477245
28450.0 0.1725357415662245
28550.0 0.17071944454520302
28650.0 0.16879755429129872
28750.0 0.1670093093885075
28850.0 0.16552923910734857
28950.0 0.16399800072827345
29050.0 0.16235595677371165
29150.0 0.16072971431448452
29250.0 0.15914055464380858
29350.0 0.15756198422486187
29450.0 0.15601114785447637
29550.0 0.15451596685592964
29650.0 0.15318348659537812
29750.0 0.15160647733794685
29850.0 0.14911982421927225
29950.0 0.1476552764994172
30050.0 0.14638628228603015
30150.0 0.14501884705245147
30250.0 0.1436210795223132
30350.0 0.1425654423675873
30450.0 0.1416674720157505
30550.0 0.14060292069070873
30650.0 0.13941996171803064
30750.0 0.13825072597913104
30850.0 0.13709698042386173
30950.0 0.13600188849070055
31050.0 0.13501979391013189
31150.0 0.1339413697704115
31250.0 0.13244735604759766
31350.0 0.13124497226783002
31450.0 0.13013292310696276
31550.0 0.12903730239405534
31650.0 0.1279528269961284
31750.0 0.12638835399214549
31850.0 0.124141093695827
31950.0 0.12206057805586405
32100.0 0.11985270823118603
32300.0 0.116911568095707
32500.0 0.11409412101484244
32700.0 0.1114328691693781
32900.0 0.1087914879803179
33100.0 0.10620839159755233
33300.0 0.10380822439730435
33500.0 0.10143542675217616
33700.0 0.09909235976794022
33900.0 0.09688381379968972
34100.0 0.09475205350383291
34300.0 0.09262350763207627
34500.0 0.09059507531466465
34700.0 0.08866086138945463
34900.0 0.08674356783986927
35100.0 0.08483414373276175
35300.0 0.08309822378735245
35500.0 0.08137091401945926
35700.0 0.07965878812014589
35900.0 0.0780048152482752
36100.0 0.07644547064775202
36300.0 0.07489020255836318
36500.0 0.07334190237937921
36700.0 0.07191885639370396
36900.0 0.07051739365835129
37100.0 0.06912105840723787
37300.0 0.06776668940261368
37500.0 0.06648541473806817
37700.0 0.06522128355285015
37900.0 0.0639684317625919
38100.0 0.06276457416475598
38300.0 0.06161683719407228
38500.0 0.06047628974649036
38700.0 0.05933524776189891
38900.0 0.05827481887657788
39100.0 0.057244340187391836
39300.0 0.05621339545670975
39500.0 0.055197433905714084
39700.0 0.05424058670369757
39900.0 0.0533055065976349
40100.0 0.0523745742766618
40300.0 0.0514474018825933
40500.0 0.05059134426265879
40700.0 0.04974958219247835
40900.0 0.0489074256593781
41100.0 0.04806595896741358
41300.0 0.047291027093549556
41500.0 0.04652902821619887
41700.0 0.045767625371867765
41900.0 0.045005834131558155
42100.0 0.04429684348088125
42300.0 0.043605785892638305
42500.0 0.04291610908481351
42700.0 0.04222974013399809
42900.0 0.041571367805852084
43100.0 0.04094553204843579
43300.0 0.040320593391537256
43500.0 0.03969572726542686
43700.0 0.03908603479597036
43900.0 0.03851863555045258
44100.0 0.03795094409299492
44300.0 0.037383180750938404
44500.0 0.03682035983341205
44700.0 0.036297282533571035
44900.0 0.03578199258956999
45100.0 0.03526747575769637
45300.0 0.034752471142417564
45500.0 0.03426156309745277
45700.0 0.033793274708138955
45900.0 0.03332513619761093
46100.0 0.03285843725059889
46300.0 0.03239681421312515
46500.0 0.031963155455682145
46700.0 0.03153823980140642
46900.0 0.03111257257259187
47100.0 0.03068896360367728
47300.0 0.03027832312091257
47500.0 0.029888483950975632
47700.0 0.029502821814785155
47900.0 0.029116937576570207
48100.0 0.028730218198793615
48300.0 0.028366306980557254
48500.0 0.028012500166973212
48700.0 0.027661214066518797
48900.0 0.027311000024685183
49100.0 0.02695861233430709
49300.0 0.02663265839776306
49500.0 0.02631190987989707
49700.0 0.02599110901526911
49900.0 0.025671703306631814
50100.0 0.025352387233987316
50300.0 0.025055626678577404
50500.0 0.024764203200938455
50700.0 0.02447290610913216
50900.0 0.02418185568462688
51100.0 0.023893132556504583
51300.0 0.023621101874846458
51500.0 0.023355506120072624
51700.0 0.02308989777921201
51900.0 0.0228241713951785
52100.0 0.022558081373985375
52300.0 0.022309284317624654
52500.0 0.022067360813912893
52700.0 0.021825483376227483
52900.0 0.021582990734806944
53100.0 0.021341428624290813
53300.0 0.02110880040985495
53500.0 0.020888117121962157
53700.0 0.020667311058059683
53900.0 0.020446514149687966
54100.0 0.02022463835867231
54300.0 0.020008836970461037
54500.0 0.01980504474826361
54700.0 0.019603745595515382
54900.0 0.019401665584448686
55100.0 0.019200300093319675
55300.0 0.01899883220291898
55500.0 0.018809704860411426
55700.0 0.01862495004879483
55900.0 0.01844100019680037
56100.0 0.01825623508607319
56300.0 0.01807165883097973
56500.0 0.017891110361501115
56700.0 0.017721449233856074
56900.0 0.017552923760329995
57100.0 0.017384379449324094
57300.0 0.017216250630647866
57500.0 0.01704731795799241
57700.0 0.016886301321734472
57900.0 0.016731933134064396
58100.0 0.016578085602713732
58300.0 0.016424046306993068
58500.0 0.016270446799481447
58700.0 0.01611669280008622
58900.0 0.015971871357157302
59100.0 0.015831034889412603
59300.0 0.015689007735724698
59500.0 0.015548980259814448
59700.0 0.01540673504752892
59900.0 0.015267002599202282
60100.0 0.015135429982792943
60300.0 0.015006511446195614
60500.0 0.014877355492349465
60700.0 0.014747721021184601
60900.0 0.014618451445711396
61100.0 0.01448939769912858
61300.0 0.014369969063909955
61500.0 0.014251485512059264
61700.0 0.014132956089983629
61900.0 0.014014443052955324
62100.0 0.013895872820960479
62300.0 0.013778444012467434
62500.0 0.013667056831016324
62700.0 0.013558291118885287
62900.0 0.013449700601458591
63100.0 0.013341036681766106
63300.0 0.013232362356148823
63500.0 0.01312368657086233
63700.0 0.013020382449062786
63900.0 0.012920626793580164
64200.0 0.012771146222907735
64600.0 0.012571721523671387
65000.0 0.012378392188900678
65400.0 0.012195309606849832
65800.0 0.012012292236312318
66200.0 0.011831743231611654
66600.0 0.01166300897791321
67000.0 0.01149491081433291
67400.0 0.011326959020168148
67800.0 0.011169903532586269
68200.0 0.0110154343956196
68600.0 0.01086096508685347
69000.0 0.010711999421709277
69400.0 0.010569970081741136
69800.0 0.010428047042865958
70200.0 0.010286606302162092
70600.0 0.010155376709974191
71000.0 0.010024772773785693
71400.0 0.009894129065635356
71800.0 0.009768626479223566
72200.0 0.009648396034002584
72600.0 0.009528118444519592
73000.0 0.009408235116344612
73400.0 0.009296411044880073
73800.0 0.009185634422543307
74200.0 0.009074981713729289
74600.0 0.008966575567873902
75000.0 0.008864617676742082
75400.0 0.008762632724442736
75800.0 0.008660600745447174
76200.0 0.008562991784614683
76600.0 0.008468931902042464
77000.0 0.008374962358061146
77400.0 0.008281023508788371
77800.0 0.008192394432467475
78200.0 0.008105709240727649
78600.0 0.00801909018486212
79000.0 0.007932824291735379
79400.0 0.007851573272539582
79800.0 0.0061910048310251445
80200.0 0.007544184582942854
80600.0 0.008101207892168985
81000.0 0.007850203798244337
81400.0 0.006769109664623594
81800.0 0.006548425272334424
82200.0 0.007614420351225179
82600.0 0.007803243065805837
83000.0 0.007786690226795789
83400.0 0.007618713286770334
83800.0 0.007768938499809742
84200.0 0.007623642589383073
84600.0 0.006282626684846517
85000.0 0.005769496337810245
85400.0 0.005539191041292993
85800.0 0.004926567832746433
86200.0 0.005210548527712308
86600.0 0.005914987194511656
87000.0 0.004854784517788392
87400.0 0.004870023893460898
87800.0 0.005835231174637295
88200.0 0.004977215206252419
88600.0 0.004350279831153413
89000.0 0.004035848933494728
89400.0 0.004074550622399738
89800.0 0.0038924795559205257
90200.0 0.003254832617315809
90600.0 0.003990637854233757
91000.0 0.0045529663007103155
91400.0 0.003873710606535768
91800.0 0.004353512587697606
92200.0 0.0050537433424409205
92600.0 0.004924572774105852
93000.0 0.004507264228300798
93400.0 0.003944375084356122
93800.0 0.003459164862792552
94200.0 0.0035517654460682367
94600.0 0.004078580432471892
95000.0 0.004209581014570487
95400.0 0.004466294827302911
95800.0 0.004858639893854139
96200.0 0.005927418611520436
96600.0 0.006394626663560567
97000.0 0.005878821611516895
97400.0 0.00469856883033267
97800.0 0.003805635093547708
98200.0 0.0037972361104048453
98600.0 0.004210500274148206
99000.0 0.004584824280952022
99400.0 0.004397135238944021
99800.0 0.00462117360616438
100200.0 0.004871525917860955
100400.00000000009 0.004506677465217542
100748.43066198383 0.003871055525826376
101098.07052641988 0.004103354142457628
101448.92378975474 0.004196279831185242
101800.9946629978 0.0036313471052163934
102154.28737177301 0.003623298455900335
102508.80615636887 0.0042882412931173255
102864.55527178946 0.004628524573937497
103221.53898780573 0.00483832963334351
103579.76158900595 0.004791635028748431
103939.22737484834 0.004768790964234737
104299.94065971187 0.004825548300067194
104661.9057729482 0.00420624096170213
105025.12705893395 0.003038205615409271
105389.60887712192 0.0026921969640447845
105755.35560209466 0.002523890668499047
106122.37162361621 0.0025456826015346815
106490.66134668495 0.0025485500694862736
106860.22919158668 0.002531155871292291
107231.07959394684 0.0026948357444616967
107603.217004785 0.0029072213561262598
107976.64589056744 0.003157520528753675
108351.370733261 0.0032479758570798252
108727.39603038708 0.0031793715903014395
109104.72629507471 0.003611006386900255
109483.36605611602 0.004055531893671097
109863.31985801981 0.004265692173094534
110244.59226106624 0.004177987011289857
110627.1878413618 0.00389476346898853
111011.11119089334 0.004882632189231549
111396.36691758451 0.005865155428442749
111782.95964535022 0.006818818105474288
112170.89401415233 0.007701730793370087
112560.17468005554 0.008385865270180873
112950.80631528242 0.00835277656616559
113342.79360827077 0.007715818960938182
113736.1412637291 0.006731618774525371
114130.85400269323 0.0061111297174933354
114526.93656258319 0.005379380126256654
114924.39369725919 0.004531912108136132
115323.23017708007 0.004442741698084373
115723.45078895958 0.004419548216142053
116125.06033642414 0.004420905083184481
116528.06363967061 0.004233579097892654
116932.46553562334 0.0037894384155553393
117338.27087799355 0.0028824788766220115
117745.48453733666 0.0028542128112980444
118154.11140111096 0.0030926248066542625
118564.15637373661 0.0034649855600263186
118975.62437665339 0.003400757825527322
119388.52034838134 0.0034211728334873803
119802.84924457902 0.003930097263997137
120218.61603810318 0.003767637590629193
120635.82571906883 0.0034829558795608736
121054.48329490799 0.003288331203421173
121474.59379043133 0.0031843015835798546
121896.16224788758 0.0033678925928661138
122319.19372702412 0.003993501944368946
122743.69330514787 0.00456558543298841
123169.6660771864 0.004650707221381226
123597.11715574806 0.004195163177148801
124026.0516711849 0.003911900240585152
124456.47477165324 0.003689994704806992
124888.39162317566 0.0035304313299340732
125321.80740970328 0.0034740465257757517
125756.72733317701 0.0034875190080081823
126193.15661359143 0.003473291425557392
126631.1004890565 0.003345811620555101
127070.56421586059 0.003950490421905674
127511.55306853396 0.004374020724469231
127954.0723399109 0.004434552762632701
128398.12734119488 0.003573471342032497
128843.72340202122 0.003058633490768411
129290.86587052139 0.002755819780579921
129739.56011338736 0.002606797365694534
130189.81151593504 0.0023666158076299125
130641.62548217046 0.002377594630468404
131095.00743485359 0.002443188189814266
131549.96281556363 0.002119142237811904
132006.49708476473 0.002081814072582098
132464.61572187033 0.002177523805633375
132924.3242253105 0.0022605114289712415
133385.628112597 0.001914624940768391
133848.53292038973 0.0018781533406197692
134313.04420456337 0.0019546876279025144
134779.167540273 0.002091294767580044
135246.90852202274 0.0022558714017919964
135716.27276373174 0.002326516503429364
136187.2658988018 0.002492424871421508
136659.8935801853 0.0026355733192241068
137134.16148045196 0.002449788238031085
137610.07529185852 0.0024518178390919745
138087.64072641605 0.0022900053437792224
138566.86351595866 0.0019994281474144805
139047.7494122127 0.0016590004934297553
139530.30418686455 0.0014779039471562797
140014.53363163173 0.00148058093770526
140500.44355833106 0.0018641075702683057
140988.03979894897 0.0022774711826505766
141477.32820571162 0.0019356287600921828
141968.3146511539 0.0021715608015059795
142461.00502819192 0.0020429577609784497
142955.40525019236 0.0020150190923715525
143451.52125104374 0.0020515049941103375
143949.35898522806 0.0019639943034341655
144448.924427891 0.0018397205883551233
144950.2235749154 0.0017659440303435796
145453.2624429921 0.0016970552832131385
145958.04706969234 0.0016430200841037208
146464.58351354074 0.0016439395058919146
146972.87785408652 0.0017570090496930822
147482.9361919785 0.001755380038119421
147994.76464903704 0.0016548234170710406
148508.36936832778 0.0016481984833392387
149023.7565142358 0.0016717850025600495
149540.9322725382 0.0016609731752297117
150059.90285048028 0.0016329851084940909
150580.6744768489 0.0015483781780391026
151103.25340204738 0.0015204027515133027
151627.64589817091 0.001554087304953335
152153.85825908065 0.001607809947342396
152681.89680048096 0.001667663589961019
153211.76785999417 0.001661168222822424
153743.47779723676 0.0016686255390338813
154277.0329938962 0.0017091777075032093
154812.43985380605 0.0019281519328920164
155349.70480302497 0.002271765732488404
155888.8342899124 0.0021859347838304303
156429.8347852063 0.0020297517312626774
156972.71278210124 0.001801269877477742
157517.47479632485 0.001698600137113932
158064.1273662182 0.0017085179554323586
158612.67705281274 0.0017931627891489335
159163.1304399096 0.0018481183376991468
159715.49413415877 0.0017382461064025852
160269.77476513712 0.0017014204375088726
160825.97898542997 0.0017235117911943282
161384.11347070962 0.0017139370223288471
161944.18491981577 0.0017331636320632256
162506.2000548363 0.0018320965281512628
163070.1656211866 0.0019277553831222424
163636.0883876925 0.002023211641588128
164203.97514667013 0.0021421119860857386
164773.83271400793 0.0022269561573574925
165345.66792924836 0.002269944756974721
165919.48765567035 0.0021162896466568764
166495.29878037024 0.0019941974317899077
167073.10821434658 0.0020472728206151775
167652.9228925817 0.0020898627010894188
168234.74977412526 0.0021557815470009283
168818.59584217807 0.002414458188403108
169404.46810417465 0.0034673853595648288
169992.37359186928 0.005104663705424414
170582.3193614191 0.005141497604569818
171174.31249346913 0.00436620525686214
171768.3600932375 0.0026823690392987665
172364.46929059955 0.0022397327864599466
172962.64724017525 0.001976082774946809
173562.90112141386 0.0018524658993839635
174165.23813868032 0.001848961479852646
174769.6655213422 0.0018176781852261552
175376.19052385495 0.001718244985125057
175984.8204258511 0.0016363370731235709
176595.5625322263 0.0015737196408359602
177208.42417322725 0.0015382593159979235
177823.4127045401 0.0015350988664249055
178440.53550737724 0.001572505840640699
179059.79998856818 0.001661373333417827
179681.21358064678 0.0016213087867410988
180304.7837419411 0.0015210507622867703
180930.51795666298 0.001366936134742327
181558.42373499667 0.0013395241419948652
182188.508613191 0.0013267582350537687
182820.7801536484 0.0013195993908234763
183455.24594501613 0.0012779677913274082
184091.9136022776 0.0012606109294686022
184730.79076684228 0.0012823693101291383
185371.88510663982 0.0013819872777129194
186015.20431621035 0.0014585435938978752
186660.7561167974 0.0015585949225228064
187308.54825644082 0.0016851169383316066
187958.58851006837 0.0014395585423454794
188610.8846795912 0.0013502241631438122
189265.44459399607 0.001317174795504326
189922.27610943964 0.0011585200795580723
190581.38710934314 0.001047676915324404
191242.78550448545 0.0010359160672621219
191906.4792331004 0.0011191330292713842
192572.47626097052 0.0011027396116197125
193240.7845815229 0.0011371255708501437
193911.41221592567 0.0011504324446975772
194584.36721318262 0.0010922249596741333
195259.65765023217 0.0011182950618577596
195937.29163204285 0.0011674518425842024
196617.27729171072 0.0012152317895988795
197299.62279055765 0.0012340131996039971
197984.33631822755 0.0011213170606086276
198671.42609278703 0.0009929240395419728
199360.90036082253 0.0009078609114341816
200052.7673975396 0.0009268353512045016
200747.03550686277 0.0009812136731372448
201443.7130215334 0.0010144453337602708
202142.80830321225 0.0010441084799309663
202844.3297425782 0.0010770559688349645
203548.28575942936 0.0010579330776985625
204254.6848027845 0.001036739684913164
204963.53535098286 0.00104620548582191
205674.84591178835 0.0010525753265622634
206388.62502249 0.0010168033965226747
207104.88125000495 0.000980907322685634
207823.62319098154 0.0009706603310873904
208544.8594719008 0.0009764644016182519
209268.59874918268 0.0009813745385785894
209994.84970928813 0.0009821992668893572
210723.62106882382 0.0009830268573578073
211454.9215746472 0.0009821302095587554
212188.76000396966 0.000980706879142404
212925.1451644646 0.0009740762669870355
213664.08589437135 0.0009586081734074065
214405.5910626017 0.000943086398970351
215149.66956884676 0.0009517586779170659
215896.33034368197 0.00096061502725984
216645.5823486771 0.0009532279466199225
217397.43457650184 0.0009364076225828281
218151.8960510343 0.0009246935882996381
218908.9758274697 0.0009254740731778886
219668.68299242735 0.00092625726667031
220431.02666406232 0.0009003009628968044
221196.01599217302 0.0008733613840661875
221963.66015831166 0.0008728218160527654
222733.96837589474 0.0008859223130924463
223506.94989031187 0.000884384223325828
224282.61397903945 0.0008578191119946672
225060.96995175022 0.0008320593929640709
225842.02715042542 0.0008146038275769049
226625.79494946744 0.0007970876839606134
227412.28275581042 0.0008075974038721801
228201.50000903595 0.0008235164208070514
228993.45618148448 0.0008349257080102374
229788.16077836952 0.0008433107769537325
230585.62333789226 0.0008429120019694668
231385.85343135396 0.0008277327282262011
232188.8606632739 0.0008116451303981308
232994.65467150253 0.0007911571576942911
233803.24512733784 0.0007705980830194166
234614.64173564175 0.000769950766978831
235428.8542349548 0.0007698960150168817
236245.89239761574 0.0007666025936439028
237065.76602987712 0.0007624495260021017
237888.48497202326 0.0007659867219623006
238714.05909848903 0.0007740825026039616
239542.4983179762 0.0007834652665429628
240373.81257357553 0.0007942425351813008
241208.01184288395 0.0007945470064729335
242045.10613812497 0.0007750320548486533
242885.10550626923 0.0007565324213598554
243728.0200291531 0.0007416542992830771
244573.85982360275 0.0007287927879385655
245422.63504155353 0.00073076907689537
246274.3558701723 0.0007323231565551208
247129.0325319802 0.000720367487610853
247986.67528497343 0.0007083703274151506
248847.29442274923 0.0007191527764560338
249710.90027462755 0.0007310887425072976
250577.5032057754 0.0007381400228172038
251447.1136173319 0.0007446038553952372
252319.741946531 0.000721250587505908
253195.39866682977 0.0006920925939399078
254074.09428803218 0.0006842674320997421
254955.83935641564 0.0006817122214049758
255840.64445485763 0.0006786952521929758
256728.52020296326 0.0006755384267988643
257619.47725719062 0.0007385708626803587
258513.52631098175 0.0008219739262600428
259410.67809488898 0.0008216201302875631
260310.94337670426 0.000795901930673962
261214.33296158884 0.0007423481556974617
262120.8576922009 0.0006808856556000297
263030.5284488288 0.000666332835430056
263943.3561495196 0.0006628669913487798
264859.35175021074 0.0006461198559926227
265778.5262448618 0.0006269298641524873
266700.8906655845 0.0006271393657091267
267626.45608277834 0.0006295487271781434
268555.23360526125 0.0006399437870546836
269487.23438040353 0.0006496947410039837
270422.46959426196 0.0006325884712380991
271360.9504717122 0.0006158109021036933
272302.6882765867 0.0006017704919863982
273247.69431180746 0.0005918478822097991
274195.97991952254 0.0005967177173708633
275147.55648124265 0.0006071990878775155
276102.4354179754 0.0006291690672591763
277060.6281903659 0.0006352713243571847
278022.1462988321 0.0006217666408352048
278987.001283703 0.000638231702261505
279955.20472535834 0.0006765492341184539
280926.7682443648 0.0007249520194984949
281901.7035016192 0.0007773657677709605
282880.0221984859 0.0007537957210891191
283861.73607693805 0.0007184770699233689
284846.856919699 0.000664740796284298
285835.39655038144 0.0006189425922637364
286827.3668336328 0.000603265943559835
287822.7796752752 0.0005985704365696085
288821.64702244906 0.000610709641521925
289823.9808637571 0.0006135735077182596
290829.79322940577 0.0006099800522878986
291839.0961913531 0.000605925536058116
292851.90186345164 0.0006015779659760764
293868.22240159387 0.0005811667305993492
294888.0700038592 0.0005650857106851623
295911.45691065746 0.0005633241887593887
296938.39540488017 0.0005615451632794057
297968.8978120446 0.000559747046810359
299002.9765004432 0.0005699341518217233
300040.643881292 0.000584991790990989
301081.9124088775 0.0005921809888490119
302126.7945807098 0.000595904398293338
303175.3029376698 0.000588832010411994
304227.45006416074 0.0005805307588851601
305283.2485882598 0.0005710041158279166
306342.71118186694 0.0005846997139157245
307405.8505608609 0.0006017376498462844
308472.6794852493 0.0005796301606414133
309543.21075932245 0.0005752963174900423
310617.4572318076 0.000600879771556482
311695.4317960206 0.0005930533578213129
312777.1473900245 0.0005695929210331893
313862.6169967824 0.0005746128525733851
314951.8536443137 0.0005723057483297917
316044.87040585116 0.0005547904127083488
317141.68039999536 0.0005524482389639688
318242.2967908759 0.0005580331193407174
319346.7327883069 0.0005882339815806479
320455.0016479461 0.0005980910410324382
321567.116671454 0.0005709236143989101
322683.09120665427 0.000580803113329576
323802.93864769104 0.0006040643473631465
324926.672435194 0.000612055426204294
326054.30605643673 0.0006066210941481628
327185.8530454994 0.0005854023415552709
328321.326983432 0.0006037368630818728
329460.74149841425 0.0006224091137345812
330604.11026592366 0.0006187237529161063
331751.4470088968 0.0006363089477876699
332902.76549789455 0.0006672166360672028
334058.07955126825 0.000722431840145866
335217.40303532267 0.0007309979675855919
336380.74986448674 0.0006850944822050819
337548.13400147745 0.0007058913017195076
338719.56945746863 0.0006968474763366787
339895.07029225933 0.000604835152217786
341074.65061444003 0.0006245471174896736
342258.32458156615 0.0006638621983859627
343446.10640032514 0.0006375661813855003
344638.0103267076 0.0006629920694523814
345834.0506661794 0.0007421597982745857
347034.2417738501 0.0010221151392505326
348238.5980546498 0.0
349447.1339634991 0.0
350659.8640054834 0.0
351876.8027360276 0.0
353097.96476106776 0.0
354323.3647372312 0.0
355553.01737200917 0.0
356786.93742393394 0.0
358025.13970275706 0.0
359267.6390696242 0.0
360514.4504372573 0.0
361765.5887701314 0.0
363021.06908465445 0.0
364280.90644934855 0.0
365545.1159850277 0.0
366813.7128649837 0.0
368086.7123151656 0.0
369364.1296143627 0.0
370645.98009438923 0.0
371932.2791402647 0.0
373223.04219040385 0.0
374518.28473679814 0.0
375818.0223252031 0.0
377122.2705553253 0.0
378431.04508100665 0.0
379744.36161041673 0.0
381062.23590623855 0.0
382384.6837858583 0.0
383711.7211215558 0.0
385043.36384069227 0.0
386379.62792590604 0.0
387720.529415301 0.0
389066.08440264023 0.0
390416.3090375398 0.0
391771.21952565934 0.0
393130.8321289014 0.0
394495.16316560353 0.0
395864.22901073477 0.0
397238.0460960931 0.0
398616.63091049937 0.0
400000.0000000001 0.0
