91.0 0.0
94.0 0.0
96.0 0.0
98.0 0.0
100.0 0.0
102.0 0.0
104.0 1.465701131667859e-13
106.0 2.289743748593492e-13
108.0 3.61744222498987e-13
110.0 6.165359875147225e-13
114.0 1.24328002813102e-12
118.0 2.381355987672671e-12
121.0 1.1131933970940523e-11
125.0 1.9418340472832333e-11
127.0 2.4425660220540574e-11
128.0 2.827780568193502e-11
131.0 3.9520154456959187e-11
132.0 4.8185272510462166e-11
134.0 6.060702171220722e-11
137.0 9.285882185050463e-11
140.0 1.2896641801251908e-10
143.0 4.5729701955043326e-10
147.0 1.448626123360405e-09
151.0 1.92981276468321e-09
155.0 2.6357386345433926e-09
159.0 3.545249386134026e-09
162.0 4.284342137968567e-09
166.0 5.770718805877877e-09
170.0 7.51042099934037e-09
173.0 8.980626255718679e-09
177.0 1.1381956785027872e-08
180.0 1.3597452849164685e-08
182.0 1.519047903391578e-08
186.0 1.868245358868721e-08
191.0 2.4571229023490688e-08
194.0 2.8719146582482794e-08
198.0 3.4751843913175314e-08
202.0 4.2818959390222796e-08
205.0 4.860106129470159e-08
210.0 5.869478400780342e-08
216.0 7.968096352133702e-08
220.0 9.420237512618155e-08
223.0 1.0485390384011106e-07
227.0 1.2338371067735027e-07
230.0 2.0306006918628386e-07
234.0 3.898079094422508e-07
240.0 5.572086703019019e-07
246.0 6.125819447502223e-07
252.0 7.504914878028289e-07
257.0 7.177456762362836e-07
260.0 8.801493498474617e-07
264.0 1.0034781009611825e-06
269.0 1.1212436431095864e-06
274.0 1.2393567099292353e-06
279.0 1.3642947522714826e-06
284.0 1.5136046543395329e-06
290.0 1.6203865891953749e-06
296.0 1.834058640568894e-06
301.0 1.9683278046152626e-06
308.0 2.2351354243515714e-06
318.0 2.6921260746174874e-06
328.0 3.101415421902988e-06
338.0 3.544259488943832e-06
348.0 4.001078101065903e-06
357.0 4.4721534860507044e-06
366.0 5.039953063301743e-06
375.0 5.52115352897273e-06
385.0 5.953290529129376e-06
395.0 6.729106517234835e-06
405.0 7.4920635480644585e-06
414.0 8.062318409056195e-06
422.0 8.564998174171844e-06
430.0 9.114214246602524e-06
441.0 9.972218877046689e-06
451.0 1.0640997032398072e-05
460.0 1.1250940547583841e-05
470.0 1.2044124859607324e-05
480.0 1.2930781941443734e-05
490.0 1.3540632571316162e-05
500.0 1.4548039639837238e-05
506.0 1.4963216515864334e-05
512.0 1.631477340302947e-05
520.0 1.7039426461268864e-05
530.0 1.784143269836259e-05
540.0 1.8371835793910237e-05
550.0 1.9641051047992392e-05
560.0 2.1244660140984508e-05
570.0 2.2805330856333554e-05
580.0 2.3585655683213344e-05
590.0 2.5325828073760422e-05
600.0 2.6088545475274682e-05
610.0 2.5760659595089983e-05
620.0 3.0282111873754827e-05
630.0 3.176305782891953e-05
640.0 3.338353675262737e-05
650.0 3.552389281993453e-05
658.0 3.7156908625564045e-05
665.0 3.902571023672478e-05
675.0 4.062086331430738e-05
685.0 4.126124095420642e-05
695.0 4.7236614559067034e-05
705.0 4.747692437993822e-05
716.0 5.346868050258947e-05
726.0 5.639380664204037e-05
735.0 5.931011016264366e-05
745.0 6.469615536106759e-05
755.0 6.885523829765711e-05
765.0 7.057717466192739e-05
775.0 7.975804466317476e-05
785.0 8.47333852228053e-05
795.0 9.068265915329818e-05
805.0 9.602914944716718e-05
815.0 0.0001018611296026374
825.0 0.00011055276398237521
835.0 0.00010012917695643018
845.0 0.00012192528787122658
855.0 0.00012880862858996947
865.0 0.00014026133765637286
875.0 0.00015265761669765683
885.0 0.00016791041443034595
895.0 0.0001800502036170035
905.0 0.00018520634694900516
915.0 0.0004202482472908546
925.0 0.001961615370791044
935.0 0.004250761894035217
945.0 0.009070582853956411
955.0 0.01303316540534705
965.0 0.014729911365421452
975.0 0.002327099773549409
985.0 0.012929319096391695
995.0 0.014408898681326074
1005.0 0.022733912563075383
1015.0 0.02157027022427199
1025.0 0.010662638209271946
1035.0 0.01618219705277283
1045.0 0.033884888594413784
1055.0 0.03369943919135877
1065.0 0.027577057635058477
1075.0 0.0330577080580564
1085.0 0.02783415043301418
1095.0 0.03773145683545956
1105.0 0.037188633778265
1115.0 0.03627777847674605
1125.0 0.03388380458965169
1135.0 0.04510184706049719
1145.0 0.04197679480442055
1155.0 0.04582733942233418
1165.0 0.04774540015281173
1175.0 0.034008469990432624
1185.0 0.0490540156733157
1195.0 0.03284907222216728
1205.0 0.024156351974724558
1208.72 0.021905190639504087
1208.8 0.021856581791533276
1208.87 0.021814037665023992
1208.94 0.02177148291540191
1209.02 0.02172283591094399
1209.09 0.02168025840539177
1209.16 0.021637670284082755
1209.23 0.021595071549356783
1209.31 0.021546374288078044
1209.38 0.0215037528181909
1209.45 0.021461120742236335
1209.53 0.021412385385693764
1209.6 0.021369730590321927
1209.67 0.02132706519622698
1209.75 0.021278291770801205
1209.82 0.021235603673022217
1209.89 0.02119290498385979
1209.96 0.021150195705648467
1210.04 0.021101372138789657
1210.11 0.021058640177617074
1210.18 0.02101589763472841
1210.26 0.020967036060073004
1210.33 0.020924270849931724
1210.4 0.020881495065402537
1210.47 0.02083870870881636
1210.55 0.02078979707318804
1210.62 0.020746988070039468
1210.69 0.020704168502155236
1210.77 0.020655218919721052
1210.84 0.020612376720958333
1210.91 0.020569523964776563
1210.99 0.02052053646181654
1211.06 0.02047766109042942
1211.13 0.020434775168934854
1211.2 0.02039187869965852
1211.28 0.020342841250673687
1211.35 0.02029992218683552
1211.42 0.020256992582520346
1211.5 0.020207917273862747
1211.57 0.02016496509063417
1211.64 0.020122002374228613
1211.72 0.020072889232118824
1211.79 0.02002990395243747
1211.86 0.019986908146874302
1211.93 0.01994390181774926
1212.01 0.019894738844302432
1212.08 0.019851709972498372
1212.15 0.019808670584420887
1212.23 0.01975946983823662
1212.3 0.019716407923092764
1212.37 0.01967333549895902
1212.44 0.019630252568151596
1212.52 0.019581002070599644
1212.59 0.01953789663328976
1212.66 0.019494780696583006
1212.74 0.019445492486911475
1212.81 0.019402354059289938
1212.88 0.019359205139543253
1212.96 0.019309879243871064
1213.03 0.019266707848786487
1213.1 0.019223525968843632
1213.17 0.019180333606353423
1213.25 0.019130958073556605
1213.32 0.019087743256245123
1213.39 0.019044517963646333
1213.47 0.01899510480532752
1213.54 0.018951857073459328
1213.61 0.01890859887355893
1213.69 0.018859148115776676
1213.76 0.01881586749214768
1213.83 0.018772576407736438
1213.9 0.018729274864848496
1213.98 0.018679774583921737
1214.05 0.018636450637774617
1214.12 0.018593116240394173
1214.2 0.018543578420342932
1214.27 0.018500221635218986
1214.34 0.018456854406099905
1214.41 0.01841347673528755
1214.49 0.01836388947156494
1214.56 0.018320489433445226
1214.63 0.01827707896086371
1214.71 0.01822745421825771
1214.78 0.018184021393859363
1214.85 0.018140578142225777
1214.93 0.018090915946692206
1215.0 0.018047450358721333
1215.07 0.01800397435073647
1215.14 0.017960487925034116
1215.22 0.017910776399359823
1215.29 0.01786726765770862
1215.36 0.017823748505554647
1215.44 0.017773999587053096
1215.51 0.017730458134404475
1215.58 0.017686906278462467
1215.66 0.01763711999302908
1215.73 0.017593545852035826
1215.8 0.017549961314953594
1215.87 0.017506366384073605
1215.95 0.017456530881764108
1216.02 0.017412913686173277
1216.09 0.017369286103982272
1216.17 0.01731941329470007
1216.24 0.01748500826392516
1216.31 0.01765063921252425
1216.38 0.01781630613251346
1216.46 0.01800568379171733
1216.53 0.018171427766377805
1216.6 0.018337207687346525
1216.68 0.018526714459823977
1216.75 0.018692571381739003
1216.82 0.01885846422489989
1216.9 0.019048100020630385
1216.97 0.019214069811052874
1217.04 0.019380075497677802
1217.11 0.019546117072540867
1217.19 0.019735922806952067
1217.26 0.019902041258372603
1217.33 0.020068195573012898
1217.41 0.020258130122256905
1217.48 0.020424361259864365
1217.55 0.020590628235692267
1217.63 0.020780691509975593
1217.7 0.020947035255221125
1217.77 0.021113414813706793
1217.84 0.02127983017748839
1217.92 0.021470062997699033
1217.99 0.02163655506037254
1218.06 0.021803082903386856
1218.14 0.02199344424074247
1218.21 0.02216004872919386
1218.28 0.022326688973049912
1218.35 0.02249336496438048
1218.43 0.02268389557386344
1218.5 0.022850648140230346
1218.57 0.023017436429160862
1218.65 0.02320809534826274
1218.72 0.023374960158869543
1218.79 0.02354186066714822
1218.87 0.023732647806461237
1218.94 0.023899624783097748
1219.01 0.024066637432532935
1219.08 0.024233685746857237
1219.16 0.0244246417672341
1219.23 0.024591766479694237
1219.3 0.024758926832196115
1219.38 0.024950010865786867
1219.45 0.025117247563200593
1219.52 0.0252845198758279
1219.6 0.02547573183345301
1219.67 0.025643080437809877
1219.74 0.025810464632570612
1219.81 0.025977884409846067
1219.89 0.026169264858469127
1219.96 0.026336760857431772
1220.03 0.02650429241412535
1220.11 0.026695800580314673
1220.18 0.026863408305608485
1220.25 0.027031051563868137
1220.32 0.027198730347218557
1220.4 0.027390406732487674
1220.47 0.027558161614521796
1220.54 0.02772595199690749
1220.62 0.027917755893645577
1220.69 0.02808562232172357
1220.76 0.0282535242254326
1220.84 0.028445455544850205
1220.91 0.02861343344130082
1220.98 0.028781446788681792
1221.05 0.028949495579138413
1221.13 0.02914159472927116
1221.2 0.02930971944273325
1221.27 0.029477879574595675
1221.35 0.02967010594184202
1221.42 0.029838341943855515
1221.49 0.030006613339612836
1221.57 0.030198966835413045
1221.64 0.030367314048507833
1221.71 0.030535696630709708
1221.78 0.030704114574184326
1221.86 0.030896635513339377
1221.93 0.031065129204596822
1222.0 0.031233658232515248
1222.08 0.031426306095192015
1222.15 0.03159491081817563
1222.22 0.03176355085322836
1222.29 0.031932226192530166
1222.37 0.03212504122853801
1222.44 0.032293792193476896
1222.51 0.03246257843809787
1222.59 0.03265552019296857
1222.66 0.032824382010605245
1222.73 0.03299327908337696
1222.81 0.03318634746894175
1222.88 0.03335532006214913
1222.95 0.03352432788596397
1223.02 0.033693370932586716
1223.1 0.03388660610583519
1223.17 0.03405572460364714
1223.24 0.03422487829976431
1225.0 0.03832131392551378
1235.0 0.058698848755139504
1245.0 0.06847776308195652
1255.0 0.06685752365730781
1265.0 0.05792972464229969
1275.0 0.07590365710899662
1285.0 0.08409253766787529
1295.0 0.06572517925112316
1305.0 0.06625573984865396
1315.0 0.0868331916761699
1325.0 0.08392891558745592
1335.0 0.07724802975027481
1345.0 0.09257850471149645
1355.0 0.09222747841624489
1365.0 0.0828661750462949
1375.0 0.08935593802291725
1385.0 0.09057361169549495
1395.0 0.08220943466959126
1405.0 0.08549037961017916
1415.0 0.08837154430214937
1425.0 0.09302734536113112
1435.0 0.09384551360940545
1442.0 0.10080577481262612
1447.0 0.10301467244603643
1455.0 0.10159628042292977
1465.0 0.09456889901198409
1475.0 0.09547981609821503
1485.0 0.0987011206334561
1495.0 0.10213598405060287
1505.0 0.09850745034522153
1512.0 0.08921117145117444
1517.0 0.09421257642643324
1525.0 0.09086220514683914
1535.0 0.08050994508725973
1545.0 0.09070387837920495
1555.0 0.08703697889182647
1565.0 0.08887354464225534
1575.0 0.0972064075179119
1585.0 0.10328233600962258
1595.0 0.10657057886066147
1605.0 0.10642017047655973
1615.0 0.10774418812074875
1625.0 0.1029501515264025
1635.0 0.11011976725872774
1645.0 0.11415236453740056
1655.0 0.1067593779653494
1665.0 0.11555635498361808
1672.0 0.10699549111778463
1677.0 0.1168884427174174
1685.0 0.12610965136666066
1695.0 0.12010798305286871
1705.0 0.11680206106639505
1715.0 0.11073917127690634
1725.0 0.11153878063697928
1735.0 0.12074060908637632
1745.0 0.11929029491727124
1755.0 0.12814773152416617
1765.0 0.11961947174730433
1775.0 0.12341332919770073
1785.0 0.12661280152054716
1795.0 0.13798420796709754
1805.0 0.1362818862558194
1815.0 0.12811448898405692
1825.0 0.13144032166605277
1835.0 0.1280441427416389
1845.0 0.11731872041984699
1855.0 0.11950952098685555
1865.0 0.12378441368150209
1875.0 0.13718898473507912
1885.0 0.126144936731439
1895.0 0.12341822403316055
1905.0 0.1312368288413775
1915.0 0.1272765678700415
1925.0 0.12649343353528358
1935.0 0.1297164535439926
1945.0 0.1384298093130639
1955.0 0.13166872972939817
1967.0 0.14508716509506725
1976.0 0.15056521846296336
1984.0 0.1455058009086095
1995.0 0.1408939124183372
2005.0 0.14607590200803017
2015.0 0.14299524406808697
2025.0 0.1487127255110459
2035.0 0.14451553486795082
2045.0 0.15021531899195228
2055.0 0.14601396762997923
2065.0 0.14700040414243157
2074.0 0.15816094136648193
2078.0 0.15713565941148128
2085.0 0.16430456029082152
2095.0 0.1563079526052153
2105.0 0.15802683537676346
2115.0 0.16179212595954068
2125.0 0.1615243130425765
2135.0 0.15379541176361633
2145.0 0.16163085500691424
2155.0 0.1662369558604326
2165.0 0.16210073145274156
2175.0 0.1624586613853504
2185.0 0.1649443087962391
2195.0 0.17081775086037174
2205.0 0.16565479847847076
2215.0 0.15734133754972807
2225.0 0.15782757166909145
2235.0 0.16992559862915824
2245.0 0.16317314078871575
2255.0 0.15524530632321742
2265.0 0.1595265550194276
2275.0 0.16640614813981236
2285.0 0.17507618424063792
2295.0 0.16617896636459487
2305.0 0.168666803809011
2315.0 0.16262734596592499
2325.0 0.12997701192951314
2335.0 0.14603520454141922
2345.0 0.1418443532166098
2355.0 0.1594401326405823
2365.0 0.14361989571511863
2375.0 0.1489933314845712
2385.0 0.1392019596611554
2395.0 0.14761912811725356
2405.0 0.14381353815605147
2415.0 0.14965639832070007
2425.0 0.164693184207473
2435.0 0.16348867147066382
2445.0 0.17514850802470472
2455.0 0.1751583026412811
2465.0 0.1731200162401666
2475.0 0.16744164147542515
2485.0 0.16460986016835363
2495.0 0.16038628489906873
2505.0 0.1835689017532834
2513.0 0.1556665465543075
2518.0 0.15741527378103598
2525.0 0.15382763482708778
2535.0 0.1607260795413552
2545.0 0.1608685889253971
2555.0 0.1808901694672772
2565.0 0.1744321444164302
2575.0 0.1872200221555202
2585.0 0.1842838364269937
2595.0 0.18125331261696026
2605.0 0.1751801741385015
2615.0 0.17492203332186473
2625.0 0.18770655960206306
2635.0 0.20499810360686885
2645.0 0.24148260812378408
2655.0 0.25674158973532973
2665.0 0.22385823001767252
2675.0 0.23568621060657907
2685.0 0.2411398144842485
2695.0 0.22602477442661062
2705.0 0.23580964204532687
2715.0 0.21837453460632872
2725.0 0.21538277712411097
2735.0 0.22967411708599703
2745.0 0.19547973281815784
2755.0 0.19930426006152036
2765.0 0.21250279373675904
2775.0 0.22481344562376773
2785.0 0.20405864304496008
2795.0 0.15659058714398688
2805.0 0.16760556694303425
2815.0 0.2351566169744209
2825.0 0.2598633397620664
2835.0 0.2550250772345617
2845.0 0.23840194841496906
2855.0 0.21907335431380096
2865.0 0.27125520450512813
2875.0 0.28253101294159005
2885.0 0.2776974224304924
2895.0 0.2856651139610454
2910.0 0.33182522254354196
2930.0 0.31731810680808936
2950.0 0.3121410983528289
2970.0 0.327142490788555
2990.0 0.3335760174786435
3010.0 0.34461380528551566
3030.0 0.35354856301447707
3050.0 0.36215348989195495
3070.0 0.37358781720382456
3090.0 0.3813825394552615
3110.0 0.39597272549040047
3130.0 0.39223554754530715
3150.0 0.39701593888088177
3170.0 0.4109876679087248
3190.0 0.3848339358351783
3210.0 0.4085758390671647
3230.0 0.38459358723667386
3250.0 0.4418000890199267
3270.0 0.4783125799115312
3290.0 0.48257919353113105
3310.0 0.4831471897966145
3330.0 0.5042039932889842
3350.0 0.5399490108655214
3370.0 0.4441595361992363
3390.0 0.5263596048255239
3410.0 0.5120749172056764
3430.0 0.5324786335894564
3450.0 0.533822470941015
3470.0 0.5364780508475229
3490.0 0.5480461033012783
3510.0 0.5576165213537011
3530.0 0.5594591832474791
3550.0 0.6157953936030339
3570.0 0.5511293145758384
3590.0 0.46927026312180975
3610.0 0.48473410118925514
3630.0 0.47663139953950856
3640.0 0.6429242552176708
3650.0 0.621518375287112
3670.0 0.6521544075481328
3690.0 0.5673696300651704
3704.66 0.6984720412243698
3704.88 0.7065032178144905
3705.11 0.7149003493782318
3705.33 0.7229332505428268
3705.55 0.7280891823932878
3705.78 0.7144243941870387
3706.0 0.7013523121176616
3706.22 0.6882788464360803
3706.45 0.6746096529686688
3706.67 0.6615333572659106
3706.89 0.6484556780436066
3707.12 0.63478207960996
3707.34 0.6217015705560185
3707.56 0.6086196780752272
3707.79 0.5949416749704797
3708.01 0.5818569528477234
3708.24 0.5706074446050841
3708.46 0.5753516167979772
3708.68 0.5800962855016035
3708.91 0.5850571518291583
3709.13 0.5898028360885013
3709.35 0.5945490168248889
3709.58 0.5995114638779395
3709.8 0.6042586601011137
3710.0 0.6085747238294976
3710.02 0.6090063527676218
3710.25 0.6139703804388374
3710.47 0.6187190885231448
3710.7 0.6236841777432856
3710.92 0.6285048034977404
3711.14 0.6348149598028073
3711.37 0.6414126478105052
3711.59 0.6477241555048734
3711.81 0.6540363238560033
3712.04 0.6606361153184311
3712.26 0.6669496349670783
3712.48 0.6732638152276001
3712.71 0.6798657100018414
3712.93 0.6861812414680202
3713.16 0.6927845488340965
3713.38 0.6991014314442229
3713.6 0.7054189745911198
3713.83 0.7015169332701924
3714.05 0.697327269848723
3714.27 0.6931371610829844
3714.5 0.6887561166697821
3714.72 0.6845650970030419
3714.94 0.6803736320218208
3715.17 0.6759911697788622
3715.39 0.6717987939576349
3715.62 0.6674153794942651
3715.84 0.6632220928740004
3716.06 0.6590283609891414
3716.29 0.6546435288547975
3716.51 0.6566709686759005
3716.73 0.6593208585298211
3716.96 0.6620914914199104
3717.18 0.6647419427405803
3717.4 0.6673926685466581
3717.63 0.6701641753665093
3717.85 0.6728154626006547
3718.08 0.6755875563544521
3718.3 0.6782394049906856
3718.52 0.6808915280806912
3718.75 0.6836644956635595
3718.97 0.6863171801169285
3719.19 0.6891248149172388
3719.42 0.6920963170629139
3719.64 0.6949389244370232
3719.86 0.6977818260899636
3720.09 0.7007542651853681
3720.31 0.7035977687514948
3720.53 0.7064415665761421
3720.76 0.7094149425566101
3720.98 0.7122593422528857
3721.21 0.7152333474481928
3721.43 0.7180783489881755
3721.65 0.7209236447526978
3721.88 0.7297499358141267
3722.1 0.7401688721463221
3722.32 0.7505888976561403
3722.55 0.7614837252274701
3722.77 0.7719059785243655
3722.99 0.7823293209243669
3723.22 0.793227616073968
3723.44 0.8036531861086612
3723.67 0.8145538100955148
3723.89 0.8249816076624213
3724.11 0.8354104942078141
3724.34 0.8463145853760948
3724.56 0.8644052604971004
3724.78 0.8860724773814926
3725.01 0.9087269919951837
3725.23 0.9303988464928106
3725.45 0.9520729681904864
3725.68 0.9747347013068001
3725.9 0.9964134603004724
3726.13 1.0190800413874577
3726.35 1.040763437463787
3726.57 1.0624491004807297
3726.8 1.085122899244182
3727.02 1.1068131990260988
3727.24 1.1265165332010787
3727.47 1.1456778361775999
3727.69 1.1640079963650591
3727.91 1.1823400703525677
3728.14 1.2015074666471293
3728.36 1.2198434550913668
3728.59 1.2390149436780726
3728.81 1.2573548463983613
3729.03 1.2756966626990196
3729.26 1.2948742439040883
3729.48 1.31321997421175
3729.7 1.331567617968166
3729.93 1.3383379198371588
3730.0 1.3369353833597788
3730.15 1.333929787817789
3730.37 1.3295211857864984
3730.6 1.3249116902213003
3730.82 1.3205021268342958
3731.05 1.3158916262381148
3731.27 1.311481101538863
3731.49 1.3070701068805504
3731.72 1.3024581099890977
3731.94 1.2980461540832475
3732.16 1.293633728250002
3732.39 1.2890202351640656
3732.61 1.2796397218780953
3732.83 1.2642973555428598
3733.06 1.2482558838971523
3733.28 1.2329102175564388
3733.51 1.2168652959842083
3733.73 1.2015163297895546
3733.95 1.1861657503881098
3734.18 1.1701156925521174
3734.4 1.1547618135223274
3734.62 1.1394063213961352
3734.85 1.1233511276477472
3735.07 1.1079923361190176
3735.29 1.0904630769717025
3735.52 1.0681668312628927
3735.74 1.046837700203012
3735.96 1.025506332685548
3736.19 1.0032029663547108
3736.41 0.9818670244220378
3736.64 0.9595588758582417
3736.86 0.9382183597212274
3737.08 0.9168756073834061
3737.31 0.8945603390148462
3737.53 0.8732130127869462
3737.75 0.8518634505119296
3737.98 0.8324848946740454
3738.2 0.8203834388188191
3738.42 0.8082807136126317
3738.65 0.7956265073556201
3738.87 0.7835211858389929
3739.1 0.7708642653200375
3739.32 0.7587563476127533
3739.54 0.7466471607003705
3739.77 0.7339861991791584
3739.99 0.7218744162546609
3740.21 0.7097613642123187
3740.44 0.6970963619668149
3740.66 0.6860219155916923
3740.88 0.6784865787378226
3741.11 0.6706078810419096
3741.33 0.6630709266699562
3741.56 0.655190537971438
3741.78 0.6476519661560701
3742.0 0.6401126036178081
3742.23 0.6322296973490393
3742.45 0.6246887174786594
3742.67 0.6171469469397759
3742.9 0.6092615232740297
3743.12 0.6017181355143979
3743.34 0.5949289044920597
3743.57 0.5928292500120759
3743.79 0.5908206668517151
3744.02 0.5887205565470961
3744.24 0.5867115373905263
3744.46 0.5847023050875054
3744.69 0.5826015161492616
3744.91 0.5805918478797211
3745.13 0.5785819664782473
3745.36 0.5764804989526013
3745.58 0.5744701816143131
3745.8 0.5724596511586186
3746.03 0.5702743182859109
3746.25 0.5673482450432974
3746.48 0.564288838659638
3746.7 0.5613621344798629
3746.92 0.5584351218524973
3747.15 0.5553747334074189
3747.37 0.5524470898862015
3747.59 0.5495191379385718
3747.82 0.5464577674995019
3748.04 0.5435291847013528
3748.26 0.5406002934979826
3748.49 0.5375379411323992
3748.71 0.5346084191218647
3748.93 0.5437993625905331
3749.16 0.553409095865832
3750.0 0.5885143673390043
3770.0 0.6165953619489886
3790.0 0.700661900648158
3810.0 0.8003365313777867
3830.0 0.7374530713214256
3850.0 0.8356900384068445
3870.0 0.9337395685598311
3890.0 0.6660591620712568
3910.0 0.9618723460631277
3930.0 0.8167944779918613
3950.0 0.8806697185280278
3970.0 0.6349231379916119
3990.0 1.0
4010.0 1.22826287002088
4030.0 1.2959140523903667
4050.0 1.210313126492734
4070.0 1.1449427205984588
4078.2 1.1506074553601868
4078.45 1.1571132843070642
4078.7 1.1636198020384
4078.94 1.1698667070483555
4079.19 1.1763745747329997
4079.43 1.1826227756572818
4079.68 1.1891319932101523
4079.93 1.1956418994385154
4080.17 1.2018920573030871
4080.42 1.2084033132711423
4080.66 1.2146547668449432
4080.91 1.2191868028492716
4081.16 1.2218909995553642
4081.4 1.224487292741378
4081.65 1.2271920401639544
4081.9 1.229897068550773
4082.14 1.2324941601247745
4082.39 1.2351997391749374
4082.63 1.2377973593688594
4082.88 1.2405034890471687
4083.13 1.2432098996446417
4083.37 1.2458083180984552
4083.62 1.2500225882170406
4083.86 1.2552057033734778
4084.11 1.260605338956961
4084.36 1.2660055431912263
4084.6 1.2711902742257157
4084.85 1.276591592962209
4085.1 1.2819934802950863
4085.34 1.2871798270530674
4085.59 1.292582828781531
4085.83 1.2977702453253614
4086.08 1.303174361378774
4086.33 1.2969957949845983
4086.57 1.2836500810690585
4086.82 1.269746831645598
4087.06 1.2563983067117166
4087.31 1.242492129235638
4087.56 1.228584457925687
4087.8 1.215231688113454
4088.05 1.20132108902737
4088.3 1.1874089962485057
4088.54 1.1740519819588977
4088.79 1.1601369616804957
4089.03 1.1622731543419955
4089.28 1.1741841077651642
4089.53 1.1860963246285856
4089.77 1.1975332414242852
4090.0 1.208494712574813
4090.02 1.2094479345125848
4090.26 1.2208872284091574
4090.51 1.232804397566009
4090.76 1.2447228299629045
4091.0 1.2561657134823587
4091.25 1.268086621711647
4091.5 1.2800087930604662
4091.74 1.2776228429190841
4091.99 1.267932438659325
4092.23 1.2586286700191476
4092.48 1.2489362229773904
4092.73 1.239242733749162
4092.97 1.229936003631928
4093.22 1.2202404718147501
4093.47 1.2105438979096146
4093.71 1.2012342065952262
4093.96 1.1915355902942668
4094.2 1.1822239383413038
4094.45 1.1733910466230786
4094.7 1.1649655880957206
4094.94 1.1568762956479286
4095.19 1.1484490616037255
4095.43 1.1403580647131553
4095.68 1.1319290552633166
4095.93 1.1234991400371293
4096.17 1.115405569292475
4096.42 1.1069738788286556
4096.67 1.0985412826742205
4096.91 1.0904451383191323
4097.16 1.0867617324623993
4097.4 1.0849990712255897
4097.65 1.0831627669130501
4097.9 1.0813262596909508
4098.14 1.0795630218663288
4098.39 1.077726116959971
4098.63 1.075962497370218
4098.88 1.074125194804081
4099.13 1.0722876893597348
4099.37 1.0705234932712606
4099.62 1.068685590204116
4099.87 1.0652639441456413
4100.11 1.0614987273542449
4100.36 1.0575762104769004
4100.6 1.053810194876172
4100.85 1.0498868459317672
4101.1 1.0459630724833726
4101.34 1.042195850612122
4101.59 1.0382712451751552
4101.83 1.0345032246198294
4102.08 1.0305777872462796
4102.33 1.026651925435323
4102.57 1.017773988912534
4102.82 1.0071246796433055
4103.07 0.9964742313298522
4103.31 0.9862487293700815
4103.56 0.9755960486361397
4103.8 0.9653684036202528
4104.05 0.9547134906064872
4104.3 0.9440574387286468
4104.54 0.9338265575166101
4104.79 0.9231682735714446
4105.03 0.9129352496423336
4105.28 0.9140799697299022
4105.53 0.9181762709787622
4105.77 0.9221091237081719
4106.02 0.9262062656320268
4106.27 0.9303038364509819
4106.51 0.9342379079286927
4106.76 0.9383363193414384
4107.0 0.9422711977633716
4107.25 0.9463704497161216
4107.5 0.9504701304950854
4107.74 0.9544062274695888
4107.99 0.9625146970570617
4108.23 0.971032550829022
4108.48 0.9799062316882884
4108.73 0.9887808477353851
4108.97 0.9973013589371112
4109.22 1.0061778078641583
4109.47 1.0150551918890316
4109.71 1.0235783602647053
4109.96 1.0324575769930897
4110.0 1.033878338439143
4110.2 1.04098250470804
4110.45 1.0498635540230672
4110.7 1.0532245852175113
4110.94 1.0557287241049624
4111.19 1.0583374662291323
4111.44 1.0609464778510718
4111.68 1.063451382543393
4111.93 1.0660609223551825
4112.17 1.0685663340933613
4112.42 1.071176402060854
4112.67 1.0737867394823857
4112.91 1.076292916901159
4113.16 1.0789037824268117
4113.4 1.084664397399285
4113.65 1.090973807738824
4113.9 1.097283879333924
4114.14 1.103342170154412
4114.39 1.1096535377477312
4114.64 1.1159655665326467
4114.88 1.1220257361951487
4115.13 1.128339060852889
4115.37 1.1344004745134384
4115.62 1.1407150949609464
4115.87 1.1470303764936784
4116.11 1.1420669713570977
4116.36 1.1363967895977347
4116.6 1.130952843029639
4116.85 1.1252814694577689
4117.1 1.1196094878472758
4117.34 1.1141638134766518
4117.59 1.1084906401672765
4117.84 1.102816858877261
4118.08 1.0973694568688537
4118.33 1.0916944839936242
4118.57 1.0862459380995486
4118.82 1.0925370538437862
4119.07 1.0993274909352515
4119.31 1.1058469794815362
4119.56 1.1126388101722806
4119.81 1.119431351848608
4120.05 1.125952860731498
4120.3 1.1327467958720172
4120.54 1.139269642437584
4120.79 1.1460649709528186
4121.04 1.152861010339041
4121.28 1.1593858769156065
4121.53 1.1665881673038931
4121.77 1.1735030750664788
4122.02 1.1807068424929845
4122.27 1.187911363473857
4122.51 1.1948284125365003
4122.76 1.202034410412255
4123.01 1.2092411617692314
4123.25 1.2161603519241124
4123.5 1.2233685800325822
4123.74 1.2302891878233115
4123.99 1.237009707950769
4124.24 1.231989878326968
4124.48 1.227170335192286
4124.73 1.2221494499689574
4124.97 1.2173288934907525
4125.22 1.2123069527346557
4125.47 1.2072844734671575
4125.71 1.2024623867549742
4125.96 1.197438852055561
4126.21 1.1924147788962105
4126.45 1.1875911620962751
4126.7 1.1833131657707638
4126.94 1.1874546139732771
4127.19 1.1917690609529834
4130.0 1.2034203760360997
4150.0 1.1899466213463563
4170.0 1.2327356906967541
4190.0 1.2028734447486569
4210.0 1.2416317734290487
4230.0 1.2210010772007942
4250.0 1.2890494735551625
4270.0 1.3058232774594885
4290.0 1.2207702273197374
4310.0 1.0806925106242569
4315.65 1.1523060294717682
4315.91 1.158331488300931
4316.17 1.1644895361088001
4316.43 1.1706482153640945
4316.69 1.1768075260434814
4316.95 1.1829674681236924
4317.21 1.189128041581391
4317.47 1.1952892463932612
4317.73 1.2014510825359623
4317.99 1.2076135499862175
4318.25 1.2137766487206827
4318.52 1.2182084424635964
4318.78 1.2211729099060982
4319.04 1.224137676703275
4319.3 1.2271027428439658
4319.56 1.2300681083170177
4319.82 1.2330337731112688
4320.08 1.2359997372155855
4320.34 1.238966000618803
4320.6 1.2419325633097649
4320.86 1.2448994252773047
4321.12 1.2465182889890962
4321.38 1.2436427542460762
4321.64 1.2407669132253096
4321.9 1.2378907659378915
4322.16 1.2350143123948867
4322.42 1.232137552607393
4322.68 1.2292604865864973
4322.94 1.2263831143433004
4323.2 1.2235054358888702
4323.46 1.2206274512343085
4323.73 1.2176384507821594
4323.99 1.2158750864609464
4324.25 1.2142570056641089
4324.51 1.2126387492591522
4324.77 1.2110203172523708
4325.03 1.2094017096500675
4325.29 1.2077829264585271
4325.55 1.2061639676840528
4325.81 1.204544833332943
4326.07 1.2029255234115008
4326.33 1.2013060379260152
4326.59 1.2024426904462067
4326.85 1.2063359087933156
4327.11 1.2102295219976988
4327.37 1.2141235300446884
4327.63 1.218017932919575
4327.89 1.2219127306076623
4328.15 1.225807923094236
4328.41 1.2297035103646259
4328.67 1.2335994924041163
4328.94 1.2376457377271222
4329.2 1.240709807717897
4329.46 1.2391940075733325
4329.72 1.2376780425062415
4329.98 1.2361619125225412
4330.0 1.2360452803084812
4330.24 1.2346456176281324
4330.5 1.2331291578289325
4330.76 1.2316125331308554
4331.02 1.230095743539814
4331.28 1.228578789061728
4331.54 1.2270616697025027
4331.8 1.225544385468057
4332.06 1.2226742614052366
4332.32 1.219398009285875
4332.58 1.2161214106481848
4332.84 1.2128444655047967
4333.1 1.2095671738683298
4333.36 1.2062895357514136
4333.62 1.2030115511666486
4333.88 1.1997332201266682
4334.15 1.1963284327455743
4334.41 1.1930493955090569
4334.67 1.190367873029651
4334.93 1.1885013731806244
4335.19 1.1866346728130466
4335.45 1.1847677719341496
4335.71 1.1829006705511849
4335.97 1.1810333686713987
4336.23 1.179165866302044
4336.49 1.1772981634503554
4336.75 1.175430260123588
4337.01 1.1735621563289893
4337.27 1.1718335810647311
4337.53 1.173598224699203
4337.79 1.1753630426231978
4338.05 1.1771280348301159
4338.31 1.1788932013133606
4338.57 1.1806585420663314
4338.83 1.1824240570824445
4339.09 1.1841897463550972
4339.35 1.1859556098776922
4339.62 1.1877895756527095
4339.88 1.189555794356678
4340.14 1.1911340943696447
4340.4 1.1926289480584462
4340.66 1.1941239479632038
4340.92 1.1956190940783475
4341.18 1.1971143863983127
4341.44 1.1986098249175292
4341.7 1.20010540963044
4341.96 1.2016011405314746
4342.22 1.2030970176150662
4342.48 1.2045930408756416
4342.74 1.2044596737706146
4343.0 1.2006596390054154
4343.26 1.196859205000724
4343.52 1.1930583717711642
4343.78 1.1892571393313693
4344.04 1.1854555076959397
4344.3 1.1816534768795124
4344.57 1.1777047916183763
4344.83 1.1739019471321406
4345.09 1.1700987035093557
4345.35 1.1662950607646527
4345.61 1.1720050571118834
4345.87 1.1780962144674008
4346.13 1.1841879908604962
4346.39 1.1902803862680766
4346.65 1.1963734006670272
4346.91 1.2024670340342922
4347.17 1.208561286346752
4347.43 1.2146561575813069
4347.69 1.2207516477148312
4347.95 1.226847756724264
4348.21 1.2277690725000943
4348.47 1.224894977645713
4348.73 1.2220205792447274
4348.99 1.2191458773082144
4349.25 1.216270871847284
4349.51 1.2133955628730366
4349.78 1.210409343855803
4350.0 1.2079758863752672
4350.04 1.2075334162157136
4350.3 1.2046571850960415
4350.56 1.2017806505078914
4350.82 1.20044857103721
4351.08 1.2042658066046972
4351.34 1.20808342647483
4351.6 1.2119014306331843
4351.86 1.2157198190653233
4352.12 1.219538591756848
4352.38 1.2233577486933185
4352.64 1.2271772898603068
4352.9 1.2309972152433704
4353.16 1.2348175248281064
4353.42 1.2386382186000693
4353.68 1.2421254575071146
4353.94 1.2455523451791983
4354.2 1.2489795764946576
4354.46 1.2524071514405481
4354.72 1.2558350700039376
4354.99 1.2593951952708635
4355.25 1.2628238142452548
4355.51 1.266252776797846
4355.77 1.2696820829156983
4356.03 1.2731117325858636
4356.29 1.2775050801249765
4356.55 1.2828622737494226
4356.81 1.2882200085203623
4357.07 1.293578284417485
4357.33 1.2989371014205338
4357.59 1.3042964595091946
4357.85 1.3096563586631684
4358.11 1.3150167988621368
4358.37 1.320377780085837
4358.63 1.325739302313947
4358.89 1.330236614510035
4359.15 1.3281042814651534
4359.41 1.325971721192171
4359.67 1.323838933699382
4359.93 1.3217059189950753
4360.2 1.3194906247846394
4360.46 1.3173571469440621
4360.72 1.315223441917153
4360.98 1.3130895097122124
4361.24 1.3109553503375162
4361.5 1.3088209638013657
4361.76 1.3140685748661332
4362.02 1.3215314956669661
4362.28 1.3289951721592212
4362.54 1.3364596043146206
4362.8 1.3439247921048079
4363.06 1.351390735501449
4363.32 1.358857434476182
4363.58 1.3663248890007194
4363.84 1.3737930990466956
4364.1 1.3812620645857663
4364.36 1.3864435724092976
4364.62 1.387964273077858
4364.88 1.3894851203349399
4365.15 1.3910646168652134
4365.41 1.3925857629198752
4365.67 1.3941070555459039
4365.93 1.395628494737653
4366.19 1.3971500804894699
4366.45 1.3986718127957187
4366.71 1.4001936916507447
4366.97 1.4018113497286075
4367.23 1.4058201033567188
4367.49 1.4098292577712923
4370.0 1.4404076808721915
4390.0 1.297497454828353
4410.0 1.2934062549311627
4430.0 1.4104326886530687
4450.0 1.5308352383041914
4470.0 1.388975929512261
4490.0 1.4681075548745957
4510.0 1.6449474289682373
4530.0 1.5278713520692966
4550.0 1.5054909791894469
4570.0 1.6295520833559973
4590.0 1.5755921818663678
4610.0 1.5328961720631076
4630.0 1.7000757195551865
4650.0 1.528810129662014
4670.0 1.5845736470777414
4690.0 1.671425583750321
4710.0 1.5770649218520836
4730.0 1.639372627749668
4750.0 1.755846384750985
4770.0 1.6345567625417408
4790.0 1.6729568893504114
4810.0 1.799669479856997
4830.0 1.7008731336484706
4834.84 1.6750980394517179
4835.13 1.6744373473887393
4835.42 1.6737765784680014
4835.71 1.6731157326929282
4836.0 1.6724548100669445
4836.29 1.6717938105934766
4836.59 1.6711099371703175
4836.88 1.6738484544064876
4837.17 1.6793496058040638
4837.46 1.6848512946926473
4837.75 1.690353521046761
4838.05 1.696046044902018
4838.34 1.701549364641845
4838.63 1.7070532217698897
4838.92 1.7125576162606737
4839.21 1.7180625480887164
4839.5 1.7200783060859488
4839.8 1.7126869134043055
4840.09 1.7055411650048162
4840.38 1.6983946936313092
4840.67 1.6912474993176232
4840.96 1.684099582097599
4841.26 1.6767044242816171
4841.55 1.6695550364255767
4841.84 1.662404925765894
4842.13 1.6552940176119486
4842.42 1.6493003540582212
4842.72 1.643099373232851
4843.01 1.6371044738867808
4843.3 1.6311089671604775
4843.59 1.6251128530823644
4843.88 1.6191161316808649
4844.17 1.6131188029844032
4844.47 1.60691403081256
4844.76 1.6009154666727157
4845.05 1.6032577406123523
4845.34 1.607776374557617
4845.63 1.61229544751395
4845.93 1.616970812529562
4846.22 1.6214907785819335
4846.51 1.6260111835820525
4846.8 1.6305320275090498
4847.09 1.6350533103420564
4847.38 1.639575032060204
4847.68 1.638561730190554
4847.97 1.632767874277082
4848.26 1.6269734318462132
4848.55 1.6211784029254164
4848.84 1.6153827875421607
4849.14 1.6093867062364258
4849.43 1.6035898977902032
4849.72 1.5977925029648807
4850.0 1.5921944619339552
4850.01 1.5919945217879317
4850.3 1.5873550144157802
4850.59 1.5857577198153057
4850.89 1.5841051683006409
4851.18 1.582507529980783
4851.47 1.5809097227259319
4851.76 1.57931174654388
4852.05 1.5777136014424205
4852.35 1.5760601701404346
4852.64 1.5744616813994086
4852.93 1.573082425567355
4853.22 1.5778465780284634
4853.51 1.5826111931102422
4853.81 1.5875405920647534
4854.1 1.5923061482723777
4854.39 1.5970721670338897
4854.68 1.601838648327279
4854.97 1.606605592130536
4855.26 1.61137299842165
4855.56 1.6163052846943267
4855.85 1.6148948211382608
4856.14 1.6118722636411698
4856.43 1.6088493959496073
4856.72 1.6058262180780416
4857.02 1.6026984663008523
4857.31 1.5996746574180782
4857.6 1.5966505383992056
4857.89 1.5936261092587047
4858.18 1.5906013700110453
4858.47 1.5886228364442323
4858.77 1.5875863412338518
4859.06 1.5865842844102194
4859.35 1.585582118027092
4859.64 1.5845798420894677
4859.93 1.5835774566023497
4860.23 1.5825403908227804
4860.52 1.5815377824745356
4860.81 1.580535064591975
4861.1 1.5821750836270316
4861.39 1.5907530702786374
4861.68 1.5993318960964713
4861.98 1.608207426522093
4862.27 1.616787959486199
4862.56 1.625369331495612
4862.85 1.633951542510515
4863.14 1.6425345924910646
4863.44 1.6514144925291012
4863.73 1.6594525089220096
4864.02 1.6521818234941121
4864.31 1.6449104079395145
4864.6 1.6376382622925396
4864.9 1.6301145847493026
4865.19 1.6228409538479933
4865.48 1.6155665929585314
4865.77 1.608291502115243
4866.06 1.6010156813525258
4866.35 1.5937391307047062
4866.65 1.5854622274769075
4866.94 1.577240134353629
4867.23 1.5690172181185744
4867.52 1.5607934788104882
4867.81 1.5525689164681968
4868.11 1.544059882474901
4868.4 1.535833645803346
4868.69 1.5276065862152244
4868.98 1.519378703749314
4869.27 1.5166707930044987
4869.56 1.519115601067304
4869.86 1.5216449567483672
4870.0 1.5228254076093606
4870.15 1.5240902363241688
4870.44 1.5265357476436965
4870.73 1.528981490695812
4871.02 1.5314274654693825
4871.32 1.5339580280335983
4871.61 1.5364044742060683
4871.9 1.5392560736809782
4872.19 1.5430078150406796
4872.48 1.546759916878467
4872.77 1.5505123791771096
4873.07 1.5543946160287319
4873.36 1.558147811625511
4873.65 1.5619013676308122
4873.94 1.5656552840273912
4874.23 1.5694095607980043
4874.53 1.5728055515651878
4874.82 1.5694824042614246
4875.11 1.5661589190268461
4875.4 1.5628350958772934
4875.69 1.5595109348286085
4875.98 1.5561864358966335
4876.28 1.5527469435264207
4876.57 1.549421757225624
4876.86 1.5460962330896146
4877.15 1.5427703711342389
4877.44 1.5412003750668786
4877.74 1.5400500301161455
4878.03 1.538937908439446
4878.32 1.5378256672709474
4878.61 1.536713306616149
4878.9 1.5356008264805483
4879.2 1.5344498592349347
4879.49 1.5333371360346753
4879.78 1.5322242933702988
4880.07 1.537127107463404
4880.36 1.5469184536002158
4880.65 1.5567107543045575
4880.95 1.5668417250112932
4881.24 1.5766359676265298
4881.53 1.5864311646713847
4881.82 1.5962273161004064
4882.11 1.6060244218681428
4882.41 1.6161603630893213
4882.7 1.623577102057239
4882.99 1.625700281853656
4883.28 1.627823660230851
4883.57 1.629947237179225
4883.86 1.6320710126891773
4884.16 1.6342682307772414
4884.45 1.636392410227665
4884.74 1.6385167882105338
4885.03 1.6406413647162452
4885.32 1.6427366711993707
4885.62 1.644050820659748
4885.91 1.6453212815497968
4886.2 1.6465918568727747
4886.49 1.64786254662307
4886.78 1.6491333507950725
4887.07 1.650404269383169
4887.37 1.651719133146386
4887.66 1.6529902844947333
4887.95 1.6542615502421456
4888.24 1.6523806263771128
4888.53 1.6496771265030241
4888.83 1.6468801118113066
4889.12 1.644176049961397
4889.41 1.6414717119057252
4889.7 1.6387670976572362
4890.0 1.6359689302193758
4890.29 1.6332637541013264
4890.58 1.6305583018297458
4890.87 1.630799011033449
4891.16 1.6334338315939418
4891.45 1.6360689004951845
4891.74 1.6387042177251976
4892.04 1.6414306692713936
4892.33 1.6440664916850303
4892.62 1.646702562391086
4892.91 1.6493388813775796
4910.0 1.7369957846524504
4928.77 1.6720169395874456
4929.07 1.6730036186123927
4929.36 1.673957491948364
4929.66 1.674944343958935
4929.96 1.6759312839215514
4930.0 1.6760628825615889
4930.26 1.6769183118316677
4930.55 1.677872522406156
4930.85 1.6788597232664224
4931.15 1.6798470120606963
4931.45 1.6756138752571537
4931.74 1.670259742732887
4932.04 1.6647204268221
4932.34 1.6591805433520825
4932.64 1.6536400923507546
4932.93 1.6482837836056805
4933.23 1.6427422165409125
4933.53 1.6372000820276513
4933.83 1.6316573800938388
4934.12 1.6359447807577756
4934.42 1.6441819747361182
4934.72 1.6524199845508891
4935.02 1.6606588101614759
4935.31 1.6686237836727718
4935.61 1.676864213563289
4935.91 1.6851054591291565
4936.21 1.6933475203297315
4936.5 1.7013156214248695
4936.8 1.7063919579860114
4937.1 1.7096349838312692
4937.4 1.7128783235342917
4937.69 1.7160138502383298
4937.99 1.719257807149027
4938.29 1.7225020778707605
4938.59 1.7257466623877746
4938.88 1.728883392352591
4939.18 1.7321285939543634
4939.48 1.7313775089465218
4939.78 1.727569960114953
4940.07 1.7238889558457848
4940.37 1.720080633794393
4940.67 1.7162719186090136
4940.97 1.7124628103089512
4941.26 1.7087802986263605
4941.56 1.704970417257073
4941.86 1.7011601428303873
4942.16 1.697687197548363
4942.45 1.6946561562563458
4942.75 1.6915202763698611
4943.05 1.6883840711473979
4943.35 1.6852475406049088
4943.64 1.6822152518607407
4943.94 1.6790780815687465
4944.24 1.6759405860040426
4944.54 1.6728027651825932
4944.83 1.6740795193559777
4945.13 1.6817175391578267
4945.43 1.6893563121798456
4945.73 1.6969958383844286
4946.02 1.704381429622132
4946.32 1.7120224369761663
4946.62 1.719664197401312
4946.92 1.7273067108599611
4947.21 1.7346951896348326
4947.51 1.7427737858612957
4947.81 1.751722425761288
4948.11 1.760671948933212
4948.4 1.7693239942237362
4948.7 1.7782752543686526
4949.0 1.787227397654796
4949.3 1.7961804240380954
4949.59 1.8048358556000947
4949.89 1.8137906186125732
4950.0 1.8170742529516073
4950.19 1.820559401615456
4950.49 1.8213146753143983
4950.78 1.8220448334586694
4951.08 1.8228002317790968
4951.38 1.823555693461405
4951.68 1.824311218502242
4951.97 1.8250416195976982
4952.27 1.825797269233856
4952.57 1.826552982218589
4952.87 1.8259723723481915
4953.16 1.8202434401127852
4953.46 1.8143163646538054
4953.76 1.8083886853231508
4954.06 1.802460402150636
4954.35 1.7967291544600053
4954.65 1.79079968381884
4954.95 1.7848696094242593
4955.25 1.7789389313061024
4955.54 1.7742558528892751
4955.84 1.7788294068261261
4956.14 1.7834034053387626
4956.44 1.7879778484048618
4956.73 1.7924002325872392
4957.03 1.7969755498767717
4957.33 1.8015513116535908
4957.63 1.806127517895386
4957.92 1.8105516063967968
4958.22 1.8149553420215265
4958.52 1.814332258805475
4958.82 1.8137091014415365
4959.11 1.8131066455113178
4959.41 1.8124833423333673
4959.71 1.8118599650178715
4960.01 1.8112365135683177
4960.3 1.8106337733684863
4960.6 1.8100101761321241
4960.9 1.8093865047720512
4961.2 1.8042128302594613
4961.49 1.799059438607564
4961.79 1.7937278098101808
4962.09 1.7883956380036659
4962.39 1.7830629232148525
4962.68 1.7779074494760532
4962.98 1.7725736669003502
4963.28 1.7672393414219436
4963.58 1.7619044730676836
4963.87 1.7641956299443482
4964.17 1.7674551606622175
4964.47 1.7707150042051742
4964.77 1.7739751605574394
4965.06 1.7771269423590899
4965.36 1.7803877138569624
4965.66 1.783648798117348
4965.96 1.7869101951244593
4966.25 1.7900631761663044
4966.55 1.7898954808406025
4966.85 1.7888702875265907
4967.15 1.7878449804172378
4967.44 1.786853742047875
4967.74 1.785828211156971
4968.04 1.7848025664869565
4968.34 1.7837768080433023
4968.63 1.7827851334047506
4968.93 1.7817591512222377
4969.23 1.7835140649217807
4969.53 1.7862804678271136
4969.82 1.788954907514307
4970.0 1.7906150282729432
4970.12 1.791721828086772
4970.42 1.7944890118600552
4970.72 1.7972564588208364
4971.02 1.8000241689557959
4971.31 1.8026998722354106
4971.61 1.8054680999073875
4971.91 1.8022729069621661
4972.21 1.7960953947499396
4972.5 1.7901232050695544
4972.8 1.7839444628007712
4973.1 1.7777650951254773
4973.4 1.7715851020746889
4973.69 1.7656105143672143
4973.99 1.759429291501656
4974.29 1.7532474433525451
4974.58 1.7509405915764333
4974.88 1.7512336569114189
4975.18 1.751526739818607
4975.48 1.7518198402969272
4975.78 1.7521129583453106
4976.07 1.7523963224923975
4976.37 1.7526894750921198
4976.48 1.7527969687802223
4976.67 1.7529826452587312
4976.78 1.7530901453877599
4976.97 1.7532758329911649
4977.08 1.753383339560725
4977.26 1.7553790707745465
4977.38 1.7569522675830826
4977.56 1.7593121763666428
4977.68 1.7608855246010655
4977.86 1.7632456605177167
4977.98 1.764819160170389
4978.16 1.7671795232087015
4978.28 1.7687531742719886
4978.45 1.7709826169485776
4978.58 1.7726875668867619
4978.75 1.7749172240456752
4978.88 1.776622337995618
4979.05 1.7788522096260377
4979.18 1.7805574875794667
4979.35 1.7827875736705743
4979.48 1.7844930156192047
4979.64 1.7865921186469012
4979.78 1.7884289220957643
4979.94 1.7844324119479626
4980.08 1.7797043753384523
4980.24 1.7743006340280048
4980.39 1.7692343641219799
4980.54 1.7641678402603875
4980.69 1.759101062449515
4980.83 1.754371840712899
4980.99 1.7489667450051642
4981.13 1.7442370492589783
4981.29 1.7388314118394967
4981.43 1.734101242107324
4981.59 1.7286950630030495
4981.73 1.7239644193085062
4981.89 1.7185576985463624
4982.02 1.7141645252213547
4982.19 1.7084193185200085
4982.32 1.7040257051304926
4982.49 1.6982799229744658
4982.62 1.6957914778896972
4982.79 1.6929902875101621
4982.92 1.6908480922661384
4983.09 1.6880466181649776
4983.21 1.6860690102391
4983.39 1.6831024481540218
4983.51 1.6811246399687885
4983.69 1.6781577775021388
4983.81 1.676179769067466
4983.99 1.6732126062341297
4984.11 1.6712343975599804
4984.29 1.6682669343748413
4984.4 1.6664533959387562
4984.59 1.663320761949103
4984.7 1.6615070399782093
4984.89 1.6583740889817489
4985.0 1.6565601834851513
4985.19 1.6534269154976262
4985.3 1.6533694504365386
4985.49 1.6539444650947348
4985.59 1.6542471171210131
4985.79 1.6548524475158972
4985.89 1.6551551258842003
4986.09 1.6557605089617569
4986.19 1.6560632136707054
4986.39 1.6566686494281835
4986.49 1.656971380476403
4986.69 1.6575768689110442
4986.78 1.6578493501634908
4986.99 1.6584851674062127
4987.08 1.658757672361546
4987.29 1.6593935449095571
4987.38 1.6596660735665376
4987.59 1.6603020014169458
4987.68 1.6605745537743344
4987.9 1.661240822801663
4987.97 1.6607312784077743
4988.2 1.6586618257573504
4988.5 1.6559622943087813
4988.8 1.6532624850810143
4989.1 1.650562398087761
4989.4 1.6478620333427412
4989.7 1.645161390859649
4990.0 1.642460470652205
4990.3 1.6397592727341213
4990.6 1.6370577971191105
4990.9 1.6453219497180693
4991.2 1.6535869082623842
4991.5 1.6618526727115321
4991.8 1.6701192430250151
4992.1 1.6783866191623362
4992.4 1.6866548010829687
4992.7 1.6949237887464634
4993.0 1.703193582112294
4993.3 1.711464181139958
4993.6 1.7104295256409063
4993.9 1.7093947568129728
4994.2 1.708359874661637
4994.5 1.7073248791923898
4994.8 1.7062897704107187
4995.1 1.70525454832211
4995.41 1.7041846998011472
4995.71 1.703149247338689
4996.01 1.7023331401964856
4996.31 1.7078815551375395
4996.61 1.713430506446358
4996.91 1.718979994095935
4997.21 1.7245300180592098
4997.51 1.7300805783091426
4997.81 1.7356316748186913
4998.11 1.7411833075607954
4998.41 1.7467354765084453
4998.71 1.7520657847505676
4999.01 1.7509467796044735
4999.31 1.749827652727606
4999.61 1.7487084041258787
4999.91 1.7475890338051927
5000.21 1.7464695417714629
5000.51 1.7453499280305975
5000.81 1.744230192588507
5001.11 1.743110335451106
5001.41 1.7424373777981208
5001.71 1.7547285952051044
5002.01 1.7670210122498895
5002.31 1.7793146288721688
5002.61 1.7916094450115958
5002.92 1.8043153484510963
5003.22 1.816612603422845
5003.52 1.828911057728833
5003.82 1.8412107113087104
5004.12 1.853339337657059
5004.42 1.863057857270652
5004.72 1.8727773216319374
5005.02 1.8824977306933512
5005.32 1.8922190844072952
5005.62 1.9019413827262612
5005.92 1.9116646256026513
5006.22 1.9213888129888947
5006.52 1.9311139448374224
5006.82 1.9407619972178254
5007.12 1.9493185981956578
5007.42 1.9578760283524845
5007.72 1.9664342876465049
5008.02 1.9749933760359206
5008.32 1.9835532934789042
5008.62 1.992114039933708
5008.92 2.000675615358503
5009.22 2.0092380197114883
5009.52 2.0169726953303986
5009.82 2.013107741457792
5010.0 2.0107885804936454
5010.12 2.0092423945865807
5010.42 2.005376654736285
5010.73 2.0013816440653462
5011.03 1.9975151052177331
5011.33 1.9936481734502054
5011.63 1.9897808487822708
5011.93 1.9859131312334377
5012.23 1.9808113942354215
5012.53 1.9646059585685274
5012.83 1.9483989182370853
5013.13 1.932190273321442
5013.43 1.9159800239019478
5013.73 1.8997681700590048
5014.03 1.8835547118728655
5014.33 1.8673396494239363
5014.63 1.8511229827925713
5014.93 1.834932789163827
5015.23 1.8189937006146604
5015.53 1.8030530356848942
5015.83 1.7871107944535551
5016.13 1.7711669769996232
5016.43 1.7552215834020812
5016.73 1.7392746137399593
5017.03 1.7233260680921463
5017.33 1.7073759465376763
5017.63 1.6926101148148431
5017.93 1.6885161380567457
5018.23 1.6844217488236104
5018.54 1.6801904466432263
5018.84 1.6760952187741744
5019.14 1.6719995784923984
5019.44 1.6679035258184562
5019.74 1.6638070607728734
5020.04 1.6597101833762091
5020.34 1.6561504961543405
5020.64 1.6560850368610178
5020.94 1.656019560476879
5021.24 1.655954067002609
5021.54 1.6558885564388914
5021.84 1.6558230287864115
5022.14 1.6557574840458522
5022.44 1.6556919222178994
5022.74 1.6556263433032372
5023.04 1.6568010380192315
5023.34 1.6660381216037976
5023.64 1.6752760991807856
5023.94 1.6845149707050335
5024.24 1.6937547361314653
5024.54 1.7029953954149168
5024.84 1.7122369485102549
5025.14 1.7214793953723417
5025.44 1.7307227359560138
5025.74 1.7387766794991175
5026.04 1.739094131898297
5026.35 1.7394221869358317
5026.65 1.7397396797693734
5026.95 1.7400571924868737
5027.25 1.740374725087149
5027.55 1.7406922775690163
5027.85 1.7410098499312923
5028.15 1.7413274421727925
5028.45 1.7409476923836849
5028.75 1.7370809142206027
5029.05 1.7332137467350628
5029.35 1.7293461899464777
5029.65 1.7254782438742735
5029.95 1.7216099085378394
5030.0 1.7209651481379964
5030.25 1.7177411839566028
5030.55 1.7138720701499766
5030.85 1.7100025671373769
5031.15 1.7071138991541213
5031.45 1.7091312987080387
5031.75 1.7111488844500766
5032.05 1.7131666563706809
5032.35 1.7151846144602978
5032.65 1.7172027587093681
5032.95 1.719221089108349
5033.25 1.7212396056476806
5033.55 1.7232583083178081
5033.85 1.7250098439002457
5034.16 1.7254385374864896
5034.46 1.7258534321954626
5034.76 1.726268356359893
5035.06 1.726683309978116
5035.36 1.727098293048467
5035.66 1.7275133055692857
5035.96 1.7279283475389058
5036.26 1.7283434189556643
5050.0 1.6495961778941788
5070.0 1.748221758237861
5090.0 1.7063755402569458
5110.0 1.7273978301633233
5130.0 1.6645607541699108
5150.0 1.6893156002884089
5170.0 1.5758291776989115
5190.0 1.6668379161611617
5210.0 1.7837227359487453
5230.0 1.8167503491036519
5250.0 1.8685869927642504
5270.0 1.7055528274031386
5290.0 2.0287016125364308
5310.0 1.9854810185257334
5330.0 1.8055512486431653
5350.0 1.9745354533257675
5370.0 1.9058044493866246
5390.0 2.0403799610999034
5410.0 1.8816222257426292
5430.0 1.9616495929949544
5450.0 1.956781901174092
5470.0 1.981448379559382
5490.0 2.0492319148331117
5510.0 1.9498931607445245
5530.0 2.022742254306261
5550.0 2.0455806607847817
5570.0 2.0037211451151573
5590.0 1.9842671469566457
5610.0 2.0740684801130658
5630.0 2.039690341360244
5650.0 2.08576499253141
5670.0 2.147918645087234
5690.0 2.156384333674796
5710.0 2.032752411454497
5730.0 2.0685063298692707
5750.0 2.2248150964190696
5770.0 2.1406878673929044
5790.0 2.018234234775316
5810.0 2.203416663183479
5830.0 2.2014568508727352
5850.0 2.206111878362613
5870.0 2.2162885036596056
5890.0 1.9986221326303588
5910.0 2.1160431421864336
5930.0 2.244141085174029
5950.0 2.2235742844274657
5970.0 2.2399652489894386
5990.0 2.1883984065013595
6010.0 2.192520065110166
6030.0 2.337937660559687
6050.0 2.2017530512192933
6070.0 2.291182908220194
6090.0 2.2452907541446727
6110.0 2.2228773687734376
6130.0 2.3249869291181855
6150.0 2.139999945562322
6170.0 2.127751719608879
6190.0 2.2166658117448605
6210.0 2.2603174890827518
6230.0 2.182304878045233
6250.0 2.2299659225867354
6270.0 2.158290302134398
6290.0 2.1678310325357057
6310.0 2.3202483629199326
6330.0 2.274172036432105
6350.0 2.2990226490005465
6370.0 2.226567426392725
6390.0 2.133702777314955
6410.0 2.333467869284767
6430.0 2.251567083953685
6450.0 2.1450927642996813
6470.0 2.292681484379068
6490.0 2.2461712412231947
6510.0 2.3517064132921415
6523.64 2.308082413079928
6524.04 2.311356195724949
6524.43 2.3153007980903264
6524.82 2.319308448000446
6525.22 2.3234192235299465
6525.61 2.3274275858626305
6526.0 2.331436299838811
6526.4 2.3355481665959634
6526.79 2.3386058999431656
6527.19 2.323683696685499
6527.58 2.309133173203025
6527.97 2.2945812919740205
6528.37 2.2796548753280166
6528.76 2.265100244249909
6529.15 2.250544255877441
6529.55 2.2411424142655108
6529.94 2.253538008475961
6530.0 2.2554451227082257
6530.34 2.266252605705936
6530.73 2.2786504759673267
6531.12 2.291049469661446
6531.52 2.3037675531520128
6531.91 2.3161688221379695
6532.3 2.3278460227641133
6532.7 2.338336093712879
6533.09 2.3485648474736918
6533.49 2.3590568354139423
6533.88 2.3692874580327485
6534.27 2.3795190030984656
6534.67 2.3900138535958746
6535.06 2.393829028526644
6535.46 2.3908127750501915
6535.85 2.38787163585154
6536.24 2.3849302083226456
6536.64 2.3819130600935345
6537.03 2.3789710486079865
6537.42 2.3760287488878746
6537.82 2.376823428114915
6538.21 2.379828838857911
6538.6 2.382834507462079
6539.0 2.385917512325803
6539.39 2.388923703176798
6539.79 2.3920072436183273
6540.18 2.3950139565992212
6540.57 2.4015357492463947
6540.97 2.4093069045005078
6541.36 2.416884466303435
6541.76 2.424657027489364
6542.15 2.432235959922752
6542.54 2.4398155688836654
6542.94 2.447590229484338
6543.33 2.4692111203191374
6543.72 2.4920040205039387
6544.12 2.515383504424975
6544.51 2.538180597653432
6544.91 2.561564381652445
6545.3 2.584365666989359
6545.69 2.606432709510939
6546.09 2.6150959485423817
6546.48 2.6235433700787967
6546.87 2.6319915453479137
6547.27 2.640657123378881
6547.66 2.6491068251852825
6548.06 2.657773968720781
6548.45 2.6682092922677234
6548.84 2.6863342727011688
6549.24 2.7049256980467957
6549.63 2.723053996853132
6550.0 2.7402541533850426
6550.02 2.741183933570697
6550.42 2.7597804417177922
6550.81 2.7779136957029458
6551.21 2.7881343780282863
6551.6 2.782927363871547
6551.99 2.7777198526832514
6552.39 2.7723782993126234
6552.78 2.767169781483933
6553.17 2.761960766788672
6553.57 2.7566176715310307
6553.96 2.7604302325514163
6554.36 2.7740823274049293
6554.75 2.787394330307524
6555.14 2.8007075281760314
6555.54 2.8143633312735528
6555.93 2.8276789493108887
6556.33 2.841337234356066
6556.72 2.8778821056209414
6557.11 2.9274379117390374
6557.51 2.9782690553680307
6557.9 3.027833978820406
6558.29 3.0774034024863846
6558.69 3.1282485112748715
6559.08 3.177827049241031
6559.48 3.2329876015273142
6559.87 3.287993042418342
6560.26 3.3430034750428317
6560.66 3.399429616369631
6561.05 3.4544501587718526
6561.44 3.509475691246487
6561.84 3.5659173178742054
6562.23 3.61523097480016
6562.63 3.6653246435940536
6563.02 3.714170450422032
6563.41 3.7630206798075183
6563.81 3.813128072777663
6564.2 3.8619872591869306
6564.59 3.9076031167573975
6564.99 3.892766045959155
6565.38 3.878298538312235
6565.78 3.8634586705037854
6566.17 3.8489884360751443
6566.56 3.834516855737316
6566.96 3.8196728112744385
6567.35 3.7993690764959775
6567.75 3.755373461815752
6568.14 3.712473756410942
6568.53 3.669570120743797
6568.93 3.6255623095882683
6569.32 3.5826507139433628
6569.71 3.539735189342136
6570.0 3.506757009253082
6570.11 3.490749371405067
6570.5 3.433991694984603
6570.9 3.375773307317365
6571.29 3.3190051283683633
6571.68 3.2622317654884396
6572.08 3.203997290934899
6572.47 3.14721342901684
6572.86 3.089663710251509
6573.26 3.029811623838695
6573.65 2.971450448476116
6574.05 2.911587303993346
6574.44 2.853215348212018
6574.83 2.7948380713360015
6575.23 2.734958414317929
6575.62 2.7096227825422363
6576.01 2.7027950272794894
6576.41 2.695791536816589
6576.8 2.6889624857483123
6577.2 2.681957666401701
6577.59 2.675127319815701
6577.98 2.668296333776422
6578.38 2.704010825535726
6578.77 2.7509290640729622
6579.16 2.7978515364764127
6579.56 2.8459815468098504
6579.95 2.892912594081254
6580.35 2.94105139817246
6580.74 2.9879910184036826
6581.13 3.0481532904345787
6581.53 3.1109936560776945
6581.92 3.172268611311781
6582.31 3.2335490937953937
6582.71 3.296406611718521
6583.1 3.35769828856514
6583.5 3.417539862110774
6583.89 3.439484293690108
6584.28 3.461430686492506
6584.68 3.4839418443892534
6585.07 3.5058922092652804
6585.46 3.527844534712515
6585.86 3.5503617766959317
6586.25 3.5644709222974127
6586.65 3.547754299197917
6587.04 3.531454071824965
6587.43 3.5151523440057044
6587.83 3.4984310646888437
6588.22 3.48212629800824
6588.62 3.4654019022567124
6589.01 3.440186516087004
6589.4 3.3990617111418358
6589.8 3.356878536774491
6590.0 3.3357854735593255
6590.19 3.3157461521229936
6590.58 3.2746100262121716
6590.98 3.2324152418885506
6591.37 3.1912715387874266
6591.77 3.1401515326801825
6592.16 3.0816100364194003
6592.55 3.0230632307093503
6592.95 2.9630097100592354
6593.34 2.9044521510963612
6593.73 2.845889284446903
6594.13 2.785819292868685
6594.52 2.7447676744960146
6594.92 2.7127239636895437
6595.31 2.6814784701890777
6595.7 2.6502301379369353
6596.1 2.6181776178547036
6596.49 2.5869235362646905
6596.88 2.555666616864831
6597.28 2.5291594165185027
6597.67 2.504884764009087
6598.07 2.4799853919582615
6598.46 2.4557062692156997
6598.85 2.4314249400152783
6599.25 2.40651872083681
6599.64 2.382232922886254
6600.04 2.370101639216997
6600.43 2.359282858962433
6600.82 2.348463086800538
6601.22 2.33736485431335
6601.61 2.3265430732363117
6602.0 2.315720300580739
6610.0 2.317176568532672
6630.0 2.3361809705257004
6650.0 2.2916551195417676
6670.0 2.248634811320404
6690.0 2.388614164830746
6710.0 2.401134045553492
6730.0 2.329117415265897
6750.0 2.299908753590807
6770.0 2.3042362104349676
6790.0 2.2907438593950196
6810.0 2.3686989723897853
6830.0 2.3834637382504638
6850.0 2.395262841801237
6870.0 2.296677277759997
6890.0 2.373034166121852
6910.0 2.3837026862866493
6930.0 2.362414993255557
6950.0 2.4495472358323878
6970.0 2.423939965319387
6990.0 2.426578954326944
7010.0 2.4323184545642214
7030.0 2.373623623071274
7050.0 2.4538528032226568
7070.0 2.4212294228390703
7090.0 2.3638332759179543
7110.0 2.359905943678418
7130.0 2.3365766903926706
7150.0 2.34005228142838
7170.0 2.346658281581823
7190.0 2.2165786339135516
7210.0 2.3005726973188514
7230.0 2.3929082718367347
7250.0 2.380876271669344
7270.0 2.416413014341625
7290.0 2.4104304705352284
7310.0 2.464657659943349
7330.0 2.540677933632878
7350.0 2.5696342273412727
7370.0 2.551814027272565
7390.0 2.5417003433701466
7410.0 2.6068444976938614
7430.0 2.5063088747922424
7450.0 2.6036267524189793
7470.0 2.648644208502188
7490.0 2.6180091409255124
7510.0 2.643449238519457
7530.0 2.676206654764633
7550.0 2.7326211746531492
7570.0 2.68392114670704
7590.0 2.6843699074027993
7610.0 2.654012086129723
7630.0 2.622281702690191
7650.0 2.6242509709104365
7670.0 2.474901700691095
7690.0 2.581808277422456
7710.0 2.4101008896249247
7730.0 2.5626780429133142
7750.0 2.5932952114691523
7770.0 2.5465580777485175
7790.0 2.536753953274997
7810.0 2.5585006962978807
7830.0 2.6202422204280618
7850.0 2.646927608829067
7870.0 2.6523445359887163
7890.0 2.6005022745799553
7910.0 2.570313977547622
7930.0 2.528555439856181
7950.0 2.578052404432593
7970.0 2.611443448656977
7990.0 2.642667601802991
8010.0 2.6467271213568004
8030.0 2.554466347978161
8050.0 2.587117734854723
8070.0 2.6982108410286934
8090.0 2.6272054466446733
8110.0 2.682549648897763
8130.0 2.6899900931221237
8150.0 2.723608558465464
8170.0 2.7080189717881864
8190.0 2.590694969142839
8210.0 2.5650060666332486
8230.0 2.6054976809505392
8250.0 2.634906778007045
8270.0 2.8004599581864866
8290.0 2.6925924124400846
8310.0 2.636789840453875
8330.0 2.654470351947658
8350.0 2.6544812671226516
8370.0 2.704006605758978
8390.0 2.6584819891780453
8410.0 2.737316517223073
8430.0 2.6816420597197825
8450.0 2.663845472742944
8470.0 2.6890479917352748
8490.0 2.6788559972634856
8510.0 2.557460704586075
8530.0 2.691260207573948
8550.0 1.632773011345618
8570.0 2.6797605300196543
8590.0 2.6790032206185774
8610.0 2.6647867812295347
8630.0 2.7001686623605043
8650.0 2.729088190696298
8670.0 1.955511513078687
8690.0 2.607872650416209
8710.0 2.6389814343768254
8730.0 2.7873363480635995
8750.0 2.711877289532495
8770.0 2.7905029946933664
8790.0 2.7755048165756997
8810.0 2.798363330639187
8830.0 2.7532353693910023
8850.0 2.7676023636835456
8870.0 2.4971202718419496
8890.0 2.6242696010164157
8910.0 2.6970411446521414
8930.0 2.6919146651141284
8950.0 2.6372265565792192
8970.0 2.5394661893707933
8990.0 2.556078771298593
9010.0 2.5879330636257154
9030.0 2.560909050087155
9050.0 2.764743610197863
9070.0 2.760978239902178
9090.0 2.5921811118289106
9110.0 2.6577440616184806
9130.0 2.689037728304369
9150.0 2.5490437334268123
9170.0 2.462728834860014
9190.0 2.476772220552842
9210.0 2.616781474118285
9230.0 2.5911841596902057
9250.0 2.6218996381671626
9270.0 2.6376409198769113
9290.0 2.5585954328643665
9310.0 2.774244359033868
9330.0 2.7935890990163093
9350.0 2.7978525375717407
9370.0 2.7680903730607347
9390.0 2.785990225782554
9410.0 2.7678561007238103
9430.0 2.787980660405339
9450.0 2.8402154048259325
9470.0 2.8608769307626227
9490.0 2.8509124050781622
9510.0 2.809248873130273
9530.0 2.815010666981654
9550.0 2.7440158980958524
9570.0 2.811454187174164
9590.0 2.8694207275396058
9610.0 2.8592722195358706
9630.0 2.8621829752971517
9650.0 2.8495050722249586
9670.0 2.8515404926763543
9690.0 2.862178176955678
9710.0 2.8289701690515225
9730.0 2.810640265537643
9750.0 2.8028356136236625
9770.0 2.823410858302542
9790.0 2.8031310272711765
9810.0 2.8391065972947285
9830.0 2.8468418977231607
9850.0 2.838667607042277
9870.0 2.842011953881729
9890.0 2.841286140952681
9910.0 2.8304708841199813
9930.0 2.85099187740062
9950.0 2.866128256648165
9970.0 2.8716195721691826
9990.0 2.867302092162456
10025.0 2.8656272888453485
10075.0 2.844304729982977
10125.0 2.906684115455894
10175.0 2.8955950495442195
10225.0 2.916165601741757
10275.0 2.9395236584368476
10325.0 2.933284056829985
10375.0 2.9201511077749194
10425.0 2.906874712141607
10475.0 2.8934564116757855
10525.0 2.87498547879773
10575.0 2.8529966687260098
10625.0 2.8308334158694675
10675.0 2.808497576966381
10725.0 2.792521581593118
10775.0 2.7793181171356767
10825.0 2.7659882247950374
10875.0 2.75253323054439
10925.0 2.7331058203801084
10975.0 2.711218040164748
11025.0 2.68917509267515
11075.0 2.666978589338185
11125.0 2.6582645458365706
11175.0 2.6562393321317574
11225.0 2.654147164926788
11275.0 2.651988725274829
11325.0 2.6546174464508496
11375.0 2.6612726233647077
11425.0 2.667898075517686
11475.0 2.6744940965522055
11525.0 2.675503799701923
11575.0 2.665817981829469
11625.0 2.656042984991613
11675.0 2.6461796990892474
11725.0 2.6310759072500725
11775.0 2.6124735966174177
11825.0 2.593754719192974
11875.0 2.5749204274286956
11925.0 2.5604276379081448
11975.0 2.5588782228431963
12025.0 2.5572779225868296
12075.0 2.5556272306091277
12125.0 2.5534025035045533
12175.0 2.550283625910245
12225.0 2.547111178145518
12275.0 2.543885674389225
12325.0 2.536837403789352
12375.0 2.5251052569497516
12425.0 2.5132941045425583
12475.0 2.5014046992522436
12525.0 2.4909585095797246
12575.0 2.4822885559136725
12625.0 2.4735532288644695
12675.0 2.4647531434512713
12725.0 2.456612646271677
12775.0 2.449550331649081
12825.0 2.4424307813940525
12875.0 2.4352545274882775
12925.0 2.4284383088359047
12975.0 2.422755300575875
13025.0 2.4170219225581304
13075.0 2.4112386373666923
13125.0 2.4013470651692788
13175.0 2.3893690034609434
13225.0 2.3773248271199106
13275.0 2.365215137917518
13325.0 2.3546597060666246
13375.0 2.346349114624237
13425.0 2.3379857675581337
13475.0 2.329570139177421
13525.0 2.3233699656526543
13575.0 2.3180466010911402
13625.0 2.312681015854415
13675.0 2.307273584880357
13725.0 2.297463909449499
13775.0 2.2786391038437586
13825.0 2.259738349617559
13875.0 2.240762316226412
13925.0 2.2203077022941367
13975.0 2.198443096987474
14025.0 2.176498152569726
14075.0 2.154473569758944
14125.0 2.1443589950990467
14175.0 2.14076861028386
14225.0 2.1371469331483706
14275.0 2.133494232442676
14325.0 2.137966978901045
14375.0 2.145523577920536
14425.0 2.1530772223967203
14475.0 2.160627935710524
14525.0 2.151695432462919
14570.0 2.138660247401622
14620.0 2.124124680762067
14675.0 2.1080728363579255
14725.0 2.1108737550323498
14775.0 2.1204961657216517
14825.0 2.130121402208024
14875.0 2.1397494392162066
14925.0 2.147863745866865
14975.0 2.1550926041439564
15025.0 2.1623188221370864
15075.0 2.1695424202279967
15125.0 2.179103834520316
15175.0 2.191122080921861
15225.0 2.2031482054581137
15275.0 2.2151821421047124
15325.0 2.2227919830469602
15375.0 2.2193781597496316
15425.0 2.2159391695851607
15475.0 2.212475215493504
15525.0 2.2072194052057803
15575.0 2.2013177051593646
15625.0 2.1953867106701863
15675.0 2.1894266558361446
15725.0 2.178170076510339
15775.0 2.1599411369603985
15825.0 2.141659241243526
15875.0 2.123324809288134
15925.0 2.122993120986788
15975.0 2.1272999916074724
16050.0 2.133747734128363
16150.0 2.1380864504479473
16250.0 2.1369316563632936
16350.0 2.131301302894157
16450.0 2.1222954415392623
16550.0 2.119222763834802
16650.0 2.1188434526953785
16750.0 2.115151998385557
16850.0 2.1063632623480264
16950.0 2.095384849611489
17050.0 2.081822793123165
17150.0 2.05663480560666
17250.0 2.019800326217157
17350.0 1.988470904615291
17450.0 1.96222118226401
17550.0 1.9309290176665226
17650.0 1.8949124972618094
17750.0 1.8607283373413392
17850.0 1.8284563352044745
17950.0 1.793410288223137
18050.0 1.7548859333805618
18150.0 1.721936489540332
18250.0 1.698676361865383
18350.0 1.675690890107921
18450.0 1.6527731606794658
18550.0 1.6235353721863983
18650.0 1.5895922891985115
18750.0 1.5623408654912843
18850.0 1.5438741297040504
18950.0 1.533111801852498
19050.0 1.5255768589162562
19150.0 1.5124977258976762
19250.0 1.4942228022864035
19350.0 1.472932139116119
19450.0 1.4448761666483523
19550.0 1.419254993233502
19650.0 1.3958998963682194
19750.0 1.3776363214894354
19850.0 1.3613781365216253
19950.0 1.3478058173411274
20050.0 1.337745312771123
20150.0 1.3238239838643993
20250.0 1.307234521030691
20350.0 1.2937756097268194
20450.0 1.2890234235465443
20550.0 1.2807201375814294
20650.0 1.266786942578178
20750.0 1.2537707935442557
20850.0 1.2417196096881093
20950.0 1.2315109051391282
21050.0 1.2226688898899756
21150.0 1.2130488067039509
21250.0 1.202974642825966
21350.0 1.1921331236592363
21450.0 1.180923948313025
21550.0 1.1651582465472627
21650.0 1.147586153442085
21750.0 1.1380414322263102
21850.0 1.1314124939578878
21950.0 1.1193928701137825
22050.0 1.1053196775253877
22150.0 1.0924491707582331
22250.0 1.0800678194991133
22350.0 1.068719784199912
22450.0 1.057890384177703
22550.0 1.0464389786752675
22650.0 1.0345572382164079
22750.0 1.0036730308962813
22850.0 0.9549732343646934
22950.0 0.9250587385642102
23050.0 0.9215652775208081
23150.0 0.8986682259046237
23250.0 0.8297182771585835
23350.0 0.7943264744885813
23450.0 0.7737184137635998
23550.0 0.7670759560634925
23650.0 0.7723601514694594
23750.0 0.7621148266123651
23850.0 0.724926490985121
23950.0 0.7074243912451642
24050.0 0.697492555715307
24150.0 0.690626833217862
24250.0 0.6866787503139143
24350.0 0.6757762656923589
24450.0 0.6472551002067567
24550.0 0.6332404815898401
24650.0 0.6290218901674557
24750.0 0.6082715651029821
24850.0 0.5540809081286678
24950.0 0.5508314329237439
25050.0 0.5791565638065853
25150.0 0.5640223260721154
25250.0 0.5547762136636798
25350.0 0.5577960974583874
25450.0 0.5312210890361042
25550.0 0.5602409326275691
25650.0 0.5411088687924144
25750.0 0.5389024706117957
25850.0 0.5427983062860214
25950.0 0.5433220499338709
26050.0 0.5355787970316309
26150.0 0.5182064429369343
26250.0 0.5147823473856884
26350.0 0.5117498662143997
26450.0 0.4871477094590753
26550.0 0.4649941026853175
26650.0 0.45918660624366464
26750.0 0.4511976237885612
26850.0 0.44722866700606895
26950.0 0.43112596633395894
27050.0 0.4420366425663637
27150.0 0.4525079688909834
27250.0 0.4486528495487622
27350.0 0.43919973581719607
27450.0 0.43670264250558966
27550.0 0.4426488899342416
27650.0 0.438961310221984
27750.0 0.43776279840760707
27850.0 0.450212165118345
27950.0 0.44168769279781117
28050.0 0.4317080324244937
28150.0 0.4252349805959639
28250.0 0.42334511219780807
28350.0 0.411108698469928
28450.0 0.4003839109315059
28550.0 0.40132245757589674
28650.0 0.38965415853647856
28750.0 0.3998441659243978
28850.0 0.37500884209124
28950.0 0.36917697665717203
29050.0 0.3553695112313258
29150.0 0.39057328661433643
29250.0 0.3849162771647783
29350.0 0.37840553868241883
29450.0 0.3592470258713204
29550.0 0.3579235938412084
29650.0 0.35495380494461193
29750.0 0.3556177700605333
29850.0 0.35060746559910416
29950.0 0.33953815138107857
30050.0 0.3314126400990992
30150.0 0.3311912758789807
30250.0 0.32803045869603237
30350.0 0.3247828863286851
30450.0 0.3224946539620004
30550.0 0.30707300021317435
30650.0 0.30607312753378907
30750.0 0.30229046427346656
30850.0 0.3227995761417198
30950.0 0.31872942820649386
31050.0 0.3105677748658656
31150.0 0.3081911013103987
31250.0 0.30793573898145493
31350.0 0.3058785520975607
31450.0 0.30798942333740315
31550.0 0.30152788426134125
31650.0 0.30566052341580824
31750.0 0.30523441449755356
31850.0 0.319029881640741
31950.0 0.32297437093218073
32100.0 0.3435196604154907
32300.0 0.3895090840320848
32500.0 0.4465398220561988
32700.0 0.4363681856013065
32900.0 0.36825468710639925
33100.0 0.34756574122237993
33300.0 0.31928723979218715
33500.0 0.3112459360191807
33700.0 0.32433742814774486
33900.0 0.32141747337676874
34100.0 0.30298701673286027
34300.0 0.29973980506032705
34500.0 0.307778272673632
34700.0 0.2964898492982687
34900.0 0.28959086600183187
35100.0 0.2696846704023924
35300.0 0.2686402833933954
35500.0 0.26475631619210677
35700.0 0.25267091415498105
35900.0 0.233904477828301
36100.0 0.2460094171176829
36300.0 0.24015951347498637
36500.0 0.23349694235297636
36700.0 0.23178324709435175
36900.0 0.22767016070774196
37100.0 0.23308120279803538
37300.0 0.22105766260509807
37500.0 0.2210494579202381
37700.0 0.2122277920987159
37900.0 0.21251870996485972
38100.0 0.21309227717143406
38300.0 0.20241096610669462
38500.0 0.19416941552831754
38700.0 0.19416332483925802
38900.0 0.199343012168095
39100.0 0.18580939973128457
39300.0 0.18583131166516278
39500.0 0.17280114206802089
39700.0 0.1802357006061423
39900.0 0.18517551265791765
40100.0 0.19685289672540976
40300.0 0.19293093329283018
40500.0 0.17529002878069996
40700.0 0.1666695212627504
40900.0 0.160188444878563
41100.0 0.15084189646009147
41300.0 0.1554591233619874
41500.0 0.15852482925229539
41700.0 0.15091813717810235
41900.0 0.14902076879560586
42100.0 0.15184529149499476
42300.0 0.13880214803133445
42500.0 0.1365706915966126
42700.0 0.13292945074428136
42900.0 0.13875691602202686
43100.0 0.13723473253808632
43300.0 0.13006608194054306
43500.0 0.12609971726267322
43700.0 0.1261173538689239
43900.0 0.12008291758881039
44100.0 0.1188683683661322
44300.0 0.11123886312394156
44500.0 0.10834967900375522
44700.0 0.11301003802563919
44900.0 0.11142328939368043
45100.0 0.10999531342718309
45300.0 0.09278511660096914
45500.0 0.09480175271711135
45700.0 0.09011439389640377
45900.0 0.09684148128014834
46100.0 0.1025630225064639
46300.0 0.09816782842031732
46500.0 0.11251583919611655
46700.0 0.09160726355581561
46900.0 0.09262982672894607
47100.0 0.09686525752360109
47300.0 0.09840350846170284
47500.0 0.09129752562988362
47700.0 0.08932688320483785
47900.0 0.09235979055475149
48100.0 0.08989450853342926
48300.0 0.09370008291351284
48500.0 0.09987993567441036
48700.0 0.09251700875545145
48900.0 0.09061650912055721
49100.0 0.088716009485663
49300.0 0.08681519419746853
49500.0 0.08491437665210975
49700.0 0.08301351517998128
49900.0 0.08111261596358098
50100.0 0.07921171871386827
50300.0 0.07731085328935101
50500.0 0.07540998786483377
50700.0 0.07350926563896247
50900.0 0.07160865878910383
51100.0 0.06970807177350904
51300.0 0.06885833634625241
51500.0 0.06956770511809268
51700.0 0.08311400576058071
51900.0 0.09673085378961518
52100.0 0.10894457369112744
52300.0 0.11001747213878017
52500.0 0.10455419097033963
52700.0 0.0922526182397589
52900.0 0.09129079359286636
53100.0 0.09925814190201696
53300.0 0.11574596320242765
53500.0 0.10331244629655312
53700.0 0.08928888541039096
53900.0 0.07474560176958421
54100.0 0.08063317925861314
54300.0 0.08032558786408167
54500.0 0.0758903464481654
54700.0 0.08140710405639721
54900.0 0.0882995261233748
55100.0 0.09494918353982687
55300.0 0.09128910710671685
55500.0 0.09307928769419074
55700.0 0.09817970187966765
55900.0 0.10310032328996797
56100.0 0.10878277095893034
56300.0 0.11588353464699712
56500.0 0.12803897503977654
56700.0 0.13413046268777074
56900.0 0.13601535519469055
57100.0 0.13229824938854887
57300.0 0.1277541972989981
57500.0 0.12261451352130918
57700.0 0.11658820933048789
57900.0 0.11266715516520283
58100.0 0.11104851696396631
58300.0 0.11392928685899832
58500.0 0.11773073418961073
58700.0 0.12097813381205905
58900.0 0.12222036175523472
59100.0 0.12006932182299127
59300.0 0.12065303156557752
59500.0 0.12872391096061908
59700.0 0.13942427486994682
59900.0 0.15121478469374516
60100.0 0.16406734802971457
60300.0 0.17047256469683925
60500.0 0.175284313486377
60700.0 0.17911077951687124
60900.0 0.19523730271126868
61100.0 0.2215957664781997
61300.0 0.26044120006855037
61500.0 0.3349954496784381
61700.0 0.40459051154167186
61900.0 0.46470166197719903
62100.0 0.47463409928351086
62300.0 0.4609837873227621
62500.0 0.4236849017339585
62700.0 0.3801541051545626
62900.0 0.33847066428391004
63100.0 0.2989376402089308
63300.0 0.27271097786976656
63500.0 0.2503828275314255
63700.0 0.2316393848848247
63900.0 0.21721603903794034
64200.0 0.19571109563525663
64600.0 0.1757061552797948
65000.0 0.17066568106876875
65400.0 0.16176606339626767
65800.0 0.16112731256345283
66200.0 0.16379568766492067
66600.0 0.16824601111156376
67000.0 0.1669193972352354
67400.0 0.16624936315770308
67800.0 0.16587864615500203
68200.0 0.16347681658037702
68600.0 0.1739922394604376
69000.0 0.1858185732752683
69400.0 0.2083610066882353
69800.0 0.2594880916871502
70200.0 0.22692087054745802
70600.0 0.21618173052007225
71000.0 0.22229911627266222
71400.0 0.2242014585865297
71800.0 0.23380366163801505
72200.0 0.24304065160726454
72600.0 0.2532861501399061
73000.0 0.2683003917738269
73400.0 0.2936897623866159
73800.0 0.30777632021923684
74200.0 0.35480521007204385
74600.0 0.39648639409395414
75000.0 0.4487869393405843
75400.0 0.4925232440750006
75800.0 0.5155386241402873
76200.0 0.5218509016174796
76600.0 0.5093788766971047
77000.0 0.49962838658576497
77400.0 0.4917056093052507
77800.0 0.4847620221219781
78200.0 0.4693365399315419
78600.0 0.44780263259901926
79000.0 0.418495871771436
79400.0 0.38379282278049526
79800.0 0.3477914693640538
80200.0 0.31682424565044015
80600.0 0.2906903351450869
81000.0 0.2683951163795523
81400.0 0.252492868316858
81800.0 0.24173788661809553
82200.0 0.2344717648464025
82600.0 0.23210894704950463
83000.0 0.2283965176153982
83400.0 0.22499854832526428
83800.0 0.2233370295919985
84200.0 0.22345420761062715
84600.0 0.22626639430104872
85000.0 0.23387487974590151
85400.0 0.23562329129183618
85800.0 0.23285129644558
86200.0 0.22386459619902765
86600.0 0.2044407817334811
87000.0 0.18187281576017902
87400.0 0.15680887462513451
87800.0 0.13517215662131923
88200.0 0.1165735482185527
88600.0 0.10172759478552622
89000.0 0.09226629657437187
89400.0 0.08401468303186181
89800.0 0.07676125972703494
90200.0 0.07054046490588549
90600.0 0.06594413209924121
91000.0 0.06309005323228226
91400.0 0.05946884441204407
91800.0 0.05743183709121013
92200.0 0.05686959254083135
92600.0 0.053153025012518416
93000.0 0.051043123548952546
93400.0 0.050279961582882254
93800.0 0.04894619339731838
94200.0 0.04726176993889911
94600.0 0.045431973713921804
95000.0 0.0448992132451356
95400.0 0.045111878417028836
95800.0 0.04619168518714273
96200.0 0.05010147350664078
96600.0 0.05035177343922797
97000.0 0.048051826523446826
97400.0 0.04334617247550235
97800.0 0.04024319832957467
98200.0 0.03858751806918427
98600.0 0.03984804181614339
99000.0 0.03990327290465826
99400.0 0.03911578011532515
99800.0 0.03715622051607093
100200.0 0.03731194713221272
100400.00000000009 0.03779234488782416
100748.43066198383 0.0375426376565947
101098.07052641988 0.03682850074809309
101448.92378975474 0.03672481639913606
101800.9946629978 0.03689213099289686
102154.28737177301 0.03766424569937919
102508.80615636887 0.03785308582879855
102864.55527178946 0.03769758658231746
103221.53898780573 0.03767411385506805
103579.76158900595 0.03809407350190806
103939.22737484834 0.03955008753748688
104299.94065971187 0.042112668476902065
104661.9057729482 0.04528816688069113
105025.12705893395 0.0483939720351476
105389.60887712192 0.05098172645281592
105755.35560209466 0.05267935691630922
106122.37162361621 0.053302717216660384
106490.66134668495 0.05356380578993256
106860.22919158668 0.053839192114190804
107231.07959394684 0.0542798296704628
107603.217004785 0.05487006264460738
107976.64589056744 0.054106751512503194
108351.370733261 0.05490670449576494
108727.39603038708 0.058934357153675586
109104.72629507471 0.0645028057443913
109483.36605611602 0.07065186028647726
109863.31985801981 0.07717699307545627
110244.59226106624 0.08424871659563367
110627.1878413618 0.09278014381122784
111011.11119089334 0.11522672125712016
111396.36691758451 0.15137519870138075
111782.95964535022 0.1997826519652428
112170.89401415233 0.22890333113462477
112560.17468005554 0.23803086636954818
112950.80631528242 0.22402364380198633
113342.79360827077 0.1978583295289636
113736.1412637291 0.1736861471349449
114130.85400269323 0.1532145288334501
114526.93656258319 0.1374006465007731
114924.39369725919 0.12435060411359218
115323.23017708007 0.11453167688801791
115723.45078895958 0.10754417205562518
116125.06033642414 0.10139047093233096
116528.06363967061 0.0960128009526085
116932.46553562334 0.0946080977585966
117338.27087799355 0.09383581677227572
117745.48453733666 0.0937207095979813
118154.11140111096 0.09598143105491784
118564.15637373661 0.09986911227886842
118975.62437665339 0.10453708948915555
119388.52034838134 0.10753075660017158
119802.84924457902 0.10885428723688273
120218.61603810318 0.10884864446761122
120635.82571906883 0.1071726617453581
121054.48329490799 0.10581773460289573
121474.59379043133 0.1055182399195501
121896.16224788758 0.10657324059490951
122319.19372702412 0.11035763984601754
122743.69330514787 0.11411109325118184
123169.6660771864 0.11730329712317558
123597.11715574806 0.11874995158016537
124026.0516711849 0.12115518810802525
124456.47477165324 0.1241760818777281
124888.39162317566 0.12797296760139054
125321.80740970328 0.1344465548661965
125756.72733317701 0.1414640324320083
126193.15661359143 0.14709741035041263
126631.1004890565 0.14986218103930823
127070.56421586059 0.1659832072378667
127511.55306853396 0.19669796874053566
127954.0723399109 0.21793622621137998
128398.12734119488 0.1997849777665894
128843.72340202122 0.13876186068148208
129290.86587052139 0.10559995199159056
129739.56011338736 0.09271672482221106
130189.81151593504 0.08772908470094416
130641.62548217046 0.08638489594601034
131095.00743485359 0.08537711865692865
131549.96281556363 0.08483427848615925
132006.49708476473 0.08464993393861119
132464.61572187033 0.08198811759126069
132924.3242253105 0.08245728085420033
133385.628112597 0.08248896080258969
133848.53292038973 0.08119070524078179
134313.04420456337 0.08039416413208249
134779.167540273 0.07955005684718647
135246.90852202274 0.07950308085502326
135716.27276373174 0.07926058537298646
136187.2658988018 0.07797970696612484
136659.8935801853 0.07665951576058279
137134.16148045196 0.07467400979206988
137610.07529185852 0.07264769747530694
138087.64072641605 0.07107498526667519
138566.86351595866 0.07038966917648136
139047.7494122127 0.07090205453932828
139530.30418686455 0.07102607874141359
140014.53363163173 0.06955512623321886
140500.44355833106 0.06821588000690343
140988.03979894897 0.06804299733402264
141477.32820571162 0.06777111162318596
141968.3146511539 0.06880533697787887
142461.00502819192 0.06954839775946302
142955.40525019236 0.07021791610253741
143451.52125104374 0.06941270787790306
143949.35898522806 0.0679219842681452
144448.924427891 0.06619011035962034
144950.2235749154 0.06439093794890445
145453.2624429921 0.06247203270511382
145958.04706969234 0.06212566123451781
146464.58351354074 0.06231943896584385
146972.87785408652 0.060075210542995465
147482.9361919785 0.05856409393110877
147994.76464903704 0.0580679960649385
148508.36936832778 0.05886083908794498
149023.7565142358 0.059686656850981096
149540.9322725382 0.05915000958967473
150059.90285048028 0.05885698638137312
150580.6744768489 0.05874550428133952
151103.25340204738 0.057987466900764915
151627.64589817091 0.05745450571559666
152153.85825908065 0.05730587451654952
152681.89680048096 0.05702115263673113
153211.76785999417 0.056759276659193766
153743.47779723676 0.056680223882085025
154277.0329938962 0.058533528538636685
154812.43985380605 0.061495871537020776
155349.70480302497 0.06565710005881083
155888.8342899124 0.06635696201896886
156429.8347852063 0.0643940728241976
156972.71278210124 0.06107554505146118
157517.47479632485 0.05936306736658742
158064.1273662182 0.059249295531102406
158612.67705281274 0.06005457806831286
159163.1304399096 0.06021182752721431
159715.49413415877 0.05960247111572193
160269.77476513712 0.05904171871019095
160825.97898542997 0.05871129911319235
161384.11347070962 0.058648238493766554
161944.18491981577 0.060201210926110506
162506.2000548363 0.0634791829603237
163070.1656211866 0.06853371377122162
163636.0883876925 0.0745204267845881
164203.97514667013 0.07912345613946309
164773.83271400793 0.08193703602947018
165345.66792924836 0.07794835360680936
165919.48765567035 0.07484799741402437
166495.29878037024 0.07284731465330135
167073.10821434658 0.07339713069386634
167652.9228925817 0.07399909189672922
168234.74977412526 0.0745554571306985
168818.59584217807 0.07497380805498623
169404.46810417465 0.08106973213045576
169992.37359186928 0.08701615892822125
170582.3193614191 0.09109603005958714
171174.31249346913 0.08155266554990143
171768.3600932375 0.07702336915720986
172364.46929059955 0.07549781871617971
172962.64724017525 0.07514741478023716
173562.90112141386 0.07447293695744009
174165.23813868032 0.07234472783535915
174769.6655213422 0.06873277229750545
175376.19052385495 0.06499772649035372
175984.8204258511 0.06295922095507311
176595.5625322263 0.06159579430783019
177208.42417322725 0.06037486118515272
177823.4127045401 0.05906550557390455
178440.53550737724 0.058926146809401496
179059.79998856818 0.05897852734786123
179681.21358064678 0.0582376518581283
180304.7837419411 0.05706728092295258
180930.51795666298 0.055694847992913556
181558.42373499667 0.05471513141892646
182188.508613191 0.05474467763478009
182820.7801536484 0.05433105041191887
183455.24594501613 0.053813661761332815
184091.9136022776 0.05361197302526067
184730.79076684228 0.05407043507045401
185371.88510663982 0.05546189317005493
186015.20431621035 0.05999485018475005
186660.7561167974 0.06526327864766672
187308.54825644082 0.068725424988644
187958.58851006837 0.06590750712831432
188610.8846795912 0.059692422806884464
189265.44459399607 0.0569288590828748
189922.27610943964 0.056850377185361615
190581.38710934314 0.057712814953209644
191242.78550448545 0.05676487129626291
191906.4792331004 0.057119960157085155
192572.47626097052 0.0568240040193866
193240.7845815229 0.0565026138290437
193911.41221592567 0.0569245485794139
194584.36721318262 0.05689453604907924
195259.65765023217 0.056387530970742714
195937.29163204285 0.05613712754791641
196617.27729171072 0.05624880775074463
197299.62279055765 0.05674359590610024
197984.33631822755 0.05765809144460385
198671.42609278703 0.058420078594715305
199360.90036082253 0.058270134184922814
200052.7673975396 0.057539315245470526
200747.03550686277 0.05700169098561366
201443.7130215334 0.05712390900944621
202142.80830321225 0.05725826889486632
202844.3297425782 0.058293853370809334
203548.28575942936 0.05933303176492458
204254.6848027845 0.059869693973294044
204963.53535098286 0.060133151687758124
205674.84591178835 0.06047356404685365
206388.62502249 0.06099035733347377
207104.88125000495 0.06150894411239436
207823.62319098154 0.06178195301044025
208544.8594719008 0.06205000121881198
209268.59874918268 0.06208280519710793
209994.84970928813 0.06199858811967741
210723.62106882382 0.06197827332110452
211454.9215746472 0.06206307085053278
212188.76000396966 0.06219542086355497
212925.1451644646 0.06271981688176015
213664.08589437135 0.06324603277697494
214405.5910626017 0.06354708774193255
215149.66956884676 0.06381036731960962
215896.33034368197 0.06376293579834304
216645.5823486771 0.06352234900943105
217397.43457650184 0.06359415843880434
218151.8960510343 0.06413928179917108
218908.9758274697 0.06469893399696858
219668.68299242735 0.06531222998009407
220431.02666406232 0.06592203050015948
221196.01599217302 0.06604030307474748
221963.66015831166 0.06615898610542573
222733.96837589474 0.06586326423240492
223506.94989031187 0.06548863389813755
224282.61397903945 0.06562964769175529
225060.96995175022 0.06600455042558373
225842.02715042542 0.06654122229785875
226625.79494946744 0.06721005600623087
227412.28275581042 0.0678630457971154
228201.50000903595 0.06849429041813733
228993.45618148448 0.06905982483230902
229788.16077836952 0.0694863116870942
230585.62333789226 0.069809471554478
231385.85343135396 0.06979162620808596
232188.8606632739 0.06981335341712465
232994.65467150253 0.07004456138614758
233803.24512733784 0.07032687486539926
234614.64173564175 0.07106991874127949
235428.8542349548 0.07179580556742406
236245.89239761574 0.0721687072451283
237065.76602987712 0.0725439306709191
237888.48497202326 0.07296833413320127
238714.05909848903 0.07339458502806552
239542.4983179762 0.07392787987967613
240373.81257357553 0.0744629386304622
241208.01184288395 0.07435628218638453
242045.10613812497 0.07425164637546942
242885.10550626923 0.07437152532128252
243728.0200291531 0.07450262875550138
244573.85982360275 0.07493772271740226
245422.63504155353 0.07537005574172641
246274.3558701723 0.07574866385153006
247129.0325319802 0.07607724672811701
247986.67528497343 0.07603899793046417
248847.29442274923 0.07603928209430218
249710.90027462755 0.07620875917080701
250577.5032057754 0.07652265762172591
251447.1136173319 0.07724144007921965
252319.741946531 0.07794900346575558
253195.39866682977 0.07863376772609033
254074.09428803218 0.07923477059334953
254955.83935641564 0.0797342146608807
255840.64445485763 0.07984611240938688
256728.52020296326 0.07966264466710578
257619.47725719062 0.08007370788331152
258513.52631098175 0.08074759654772411
259410.67809488898 0.08139712250996764
260310.94337670426 0.08204357479781033
261214.33296158884 0.08187773833705864
262120.8576922009 0.08178867427208028
263030.5284488288 0.0822241449817952
263943.3561495196 0.08246059336880146
264859.35175021074 0.08227267561653663
265778.5262448618 0.08212287559118424
266700.8906655845 0.082010431186216
267626.45608277834 0.08232544862176935
268555.23360526125 0.0828225273798053
269487.23438040353 0.08317485732366506
270422.46959426196 0.08346952820989541
271360.9504717122 0.08346673770939965
272302.6882765867 0.08373400780059713
273247.69431180746 0.08448283782165378
274195.97991952254 0.08496888076558218
275147.55648124265 0.08528009103243857
276102.4354179754 0.08579934967007566
277060.6281903659 0.08624172529339891
278022.1462988321 0.08579575349475112
278987.001283703 0.08569960411165403
279955.20472535834 0.08616165851198807
280926.7682443648 0.08689516881780669
281901.7035016192 0.08776482155982031
282880.0221984859 0.08783564851178464
283861.73607693805 0.08791027276168452
284846.856919699 0.08808309235195855
285835.39655038144 0.08829898764942512
286827.3668336328 0.08854674513661603
287822.7796752752 0.088738059125775
288821.64702244906 0.08880721715075629
289823.9808637571 0.0884913025411671
290829.79322940577 0.08861684542269178
291839.0961913531 0.08907147690985859
292851.90186345164 0.08944268480379422
293868.22240159387 0.08990617205919633
294888.0700038592 0.09061575405613523
295911.45691065746 0.09125385817886847
296938.39540488017 0.0918415456389368
297968.8978120446 0.09205143403155948
299002.9765004432 0.09217410974842387
300040.643881292 0.09217719511666189
301081.9124088775 0.0928078484400265
302126.7945807098 0.09348608875020165
303175.3029376698 0.09385084823832063
304227.45006416074 0.09430614879414186
305283.2485882598 0.09477046184528733
306342.71118186694 0.09461452732147627
307405.8505608609 0.09482229902206327
308472.6794852493 0.09540120294199775
309543.21075932245 0.09680351586100365
310617.4572318076 0.09747470418276927
311695.4317960206 0.09688335243198144
312777.1473900245 0.0962547033596087
313862.6169967824 0.0960050417519272
314951.8536443137 0.0966284582757006
316044.87040585116 0.09740262290260022
317141.68039999536 0.09823146962055222
318242.2967908759 0.09909208523058534
319346.7327883069 0.0993321156442341
320455.0016479461 0.09936055387861763
321567.116671454 0.09937047406431644
322683.09120665427 0.09973710985945015
323802.93864769104 0.10052566774833963
324926.672435194 0.10215454932337614
326054.30605643673 0.10333500916501695
327185.8530454994 0.10496407905736291
328321.326983432 0.10783531566722976
329460.74149841425 0.10564705082279452
330604.11026592366 0.10445335973916425
331751.4470088968 0.10618972804874457
332902.76549789455 0.11811382093730627
334058.07955126825 0.12149439733267862
335217.40303532267 0.11565609088738603
336380.74986448674 0.10938846331246106
337548.13400147745 0.10562891954213185
338719.56945746863 0.10408416107980635
339895.07029225933 0.10538612232949486
341074.65061444003 0.10682315653753639
342258.32458156615 0.10737948097634357
343446.10640032514 0.10651772723853876
344638.0103267076 0.0
345834.0506661794 0.0
347034.2417738501 0.0
348238.5980546498 0.0
349447.1339634991 0.0
350659.8640054834 0.0
351876.8027360276 0.0
353097.96476106776 0.0
354323.3647372312 0.0
355553.01737200917 0.0
356786.93742393394 0.0
358025.13970275706 0.0
359267.6390696242 0.0
360514.4504372573 0.0
361765.5887701314 0.0
363021.06908465445 0.0
364280.90644934855 0.0
365545.1159850277 0.0
366813.7128649837 0.0
368086.7123151656 0.0
369364.1296143627 0.0
370645.98009438923 0.0
371932.2791402647 0.0
373223.04219040385 0.0
374518.28473679814 0.0
375818.0223252031 0.0
377122.2705553253 0.0
378431.04508100665 0.0
379744.36161041673 0.0
381062.23590623855 0.0
382384.6837858583 0.0
383711.7211215558 0.0
385043.36384069227 0.0
386379.62792590604 0.0
387720.529415301 0.0
389066.08440264023 0.0
390416.3090375398 0.0
391771.21952565934 0.0
393130.8321289014 0.0
394495.16316560353 0.0
395864.22901073477 0.0
397238.0460960931 0.0
398616.63091049937 0.0
400000.0000000001 0.0
