91.0 0.0
94.0 0.0
96.0 0.0
98.0 0.0
100.0 0.0
102.0 6.376924446206426e-05
104.0 7.225589003695358e-05
106.0 8.520983871009786e-05
108.0 0.00010233633962419035
110.0 0.00014261164563308858
114.0 0.00018365837202074113
118.0 0.00024913812043235835
121.0 0.0007198547969102713
125.0 0.0008451172282999623
127.0 0.0009101754648406398
128.0 0.000944529790186827
131.0 0.0010249342126912332
132.0 0.0011794251929204658
134.0 0.0012339581845844077
137.0 0.0014967947661987425
140.0 0.0016007682444479617
143.0 0.0036266303057734322
147.0 0.007490012390258923
151.0 0.007966045589732509
155.0 0.008550940229517088
159.0 0.009207940744930976
162.0 0.00967133484900537
166.0 0.010383442155967407
170.0 0.011023153247210087
173.0 0.011515468293443942
177.0 0.01214019387943897
180.0 0.012643500569430635
182.0 0.012982668050245186
186.0 0.013659413662755167
191.0 0.014466969097447288
194.0 0.015100208134865243
198.0 0.015731271691215964
202.0 0.016445946840114186
205.0 0.016994227007439123
210.0 0.017143526642840287
216.0 0.01884915097382425
220.0 0.01964184285031809
223.0 0.019954971401007642
227.0 0.020766393373037675
230.0 0.03210300591981107
234.0 0.051650166702236926
240.0 0.06511744434391473
246.0 0.06183710049703072
252.0 0.06503733332904792
257.0 0.053951850040368156
260.0 0.06177020819283578
264.0 0.06562332571918858
269.0 0.0650110800808024
274.0 0.06440247805392228
279.0 0.06355340083252901
284.0 0.06341195890318206
290.0 0.060001658473400984
296.0 0.06013782917268071
301.0 0.0579688051559433
308.0 0.05823478229393396
318.0 0.058498736965182374
328.0 0.05724417344089143
338.0 0.055669182657116255
348.0 0.05370703911099397
357.0 0.05273379583468476
366.0 0.052367754092636234
375.0 0.05088758599008942
385.0 0.04755421650876297
395.0 0.047979454846434184
405.0 0.04732566026315809
414.0 0.0459932976049157
422.0 0.04429242187811597
430.0 0.042963921846729924
441.0 0.042082625369415066
451.0 0.04060027627797382
460.0 0.039055026307298554
470.0 0.037895482695075776
480.0 0.037095237939466744
490.0 0.03537134824450327
500.0 0.03487010708549382
506.0 0.03387085811535071
512.0 0.03505579597253733
520.0 0.03411220212363343
530.0 0.032618041291806725
540.0 0.03070191029780206
550.0 0.0295281923223205
560.0 0.029722546946168663
570.0 0.029383908626044338
580.0 0.028256635595334433
590.0 0.027588994909212548
600.0 0.026121510936318544
610.0 0.022894147292365424
620.0 0.025416220217320585
630.0 0.02433940315739075
640.0 0.02416925408069632
650.0 0.023349792610472507
658.0 0.022426787692518112
665.0 0.022473932880038714
675.0 0.0220937053542014
685.0 0.020715447381142667
695.0 0.020844066127776898
705.0 0.019466623820468387
716.0 0.019794070748927823
726.0 0.019406254649326913
735.0 0.01898290785875764
745.0 0.018315301206890757
755.0 0.017826870947793748
765.0 0.016041337775157267
775.0 0.016896519840570716
785.0 0.01603313206843564
795.0 0.01596557419174453
805.0 0.01572207415145493
815.0 0.015401362544799003
825.0 0.015056281419626383
835.0 0.013747275765108393
845.0 0.014262512126332874
855.0 0.013903012506503729
865.0 0.013696651088513288
875.0 0.01345225195666018
885.0 0.013127582832096035
895.0 0.01279855337894194
905.0 0.012524078727460855
915.0 0.013439382598249202
925.0 0.02088733472235386
935.0 0.02997907728927847
945.0 0.03660483405722772
955.0 0.04059461878039731
965.0 0.042957262984721356
975.0 0.025379235275207745
985.0 0.037758836539256546
995.0 0.036981555258742776
1005.0 0.042010886895569255
1015.0 0.04183764384560977
1025.0 0.027988666797613526
1035.0 0.03611135068560396
1045.0 0.04690503777014105
1055.0 0.04620410502080761
1065.0 0.04035915657870874
1075.0 0.04324664873626566
1085.0 0.036296131581596495
1095.0 0.04355969228044343
1105.0 0.04171904342539529
1115.0 0.04060064913286451
1125.0 0.03689578353431466
1135.0 0.04110806710300252
1145.0 0.03947912094955025
1155.0 0.03962141625842387
1165.0 0.03919665906123742
1175.0 0.03057922546679162
1185.0 0.03692220418509749
1195.0 0.03218670625838282
1205.0 0.028083149673867994
1208.72 0.025367814911083673
1208.8 0.02529810606486729
1208.87 0.025237110824427957
1208.94 0.025176115583988423
1209.02 0.02510640673777204
1209.09 0.025045411497332703
1209.16 0.02498441625689317
1209.23 0.024923421016453836
1209.31 0.024853712170237453
1209.38 0.02479271692979792
1209.45 0.024731721689358586
1209.53 0.024662012843142202
1209.6 0.02460101760270287
1209.67 0.024540022362263336
1209.75 0.024470313516046952
1209.82 0.024409318275607616
1209.89 0.024348323035168082
1209.96 0.02428732779472875
1210.04 0.024217618948512366
1210.11 0.024156623708073033
1210.18 0.0240956284676335
1210.26 0.024025919621417112
1210.33 0.02396492438097778
1210.4 0.02390392914053825
1210.47 0.02384293390009891
1210.55 0.02377322505388253
1210.62 0.023712229813443193
1210.69 0.023651234573003662
1210.77 0.02358152572678728
1210.84 0.023520530486347946
1210.91 0.023459535245908412
1210.99 0.02338982639969203
1211.06 0.023328831159252692
1211.13 0.023267835918813158
1211.2 0.023206840678373822
1211.28 0.023137131832157442
1211.35 0.02307613659171811
1211.42 0.023015141351278575
1211.5 0.02294543250506219
1211.57 0.022884437264622855
1211.64 0.022823442024183325
1211.72 0.022753733177966938
1211.79 0.022692737937527605
1211.86 0.02263174269708827
1211.93 0.02257074745664874
1212.01 0.022501038610432355
1212.08 0.02244004336999302
1212.15 0.022379048129553488
1212.23 0.0223093392833371
1212.3 0.02224834404289777
1212.37 0.022187348802458432
1212.44 0.022126353562018898
1212.52 0.022056644715802518
1212.59 0.021995649475363182
1212.66 0.021934654234923648
1212.74 0.021864945388707268
1212.81 0.021803950148267935
1212.88 0.0217429549078284
1212.96 0.021673246061612014
1213.03 0.02161225082117268
1213.1 0.021551255580733345
1213.17 0.02149026034029381
1213.25 0.02142055149407743
1213.32 0.0213595562536381
1213.39 0.021298561013198564
1213.47 0.021228852166982178
1213.54 0.02116785692654284
1213.61 0.02110686168610351
1213.69 0.021037152839886927
1213.76 0.020976157599447594
1213.83 0.020915162359008258
1213.9 0.020854167118568728
1213.98 0.020784458272352344
1214.05 0.020723463031913008
1214.12 0.020662467791473675
1214.2 0.02059275894525709
1214.27 0.020531763704817758
1214.34 0.02047076846437842
1214.41 0.020409773223938887
1214.49 0.020340064377722507
1214.56 0.020388222526076874
1214.63 0.020454572905897073
1214.71 0.020530401911405628
1214.78 0.020596752291225612
1214.85 0.020663102671045597
1214.93 0.020738931676554367
1215.0 0.02080528205637435
1215.07 0.020871632436194335
1215.14 0.020937982816014535
1215.22 0.02101381182152309
1215.29 0.021080162201343074
1215.36 0.021146512581163058
1215.44 0.021222341586671824
1215.51 0.021288691966491812
1215.58 0.021355042346311796
1215.66 0.021430871351820566
1215.73 0.02149722173164055
1215.8 0.02156357211146053
1215.87 0.02162992249128052
1215.95 0.02170575149678929
1216.02 0.021772101876609273
1216.09 0.021838452256429254
1216.17 0.021914281261938024
1216.24 0.021980631641758012
1216.31 0.022046982021577996
1216.38 0.022113332401398195
1216.46 0.022189161406906747
1216.53 0.022255511786726734
1216.6 0.02232186216654672
1216.68 0.022397691172055485
1216.75 0.02246404155187547
1216.82 0.022530391931695454
1216.9 0.022606220937204227
1216.97 0.02267257131702421
1217.04 0.022738921696844192
1217.11 0.022805272076664176
1217.19 0.022881101082172946
1217.26 0.022947451461992934
1217.33 0.023013801841812915
1217.41 0.023089630847321685
1217.48 0.02315598122714167
1217.55 0.023222331606961657
1217.63 0.023298160612470423
1217.7 0.023364510992290408
1217.77 0.023430861372110392
1217.84 0.023497211751930376
1217.92 0.02357304075743915
1217.99 0.02363939113725913
1218.06 0.023705741517079115
1218.14 0.023781570522587885
1218.21 0.02384792090240787
1218.28 0.023914271282227857
1218.35 0.023980621662047837
1218.43 0.024056450667556607
1218.5 0.02412280104737659
1218.57 0.02418915142719658
1218.65 0.024264980432705346
1218.72 0.02433133081252533
1218.79 0.024397681192345314
1218.87 0.024473510197853866
1218.94 0.02453986057767407
1219.01 0.024606210957494053
1219.08 0.024672561337314037
1219.16 0.024748390342822803
1219.23 0.024814740722642788
1219.3 0.024881091102462775
1219.38 0.024956920107971545
1219.45 0.02502327048779153
1219.52 0.02508962086761151
1219.6 0.02516544987312007
1219.67 0.025231800252940268
1219.74 0.025298150632760252
1219.81 0.025364501012580237
1219.89 0.025440330018089003
1219.96 0.02550668039790899
1220.03 0.025573030777728975
1220.11 0.025648859783237526
1220.18 0.02571521016305773
1220.25 0.02578156054287771
1220.32 0.025847910922697698
1220.4 0.025923739928206468
1220.47 0.025990090308026452
1220.54 0.026056440687846433
1220.62 0.02613226969335499
1220.69 0.02619862007317519
1220.76 0.026264970452995175
1220.84 0.026340799458503726
1220.91 0.026407149838323925
1220.98 0.026473500218143913
1221.05 0.026539850597963897
1221.13 0.026615679603472664
1221.2 0.026682029983292648
1221.27 0.026748380363112632
1221.35 0.026824209368621187
1221.42 0.026890559748441387
1221.49 0.02695691012826137
1221.57 0.027032739133769926
1221.64 0.027099089513590125
1221.71 0.02716543989341011
1221.78 0.027231790273230094
1221.86 0.02730761927873865
1221.93 0.027373969658558848
1222.0 0.027440320038378836
1222.08 0.027516149043887387
1222.15 0.027582499423707586
1222.22 0.02764884980352757
1222.29 0.027715200183347555
1222.37 0.02779102918885611
1222.44 0.02785737956867631
1222.51 0.027923729948496293
1222.59 0.027999558954004848
1222.66 0.028065909333825047
1222.73 0.028132259713645035
1222.81 0.028208088719153587
1222.88 0.028274439098973786
1222.95 0.02834078947879377
1223.02 0.028407139858613758
1223.1 0.02848296886412231
1223.17 0.02854931924394251
1223.24 0.028615669623762493
1225.0 0.030283907744952182
1235.0 0.03621690771742074
1245.0 0.03702904666692237
1255.0 0.03587489368408577
1265.0 0.03427430725569371
1275.0 0.037520633445764964
1285.0 0.037815348850406924
1295.0 0.03303638664092968
1305.0 0.03294926361478411
1315.0 0.03611956297144047
1325.0 0.03517780787844224
1335.0 0.03259758814429538
1345.0 0.03517259390015582
1355.0 0.03440024204362876
1365.0 0.03206907530773343
1375.0 0.03192537042449143
1385.0 0.03160979308856921
1395.0 0.026181172278202252
1405.0 0.026335962837468974
1415.0 0.029459072164025425
1425.0 0.029039891954410597
1435.0 0.02944925897590493
1442.0 0.02973750024694404
1447.0 0.029764795687969175
1455.0 0.02867668687797206
1465.0 0.027353999144803316
1475.0 0.027308335370566896
1485.0 0.02732882058986464
1495.0 0.026951222665907413
1505.0 0.025693765061355688
1512.0 0.023892784535112215
1517.0 0.024452189149386856
1525.0 0.02429716600730442
1535.0 0.02184483258919391
1545.0 0.021048827342828525
1555.0 0.02054797780757319
1565.0 0.021573381847044656
1575.0 0.022461352885598855
1585.0 0.022865830787501686
1595.0 0.022947781101843746
1605.0 0.022389287515933668
1615.0 0.02215829712598896
1625.0 0.021559129038513813
1635.0 0.022241555365209678
1645.0 0.022241555365209678
1655.0 0.021465999170780136
1665.0 0.02227587397067516
1672.0 0.020618535325245404
1677.0 0.023461657782723806
1685.0 0.023524506241696892
1695.0 0.022393139038237354
1705.0 0.021802867702489365
1715.0 0.021549514768905324
1725.0 0.021716381728898546
1735.0 0.02287211676398306
1745.0 0.022541159995145683
1755.0 0.023772054982395322
1765.0 0.021861620322084552
1775.0 0.022403024491443737
1785.0 0.02304108724216885
1795.0 0.024824356939243026
1805.0 0.024230082474912085
1815.0 0.023163624813363665
1825.0 0.023334084483202542
1835.0 0.02235922730452876
1845.0 0.020466258940710007
1855.0 0.02154637573430667
1865.0 0.023432736712914553
1875.0 0.023726804083754435
1885.0 0.022853134689944262
1895.0 0.023533713199978264
1905.0 0.02376809825540871
1915.0 0.023726853536329136
1925.0 0.021989141468588404
1935.0 0.0197521682109957
1945.0 0.024180662052392474
1955.0 0.024628173303491655
1967.0 0.027438276297252522
1976.0 0.026885822856376463
1984.0 0.02748350774838132
1995.0 0.02738242572305103
2005.0 0.026723358690724383
2015.0 0.026675029794684866
2025.0 0.024937154870249282
2035.0 0.02792515418430572
2045.0 0.029668095878698134
2055.0 0.028041127442581068
2065.0 0.027591612550421387
2074.0 0.0363232808648377
2078.0 0.04445647345450769
2085.0 0.049094779589455094
2095.0 0.04684886671509949
2105.0 0.04452917902606826
2115.0 0.048366441614492675
2125.0 0.044760022405438415
2135.0 0.04141555204504879
2145.0 0.05071825718872692
2155.0 0.050574448289362584
2165.0 0.045007179146124544
2175.0 0.04569115405750549
2185.0 0.05448373968877914
2195.0 0.054939752855741146
2205.0 0.053046925245257455
2215.0 0.04279681400770859
2225.0 0.047707370319987626
2235.0 0.06098399068292442
2245.0 0.05892599038155694
2255.0 0.04771617171836397
2265.0 0.044077562959346756
2275.0 0.047090140006348466
2285.0 0.059508225972119556
2295.0 0.05382899228806862
2305.0 0.060786770670672646
2315.0 0.05258000659828564
2325.0 0.04211430905432927
2335.0 0.03931596094317733
2345.0 0.02961419286657325
2355.0 0.045264649653615444
2365.0 0.03257963321004829
2375.0 0.03714988916706977
2385.0 0.025160155872783703
2395.0 0.030235966210360298
2405.0 0.030488803952732773
2415.0 0.03403599839589718
2425.0 0.057580849700025874
2435.0 0.0583377068893269
2445.0 0.06787644245914491
2455.0 0.07172195259530206
2465.0 0.061356899886103516
2475.0 0.05387977658567192
2485.0 0.03752174608908766
2495.0 0.04198206989371191
2505.0 0.05886542234155015
2513.0 0.034910177367982874
2518.0 0.027292415074618655
2525.0 0.02733699334935828
2535.0 0.039899420246317555
2545.0 0.05111319106422317
2555.0 0.08169532296478293
2565.0 0.0641617249310867
2575.0 0.07643321133087135
2585.0 0.06905035745924072
2595.0 0.06308179783804711
2605.0 0.0526479439068947
2615.0 0.049027959854207805
2625.0 0.06424917699011089
2635.0 0.12293089557266107
2645.0 0.15683692680753436
2655.0 0.20701172524631925
2665.0 0.13966181350022264
2675.0 0.15553298687325287
2685.0 0.17539481317687897
2695.0 0.13368417204344968
2705.0 0.15944288684845687
2715.0 0.11289359157931993
2725.0 0.09376774521639243
2735.0 0.11351423085982555
2745.0 0.06803573912868316
2755.0 0.08740815958933595
2765.0 0.12099831012619364
2775.0 0.1279161222372196
2785.0 0.06719423205588053
2795.0 0.03373639656882937
2805.0 0.039079172932440454
2815.0 0.11557441097678066
2825.0 0.1567402277829659
2835.0 0.153814645841076
2845.0 0.12067554955250272
2855.0 0.07633330415876348
2865.0 0.14538054415819485
2875.0 0.21190485652702015
2885.0 0.19662561258065153
2895.0 0.24894118546071
2910.0 0.31716445879889543
2930.0 0.27816757468448655
2950.0 0.26148015486571013
2970.0 0.27303070791209444
2990.0 0.27749412928039935
3010.0 0.2796265987972972
3030.0 0.2978685222712732
3050.0 0.3111054541597634
3070.0 0.3374528501900064
3090.0 0.3331810949687612
3110.0 0.38189444917653187
3130.0 0.35554782244713684
3150.0 0.3561546330533247
3170.0 0.38889760132035106
3190.0 0.34405119980015053
3210.0 0.3746835061689239
3230.0 0.3208298803141166
3250.0 0.4589009979188273
3270.0 0.5226056125370967
3290.0 0.5129327729735663
3310.0 0.4740348927835899
3330.0 0.5053609072950329
3350.0 0.45167788860273084
3370.0 0.4663851232563454
3390.0 0.47761020732524695
3410.0 0.48642779370660216
3430.0 0.519574738598917
3450.0 0.41773241846422804
3470.0 0.4797222057053419
3490.0 0.4434003429919868
3510.0 0.5316155713487173
3530.0 0.46143637618319905
3550.0 0.5808135087570532
3570.0 0.4778687035134679
3590.0 0.38805392413715445
3610.0 0.488472888401501
3630.0 0.5436359305545583
3640.0 0.5797665868542574
3650.0 0.629093287521756
3670.0 0.6700754384633633
3690.0 0.6618528940521556
3704.66 0.6025544990108604
3704.88 0.604714692756554
3705.11 0.6069730771270494
3705.33 0.6091332708727385
3705.55 0.6112934646184321
3705.78 0.6135518489889276
3706.0 0.6157120427346167
3706.22 0.6178504298964467
3706.45 0.6200085039811895
3706.67 0.6220727487579024
3706.89 0.6241369935346109
3707.12 0.6262950676193538
3707.34 0.6283593123960666
3707.56 0.6304235571727751
3707.79 0.632581631257518
3708.01 0.634645876034231
3708.24 0.6368039501189695
3708.46 0.6388681948956824
3708.68 0.6409324396723909
3708.91 0.6430905137571338
3709.13 0.6422398711790424
3709.35 0.6413892286009526
3709.58 0.6404999204511307
3709.8 0.6396492778730393
3710.0 0.6388759664384123
3710.02 0.6387986352949495
3710.25 0.6379093271451276
3710.47 0.637058684567038
3710.7 0.6361693764172159
3710.92 0.6353187338391245
3711.14 0.6344680912610349
3711.37 0.633578783111213
3711.59 0.6327281405331215
3711.81 0.6336358011696104
3712.04 0.6351253738395116
3712.26 0.6365501824802883
3712.48 0.6379749911210619
3712.71 0.6394645637909631
3712.93 0.6408893724317367
3713.16 0.6423789451016381
3713.38 0.6438037537424146
3713.6 0.6452285623831884
3713.83 0.6467181350530895
3714.05 0.6481429436938662
3714.27 0.6495677523346398
3714.5 0.6475439473339665
3714.72 0.6430230399168549
3714.94 0.6385021324997341
3715.17 0.6337757292909311
3715.39 0.6292548218738196
3715.62 0.6245284186650167
3715.84 0.6200075112478959
3716.06 0.6154866038307845
3716.29 0.6107602006219814
3716.51 0.6062392932048606
3716.73 0.6017183857877492
3716.96 0.5969919825789461
3717.18 0.5937583546401107
3717.4 0.5932831827261643
3717.63 0.5927864120888574
3717.85 0.592311240174912
3718.08 0.5918144695376049
3718.3 0.5913392976236586
3718.52 0.5908641257097133
3718.75 0.5903673550724062
3718.97 0.5898921831584608
3719.19 0.5894170112445145
3719.42 0.5889202406072075
3719.64 0.5884450686932621
3719.86 0.5879551119389197
3720.09 0.5872883156370583
3720.31 0.5866505104787566
3720.53 0.5860127053204537
3720.76 0.5853459090185921
3720.98 0.5847081038602905
3721.21 0.584041307558429
3721.43 0.5834035024001273
3721.65 0.5827656972418244
3721.88 0.5820989009399627
3722.1 0.5814610957816612
3722.32 0.5808232906233582
3722.55 0.5801564943214967
3722.77 0.5784992507227305
3722.99 0.5767400632799178
3723.22 0.5749009127715208
3723.44 0.5731417253287044
3723.67 0.5713025748203076
3723.89 0.5695433873774949
3724.11 0.5677841999346784
3724.34 0.5659450494262815
3724.56 0.5641858619834689
3724.78 0.5624266745406525
3725.01 0.5605875240322555
3725.23 0.5588283365894429
3725.45 0.557399378715295
3725.68 0.556102748212562
3725.9 0.5548624929490771
3726.13 0.5535658624463442
3726.35 0.5523256071828617
3726.57 0.5510853519193768
3726.8 0.549788721416644
3727.02 0.5485484661531616
3727.24 0.5473082108896792
3727.47 0.5460115803869462
3727.69 0.5447713251234613
3727.91 0.5435310698599788
3728.14 0.5423167202081456
3728.36 0.5412574828166402
3728.59 0.5401500982709767
3728.81 0.5390908608794734
3729.03 0.5380316234879681
3729.26 0.5369242389423046
3729.48 0.5358650015508013
3729.7 0.5348057641592981
3729.93 0.5336983796136345
3730.0 0.5333613495345189
3730.15 0.5326391422221292
3730.37 0.531579904830626
3730.6 0.5304725202849624
3730.82 0.5288932967487885
3731.05 0.5253939759376582
3731.27 0.5220467995096238
3731.49 0.5186996230815896
3731.72 0.5152003022704592
3731.94 0.5118531258424179
3732.16 0.5085059494143835
3732.39 0.5050066286032533
3732.61 0.501659452175212
3732.83 0.4983122757471776
3733.06 0.4948129549360473
3733.28 0.49146577850800605
3733.51 0.48796645769687574
3733.73 0.4895609705926302
3733.95 0.4911554834883846
3734.18 0.49282247424303866
3734.4 0.49441698713879634
3734.62 0.4960115000345508
3734.85 0.4976784907892048
3735.07 0.4992730036849625
3735.29 0.5008675165807169
3735.52 0.5025345073353709
3735.74 0.5041290202311254
3735.96 0.5057235331268831
3736.19 0.507390523881537
3736.41 0.5101592423733539
3736.64 0.5134148642285624
3736.86 0.5165289373074607
3737.08 0.5196430103863527
3737.31 0.5228986322415612
3737.53 0.5260127053204595
3737.75 0.5291267783993515
3737.98 0.53238240025456
3738.2 0.5354964733334519
3738.42 0.5386105464123503
3738.65 0.5418661682675587
3738.87 0.5449802413464506
3739.1 0.5444128564392574
3739.32 0.5410572257663967
3739.54 0.5377015950935431
3739.77 0.5341934357537381
3739.99 0.5308378050808844
3740.21 0.5274821744080238
3740.44 0.5239740150682188
3740.66 0.5206183843953652
3740.88 0.5172627537225046
3741.11 0.5137545943826995
3741.33 0.510398963709846
3741.56 0.506890804370041
3741.78 0.5044406589539083
3742.0 0.5039308390879044
3742.23 0.503397845591627
3742.45 0.5028880257256232
3742.67 0.5023782058596182
3742.9 0.5018452123633409
3743.12 0.501335392497337
3743.34 0.5008255726313321
3743.57 0.5002925791350548
3743.79 0.49978275926905097
3744.02 0.4992497657727736
3744.24 0.4987399459067697
3744.46 0.49848379444131075
3744.69 0.5008679875513151
3744.91 0.5031485200913169
3745.13 0.5054290526313236
3745.36 0.5078132457413279
3745.58 0.5100937782813298
3745.8 0.5123743108213364
3746.03 0.5147585039313408
3746.25 0.5170390364713428
3746.48 0.519423229581347
3746.7 0.5217037621213491
3746.92 0.5239842946613555
3747.15 0.5263684877713599
3747.37 0.5302623184236803
3747.59 0.5344108803568993
3747.82 0.5387480132870782
3748.04 0.5428965752202888
3748.26 0.5470451371535079
3748.49 0.5513822700836781
3748.71 0.5555308320168972
3748.93 0.5596793939501078
3749.16 0.5640165268802867
3750.0 0.5785550711199045
3770.0 0.666668377801188
3790.0 0.6346289888936893
3810.0 0.6327160985832642
3830.0 0.40460958924525003
3850.0 0.5608891474450395
3870.0 0.5864683371745495
3890.0 0.679702760426125
3910.0 0.7713052603497905
3930.0 0.3671744402250527
3950.0 0.7532308893885028
3970.0 0.5378818242217365
3990.0 1.0
4010.0 1.0915548027429105
4030.0 1.0327596590820391
4050.0 1.05744842581626
4070.0 1.0192897169828037
4078.2 1.1006291592407642
4078.45 1.1034575634904416
4078.7 1.106285967740119
4078.94 1.109001235819812
4079.19 1.1118296400694894
4079.43 1.1145449081491772
4079.68 1.1173733123988545
4079.93 1.1202017166485319
4080.17 1.122916984728225
4080.42 1.1257453889779023
4080.66 1.1284606570575901
4080.91 1.1311887815202335
4081.16 1.133912727658417
4081.4 1.136527715951076
4081.65 1.1392516620892597
4081.9 1.1419756082274433
4082.14 1.144590596520097
4082.39 1.1473145426582807
4082.63 1.1499295309509394
4082.88 1.152653477089123
4083.13 1.1553774232273066
4083.37 1.1579924115199605
4083.62 1.1584672343408824
4083.86 1.1586286335601599
4084.11 1.1587967577469072
4084.36 1.1589648819336544
4084.6 1.1591262811529315
4084.85 1.1592944053396788
4085.1 1.159462529526426
4085.34 1.1596239287457037
4085.59 1.159792052932451
4085.83 1.159953452151728
4086.08 1.1601215763384753
4086.33 1.158677978140935
4086.57 1.1568035175063744
4086.82 1.1548509543453755
4087.06 1.1529764937108185
4087.31 1.1510239305498193
4087.56 1.1490713673888207
4087.8 1.14719690675426
4088.05 1.1452443435932609
4088.3 1.1432917804322622
4088.54 1.1414173197977049
4088.79 1.1394647566367062
4089.03 1.1361294542982698
4089.28 1.13189432597497
4089.53 1.12765919765167
4089.77 1.123593474461306
4090.0 1.1196971564038698
4090.02 1.1193583461380063
4090.26 1.1152926229476343
4090.51 1.1110574946243343
4090.76 1.1068223663010348
4091.0 1.1027566431106706
4091.25 1.0985215147873706
4091.5 1.0942863864640708
4091.74 1.0893602181728277
4091.99 1.0834703877324483
4092.23 1.0778161505096786
4092.48 1.0719263200692994
4092.73 1.06603648962892
4092.97 1.060382252406161
4093.22 1.0544924219657816
4093.47 1.0486025915254023
4093.71 1.0429483543026328
4093.96 1.0370585238622534
4094.2 1.0314042866394943
4094.45 1.026985226408943
4094.7 1.0244380555363637
4094.94 1.0219927714986854
4095.19 1.019445600626106
4095.43 1.0170003165884323
4095.68 1.0144531457158532
4095.93 1.0119059748432737
4096.17 1.0094606908055954
4096.42 1.0069135199330161
4096.67 1.004366349060437
4096.91 1.0019210650227632
4097.16 1.0004753319149169
4097.4 1.000967215249857
4097.65 1.0014795937237533
4097.9 1.0019919721976496
4098.14 1.0024838555325917
4098.39 1.0029962340064877
4098.63 1.0034881173414278
4098.88 1.0040004958153241
4099.13 1.0045128742892204
4099.37 1.0050047576241605
4099.62 1.0055171360980568
4099.87 1.0066914259174982
4100.11 1.0098309546346376
4100.36 1.0131012970483275
4100.6 1.016240825765479
4100.85 1.0195111681791689
4101.1 1.022781510592859
4101.34 1.0259210393099987
4101.59 1.0291913817236886
4101.83 1.032330910440828
4102.08 1.035601252854518
4102.33 1.0388715952682082
4102.57 1.0419339856876297
4102.82 1.0445615089536648
4103.07 1.0471890322197
4103.31 1.0497114545551007
4103.56 1.0523389778211358
4103.8 1.0548614001565273
4104.05 1.0574889234225624
4104.3 1.0601164466885973
4104.54 1.0626388690239887
4104.79 1.0652663922900238
4105.03 1.067788814625415
4105.28 1.0704213983326962
4105.53 1.07317543262989
4105.77 1.0758193055552032
4106.02 1.078573339852397
4106.27 1.0813273741495903
4106.51 1.0839712470748937
4106.76 1.0867252813720871
4107.0 1.0893691542973907
4107.25 1.0921231885945843
4107.5 1.0948772228917778
4107.74 1.0975210958170813
4107.99 1.1002751301142748
4108.23 1.1005520209430486
4108.48 1.1006163028578138
4108.73 1.1006805847725791
4108.97 1.1007422954107542
4109.22 1.1008065773255198
4109.47 1.100870859240285
4109.71 1.1009325698784598
4109.96 1.1009968517932252
4110.0 1.1010071368995875
4110.2 1.1010585624313998
4110.45 1.1011228443461654
4110.7 1.1011871262609307
4110.94 1.1017180948768923
4111.19 1.1023689492638917
4111.44 1.1030198036508914
4111.68 1.1036446238624127
4111.93 1.104295478249412
4112.17 1.104920298460931
4112.42 1.1055711528479304
4112.67 1.1062220072349302
4112.91 1.1068468274464491
4113.16 1.1074976818334485
4113.4 1.1081225020449674
4113.65 1.1071403611914032
4113.9 1.1055231666331675
4114.14 1.1039706598572567
4114.39 1.102353465299021
4114.64 1.1007362707407853
4114.88 1.0991837639648803
4115.13 1.0975665694066445
4115.37 1.0960140626307395
4115.62 1.0943968680725038
4115.87 1.092779673514268
4116.11 1.0912271667383633
4116.36 1.0909225901111916
4116.6 1.0914702720249942
4116.85 1.0920407740185374
4117.1 1.0926112760120803
4117.34 1.0931589579258811
4117.59 1.093729459919424
4117.84 1.094299961912967
4118.08 1.0948476438267678
4118.33 1.0954181458203107
4118.57 1.0959658277341116
4118.82 1.0965363297276545
4119.07 1.0973408178909436
4119.31 1.098320474271971
4119.56 1.0993409496688713
4119.81 1.1003614250657718
4120.05 1.1013410814467954
4120.3 1.1023615568436957
4120.54 1.1033412132247193
4120.79 1.1043616886216199
4121.04 1.1053821640185202
4121.28 1.1063618203995438
4121.53 1.1073822957964445
4121.77 1.1060067238178963
4122.02 1.1011391283158798
4122.27 1.0962715328138632
4122.51 1.0915986411319316
4122.76 1.0867310456299153
4123.01 1.0818634501278985
4123.25 1.077190558445967
4123.5 1.0723229629439506
4123.74 1.067650071262019
4123.99 1.0627824757600022
4124.24 1.0579148802579859
4124.48 1.0542066888546433
4124.73 1.0527844514904592
4124.97 1.0514191036208385
4125.22 1.0499968662566543
4125.47 1.0485746288924702
4125.71 1.0472092810228546
4125.96 1.0457870436586707
4126.21 1.0443648062944864
4126.45 1.042999458424871
4126.7 1.0415772210606868
4126.94 1.0402118731910712
4127.19 1.0393158618920864
4130.0 1.0537544655842659
4150.0 1.0155362959796486
4170.0 0.9975813929569521
4190.0 1.064300235111103
4210.0 1.1501265550196929
4230.0 1.0950405435303328
4250.0 1.087253699825955
4270.0 1.0673250206103893
4290.0 1.0494055547527485
4310.0 1.0814824695183198
4315.65 1.243313907252662
4315.91 1.2432687996477394
4316.17 1.240552888748899
4316.43 1.2378369778500582
4316.69 1.235121066951227
4316.95 1.2324051560523863
4317.21 1.2296892451535457
4317.47 1.2269733342547051
4317.73 1.2242574233558738
4317.99 1.221541512457033
4318.25 1.2188256015581926
4318.52 1.215939126575106
4318.78 1.2126502972457918
4319.04 1.2093614679164661
4319.3 1.2060726385871403
4319.56 1.2027838092578147
4319.82 1.1994949799285002
4320.08 1.1962061505991746
4320.34 1.192917321269849
4320.6 1.1896284919405231
4320.86 1.1863396626112086
4321.12 1.183050833281883
4321.38 1.1829900411243603
4321.64 1.1852964762261442
4321.9 1.18760291132792
4322.16 1.1899093464297041
4322.42 1.192215781531488
4322.68 1.1945222166332718
4322.94 1.1968286517350477
4323.2 1.1991350868368318
4323.46 1.2014415219386154
4323.73 1.2038366660827697
4323.99 1.206382229907479
4324.25 1.2107611139413021
4324.51 1.2151399979751252
4324.77 1.2195188820089482
4325.03 1.223897766042756
4325.29 1.228276650076579
4325.55 1.2326555341104022
4325.81 1.2370344181442254
4326.07 1.2414133021780331
4326.33 1.2457921862118562
4326.59 1.2501710702456792
4326.85 1.2520243413089103
4327.11 1.2522991042655363
4327.37 1.2525738672221636
4327.63 1.2528486301787907
4327.89 1.2531233931354178
4328.15 1.253398156092044
4328.41 1.253672919048671
4328.67 1.2539476820052982
4328.94 1.2542330127679486
4329.2 1.2545077757245757
4329.46 1.2543516445724412
4329.72 1.2508919919197639
4329.98 1.2474323392670992
4330.0 1.2471662121399645
4330.24 1.243972686614422
4330.5 1.240513033961745
4330.76 1.237053381309068
4331.02 1.2335937286563912
4331.28 1.230134076003726
4331.54 1.2266744233510491
4331.8 1.223214770698372
4332.06 1.219755118045695
4332.32 1.2171902696465642
4332.58 1.2151846739058825
4332.84 1.213179078165201
4333.1 1.211173482424519
4333.36 1.2091678866838447
4333.62 1.2071622909431627
4333.88 1.2051566952024813
4334.15 1.2030739611640864
4334.41 1.2010683654234047
4334.67 1.199062769682723
4334.93 1.1968559105513885
4335.19 1.1935421027714719
4335.45 1.1902282949915437
4335.71 1.1869144872116153
4335.97 1.1836006794316871
4336.23 1.1802868716517705
4336.49 1.176973063871842
4336.75 1.173659256091914
4337.01 1.1703454483119857
4337.27 1.1670316405320575
4337.53 1.163717832752141
4337.79 1.1653025508670813
4338.05 1.1699488476663287
4338.31 1.1745951444655762
4338.57 1.1792414412648076
4338.83 1.183887738064055
4339.09 1.1885340348633022
4339.35 1.1931803316625498
4339.62 1.1980053321848325
4339.88 1.2026516289840798
4340.14 1.2072979257833274
4340.4 1.2120393598164108
4340.66 1.2173040486357
4340.92 1.2225687374549894
4341.18 1.2278334262742792
4341.44 1.2330981150935498
4341.7 1.2383628039128394
4341.96 1.2436274927321287
4342.22 1.248892181551418
4342.48 1.254156870370689
4342.74 1.2594215591899784
4343.0 1.2646862480092678
4343.26 1.2659860142494945
4343.52 1.2651867038302156
4343.78 1.264387393410939
4344.04 1.26358808299166
4344.3 1.2627887725723805
4344.57 1.2619587194446698
4344.83 1.2611594090253906
4345.09 1.2603600986061114
4345.35 1.2595607881868325
4345.61 1.258761477767556
4345.87 1.257914148288736
4346.13 1.2568027139824416
4346.39 1.2556912796761472
4346.65 1.2545798453698567
4346.91 1.2534684110635623
4347.17 1.252356976757268
4347.43 1.2512455424509734
4347.69 1.250134108144683
4347.95 1.2490226738383885
4348.21 1.2479112395320942
4348.47 1.2467998052257998
4348.73 1.2466391004388846
4348.99 1.2469817230445845
4349.25 1.2473243456502843
4349.51 1.2476669682559844
4349.78 1.2480227686542102
4350.0 1.2483126800898026
4350.04 1.2483653912599102
4350.3 1.24870801386561
4350.56 1.24905063647131
4350.82 1.2493932590770087
4351.08 1.2497358816827084
4351.34 1.2501791383297907
4351.6 1.2510450579506764
4351.86 1.2519109775715591
4352.12 1.2527768971924447
4352.38 1.2536428168133307
4352.64 1.2545087364342165
4352.9 1.2553746560550991
4353.16 1.2562405756759847
4353.42 1.2571064952968705
4353.68 1.2579724149177565
4353.94 1.2588383345386391
4354.2 1.2613837646381987
4354.46 1.2648183473441161
4354.72 1.2682529300500334
4354.99 1.2718196120907845
4355.25 1.2752541947967018
4355.51 1.278688777502619
4355.77 1.2821233602085365
4356.03 1.285557942914442
4356.29 1.2889925256203592
4356.55 1.2924271083262766
4356.81 1.2959553514242463
4357.07 1.299876968168821
4357.33 1.3037985849134095
4357.59 1.3077202016579978
4357.85 1.3116418184025864
4358.11 1.315563435147161
4358.37 1.3194850518917494
4358.63 1.323406668636338
4358.89 1.3273282853809265
4359.15 1.331249902125501
4359.41 1.3351715188700897
4359.67 1.3361738440102922
4359.93 1.335630661830524
4360.2 1.3350665880284587
4360.46 1.3345234058486906
4360.72 1.3339802236689224
4360.98 1.333437041489156
4361.24 1.332893859309388
4361.5 1.3323506771296199
4361.76 1.3318074949498517
4362.02 1.3312643127700836
4362.28 1.3302454444210519
4362.54 1.32722869416111
4362.8 1.3242119439011677
4363.06 1.3211951936412258
4363.32 1.3181784433812944
4363.58 1.3151616931213526
4363.84 1.3121449428614105
4364.1 1.3091281926014684
4364.36 1.306111442341537
4364.62 1.303094692081595
4364.88 1.300077941821653
4365.15 1.2960283653567801
4365.41 1.2917570503037572
4365.67 1.2874857352507338
4365.93 1.283214420197711
4366.19 1.2789431051447027
4366.45 1.2746717900916797
4366.71 1.2704004750386566
4366.97 1.2661291599856335
4367.23 1.2618578449326254
4367.49 1.2575865298796023
4370.0 1.2203532612625974
4390.0 1.2156890218325376
4410.0 1.3224355131866317
4430.0 1.347050053077742
4450.0 1.372215521823163
4470.0 1.4970467281308923
4490.0 1.4894656498972576
4510.0 1.5494888666949478
4530.0 1.4038196313753628
4550.0 1.5042958043510952
4570.0 1.5903059658438041
4590.0 1.542579858226238
4610.0 1.6723014050419518
4630.0 1.6244837824998903
4650.0 1.5620181215644462
4670.0 1.5341978179504032
4690.0 1.551544785321457
4710.0 1.5807606059030281
4730.0 1.5612839669655252
4750.0 1.6393773437898715
4770.0 1.6465703187900886
4790.0 1.658824701611387
4810.0 1.7293120710186618
4830.0 1.653306099228779
4834.84 1.6374341484276236
4835.13 1.6354560472818378
4835.42 1.6349558624302758
4835.71 1.6345084603035085
4836.0 1.6340610581767412
4836.29 1.6336136560499743
4836.59 1.633150826263663
4836.88 1.6327034241368956
4837.17 1.6322560220101288
4837.46 1.6318086198833615
4837.75 1.6313612177565942
4838.05 1.631725696213315
4838.34 1.632611179589208
4838.63 1.633496662965101
4838.92 1.634382146340994
4839.21 1.635267629716887
4839.5 1.6361531130927802
4839.8 1.6370691303781877
4840.09 1.6379546137540808
4840.38 1.6388400971299737
4840.67 1.6387138136661823
4840.96 1.6354076915633657
4841.26 1.6319875652501046
4841.55 1.628681443147288
4841.84 1.6253753210444715
4842.13 1.6220691989416547
4842.42 1.6187630768388381
4842.72 1.6153429505255772
4843.01 1.6120368284227604
4843.3 1.608730706319944
4843.59 1.60754348269772
4843.88 1.6066952828323908
4844.17 1.6058470829670612
4844.47 1.604969634830513
4844.76 1.6041214349651833
4845.05 1.6032732350998542
4845.34 1.6024250352345246
4845.63 1.6015768353691953
4845.93 1.600699387232647
4846.22 1.5989255277946928
4846.51 1.5962877194222955
4846.8 1.5936499110498983
4847.09 1.591012102677501
4847.38 1.5883742943051038
4847.68 1.5856455270233116
4847.97 1.5830077186509144
4848.26 1.5803699102785174
4848.55 1.5777321019061201
4848.84 1.5748279036484027
4849.14 1.5701012122267048
4849.43 1.5655320771857335
4849.72 1.5609629421447624
4850.0 1.5565513634845176
4850.01 1.556393807103791
4850.3 1.5518246720628197
4850.59 1.5472555370218486
4850.89 1.542528845600151
4851.18 1.5379597105591796
4851.47 1.5333905755182082
4851.76 1.5266803694281599
4852.05 1.519288913458863
4852.35 1.511642579697516
4852.64 1.5042511237282192
4852.93 1.4968596677589225
4853.22 1.4894682117896256
4853.51 1.482076755820329
4853.81 1.474430422058982
4854.1 1.467038966089685
4854.39 1.4604613191613167
4854.68 1.4550365683742648
4854.97 1.4496118175872128
4855.26 1.4441870668001608
4855.56 1.4385752556411375
4855.85 1.4331505048540858
4856.14 1.4277257540670338
4856.43 1.4223010032799819
4856.72 1.4168762524929301
4857.02 1.4114265654842701
4857.31 1.408352614877438
4857.6 1.4052786642706057
4857.89 1.4022047136637734
4858.18 1.3991307630569412
4858.47 1.396056812450109
4858.77 1.392876863546487
4859.06 1.3898029129396547
4859.35 1.3867289623328225
4859.64 1.3836550117259903
4859.93 1.3826072423219282
4860.23 1.3826265268963576
4860.52 1.3826451686516397
4860.81 1.3826638104069215
4861.1 1.3826824521622036
4861.39 1.3827010939174853
4861.68 1.3827197356727674
4861.98 1.382739020247197
4862.27 1.382757662002479
4862.56 1.3844969136059195
4862.85 1.3900597426497039
4863.14 1.3956225716934878
4863.44 1.4013772224284236
4863.73 1.406940051472208
4864.02 1.4125028805160094
4864.31 1.4180657095597935
4864.6 1.4236285386035774
4864.9 1.4293831893385134
4865.19 1.4349460183822975
4865.48 1.4396253007188267
4865.77 1.4442391351511275
4866.06 1.4488529695834138
4866.35 1.4534668040157002
4866.65 1.45823973618702
4866.94 1.4628535706193064
4867.23 1.4674674050515928
4867.52 1.4720812394838936
4867.81 1.47669507391618
4868.11 1.4796867542293495
4868.4 1.481261982550675
4868.69 1.4828372108720005
4868.98 1.484412439193326
4869.27 1.4859876675146564
4869.56 1.4875628958359821
4869.86 1.4891924423752805
4870.0 1.489952897426957
4870.15 1.4907676706966062
4870.44 1.4923428990179317
4870.73 1.4946355486988625
4871.02 1.4996783135916576
4871.32 1.5048949669290033
4871.61 1.5099377318217826
4871.9 1.5149804967145617
4872.19 1.5200232616073408
4872.48 1.5250660265001201
4872.77 1.5301087913929152
4873.07 1.5353254447302611
4873.36 1.5403682096230402
4873.65 1.543027260353003
4873.94 1.5451897039657105
4874.23 1.5473521475784178
4874.53 1.5495891582122545
4874.82 1.5517516018249617
4875.11 1.5539140454376688
4875.4 1.5560764890503762
4875.69 1.5582389326630834
4875.98 1.5604013762757907
4876.28 1.5601860318613376
4876.57 1.5572685971597102
4876.86 1.5543511624580826
4877.15 1.551433727756455
4877.44 1.5485162930548275
4877.74 1.5454982571565898
4878.03 1.5425808224549622
4878.32 1.5396633877533348
4878.61 1.5367459530517071
4878.9 1.5338776553049625
4879.2 1.531350988955559
4879.49 1.5289085448178041
4879.78 1.526466100680049
4880.07 1.5240236565422942
4880.36 1.5215812124045391
4880.65 1.5191387682667845
4880.95 1.5166121019173806
4881.24 1.514169657779626
4881.53 1.511727213641871
4881.82 1.510985939938194
4882.11 1.5108927311617841
4882.41 1.510796308289636
4882.7 1.5107030995132262
4882.99 1.5106098907368166
4883.28 1.5105166819604068
4883.57 1.510423473183997
4883.86 1.510330264407587
4884.16 1.510233841535439
4884.45 1.5105648933964797
4884.74 1.5115901899369877
4885.03 1.5126154864774959
4885.32 1.5136407830180039
4885.62 1.5147014346116336
4885.91 1.5157267311521418
4886.2 1.5167520276926498
4886.49 1.5177773242331578
4886.78 1.518802620773666
4887.07 1.519827917314174
4887.37 1.5243528597117735
4887.66 1.5287269706961166
4887.95 1.5331010816804596
4888.24 1.5374751926648025
4888.53 1.5418493036491454
4888.83 1.546374246046745
4889.12 1.5507483570310878
4889.41 1.5551224680154307
4889.7 1.559496578999774
4890.0 1.5631892829191674
4890.29 1.5662931351736147
4890.58 1.5693969874280618
4890.87 1.572500839682509
4891.16 1.5756046919369562
4891.45 1.5787085441914035
4891.74 1.5818123964458508
4892.04 1.5850232780883846
4892.33 1.588127130342832
4892.62 1.5919483687660598
4892.91 1.5976527458823393
4910.0 1.584341490962473
4928.77 1.6281098385077586
4929.07 1.6265477879789638
4929.36 1.625037805801125
4929.66 1.6234757552723251
4929.96 1.6219137047435255
4930.0 1.621705431339686
4930.26 1.6203516542147256
4930.55 1.618841672036887
4930.85 1.61768974012429
4931.15 1.6192035792170119
4931.45 1.620717418309738
4931.74 1.6221807960993722
4932.04 1.6236946351920984
4932.34 1.6252084742848247
4932.64 1.6267223133775508
4932.93 1.6281856911671853
4933.23 1.6296995302599069
4933.53 1.631213369352633
4933.83 1.629350737528814
4934.12 1.6274376444019036
4934.42 1.6254585825464771
4934.72 1.6234795206910506
4935.02 1.6215004588356243
4935.31 1.6195873657087139
4935.61 1.6176083038532934
4935.91 1.6156292419978668
4936.21 1.6136501801424405
4936.5 1.6142136955833524
4936.8 1.6156118272295004
4937.1 1.6170099588756484
4937.4 1.618408090521792
4937.69 1.6197596177797342
4937.99 1.621157749425882
4938.29 1.62255588107203
4938.59 1.623954012718178
4938.88 1.62530553997612
4939.18 1.6297058798585355
4939.48 1.6364020260392538
4939.78 1.6430981722199922
4940.07 1.6495711135280349
4940.37 1.6562672597087738
4940.67 1.6629634058895122
4940.97 1.6696595520702509
4941.26 1.6761324933782935
4941.56 1.682828639559032
4941.86 1.6875892514210318
4942.16 1.6890066676416098
4942.45 1.6903768366548342
4942.75 1.6917942528754122
4943.05 1.6932116690959904
4943.35 1.6946290853165682
4943.64 1.6959992543297928
4943.94 1.6974166705503666
4944.24 1.6988340867709444
4944.54 1.6995803998013674
4944.83 1.6977069033955305
4945.13 1.695768803665353
4945.43 1.6938307039351757
4945.73 1.691892604205004
4946.02 1.690019107799161
4946.32 1.6880810080689896
4946.62 1.6861429083388122
4946.92 1.6842048086086348
4947.21 1.6823313122027979
4947.51 1.6791129349136336
4947.81 1.6758945576244695
4948.11 1.672676180335315
4948.4 1.669565082289125
4948.7 1.6663467049999612
4949.0 1.6631283277107969
4949.3 1.6599099504216326
4949.59 1.6567988523754429
4949.89 1.6535804750862786
4950.0 1.6525511081398578
4950.19 1.6510854804832102
4950.49 1.648771331551655
4950.78 1.64653432091782
4951.08 1.6442201719862646
4951.38 1.6419060230547096
4951.68 1.6395918741231543
4951.97 1.6373548634893191
4952.27 1.635040714557764
4952.57 1.632726565626216
4952.87 1.6315238510009518
4953.16 1.6309832400977746
4953.46 1.6304239874393154
4953.76 1.6298647347808557
4954.06 1.6293054821223965
4954.35 1.6287648712192193
4954.65 1.6282056185607618
4954.95 1.6276463659023024
4955.25 1.6270871132438431
4955.54 1.626709746732424
4955.84 1.6265272119010983
4956.14 1.6263446770697725
4956.44 1.6261621422384474
4956.73 1.6259856919014992
4957.03 1.6258031570701736
4957.33 1.6256206222388478
4957.63 1.6254380874075223
4957.92 1.625261637070574
4958.22 1.624950703806614
4958.52 1.6242178899782882
4958.82 1.6234850761499644
4959.11 1.62277668944925
4959.41 1.6220438756209243
4959.71 1.6213110617925985
4960.01 1.6205782479642727
4960.3 1.6198698612635583
4960.6 1.6191370474352322
4960.9 1.6183579506282788
4961.2 1.616930892120486
4961.49 1.6155514022296205
4961.79 1.6141243437218276
4962.09 1.6126972852140347
4962.39 1.6112702267062418
4962.68 1.6098907368153765
4962.98 1.6084636783075879
4963.28 1.607036619799795
4963.58 1.605609561292002
4963.87 1.608089592754483
4964.17 1.611115828115935
4964.47 1.6141420634773866
4964.77 1.6171682988388387
4965.06 1.6200936596882398
4965.36 1.6231198950496828
4965.66 1.6261461304111346
4965.96 1.6291723657725865
4966.25 1.6320977266219878
4966.55 1.6321165302550884
4966.85 1.6306316180240068
4967.15 1.6291467057929294
4967.44 1.6277112906362181
4967.74 1.6262263784051365
4968.04 1.6247414661740547
4968.34 1.6232565539429729
4968.63 1.6218211387862616
4968.93 1.62033622655518
4969.23 1.618803102888029
4969.53 1.6172217677847995
4969.82 1.6156931438516788
4970.0 1.6147443427897403
4970.12 1.6141118087484494
4970.42 1.61253047364522
4970.72 1.6109491385419905
4971.02 1.609367803438761
4971.31 1.6078391795056406
4971.61 1.6062578444024158
4971.91 1.6043389823255643
4972.21 1.6017450663014616
4972.5 1.599237614144831
4972.8 1.5966436981207286
4973.1 1.5940497820966262
4973.4 1.5914558660725318
4973.69 1.5889484139159011
4973.99 1.5863544978917985
4974.29 1.583760581867696
4974.58 1.5811499713141997
4974.88 1.5775244713214285
4975.18 1.5738989713286575
4975.48 1.5702734713358975
4975.78 1.5666479713431265
4976.07 1.5631433213501167
4976.37 1.5595178213573457
4976.48 1.5581884713600012
4976.67 1.5558923213645748
4976.78 1.5545629713672302
4976.97 1.5522668213718036
4977.08 1.550937471374459
4977.26 1.5487621713787942
4977.38 1.546714337258791
4977.56 1.5434632958419137
4977.68 1.541295934897334
4977.86 1.5380448934804734
4977.98 1.535877532535894
4978.16 1.5326264911190166
4978.28 1.5304591301744372
4978.45 1.5273887021696122
4978.58 1.5250407278129805
4978.75 1.5219702998081557
4978.88 1.519622325451524
4979.05 1.516551897446699
4979.18 1.514203923090067
4979.35 1.5111334950852424
4979.48 1.5087855207286267
4979.64 1.505895706135838
4979.78 1.5033671183671702
4979.94 1.5004773037743977
4980.08 1.499177030786216
4980.24 1.4995627222748078
4980.39 1.4999243080453648
4980.54 1.5002858938159191
4980.69 1.5006474795864737
4980.83 1.5009849596389928
4980.99 1.501370651127585
4981.13 1.5017081311801042
4981.29 1.5020938226686964
4981.43 1.5024313027212153
4981.59 1.5028169942098075
4981.73 1.5031544742623244
4981.89 1.5035401657509189
4982.02 1.5038535400854003
4982.19 1.5042633372920278
4982.32 1.5045767116265094
4982.49 1.5049865088331391
4982.62 1.5052998831676205
4982.79 1.5061750814371515
4982.92 1.5080010092260643
4983.09 1.5103887609500264
4983.21 1.5120742327551735
4983.39 1.5146024404629013
4983.51 1.5162879122680484
4983.69 1.5188161199757633
4983.81 1.5205015917809233
4983.99 1.5230297994886381
4984.11 1.5247152712937855
4984.29 1.527243479001513
4984.4 1.528788494822895
4984.59 1.531457158514388
4984.7 1.5330021743357698
4984.89 1.5356708380272626
4985.0 1.5372158538486445
4985.19 1.539884517540125
4985.3 1.5414295333615193
4985.49 1.5440214681419264
4985.59 1.5446587388688373
4985.79 1.5459332803226533
4985.89 1.546570551049564
4986.09 1.54784509250338
4986.19 1.5484823632302849
4986.39 1.5497569046841067
4986.49 1.5503941754110118
4986.69 1.5516687168648275
4986.78 1.5522422605190462
4986.99 1.5535805290455544
4987.08 1.554154072699773
4987.29 1.555492341226281
4987.38 1.5560658848804996
4987.59 1.5574041534070078
4987.68 1.5579776970612265
4987.9 1.559379692660421
4987.97 1.559825782169261
4988.2 1.5612915048411478
4988.5 1.56025802760587
4988.8 1.5590141725551587
4989.1 1.5577703175044475
4989.4 1.5565264624537398
4989.7 1.5552826074030286
4990.0 1.5540387523523171
4990.3 1.552794897301606
4990.6 1.5515510422508945
4990.9 1.550307187200187
4991.2 1.5489749445166736
4991.5 1.5476250243065997
4991.8 1.546275104096526
4992.1 1.544925183886452
4992.4 1.5435752636763822
4992.7 1.5422253434663082
4993.0 1.5408754232562345
4993.3 1.5395255030461603
4993.6 1.5381755828360866
4993.9 1.5365967838186232
4994.2 1.5349347561439206
4994.5 1.5332727284692176
4994.8 1.531610700794515
4995.1 1.5299486731198122
4995.41 1.5282312445226236
4995.71 1.5265692168479206
4996.01 1.524907189173218
4996.31 1.5232451614985152
4996.61 1.5230449057386075
4996.91 1.5236909389820001
4997.21 1.524336972225393
4997.51 1.5249830054687856
4997.81 1.5256290387121783
4998.11 1.526275071955569
4998.41 1.5269211051989617
4998.71 1.5275671384423546
4999.01 1.5282131716857472
4999.31 1.526786755997094
4999.61 1.5235469474929266
4999.91 1.520307138988749
5000.21 1.5170673304845719
5000.51 1.5138275219803945
5000.81 1.5105877134762173
5001.11 1.5073479049720497
5001.41 1.5041080964678726
5001.71 1.5008682879636952
5002.01 1.499344627110526
5002.31 1.5000651593394434
5002.61 1.5007856915683586
5002.92 1.5015302415382403
5003.22 1.5022507737671575
5003.52 1.502971305996075
5003.82 1.5036918382249902
5004.12 1.5044123704539074
5004.42 1.5051329026828246
5004.72 1.5050572189393796
5005.02 1.503389103251217
5005.32 1.5017209875630593
5005.62 1.5000528718748964
5005.92 1.4983847561867338
5006.22 1.496716640498571
5006.52 1.4950485248104082
5006.82 1.4933804091222507
5007.12 1.4917122934340878
5007.42 1.489789942773029
5007.72 1.4870322486295913
5008.02 1.4842745544861538
5008.32 1.4815168603427245
5008.62 1.4787591661992872
5008.92 1.4760014720558494
5009.22 1.473243777912412
5009.52 1.4704860837689744
5009.82 1.467728389625545
5010.0 1.466073773139481
5010.12 1.4651411223221154
5010.42 1.4636616294787386
5010.73 1.4621328202072523
5011.03 1.4606533273638753
5011.33 1.4591738345204983
5011.63 1.4576943416771215
5011.93 1.4562148488337445
5012.23 1.454735355990372
5012.53 1.453255863146995
5012.83 1.4518517209072122
5013.13 1.4526327461716122
5013.43 1.453413771436012
5013.73 1.4541947967004096
5014.03 1.4549758219648095
5014.33 1.4557568472292093
5014.63 1.4565378724936093
5014.93 1.4573188977580092
5015.23 1.4580999230224065
5015.53 1.4588809482868066
5015.83 1.4584846854731086
5016.13 1.4580043306538304
5016.43 1.4575239758345522
5016.73 1.4570436210152755
5017.03 1.4565632661959973
5017.33 1.456082911376719
5017.63 1.4556025565574409
5017.93 1.4551222017381624
5018.23 1.4546418469188858
5018.54 1.4574625678375086
5018.84 1.460962718096486
5019.14 1.4644628683554632
5019.44 1.46796301861443
5019.74 1.4714631688734072
5020.04 1.4749633191323843
5020.34 1.4784634693913619
5020.64 1.481963619650339
5020.94 1.4854637699093056
5021.24 1.4890204882532772
5021.54 1.492597776809974
5021.84 1.496175065366671
5022.14 1.4997523539233681
5022.44 1.5033296424800542
5022.74 1.5069069310367513
5023.04 1.5104842195934485
5023.34 1.5140615081501454
5023.64 1.5176387967068423
5023.94 1.5203985788394732
5024.24 1.5226850677792378
5024.54 1.5249715567190023
5024.84 1.5272580456587665
5025.14 1.529544534598531
5025.44 1.5318310235382884
5025.74 1.5341175124780526
5026.04 1.5364040014178173
5026.35 1.5387667066555752
5026.65 1.5400445795078905
5026.95 1.540439913283698
5027.25 1.5408352470595053
5027.55 1.5412305808353126
5027.85 1.54162591461112
5028.15 1.5420212483869262
5028.45 1.5424165821627336
5028.75 1.542811915938541
5029.05 1.543207249714348
5029.35 1.5422028447961376
5029.65 1.5393680123549902
5029.95 1.536533179913834
5030.0 1.5360607078403068
5030.25 1.533698347472678
5030.55 1.530863515031522
5030.85 1.528028682590366
5031.15 1.5251938501492184
5031.45 1.5223590177080621
5031.75 1.5195241852669061
5032.05 1.5169201694748091
5032.35 1.514777786980828
5032.65 1.5126354044868537
5032.95 1.510493021992873
5033.25 1.508350639498892
5033.55 1.506208257004911
5033.85 1.5040658745109299
5034.16 1.5018520792671546
5034.46 1.4997096967731738
5034.76 1.4974912375714895
5035.06 1.4950228120444973
5035.36 1.4925543865175126
5035.66 1.4900859609905202
5035.96 1.4876175354635282
5036.26 1.485149109936536
5050.0 1.5728264252347428
5070.0 1.5161998460448163
5090.0 1.5592648720227436
5110.0 1.5409084486764586
5130.0 1.4927350186980048
5150.0 1.44543252889874
5170.0 1.2040782053775045
5190.0 1.4310635924912298
5210.0 1.495365434650198
5230.0 1.5623658315910238
5250.0 1.5987349319174178
5270.0 1.5116173725065225
5290.0 1.7187251610663745
5310.0 1.784140274492927
5330.0 1.6525659657079694
5350.0 1.7747513495184488
5370.0 1.6655227363666236
5390.0 1.6519536077421155
5410.0 1.6602726517414828
5430.0 1.666334757713429
5450.0 1.6563916311375146
5470.0 1.6281210291914616
5490.0 1.66800865877392
5510.0 1.6348411931131606
5530.0 1.6433918291328535
5550.0 1.7106526382101346
5570.0 1.6660725825164235
5590.0 1.6127419611448026
5610.0 1.699002826797203
5630.0 1.6821297884000066
5650.0 1.6600065246143478
5670.0 1.6836750247505903
5690.0 1.72643449110419
5710.0 1.6329521951470365
5730.0 1.747963151870377
5750.0 1.7130850658648582
5770.0 1.731454317441441
5790.0 1.6864690886160596
5810.0 1.7210518449713064
5830.0 1.7972052851041953
5850.0 1.6714705612936094
5870.0 1.6738351715282556
5890.0 1.364837471213756
5910.0 1.6187847825423176
5930.0 1.6508200360581675
5950.0 1.6542998976310517
5970.0 1.6602662235500047
5990.0 1.6529009331352815
6010.0 1.611511605296188
6030.0 1.691828965109385
6050.0 1.696810492094129
6070.0 1.7347024309813137
6090.0 1.6710525810461527
6110.0 1.6902611292082537
6130.0 1.6259645562894502
6150.0 1.6324102774910645
6170.0 1.573601024653722
6190.0 1.5767310694423815
6210.0 1.5861128565436584
6230.0 1.5215622433745446
6250.0 1.5425605736518084
6270.0 1.5978205216798769
6290.0 1.6043694047974486
6310.0 1.570200189953059
6330.0 1.650040580304757
6350.0 1.6735257678923385
6370.0 1.6356263228012786
6390.0 1.6132127370203535
6410.0 1.6174545903111235
6430.0 1.6027962632922963
6450.0 1.6109633955199483
6470.0 1.6600955550662988
6490.0 1.6170424212426024
6510.0 1.6960802495423932
6523.64 1.6639251501384458
6524.04 1.6623695278011246
6524.43 1.6608527960222332
6524.82 1.6629230560846935
6525.22 1.665587424148958
6525.61 1.6681851830116083
6526.0 1.6707829418742648
6526.4 1.673447309938523
6526.79 1.6760450688011796
6527.19 1.678709436865438
6527.58 1.6817556676560714
6527.97 1.6848392711073705
6528.37 1.6880019413138256
6528.76 1.6910855447651247
6529.15 1.6941691482164165
6529.55 1.6973318184228787
6529.94 1.7004154218741707
6530.0 1.7002100411564962
6530.34 1.6982757983412047
6530.73 1.6960571080530809
6531.12 1.6938384177649517
6531.52 1.6915628379822543
6531.91 1.6893441476941302
6532.3 1.687125457406001
6532.7 1.68484388814417
6533.09 1.6825084030128388
6533.49 1.680113033647375
6533.88 1.6777775485160438
6534.27 1.6754420633847125
6534.67 1.6730466940192483
6535.06 1.670711208887917
6535.46 1.6683766727359521
6535.85 1.6666343114362343
6536.24 1.6648919501365207
6536.64 1.66310491290604
6537.03 1.6613625516063262
6537.42 1.6596201903066083
6537.82 1.6578331530761317
6538.21 1.6555932497561268
6538.6 1.6506168653245603
6539.0 1.6455128812921935
6539.39 1.640536496860627
6539.79 1.6354325128282603
6540.18 1.6304561283966938
6540.57 1.6254797439651392
6540.97 1.6214693958906483
6541.36 1.6212321006099253
6541.76 1.6209887208348241
6542.15 1.6207514255541011
6542.54 1.6205141302733777
6542.94 1.6202707504982772
6543.33 1.6200334552175535
6543.72 1.6189731285525784
6544.12 1.6154376232404855
6544.51 1.6119905055611887
6544.91 1.6084550002490958
6545.3 1.6050078825697993
6545.69 1.6015607648905106
6546.09 1.5980252595784097
6546.48 1.5955600481471561
6546.87 1.5950586492119856
6547.27 1.5945443938938617
6547.66 1.594042994958692
6548.06 1.5935287396405682
6548.45 1.593027340705399
6548.84 1.5925259417702282
6549.24 1.5900705227737304
6549.63 1.584837537372512
6550.0 1.5798729101970028
6550.02 1.5796045519712938
6550.42 1.574237387457233
6550.81 1.5690044020560148
6551.21 1.563637237541954
6551.6 1.558404252140736
6551.99 1.5514745467723248
6552.39 1.5421150999824722
6552.78 1.5329896393623919
6553.17 1.5238641787422902
6553.57 1.5145047319524587
6553.96 1.5053792713323573
6554.36 1.4960198245425258
6554.75 1.4890220953011557
6555.14 1.4840457108695877
6555.54 1.4789417268372191
6555.93 1.473965342405651
6556.33 1.4688613583732826
6556.72 1.4638849739417146
6557.11 1.4589085895101581
6557.51 1.4590226828707038
6557.9 1.4628943427140768
6558.29 1.466766002557459
6558.69 1.4707369357301519
6559.08 1.474608595573534
6559.48 1.4785795287462267
6559.87 1.4824511885896088
6560.26 1.4855910481005494
6560.66 1.4883423140525063
6561.05 1.491024798355669
6561.44 1.4937072826588254
6561.84 1.4964585486107884
6562.23 1.4991410329139447
6562.63 1.501892298865908
6563.02 1.5037379522876428
6563.41 1.5052116808731855
6563.81 1.506723197371182
6564.2 1.5081969259567247
6564.59 1.5096706545422707
6564.99 1.5111821710402638
6565.38 1.51265589962581
6565.78 1.5165109705122788
6566.17 1.5211363756892258
6566.56 1.525761780866173
6566.96 1.5305057861758538
6567.35 1.535131191352801
6567.75 1.539875196662482
6568.14 1.544500601839429
6568.53 1.5481196736407157
6568.93 1.5515651842721463
6569.32 1.5549245571377812
6569.71 1.5582839300034244
6570.0 1.5607819252112076
6570.11 1.5617294406348468
6570.5 1.5650888135004897
6570.9 1.5685343241319123
6571.29 1.5710446290917703
6571.68 1.5734300711243066
6572.08 1.5758766783371603
6572.47 1.5782621203696963
6572.86 1.5806475624022271
6573.26 1.5830941696150862
6573.65 1.5854796116476169
6574.05 1.5873557473656503
6574.44 1.589123178612122
6574.83 1.5908906098585978
6575.23 1.5927033598549798
6575.62 1.5944707911014555
6576.01 1.5962382223479312
6576.41 1.5980509723443133
6576.8 1.6004657224724774
6577.2 1.6029598607653728
6577.59 1.6053916456009503
6577.98 1.6078234304365218
6578.38 1.610317568729423
6578.77 1.6127493535650004
6579.16 1.6152577676042954
6579.56 1.6208170740460779
6579.95 1.6262373978268005
6580.35 1.631796704268583
6580.74 1.6372170280493057
6581.13 1.6426373518300406
6581.53 1.6481966582718104
6581.92 1.6527950580063975
6582.31 1.6475303691871064
6582.71 1.6421306883468172
6583.1 1.636865999527526
6583.5 1.631466318687237
6583.89 1.6262016298679458
6584.28 1.620936941048667
6584.68 1.6165304157914975
6585.07 1.6177212382625246
6585.46 1.6189120607335543
6585.86 1.6201334171140953
6586.25 1.621324239585125
6586.65 1.6225455959656663
6587.04 1.623736418436696
6587.43 1.6237427551320183
6587.83 1.6190416826340224
6588.22 1.6144581369484685
6588.62 1.6097570644504726
6589.01 1.6051735187649183
6589.4 1.6005899730793751
6589.8 1.5958889005813686
6590.0 1.5935383643323706
6590.19 1.5913524754161923
6590.58 1.5869526997600705
6590.98 1.5824401093435432
6591.37 1.5780403336874211
6591.77 1.5735277432708834
6592.16 1.5691279676147718
6592.55 1.56472819195865
6592.95 1.562931512440963
6593.34 1.5666794694813617
6593.73 1.570427426521752
6594.13 1.5742714850247272
6594.52 1.5780194420651261
6594.92 1.5818635005680926
6595.31 1.5856114576084914
6595.7 1.589455028131957
6596.1 1.5935540559231345
6596.49 1.597550608019521
6596.88 1.601547160115917
6597.28 1.605646187907085
6597.67 1.609642740003481
6598.07 1.613741767794649
6598.46 1.6187773901221216
6598.85 1.6251576915721648
6599.25 1.631701590495275
6599.64 1.6380818919453186
6600.04 1.6446257908684287
6600.43 1.6510060923184722
6600.82 1.657386393768501
6601.22 1.658455115792318
6601.61 1.6541588222887025
6602.0 1.649862528785077
6610.0 1.6135918970910368
6630.0 1.6045659444057871
6650.0 1.6299217192906634
6670.0 1.5912817653099454
6690.0 1.5757772888781043
6710.0 1.558735510454651
6730.0 1.5414128200636719
6750.0 1.5509334537547879
6770.0 1.5615012398374324
6790.0 1.5247775751945685
6810.0 1.5638971480215795
6830.0 1.58568059495055
6850.0 1.5390950769665035
6870.0 1.5308365892036773
6890.0 1.4950192054075642
6910.0 1.5333267380815143
6930.0 1.5458490621214807
6950.0 1.589846961615349
6970.0 1.5929628912729255
6990.0 1.5778976200606034
7010.0 1.5801495953665559
7030.0 1.586714829477715
7050.0 1.6353087475525152
7070.0 1.522152670395458
7090.0 1.55272174464006
7110.0 1.4754733160190845
7130.0 1.4537971913169025
7150.0 1.4682203651055483
7170.0 1.4813093250913758
7190.0 1.4482243343799883
7210.0 1.4606543680844504
7230.0 1.5161155677387461
7250.0 1.4932421856632585
7270.0 1.488912878792877
7290.0 1.5090756500804638
7310.0 1.5171108519763143
7330.0 1.5550207652923336
7350.0 1.559338509217949
7370.0 1.559194506594689
7390.0 1.6480761906266899
7410.0 1.6130276192729223
7430.0 1.615779665956439
7450.0 1.6014857990591307
7470.0 1.5927303739742025
7490.0 1.6309997324846899
7510.0 1.6460963052511077
7530.0 1.656195603549655
7550.0 1.6474020102608038
7570.0 1.6405924844895308
7590.0 1.6289625760065929
7610.0 1.6126717575800444
7630.0 1.547752267780485
7650.0 1.5790777770290187
7670.0 1.5672478563925454
7690.0 1.5371187020849495
7710.0 1.5303422671086044
7730.0 1.5104997410200365
7750.0 1.4936612518297967
7770.0 1.5122616898670813
7790.0 1.4731517826138212
7810.0 1.4977300761503716
7830.0 1.5222306368539378
7850.0 1.4904112136054393
7870.0 1.5242684247160185
7890.0 1.5439244985407132
7910.0 1.527716368907482
7930.0 1.4942820539019095
7950.0 1.451199431511694
7970.0 1.4975129352547114
7990.0 1.4918522874679663
8010.0 1.495538860013208
8030.0 1.5578873370113093
8050.0 1.562569485642383
8070.0 1.5315720343417816
8090.0 1.500314545183644
8110.0 1.525115494041468
8130.0 1.550944515600954
8150.0 1.5286234574349276
8170.0 1.4666452256847433
8190.0 1.443581027553164
8210.0 1.5131377470730547
8230.0 1.4898576285456369
8250.0 1.569596941697668
8270.0 1.5456922893844944
8290.0 1.512223979326668
8310.0 1.5041857433144183
8330.0 1.5062804655900914
8350.0 1.4821326723994264
8370.0 1.5082146545708295
8390.0 1.5115452065709827
8410.0 1.5020447117172393
8430.0 1.481423264583223
8450.0 1.4868545249828862
8470.0 1.4449739867161444
8490.0 1.4553893828693278
8510.0 1.4692386203666816
8530.0 1.4472961064480236
8550.0 1.3962923151872408
8570.0 1.415481100034972
8590.0 1.4540914370361961
8610.0 1.451579717920094
8630.0 1.457358911793411
8650.0 1.4200180155874758
8670.0 1.376068266040178
8690.0 1.323414881102562
8710.0 1.3860672476278773
8730.0 1.4379442737729133
8750.0 1.4408598505314947
8770.0 1.45167712868089
8790.0 1.451228518865
8810.0 1.4207335196931976
8830.0 1.43684381009353
8850.0 1.4662483852776502
8870.0 1.4197487266856863
8890.0 1.3828679507066033
8910.0 1.3877894618616018
8930.0 1.384838752412347
8950.0 1.3778700067306306
8970.0 1.3499719657266578
8990.0 1.318309856597486
9010.0 1.3095797572532892
9030.0 1.342170769634281
9050.0 1.4737878137930054
9070.0 1.4773700543304769
9090.0 1.4069280267809818
9110.0 1.4035579332721526
9130.0 1.267767344649208
9150.0 1.366605835142351
9170.0 1.3938986742876922
9190.0 1.3802022600648536
9210.0 1.3900308116428794
9230.0 1.3366307921829892
9250.0 1.323322356174842
9270.0 1.415183403185327
9290.0 1.3674693495945511
9310.0 1.367091698847001
9330.0 1.4105910547747724
9350.0 1.399746551905815
9370.0 1.394403171174007
9390.0 1.4024868956558032
9410.0 1.3899773652308827
9430.0 1.4139981828467085
9450.0 1.3977978450391217
9470.0 1.4218088225130603
9490.0 1.4231978163433565
9510.0 1.4030242510897668
9530.0 1.404318852112133
9550.0 1.3918725165451236
9570.0 1.3901538282341885
9590.0 1.3981120314293853
9610.0 1.400359667765457
9630.0 1.3989690651041617
9650.0 1.3797817501239198
9670.0 1.3830614658586138
9690.0 1.394713536222818
9710.0 1.380092691212041
9730.0 1.3655410659116154
9750.0 1.3612040938946754
9770.0 1.3536431400215458
9790.0 1.3568318434718614
9810.0 1.3717323761282179
9830.0 1.365479214079042
9850.0 1.367935460221308
9870.0 1.3598180986056687
9890.0 1.3566964299369462
9910.0 1.3457155873777686
9930.0 1.3459681326456814
9950.0 1.3516361996543504
9970.0 1.3517486202859137
9990.0 1.3475265672813659
10025.0 1.3477930374312936
10075.0 1.331069701216863
10125.0 1.3393264616694214
10175.0 1.3245664399721138
10225.0 1.3278011090732145
10275.0 1.3246646572294918
10325.0 1.3125327742611161
10375.0 1.3031865221800951
10425.0 1.2938402700990737
10475.0 1.2844940180180524
10525.0 1.2736678308432483
10575.0 1.260616182934027
10625.0 1.2475645350248057
10675.0 1.2345128871155844
10725.0 1.2227324510743078
10775.0 1.212257235811914
10825.0 1.20178202054952
10875.0 1.191306805287126
10925.0 1.1797710018203749
10975.0 1.1672347912133303
11025.0 1.1546985806062857
11075.0 1.1421623699992411
11125.0 1.1322460928585236
11175.0 1.1253807339101953
11225.0 1.118515374961867
11275.0 1.1116500160135385
11325.0 1.1056894835591937
11375.0 1.1015348091344823
11425.0 1.0973801347097711
11475.0 1.09322546028506
11525.0 1.0868423352117222
11575.0 1.0793060968285493
11625.0 1.071769858445376
11675.0 1.0642336200622033
11725.0 1.05572437675097
11775.0 1.045667400212201
11825.0 1.035610423673432
11875.0 1.0255534471346628
11925.0 1.0178489628753458
11975.0 1.0118340692909615
12025.0 1.0058191757065775
12075.0 0.9998042821221932
12125.0 0.9951892887395801
12175.0 0.9911290170509949
12225.0 0.9870687453624096
12275.0 0.9830084736738243
12325.0 0.9782506493247045
12375.0 0.9710368845957282
12425.0 0.9638231198667518
12475.0 0.9566093551377756
12525.0 0.9494799049335623
12575.0 0.942650436124199
12625.0 0.9358209673148358
12675.0 0.9289914985054725
12725.0 0.9230398241746707
12775.0 0.9174004238015352
12825.0 0.9117610234283996
12875.0 0.906121623055264
12925.0 0.9012325090718548
12975.0 0.8968142779528315
13025.0 0.8923960468338081
13075.0 0.8879778157147848
13125.0 0.8823980771295019
13175.0 0.8752404416089229
13225.0 0.8680828060883439
13275.0 0.8609251705677651
13325.0 0.8565098779698525
13375.0 0.8528761989163338
13425.0 0.8492425198628153
13475.0 0.8456088408092967
13525.0 0.8417607231807204
13575.0 0.8376614805686746
13625.0 0.8335622379566289
13675.0 0.8294629953445831
13725.0 0.8235092221467873
13775.0 0.8167757031345286
13825.0 0.8100421841222699
13875.0 0.8033086651100113
13925.0 0.7961565708413544
13975.0 0.7877828666551215
14025.0 0.7794091624688888
14075.0 0.771035458282656
14125.0 0.7646817651941159
14175.0 0.7615630326460014
14225.0 0.758444300097887
14275.0 0.7553255675497724
14325.0 0.75404153380518
14375.0 0.7549147481750857
14425.0 0.7557879625449915
14475.0 0.7566611769148972
14525.0 0.7540547446813052
14570.0 0.7483217326534628
14620.0 0.7419517192891936
14675.0 0.7349447045884974
14725.0 0.7319671325513843
14775.0 0.7332069023346164
14825.0 0.7344466721178483
14875.0 0.7356864419010803
14925.0 0.7366310407520779
14975.0 0.737039343120565
15025.0 0.737447645489052
15075.0 0.7378559478575389
15125.0 0.7386860002924832
15175.0 0.7411278131067616
15225.0 0.7435696259210399
15275.0 0.7460114387353182
15325.0 0.7453047367785814
15375.0 0.7432957229445489
15425.0 0.7412867091105164
15475.0 0.739277695276484
15525.0 0.7371152070851044
15575.0 0.734767696653482
15625.0 0.7324201862218597
15675.0 0.7300726757902373
15725.0 0.72716561812294
15775.0 0.7208213417222109
15825.0 0.7144770653214819
15875.0 0.7081327889207527
15925.0 0.7051797161409474
15975.0 0.7056205610305822
16050.0 0.7062818283650344
16150.0 0.7046761076004174
16250.0 0.7017821286731195
16350.0 0.6976095533992375
16450.0 0.6916799706101538
16550.0 0.6858383630629018
16650.0 0.6800738370127144
16750.0 0.6734172868241167
16850.0 0.6662202505147191
16950.0 0.6586727640928408
17050.0 0.6509680497992614
17150.0 0.6416196060968701
17250.0 0.6291086654617357
17350.0 0.6173152473632428
17450.0 0.6067974248854457
17550.0 0.5959816622773841
17650.0 0.5846252804686987
17750.0 0.5728186046611592
17850.0 0.5600855979706209
17950.0 0.5477976874854984
18050.0 0.5357119051739275
18150.0 0.5268184509987003
18250.0 0.5199057818557303
18350.0 0.5122814309599483
18450.0 0.5040072126438156
18550.0 0.4940363152018723
18650.0 0.4815613562920019
18750.0 0.4732059618605106
18850.0 0.4666910210038508
18950.0 0.4613235463741613
19050.0 0.45698101412592707
19150.0 0.4509580526206479
19250.0 0.4416716272949063
19350.0 0.4331443433285434
19450.0 0.42518717970719466
19550.0 0.4174257152795653
19650.0 0.41004926143186454
19750.0 0.4025684673288053
19850.0 0.3949956267780019
19950.0 0.3908555019138679
20050.0 0.3881263408983679
20150.0 0.38345163359523354
20250.0 0.3759387344739199
20350.0 0.3705515949983477
20450.0 0.36693060295455415
20550.0 0.36292083836220385
20650.0 0.35871802568303646
20750.0 0.3543854242609985
20850.0 0.3497448755181867
20950.0 0.3454695591184277
21050.0 0.3417921758372528
21150.0 0.3378162078834324
21250.0 0.3334664880279599
21350.0 0.32937506315643117
21450.0 0.325550974118915
21550.0 0.32084080426060296
21650.0 0.31531402340756826
21750.0 0.31102560285143704
21850.0 0.3078305115049049
21950.0 0.30379829668944025
22050.0 0.299004421024855
22150.0 0.29462923405337166
22250.0 0.2906771128984403
22350.0 0.28693011559143394
22450.0 0.28343120665021243
22550.0 0.279862899941087
22650.0 0.27618545287816765
22750.0 0.26807397615533674
22850.0 0.24989201597527105
22950.0 0.24422539607839167
23050.0 0.2431642844389368
23150.0 0.2338884698132374
23250.0 0.21945054171678116
23350.0 0.20928522978512587
23450.0 0.2037876996062275
23550.0 0.20060696887928153
23650.0 0.20231341709575765
23750.0 0.19747826418565786
23850.0 0.1897260641566512
23950.0 0.18451835596799715
24050.0 0.181852088060423
24150.0 0.1795996528461711
24250.0 0.17836632362738597
24350.0 0.17452923914429486
24450.0 0.16907520111645477
24550.0 0.1651417734972233
24650.0 0.16380416862750086
24750.0 0.15585059848418692
24850.0 0.1446443103304677
24950.0 0.13734594449092075
25050.0 0.13625332692253347
25150.0 0.1360611966620062
25250.0 0.13633336737470406
25350.0 0.13627125500394333
25450.0 0.1355561750271592
25550.0 0.1357234478718609
25650.0 0.1365195047703737
25750.0 0.13682069312247133
25850.0 0.1354183113429958
25950.0 0.13448450836059578
26050.0 0.13414249950955542
26150.0 0.13312423093055858
26250.0 0.13173538039537502
26350.0 0.13044033229164517
26450.0 0.12945475962169686
26550.0 0.12834927678725508
26650.0 0.12706944604493023
26750.0 0.1258974697227232
26850.0 0.12480682407094
26950.0 0.12384341000345037
27050.0 0.12292954854548897
27150.0 0.12191772353910564
27250.0 0.120583237141591
27350.0 0.11936296853355426
27450.0 0.11835259618109607
27550.0 0.11709615101320295
27650.0 0.1155499058048324
27750.0 0.11440337565431338
27850.0 0.11358059661399991
27950.0 0.11252017997990467
28050.0 0.11132192678288119
28150.0 0.11023337612572127
28250.0 0.10919190803640617
28350.0 0.10798045873448264
28450.0 0.10671340177641048
28550.0 0.10557339812756888
28650.0 0.10446641841433808
28750.0 0.10368129252192472
28850.0 0.10296681746822739
28950.0 0.10210804828916653
29050.0 0.1005310859350297
29150.0 0.09941818950725227
29250.0 0.09839906574712842
29350.0 0.09739990757495354
29450.0 0.09640521551814463
29550.0 0.09551740577745647
29650.0 0.09465829955867971
29750.0 0.09373692455209641
29850.0 0.0927943033282143
29950.0 0.09194061549839816
30050.0 0.09112718281906279
30150.0 0.09026535220769093
30250.0 0.0893735169169243
30350.0 0.08864610068537279
30450.0 0.08806361451824701
30550.0 0.087446327833469
30650.0 0.08678321025380331
30750.0 0.08612484030920226
30850.0 0.0854766947732598
30950.0 0.08474639758753061
31050.0 0.08366034347063532
31150.0 0.08299569203226341
31250.0 0.0824641151239515
31350.0 0.08183519701620548
31450.0 0.08114296455510578
31550.0 0.0804584709508118
31650.0 0.07978394349269931
31750.0 0.07906098810695043
31850.0 0.0781950459150973
31950.0 0.07756661324281319
32100.0 0.07671419505988877
32300.0 0.07545523230002898
32500.0 0.07396688338811043
32700.0 0.07291471926382789
32900.0 0.071884568739391
33100.0 0.0704051840059309
33300.0 0.0688715257665564
33500.0 0.06778184452929772
33700.0 0.06614148455896973
33900.0 0.06497706634221041
34100.0 0.06343645587655695
34300.0 0.06257609606104286
34500.0 0.06110135335628469
34700.0 0.06016488964381807
34900.0 0.05875355402182543
35100.0 0.057863215585734026
35300.0 0.05651571398839196
35500.0 0.05566934946823351
35700.0 0.05438067043779453
35900.0 0.053576765744705566
36100.0 0.052461022694864995
36300.0 0.05160037369726801
36500.0 0.05042424180644929
36700.0 0.049245032534968584
36900.0 0.048449203467956246
37100.0 0.04734468540295441
37300.0 0.04635927465547942
37500.0 0.045540879977248906
37700.0 0.04470530665408716
37900.0 0.04380534154059139
38100.0 0.04319518110137589
38300.0 0.04236067035358507
38500.0 0.041484153814993006
38700.0 0.04057233243881268
38900.0 0.03995035383135093
39100.0 0.03925890872438309
39300.0 0.03847521070733392
39500.0 0.037529358323572494
39700.0 0.03680173661258512
39900.0 0.036190305630033
40100.0 0.035567558048976836
40300.0 0.03495300286028203
40500.0 0.03419511907421188
40700.0 0.033603668531113136
40900.0 0.03296310912015535
41100.0 0.032444012533473086
41300.0 0.03207833206051452
41500.0 0.03151904646347562
41700.0 0.030918300247518595
41900.0 0.030332370951100807
42100.0 0.029759801213446558
42300.0 0.029397229635084725
42500.0 0.028787217624276162
42700.0 0.0283712148936911
42900.0 0.027138055547286044
43100.0 0.025951406086533117
43300.0 0.025901147951097155
43500.0 0.024814579770778767
43700.0 0.024256911881106825
43900.0 0.023805214244555242
44100.0 0.023014669543375468
44300.0 0.02260177310242929
44500.0 0.022198368403048094
44700.0 0.021660196444484747
44900.0 0.021451952285664957
45100.0 0.021088880911843348
45300.0 0.020678560795519024
45500.0 0.020461683987449658
45700.0 0.020212112648537377
45900.0 0.0195411442378321
46100.0 0.01945168353782767
46300.0 0.019129421772284654
46500.0 0.018927318485921954
46700.0 0.018805467726477808
46900.0 0.018495666182588945
47100.0 0.018217893781257082
47300.0 0.017982787888149956
47500.0 0.01764266285245856
47700.0 0.01749302811328442
47900.0 0.01731123141635783
48100.0 0.01696082366214353
48300.0 0.016940963535924267
48500.0 0.01651820992531039
48700.0 0.01628235902434194
48900.0 0.016050413764625283
49100.0 0.015853455361498858
49300.0 0.015608799948355087
49500.0 0.01537591635053884
49700.0 0.015282930517186008
49900.0 0.015009621514233634
50100.0 0.014683708070112298
50300.0 0.014469654588919391
50500.0 0.01420876812612029
50700.0 0.014057118192799145
50900.0 0.013839443531611947
51100.0 0.013612852483743878
51300.0 0.013415091236834752
51500.0 0.013193739287301706
51700.0 0.013049747248855392
51900.0 0.012819415878341716
52100.0 0.012635390740675073
52300.0 0.012429387584682053
52500.0 0.012254660763422884
52700.0 0.01214921572377059
52900.0 0.011925909072929612
53100.0 0.011738463832515806
53300.0 0.011578287803272847
53500.0 0.011421513493926796
53700.0 0.011267040947690734
53900.0 0.011135696420536753
54100.0 0.01096479280819309
54300.0 0.01078286703738488
54500.0 0.010647875140267342
54700.0 0.010481857532601046
54900.0 0.01031438147947394
55100.0 0.010157636309814524
55300.0 0.01007725412855121
55500.0 0.009897881931127119
55700.0 0.009770764001134491
55900.0 0.009631122983293137
56100.0 0.009495848089919743
56300.0 0.009356418422036931
56500.0 0.009229040930010937
56700.0 0.00911249072228779
56900.0 0.008962201657524788
57100.0 0.008865491091576678
57300.0 0.008765954061503897
57500.0 0.008627515917049059
57700.0 0.008501968789502518
57900.0 0.008417435252346792
58100.0 0.008308369802092663
58300.0 0.008184058209346355
58500.0 0.008093078785040425
58700.0 0.007985519189104813
58900.0 0.007870153912309918
59100.0 0.008302426140519082
59300.0 0.008468734357178665
59500.0 0.008251195591896918
59700.0 0.008376051630065183
59900.0 0.008660398824017066
60100.0 0.00914366333453277
60300.0 0.008530218629512509
60500.0 0.007889557154292235
60700.0 0.007467242505714889
60900.0 0.006846489424818222
61100.0 0.006544992072432854
61300.0 0.007261650686815729
61500.0 0.007351777008344397
61700.0 0.007267066674274668
61900.0 0.007458275787371897
62100.0 0.00655629312582355
62300.0 0.005283623147274681
62500.0 0.005975553677809394
62700.0 0.006669049154039695
62900.0 0.007333020287007061
63100.0 0.0068010246213612595
63300.0 0.006705877533370198
63500.0 0.007074507736510564
63700.0 0.006637206256909823
63900.0 0.0064228861618422905
64200.0 0.006441766723951321
64600.0 0.005862741800440014
65000.0 0.00554132685030744
65400.0 0.006207054138139963
65800.0 0.006322482460898703
66200.0 0.005009284182876968
66600.0 0.004923393310210359
67000.0 0.005279350168313411
67400.0 0.005896110338299636
67800.0 0.006292104314346533
68200.0 0.004918221371647501
68600.0 0.00534466835794606
69000.0 0.004644312317613808
69400.0 0.005393554362411799
69800.0 0.004897775197670514
70200.0 0.004515705972768736
70600.0 0.0040143942810133455
71000.0 0.0036846343215863066
71400.0 0.004623227921785913
71800.0 0.0049060020650211434
72200.0 0.00465070169334635
72600.0 0.0034714757146884615
73000.0 0.0037734223786923585
73400.0 0.0029264178238248575
73800.0 0.002234076221549938
74200.0 0.002439043522435642
74600.0 0.004444260957169581
75000.0 0.002485284187420499
75400.0 0.002870373312774972
75800.0 0.0045026609005052055
76200.0 0.003444425012749596
76600.0 0.002562413571569468
77000.0 0.0022854100909955656
77400.0 0.002448461511760334
77800.0 0.0035723138825607004
78200.0 0.0034015524097308464
78600.0 0.0022761222122703074
79000.0 0.0024615544416358203
79400.0 0.0026820365566646584
79800.0 0.0029403110693227872
80200.0 0.002389156681837039
80600.0 0.002327563965827892
81000.0 0.0030976109606355505
81400.0 0.0027479826417887497
81800.0 0.0023648402522816556
82200.0 0.0023422085358488207
82600.0 0.0024510819048609326
83000.0 0.0024690743919964214
83400.0 0.0020294689520605922
83800.0 0.002108158823388898
84200.0 0.0023896828357885076
84600.0 0.0024086184176280397
85000.0 0.0024177339981960493
85400.0 0.0024188905509326068
85800.0 0.002396827828038401
86200.0 0.0022578809341851835
86600.0 0.0020054024191486306
87000.0 0.0021075072181800615
87400.0 0.002213573144939606
87800.0 0.002307000054736459
88200.0 0.0024199492395032
88600.0 0.002373359915020316
89000.0 0.0020046562734361527
89400.0 0.0017987821679707563
89800.0 0.0016815828278885713
90200.0 0.0017029066813114683
90600.0 0.0018297342744452978
91000.0 0.0019751436039683965
91400.0 0.001989757551514222
91800.0 0.001991829223225372
92200.0 0.0019738279165258444
92600.0 0.0018064214512538204
93000.0 0.0019843643111337834
93400.0 0.0024644068993900418
93800.0 0.002227016087388354
94200.0 0.0019911344658986602
94600.0 0.0017657803318694126
95000.0 0.0020183844511639662
95400.0 0.002170638596845356
95800.0 0.002055715380879391
96200.0 0.0019525621990353274
96600.0 0.0018845316952777905
97000.0 0.001902215991205878
97400.0 0.0016704602281694134
97800.0 0.0014364676674877483
98200.0 0.0015856777778388998
98600.0 0.001674637899028614
99000.0 0.001708515476921661
99400.0 0.001549798858110305
99800.0 0.0015210151048703601
100200.0 0.0015936084507459209
100400.00000000009 0.0016039014310414662
100748.43066198383 0.001621833380732271
101098.07052641988 0.0016534309901118887
101448.92378975474 0.001682077965749393
101800.9946629978 0.0016160576695911115
102154.28737177301 0.0015840002386861424
102508.80615636887 0.0016285485008479905
102864.55527178946 0.001607897590391308
103221.53898780573 0.001537353807502309
103579.76158900595 0.0015430802801900622
103939.22737484834 0.0015528444356974925
104299.94065971187 0.0014814703393575789
104661.9057729482 0.0014449880011242462
105025.12705893395 0.0014594467893988355
105389.60887712192 0.0014748720201752878
105755.35560209466 0.0014891901152672654
106122.37162361621 0.0014221413590406774
106490.66134668495 0.0013658177410549616
106860.22919158668 0.0013307204808843355
107231.07959394684 0.0013096145459917745
107603.217004785 0.0012960246950948905
107976.64589056744 0.0013549012012402945
108351.370733261 0.0014071428102443214
108727.39603038708 0.0014472311044047574
109104.72629507471 0.0014568270341762828
109483.36605611602 0.0014579847975619861
109863.31985801981 0.0015005435831082095
110244.59226106624 0.0014836236161194234
110627.1878413618 0.0013964331479231061
111011.11119089334 0.0013684031250860852
111396.36691758451 0.0013332888463511486
111782.95964535022 0.0012415734533492383
112170.89401415233 0.0011899482869512233
112560.17468005554 0.0011565581573396181
112950.80631528242 0.0010573879821017575
113342.79360827077 0.0010797224987616572
113736.1412637291 0.0012355199157791546
114130.85400269323 0.0011907362139089008
114526.93656258319 0.0011511628170118651
114924.39369725919 0.0011604297648945853
115323.23017708007 0.0012404948240801767
115723.45078895958 0.0012839255139742718
116125.06033642414 0.0011587931187853533
116528.06363967061 0.001144113588958441
116932.46553562334 0.0011402995123124626
117338.27087799355 0.0009823626817582753
117745.48453733666 0.0009600861868360286
118154.11140111096 0.0010061786256270661
118564.15637373661 0.001044588429111499
118975.62437665339 0.0010062611383621204
119388.52034838134 0.0009272810434613072
119802.84924457902 0.0008597824819346892
120218.61603810318 0.0008058662890239613
120635.82571906883 0.0007911669553245947
121054.48329490799 0.0009270528811823057
121474.59379043133 0.0007979873432324076
121896.16224788758 0.0006454974501050541
122319.19372702412 0.0007831638928034159
122743.69330514787 0.0007701343128436504
123169.6660771864 0.0007472098288216944
123597.11715574806 0.0007941052500864559
124026.0516711849 0.0007917227502278392
124456.47477165324 0.0007934363851877013
124888.39162317566 0.0008086177168521822
125321.80740970328 0.0008130603716153234
125756.72733317701 0.0007684348321569814
126193.15661359143 0.000694852184867122
126631.1004890565 0.0006465370992285212
127070.56421586059 0.0006768010098725326
127511.55306853396 0.0006996337015728781
127954.0723399109 0.0006664529004818843
128398.12734119488 0.0006844923493634121
128843.72340202122 0.0007432425149163204
129290.86587052139 0.0007896651869916173
129739.56011338736 0.0006672265284219979
130189.81151593504 0.0007527875709397096
130641.62548217046 0.0008519940274210634
131095.00743485359 0.0008963041763456055
131549.96281556363 0.0007793688355490174
132006.49708476473 0.0007614400773502076
132464.61572187033 0.0007334191637589456
132924.3242253105 0.0006289480324188053
133385.628112597 0.0005011479399965899
133848.53292038973 0.0006073165865535098
134313.04420456337 0.0006689091872606506
134779.167540273 0.0004940029923943354
135246.90852202274 0.000563854379349598
135716.27276373174 0.0006515646127237418
136187.2658988018 0.0006602406551722764
136659.8935801853 0.0005650773913711451
137134.16148045196 0.0006308974209827612
137610.07529185852 0.0005543252334722587
138087.64072641605 0.0005372421511336485
138566.86351595866 0.0006023022234811401
139047.7494122127 0.0006339691656757382
139530.30418686455 0.0005758729202970763
140014.53363163173 0.00051829996412002
140500.44355833106 0.0005000774769154971
140988.03979894897 0.0005345828749501187
141477.32820571162 0.0005329134044762035
141968.3146511539 0.0006441413251321468
142461.00502819192 0.0006938795751726744
142955.40525019236 0.0006370153540357871
143451.52125104374 0.0005045801390272209
143949.35898522806 0.0005686641084072496
144448.924427891 0.00046097527466617866
144950.2235749154 0.0004188142451266949
145453.2624429921 0.0003994763803238304
145958.04706969234 0.00042240703230529664
146464.58351354074 0.00044244688170767685
146972.87785408652 0.00044708096024434257
147482.9361919785 0.00044469171076289325
147994.76464903704 0.0004313922209948966
148508.36936832778 0.0004073504141694801
149023.7565142358 0.0003764339748045788
149540.9322725382 0.00037343401130904817
150059.90285048028 0.0003751698665468979
150580.6744768489 0.0003712442559907816
151103.25340204738 0.0003736121205898065
151627.64589817091 0.00038855069312762375
152153.85825908065 0.00039580758732688887
152681.89680048096 0.0003978560399442023
153211.76785999417 0.00037898383233563016
153743.47779723676 0.00036737827276241776
154277.0329938962 0.00041434342566126596
154812.43985380605 0.00044863198846202746
155349.70480302497 0.00046699895003220334
155888.8342899124 0.0004478143172413252
156429.8347852063 0.00041626242932291807
156972.71278210124 0.00039067933496973284
157517.47479632485 0.0003689758769226718
158064.1273662182 0.00035358737195578
158612.67705281274 0.0003298933954851157
159163.1304399096 0.0003038412895524248
159715.49413415877 0.0002940833228749461
160269.77476513712 0.0003035958065961312
160825.97898542997 0.00034105251976219395
161384.11347070962 0.0003522511982984672
161944.18491981577 0.0003521185272434514
162506.2000548363 0.00033057889295211106
163070.1656211866 0.00031569456962054023
163636.0883876925 0.0003069990063555645
164203.97514667013 0.0003227755049582496
164773.83271400793 0.0003351866866199892
165345.66792924836 0.00033412430953314807
165919.48765567035 0.00032574689846114714
166495.29878037024 0.00031420616958302864
167073.10821434658 0.0003015511108258781
167652.9228925817 0.0003088580044132361
168234.74977412526 0.0003326412931859758
168818.59584217807 0.00029617062878414726
169404.46810417465 0.00026880986893549187
169992.37359186928 0.00025563357144618113
170582.3193614191 0.0002703238793007539
171174.31249346913 0.00028505546865283354
171768.3600932375 0.00029127711605352513
172364.46929059955 0.00031127489073205474
172962.64724017525 0.00032344785653208954
173562.90112141386 0.0003039966195486722
174165.23813868032 0.00031629414226307795
174769.6655213422 0.0003307227723229901
175376.19052385495 0.000317409449686318
175984.8204258511 0.0002899199592780911
176595.5625322263 0.0002590075713650691
177208.42417322725 0.0002336306140660107
177823.4127045401 0.00023555160323443972
178440.53550737724 0.0002493479139752269
179059.79998856818 0.00027082836197482325
179681.21358064678 0.0002296383952153454
180304.7837419411 0.00019693773385644537
180930.51795666298 0.0002119120252731448
181558.42373499667 0.00021990979359417885
182188.508613191 0.00023329784237857487
182820.7801536484 0.00025514424804823994
183455.24594501613 0.0002178509272741537
184091.9136022776 0.00020526337566646315
184730.79076684228 0.0002166322363532758
185371.88510663982 0.0002504728574252347
186015.20431621035 0.00026466121435020514
186660.7561167974 0.00027067416413481944
187308.54825644082 0.0002771468348973916
187958.58851006837 0.00023762578434113118
188610.8846795912 0.0002095572548851849
189265.44459399607 0.0002019856600704312
189922.27610943964 0.0002071639171693754
190581.38710934314 0.00021963146110112234
191242.78550448545 0.00022923582695536784
191906.4792331004 0.00022590040603299763
192572.47626097052 0.0002262113581057617
193240.7845815229 0.0002386941007683412
193911.41221592567 0.0002511020823784658
194584.36721318262 0.0002312057280959632
195259.65765023217 0.00019771251904900571
195937.29163204285 0.00018036377794958586
196617.27729171072 0.00018638772091143844
197299.62279055765 0.00022111904240159367
197984.33631822755 0.00018297674527734904
198671.42609278703 0.00017497972872322374
199360.90036082253 0.00020210328094913294
200052.7673975396 0.00019077452536480624
200747.03550686277 0.00018104715345017592
201443.7130215334 0.00018115848814344188
202142.80830321225 0.0002006262292580686
202844.3297425782 0.0002553794842076986
203548.28575942936 0.00021494665846814
204254.6848027845 0.0001928811494940945
204963.53535098286 0.00020697419276045068
205674.84591178835 0.00022111614487535917
206388.62502249 0.00021480767412347337
207104.88125000495 0.00020678275735576575
207823.62319098154 0.0002029094183010876
208544.8594719008 0.00020373076473937851
209268.59874918268 0.000204324963699692
209994.84970928813 0.00019893064370790463
210723.62106882382 0.00019351760313359047
211454.9215746472 0.00019087732813391012
212188.76000396966 0.00018992547724237154
212925.1451644646 0.00018867368304092188
213664.08589437135 0.00018640055814481526
214405.5910626017 0.00018411954453942248
215149.66956884676 0.0001819196766558529
215896.33034368197 0.00017972813334516012
216645.5823486771 0.00018124712180561154
217397.43457650184 0.00018666886306884455
218151.8960510343 0.00018940866082318452
218908.9758274697 0.00017642354674103527
219668.68299242735 0.00016339336879539156
220431.02666406232 0.000158555984203832
221196.01599217302 0.00015548516499529533
221963.66015831166 0.00015195607050825117
222733.96837589474 0.00014799254527913727
223506.94989031187 0.00014922374542051977
224282.61397903945 0.0001684512473803558
225060.96995175022 0.00018774547694214524
225842.02715042542 0.0001742663611952379
226625.79494946744 0.000159057045524074
227412.28275581042 0.00015583805923258378
228201.50000903595 0.00015792173530167924
228993.45618148448 0.00016193011280088058
229788.16077836952 0.00016826834591075946
230585.62333789226 0.00017179463138945986
231385.85343135396 0.00016574945775442348
232188.8606632739 0.00015979561258386253
232994.65467150253 0.00015952415835801407
233803.24512733784 0.0001592517620706555
234614.64173564175 0.00015768781107633792
235428.8542349548 0.0001558455427447003
236245.89239761574 0.00015532517403642657
237065.76602987712 0.00015552801065851603
237888.48497202326 0.00015649206754039265
238714.05909848903 0.00015827209694162526
239542.4983179762 0.0001535300264711638
240373.81257357553 0.0001358089746153809
241208.01184288395 0.00012445753976646822
242045.10613812497 0.00013859825578727803
242885.10550626923 0.00015112120033606349
243728.0200291531 0.00014498760871765022
244573.85982360275 0.00013883273093003422
245422.63504155353 0.00013401034102399417
246274.3558701723 0.00012920347987941964
247129.0325319802 0.00012062766730709047
247986.67528497343 0.00011153548059064961
248847.29442274923 0.00011125004653172553
249710.90027462755 0.00011306724941226925
250577.5032057754 0.00011652008095145398
251447.1136173319 0.00012054576290146865
252319.741946531 0.00012544539486394784
253195.39866682977 0.0001307421448069855
254074.09428803218 0.00013333452528122177
254955.83935641564 0.0001345099437111919
255840.64445485763 0.00012880209742880563
256728.52020296326 0.00011906847813611965
257619.47725719062 0.00011893374377967252
258513.52631098175 0.000124674699959419
259410.67809488898 0.0001308645667688495
260310.94337670426 0.00013733590204304097
261214.33296158884 0.00012992785948802042
262120.8576922009 0.00011456254838774094
263030.5284488288 0.00010802879171670233
263943.3561495196 0.0001059828794973608
264859.35175021074 0.00010681785475055846
265778.5262448618 0.00010888117369100939
266700.8906655845 0.00011173734469190362
267626.45608277834 0.00011486129211956395
268555.23360526125 0.00010784335955441801
269487.23438040353 9.850874673611938e-05
270422.46959426196 9.704434152918704e-05
271360.9504717122 9.654844225358057e-05
272302.6882765867 9.273656647094127e-05
273247.69431180746 8.95237900203974e-05
274195.97991952254 9.494084334859183e-05
275147.55648124265 9.966188065055746e-05
276102.4354179754 0.00010120543595836085
277060.6281903659 0.00010331202048612144
278022.1462988321 0.00010670966962930301
278987.001283703 0.00010544702323691281
279955.20472535834 9.808440978546333e-05
280926.7682443648 9.668654023887814e-05
281901.7035016192 9.969490747400523e-05
282880.0221984859 9.678822762923009e-05
283861.73607693805 9.166595306500732e-05
284846.856919699 9.158090576240753e-05
285835.39655038144 9.218710013510633e-05
286827.3668336328 9.394406530631868e-05
287822.7796752752 9.17991465348724e-05
288821.64702244906 7.79465890835661e-05
289823.9808637571 7.052351024535156e-05
290829.79322940577 7.115848974838989e-05
291839.0961913531 7.348864456674474e-05
292851.90186345164 7.674025908740778e-05
293868.22240159387 7.728916181772493e-05
294888.0700038592 7.850406064942082e-05
295911.45691065746 9.085844356199412e-05
296938.39540488017 9.727810218805092e-05
297968.8978120446 9.120315841166652e-05
299002.9765004432 8.35573957756308e-05
300040.643881292 7.470228845765588e-05
301081.9124088775 8.726141523437925e-05
302126.7945807098 0.00010258428201346013
303175.3029376698 9.665788850895966e-05
304227.45006416074 9.070197796457226e-05
305283.2485882598 8.470922226087811e-05
306342.71118186694 8.44622246912612e-05
307405.8505608609 8.749036344170962e-05
308472.6794852493 9.309348135196177e-05
309543.21075932245 9.722385213123028e-05
310617.4572318076 9.565784619663217e-05
311695.4317960206 9.118515163171547e-05
312777.1473900245 8.41922217270951e-05
313862.6169967824 8.137813120968421e-05
314951.8536443137 8.093934921884353e-05
316044.87040585116 8.807687248819527e-05
317141.68039999536 8.772672776395722e-05
318242.2967908759 8.030143082998966e-05
319346.7327883069 7.897535076167443e-05
320455.0016479461 7.893767418844692e-05
321567.116671454 7.996828508224709e-05
322683.09120665427 7.998229906975863e-05
323802.93864769104 7.922714643710366e-05
324926.672435194 7.960160529570414e-05
326054.30605643673 8.056474583339024e-05
327185.8530454994 8.264777382177979e-05
328321.326983432 7.680161996427713e-05
329460.74149841425 6.932022010936528e-05
330604.11026592366 7.944927532121536e-05
331751.4470088968 8.04411295649111e-05
332902.76549789455 7.198339836025981e-05
334058.07955126825 9.673908368698136e-05
335217.40303532267 0.00011239151119988162
336380.74986448674 0.00010041184689305195
337548.13400147745 9.6133425249607e-05
338719.56945746863 9.185075658352463e-05
339895.07029225933 7.45215901972007e-05
341074.65061444003 7.785801525180337e-05
342258.32458156615 9.264470059664987e-05
343446.10640032514 7.773644917896913e-05
344638.0103267076 7.045502790929291e-05
345834.0506661794 7.05263431292943e-05
347034.2417738501 8.844383227307327e-05
348238.5980546498 0.0
349447.1339634991 0.0
350659.8640054834 0.0
351876.8027360276 0.0
353097.96476106776 0.0
354323.3647372312 0.0
355553.01737200917 0.0
356786.93742393394 0.0
358025.13970275706 0.0
359267.6390696242 0.0
360514.4504372573 0.0
361765.5887701314 0.0
363021.06908465445 0.0
364280.90644934855 0.0
365545.1159850277 0.0
366813.7128649837 0.0
368086.7123151656 0.0
369364.1296143627 0.0
370645.98009438923 0.0
371932.2791402647 0.0
373223.04219040385 0.0
374518.28473679814 0.0
375818.0223252031 0.0
377122.2705553253 0.0
378431.04508100665 0.0
379744.36161041673 0.0
381062.23590623855 0.0
382384.6837858583 0.0
383711.7211215558 0.0
385043.36384069227 0.0
386379.62792590604 0.0
387720.529415301 0.0
389066.08440264023 0.0
390416.3090375398 0.0
391771.21952565934 0.0
393130.8321289014 0.0
394495.16316560353 0.0
395864.22901073477 0.0
397238.0460960931 0.0
398616.63091049937 0.0
400000.0000000001 0.0
