91.0 0.0
94.0 0.0
96.0 0.0
98.0 0.0
100.0 0.0
102.0 1.6405641817742298e-14
104.0 2.3525947214708036e-14
106.0 3.472280238744285e-14
108.0 5.1630588373862146e-14
110.0 8.941752611371588e-14
114.0 1.666519810420511e-13
118.0 2.9426690410119237e-13
121.0 1.0690216526141975e-12
125.0 1.8317764862772284e-12
127.0 2.325966565758189e-12
128.0 2.6807477259660163e-12
131.0 3.780758892339712e-12
132.0 4.462332382364819e-12
134.0 5.665005540454129e-12
137.0 8.336712792105299e-12
140.0 1.1537396586673013e-11
143.0 2.738991755752915e-11
147.0 6.36171829412733e-11
151.0 8.892583192659149e-11
155.0 1.2724103086699445e-10
159.0 1.7837203493997064e-10
162.0 2.2791616616042643e-10
166.0 3.085858535531543e-10
170.0 4.1661440269681257e-10
173.0 5.108502494434742e-10
177.0 6.696352736156756e-10
180.0 8.224969315895275e-10
182.0 9.313457407572493e-10
186.0 1.2117205670760393e-09
191.0 1.6130628475256276e-09
194.0 1.9192002711836755e-09
198.0 2.3938695446549475e-09
202.0 3.0222565302754283e-09
205.0 3.5010753007078067e-09
210.0 4.4065360170421006e-09
216.0 6.147141980630887e-09
220.0 7.431378585199675e-09
223.0 8.432013598549481e-09
227.0 1.0077684141512593e-08
230.0 1.6674656168918283e-08
234.0 3.054561786105806e-08
240.0 4.5788956126164446e-08
246.0 5.221182109472086e-08
252.0 6.544277857066569e-08
257.0 6.278386844525515e-08
260.0 7.945061055888227e-08
264.0 9.202675782483183e-08
269.0 1.0511082462769118e-07
274.0 1.1875178673030211e-07
279.0 1.3268134242101936e-07
284.0 1.5075886827676018e-07
290.0 1.6558161506515847e-07
296.0 1.9047247544966847e-07
301.0 2.029097399966809e-07
308.0 2.3708836449345883e-07
318.0 2.969755966483839e-07
328.0 3.5201083610513304e-07
338.0 4.1258118414434316e-07
348.0 4.7621614574422803e-07
357.0 5.472596692971684e-07
366.0 6.352850883963268e-07
375.0 7.099295436468432e-07
385.0 7.803265261749061e-07
395.0 9.026059627957029e-07
405.0 1.0302202931196088e-06
414.0 1.1282647563719221e-06
422.0 1.2163296845836807e-06
430.0 1.310559958824024e-06
441.0 1.4698032389349367e-06
451.0 1.5997662728088027e-06
460.0 1.7101546241132924e-06
470.0 1.8653017868360754e-06
480.0 2.0449981679948827e-06
490.0 2.175584946509149e-06
500.0 2.395088402842076e-06
506.0 2.808648463774558e-06
512.0 4.970172761766479e-06
520.0 5.33175053303903e-06
530.0 5.818843957892807e-06
540.0 6.044290386779242e-06
550.0 7.975797113220086e-06
560.0 9.750327233649191e-06
570.0 1.1305386498601764e-05
580.0 1.1716630612671732e-05
590.0 1.4320542255097587e-05
600.0 1.5445895006261275e-05
610.0 1.865273672061964e-05
620.0 2.2606959749038933e-05
630.0 2.5329452255360522e-05
640.0 2.7199764446801635e-05
650.0 3.1684742274108915e-05
658.0 3.4826607657206225e-05
665.0 3.8088222825867246e-05
675.0 4.1148232561798534e-05
685.0 4.239519976027519e-05
695.0 5.540474200724282e-05
705.0 5.538430708377591e-05
716.0 6.961907553062648e-05
726.0 7.576017260960014e-05
735.0 8.235546862103517e-05
745.0 9.537723407606004e-05
755.0 0.00010514072802542025
765.0 0.00011503432210092452
775.0 0.00013141723542400559
785.0 0.00014623996775316742
795.0 0.00015941877491635993
805.0 0.00017155800444605915
815.0 0.00018553431366005223
825.0 0.0002079443143579328
835.0 0.00018712140763630657
845.0 0.00023644057942354577
855.0 0.00025547577731548695
865.0 0.0002839047029324552
875.0 0.00031459941213215695
885.0 0.0003513951252062847
895.0 0.00038185717169099555
905.0 0.00039969954119468135
915.0 0.0009202648185587146
925.0 0.0045337294968769565
935.0 0.009788134282529084
945.0 0.020774103081060247
955.0 0.02897665298512237
965.0 0.032564704705731425
975.0 0.00696045313999256
985.0 0.03579464312799215
995.0 0.03729908850998384
1005.0 0.052014493760869356
1015.0 0.04745162531206864
1025.0 0.022998735444121333
1035.0 0.03836314164523783
1045.0 0.07299701833955435
1055.0 0.07378110612611731
1065.0 0.0639235986485
1075.0 0.07451898317772486
1085.0 0.06568723515169377
1095.0 0.08285315048655617
1105.0 0.08230064535684509
1115.0 0.08228732288458326
1125.0 0.07793557779336091
1135.0 0.0963051055422853
1145.0 0.09098882696740468
1155.0 0.09735034620083839
1165.0 0.10206389267425349
1175.0 0.07794804573791926
1185.0 0.10316420054129341
1195.0 0.0758342364999054
1205.0 0.05996644874994149
1208.72 0.05200410135776327
1208.8 0.05183041865170742
1208.87 0.051678406811202365
1208.94 0.05152635813803203
1209.02 0.05135254313505516
1209.09 0.05120041556214806
1209.16 0.05104825118214666
1209.23 0.05089605000318457
1209.31 0.050722060749134025
1209.38 0.050569780742631396
1209.45 0.050417463962716
1209.53 0.050243342624566305
1209.6 0.050090947071837796
1209.67 0.04993851477122594
1209.75 0.049764261440678255
1209.82 0.04961175042194291
1209.89 0.04945920268083715
1209.96 0.0493066182254759
1210.04 0.04913219104495182
1210.11 0.04897952794349948
1210.18 0.048826828153280315
1210.26 0.0486522691926954
1210.33 0.04849949081098757
1210.4 0.04834667576598503
1210.47 0.04819382406578984
1210.55 0.04801909153490368
1210.62 0.04786616131513683
1210.69 0.047713194465625205
1210.77 0.047538330366675444
1210.84 0.04738528505210691
1210.91 0.04723220313322478
1210.99 0.047057207557556
1211.06 0.04690404722809348
1211.13 0.046750850319730836
1211.2 0.04659761684055151
1211.28 0.046422448094119745
1211.35 0.04626913627611144
1211.42 0.046115787912675635
1211.5 0.04594048790103407
1211.57 0.04578706125315828
1211.64 0.045633598085227385
1211.72 0.04545816689950973
1211.79 0.04530462550148946
1211.86 0.045151047608769264
1211.93 0.044997433229412305
1212.01 0.04482182927154723
1212.08 0.044668136733686636
1212.15 0.044514407734520596
1212.23 0.044338672813598504
1212.3 0.044184865710191014
1212.37 0.04403102217079208
1212.44 0.043877142203451625
1212.52 0.04370123478831764
1212.59 0.043547276788205004
1212.66 0.04339328238544097
1212.74 0.04321724421792565
1212.81 0.04306317183656314
1212.88 0.042909063077821344
1212.96 0.04273289424869824
1213.03 0.04257870756549344
1213.1 0.042424484530164217
1213.17 0.04227022515074177
1213.25 0.04209388422444659
1213.32 0.04193954699186297
1213.39 0.04178517344041686
1213.47 0.04160870206269643
1213.54 0.041454250712135925
1213.61 0.04129976306792618
1213.69 0.04112316132934028
1213.76 0.040968595940023854
1213.83 0.04081399428225316
1213.9 0.040659356364040396
1213.98 0.040482582924390706
1214.05 0.0403278673322058
1214.12 0.040173115504750556
1214.2 0.03999621191392304
1214.27 0.03984138246641429
1214.34 0.0396865168087885
1214.41 0.03953161494904472
1214.49 0.03935453993333126
1214.56 0.039199560524550765
1214.63 0.039044544938781844
1214.71 0.03886733998123174
1214.78 0.038712246900255744
1214.85 0.03855711766740345
1214.93 0.038379782858212655
1215.0 0.03822457618394397
1215.07 0.03806933338289237
1215.14 0.03791405446303793
1215.22 0.03773654862347777
1215.29 0.03758119233305482
1215.36 0.037425799948899253
1215.44 0.03724816446654112
1215.51 0.037092694765517985
1215.58 0.036937188995813726
1215.66 0.036759423960639616
1215.73 0.03660384092773053
1215.8 0.03644822185117393
1215.87 0.03629256673893126
1215.95 0.03611463106696258
1216.02 0.035958898762192916
1216.09 0.0358031304467468
1216.17 0.035625065430305136
1216.24 0.03546921997590474
1216.31 0.03552865002033167
1216.38 0.03587520555061135
1216.46 0.03627136120242648
1216.53 0.036618078044073084
1216.6 0.03696487013811055
1216.68 0.037361296084234205
1216.75 0.03770824937717397
1216.82 0.03805527787004051
1216.9 0.03845197392202902
1216.97 0.03879916350141748
1217.04 0.03914642822830825
1217.11 0.03949376808602938
1217.19 0.03989081989897929
1217.26 0.040238320695214394
1217.33 0.04058589656990781
1217.41 0.04098321805242778
1217.48 0.041330954753452304
1217.55 0.041678766480602994
1217.63 0.042076357444724446
1217.7 0.04242432988610866
1217.77 0.042772377301326686
1217.84 0.04312049967374852
1217.92 0.04351844557666376
1217.99 0.04386672851568453
1218.06 0.04421508635966945
1218.14 0.04461330130899172
1218.21 0.04496181960767614
1218.28 0.04531041275912474
1218.35 0.045659080746736955
1218.43 0.04605765006169516
1218.5 0.04640647835663379
1218.57 0.04675538143558889
1218.65 0.04715421936253027
1218.72 0.047503282637110664
1218.79 0.047852420643600485
1218.87 0.048251526995363475
1218.94 0.04860082508586454
1219.01 0.04895019785620676
1219.08 0.049299645289832675
1219.16 0.04969910518859985
1219.23 0.05004871255923787
1219.3 0.05039839454114538
1219.38 0.05079812243141678
1219.45 0.051147964238919964
1219.52 0.051497880605718596
1219.6 0.05189787630081026
1219.67 0.05224795238187545
1219.74 0.05259810297030064
1219.81 0.0529483280495711
1219.89 0.05334867647512256
1219.96 0.05369906112203628
1220.03 0.0540495202079141
1220.11 0.05445013600607561
1220.18 0.054800754548467
1220.25 0.05515144747798042
1220.32 0.05550221477813052
1220.4 0.05590318273753142
1220.47 0.05625410934783515
1220.54 0.05660511027698771
1220.62 0.05700634517756432
1220.69 0.05735750530594074
1220.76 0.05770873970141717
1220.84 0.05811024135730169
1220.91 0.05846163484115738
1220.98 0.058813102540405754
1221.05 0.05916464443860416
1221.13 0.059566497442743345
1221.2 0.05991819828333854
1221.27 0.06026997327122952
1221.35 0.06067209260035412
1221.42 0.06102402641999881
1221.49 0.06137603433532444
1221.57 0.06177841980404736
1221.64 0.062130586440568965
1221.71 0.06248282712119801
1221.78 0.06283514182953441
1221.86 0.06323787783562876
1221.93 0.06359035111955838
1222.0 0.06394289837967414
1222.08 0.06434590009616116
1222.15 0.0646986058215132
1222.22 0.06505138547157177
1222.29 0.06540423902996667
1222.37 0.06580759071856855
1222.44 0.06616060259686178
1222.51 0.06651368833206381
1222.59 0.0669173053026338
1222.66 0.06727054924757862
1222.73 0.06762386699804643
1222.81 0.06802774906601548
1222.88 0.06838122491615709
1222.95 0.0687347745204766
1223.02 0.06908839786264673
1223.1 0.06949262909543145
1223.17 0.06984641039231747
1223.24 0.07020026537576106
1225.0 0.07869609405975231
1235.0 0.11483084885496518
1245.0 0.13416662278704294
1255.0 0.13351725313522309
1265.0 0.11926195926634299
1275.0 0.153266722578795
1285.0 0.1615593503550812
1295.0 0.13708573335637822
1305.0 0.13779161392556383
1315.0 0.1678467282311887
1325.0 0.16523241198534866
1335.0 0.1557616023751296
1345.0 0.17712665733374097
1355.0 0.17761359208140248
1365.0 0.16481598792758825
1375.0 0.17422971715427912
1385.0 0.17715286681602707
1395.0 0.1635312131106847
1405.0 0.16904608779459404
1415.0 0.17529375976394215
1425.0 0.18092135318001643
1435.0 0.1830194910678079
1442.0 0.1933850905723667
1447.0 0.1969300238967393
1455.0 0.19518163538682154
1465.0 0.18530984344908685
1475.0 0.1858020380282128
1485.0 0.1901725879158593
1495.0 0.1948816693927642
1505.0 0.19031809404104347
1512.0 0.17702091948765247
1517.0 0.18389841178898866
1525.0 0.17978279773225175
1535.0 0.16362074034257146
1545.0 0.17868430025547888
1555.0 0.17224295961971298
1565.0 0.17749193862850648
1575.0 0.18899062567085786
1585.0 0.1973413399320796
1595.0 0.2034292984049497
1605.0 0.20066873237075963
1615.0 0.20244531587066694
1625.0 0.19523497909548612
1635.0 0.2078963832039564
1645.0 0.21109404098484214
1655.0 0.19961109899645033
1665.0 0.21393622672099005
1672.0 0.2024048782442586
1677.0 0.22181617897599867
1685.0 0.22830330379586147
1695.0 0.2184561250906394
1705.0 0.21343713600399083
1715.0 0.2059791323675433
1725.0 0.2064065754410763
1735.0 0.21922847781125637
1745.0 0.2163162412861767
1755.0 0.2289335033522476
1765.0 0.21547272661171166
1775.0 0.22196232886737474
1785.0 0.22570520253058712
1795.0 0.24005724126114678
1805.0 0.2379357736609054
1815.0 0.22755619395538487
1825.0 0.23090326785539644
1835.0 0.2258471447392873
1845.0 0.2100328638395814
1855.0 0.21312674831728934
1865.0 0.2184496573781505
1875.0 0.23440698310463107
1885.0 0.21966139692020537
1895.0 0.214579471995109
1905.0 0.2246441198684293
1915.0 0.21988749999722323
1925.0 0.2179757821320916
1935.0 0.22201756054483812
1945.0 0.23376128462017787
1955.0 0.2232415995434634
1967.0 0.2395759815083861
1976.0 0.2466085743700419
1984.0 0.23918840297353836
1995.0 0.23202713689966467
2005.0 0.23721533391040306
2015.0 0.2337741224277346
2025.0 0.24053496057777676
2035.0 0.23448703577447735
2045.0 0.24006580061494193
2055.0 0.23389048609463908
2065.0 0.23560993828350005
2074.0 0.24880770405961294
2078.0 0.24499315859078652
2085.0 0.2485158291247936
2095.0 0.23805556176705445
2105.0 0.24098300193010186
2115.0 0.24372323484652703
2125.0 0.24535273090863663
2135.0 0.2340108996764759
2145.0 0.24055035845144054
2155.0 0.24569613121833778
2165.0 0.24053519056666706
2175.0 0.23897186220013752
2185.0 0.2399593877893549
2195.0 0.2473510033722495
2205.0 0.2411663241495584
2215.0 0.23265363547556722
2225.0 0.230084349437996
2235.0 0.24196285740959572
2245.0 0.23318406021421836
2255.0 0.22719513716192558
2265.0 0.23141350197026656
2275.0 0.23754245696352805
2285.0 0.244728278452036
2295.0 0.23642215628501417
2305.0 0.2376466588903478
2315.0 0.233552987020786
2325.0 0.19801639442432892
2335.0 0.22133242672825112
2345.0 0.21684415130047616
2355.0 0.2334226248696265
2365.0 0.22056410586288933
2375.0 0.22602477255957115
2385.0 0.21674658502813163
2395.0 0.2268394939800495
2405.0 0.22198772539101505
2415.0 0.22696423397212565
2425.0 0.23888891805226745
2435.0 0.2368399723276186
2445.0 0.24713014886468918
2455.0 0.245490943049853
2465.0 0.24584195153738903
2475.0 0.24146067520541462
2485.0 0.24614944048198653
2495.0 0.23783693737315695
2505.0 0.25863186230230534
2513.0 0.24048905854382735
2518.0 0.24471567918050746
2525.0 0.23665135360401215
2535.0 0.2398236672089128
2545.0 0.23981079473605169
2555.0 0.25484153071073895
2565.0 0.2526847905548818
2575.0 0.26466413053589644
2585.0 0.2659612932723534
2595.0 0.2650484160559852
2605.0 0.2598883308049932
2615.0 0.2597726483559363
2625.0 0.2700079763109576
2635.0 0.2766526800329945
2645.0 0.3012025265186917
2655.0 0.306413753637172
2665.0 0.2901401134080453
2675.0 0.29895429614317576
2685.0 0.3016457698935864
2695.0 0.2933945628022269
2705.0 0.29845743045430145
2715.0 0.2896865224800733
2725.0 0.2909489118807975
2735.0 0.30277825482414644
2745.0 0.2798723132532624
2755.0 0.27924034686366417
2765.0 0.28842188165843247
2775.0 0.3023614662535641
2785.0 0.2931756680805596
2795.0 0.24500702441796143
2805.0 0.2588272346925882
2815.0 0.312585228478027
2825.0 0.3226058416847326
2835.0 0.31707408058721287
2845.0 0.3089391296005676
2855.0 0.3035155088142966
2865.0 0.32627215900579526
2875.0 0.3284813268108045
2885.0 0.33095407251048237
2895.0 0.33145541642050014
2910.0 0.3558054429267701
2930.0 0.35099702164920793
2950.0 0.3493600672584406
2970.0 0.35764911736023985
2990.0 0.3624267112878689
3010.0 0.3696475110248765
3030.0 0.37488888665150416
3050.0 0.37942735569760294
3070.0 0.3847867807280544
3090.0 0.3910062448227368
3110.0 0.39563670291072867
3130.0 0.39566049423314503
3150.0 0.40074729188218156
3170.0 0.40693240232983946
3190.0 0.39556572627232284
3210.0 0.40794374010519113
3230.0 0.4017741174867994
3250.0 0.4233983509930501
3270.0 0.439233892482895
3290.0 0.44329741292855
3310.0 0.4464468516285025
3330.0 0.4593851863881234
3350.0 0.4671805573373167
3370.0 0.4270654928873589
3390.0 0.46747753904817035
3410.0 0.4607574683755054
3430.0 0.47793146718448765
3450.0 0.48214749591112765
3470.0 0.47337372971000524
3490.0 0.48383282271259354
3510.0 0.48169405170455337
3530.0 0.4968626521704824
3550.0 0.5216035559006947
3570.0 0.5062434091476614
3590.0 0.4700973927603038
3610.0 0.4773078306703559
3630.0 0.6101150559775673
3640.0 0.49790836969606206
3650.0 0.43111810798939343
3670.0 0.5645184899774673
3690.0 0.5045675401235413
3704.66 0.6174552077218975
3704.88 0.6054703127303644
3705.11 0.5929392932323287
3705.33 0.580951803126111
3705.55 0.5689630443395571
3705.78 0.556427985510205
3706.0 0.5444366317825987
3706.22 0.5324440094595974
3706.45 0.5199049115692944
3706.67 0.5122388259893214
3706.89 0.5061954384541055
3707.12 0.4998766665042032
3707.34 0.4938319685846411
3707.56 0.48778663005416867
3707.79 0.4814658184732124
3708.01 0.47541916964603126
3708.24 0.4690969882402327
3708.46 0.4630490291752501
3708.68 0.457000429571021
3708.91 0.4506762087623236
3709.13 0.4446262990080208
3709.35 0.44810391529192284
3709.58 0.4574324589250594
3709.8 0.46635637249833584
3710.0 0.4744698347054817
3710.02 0.4752812235376893
3710.25 0.4846127519544019
3710.47 0.4935395204732164
3710.7 0.5028730534820165
3710.92 0.5118017393931985
3711.14 0.5207313626644602
3711.37 0.5300678801193535
3711.59 0.5389994206532084
3711.81 0.5479318984836756
3712.04 0.5524615884117688
3712.26 0.5532556201056075
3712.48 0.5540497319150931
3712.71 0.5548800253747459
3712.93 0.5556743010513595
3713.16 0.5565047658225796
3713.38 0.5572992053585428
3713.6 0.558093725000686
3713.83 0.5589244448207201
3714.05 0.559719128310622
3714.27 0.5605138919010365
3714.5 0.5613448667518375
3714.72 0.562558254988857
3714.94 0.564190250174748
3715.17 0.5658966067478298
3715.39 0.5675289458716948
3715.62 0.5692356620079427
3715.84 0.5708683450538012
3716.06 0.5725011962334754
3716.29 0.5742084476883486
3716.51 0.5758416427661994
3716.73 0.5774750059662183
3716.96 0.5791827927026316
3717.18 0.5808164997769918
3717.4 0.5855405150513154
3717.63 0.5951464654988201
3717.85 0.6043357500034058
3718.08 0.6139437580418057
3718.3 0.6231350106318144
3718.52 0.6323272253641139
3718.75 0.641938296752299
3718.97 0.6511324794358891
3719.19 0.6603276241962185
3719.42 0.6699417587253627
3719.64 0.6791388713027606
3719.86 0.6883369458912653
3720.09 0.6977792803093545
3720.31 0.7064984147717708
3720.53 0.715218460667792
3720.76 0.724335846782506
3720.98 0.7330577569107904
3721.21 0.7421770919508817
3721.43 0.7509008662258579
3721.65 0.7596255518302955
3721.88 0.7687477884378838
3722.1 0.7774743380614898
3722.32 0.7862017989521997
3722.55 0.7953269369287495
3722.77 0.8015978375896383
3722.99 0.8013132497281308
3723.22 0.8010156887286578
3723.44 0.8007310294614269
3723.67 0.8004333938119663
3723.89 0.800148663141786
3724.11 0.7998638975645065
3724.34 0.7995661507748816
3724.56 0.7992813137987843
3724.78 0.7989964419176085
3725.01 0.7986985839942534
3725.23 0.7984136407183955
3725.45 0.8009917834646604
3725.68 0.8171578191714226
3725.9 0.832622636996003
3726.13 0.8487921294278189
3726.35 0.8642602536089552
3726.57 0.8797299941757346
3726.8 0.8959046329923072
3727.02 0.9113776796890143
3727.24 0.9268523426604998
3727.47 0.94303212750895
3727.69 0.9585100963836489
3727.91 0.9739896814221867
3728.14 0.9870806719936611
3728.36 0.9798733188723496
3728.59 0.9723375447286199
3728.81 0.9651286342882331
3729.03 0.9579189625176643
3729.26 0.9503807643867764
3729.48 0.9431695354028334
3729.7 0.9359575451404174
3729.93 0.9284169231869581
3730.0 0.9261217861413295
3730.15 0.9212033758169117
3730.37 0.9139890672201364
3730.6 0.9064460216088046
3730.82 0.8989730512384542
3731.05 0.8855146304324027
3731.27 0.8726399742411879
3731.49 0.8597639647230338
3731.72 0.8463012350805983
3731.94 0.8334224574882185
3732.16 0.8205423266613797
3732.39 0.8070752884769219
3732.61 0.7941923897650308
3732.83 0.7813081379111964
3733.06 0.7678367914792746
3733.28 0.7549497719296882
3733.51 0.7414755320641798
3733.73 0.7332977080839893
3733.95 0.7251190240153846
3734.18 0.716567661981641
3734.4 0.7083872187013881
3734.62 0.7002059153915342
3734.85 0.6916518151230008
3735.07 0.6834687527218045
3735.29 0.6752848303498435
3735.52 0.6667279920338471
3735.74 0.6585423106909468
3735.96 0.6503557694361232
3736.19 0.6417961932601164
3736.41 0.6363482109433894
3736.64 0.6309384833631214
3736.86 0.6257634041682103
3737.08 0.6205877802054894
3737.31 0.6151763181475147
3737.53 0.6099995799250748
3737.75 0.60482229697209
3737.98 0.5994091005550558
3738.2 0.5942307034186112
3738.42 0.5890517615888897
3738.65 0.5836368309315219
3738.87 0.5784567749946513
3739.1 0.578308094363623
3739.32 0.5792266297103287
3739.54 0.5801452573671824
3739.77 0.5811057395236436
3739.99 0.5820245559899321
3740.21 0.582943464759742
3740.44 0.5839042407999285
3740.66 0.5848233383656053
3740.88 0.585742528228169
3741.11 0.5867035981309575
3741.33 0.5876229767758134
3741.56 0.5885842440371423
3741.78 0.5901838433911782
3742.0 0.5919836258195258
3742.23 0.5938654133959287
3742.45 0.5956655724136561
3742.67 0.59746591553525
3742.9 0.5993482892770503
3743.12 0.601149008961423
3743.34 0.6029499127366551
3743.57 0.6048328726024395
3743.79 0.6066341529138365
3744.02 0.6085175064217228
3744.24 0.6103191632514037
3744.46 0.6079736011154872
3744.69 0.6034976167292085
3744.91 0.5992157799866498
3745.13 0.594933493111831
3745.36 0.5904560755565476
3745.58 0.586172867988334
3745.8 0.5818892103188176
3746.03 0.5774103596930942
3746.25 0.5731257813935263
3746.48 0.56864596831317
3746.7 0.5643604694261087
3746.92 0.5600745204895397
3747.15 0.5572433523264555
3747.37 0.5555496833163979
3747.59 0.5538558344115768
3747.82 0.5520848000329338
3748.04 0.5503905831740952
3748.26 0.5486961864327505
3748.49 0.546924579329037
3748.71 0.5452298146587531
3748.93 0.5435348701182365
3749.16 0.5417626903284996
3750.0 0.5309104632365117
3770.0 0.5736868389911052
3790.0 0.7693806683605212
3810.0 0.8130250398997455
3830.0 0.6273639524420127
3850.0 0.9341667198065309
3870.0 0.9562986134760898
3890.0 0.6011093392726591
3910.0 0.9806649619203482
3930.0 0.7771833789380624
3950.0 0.9798756437322821
3970.0 0.5444590625652422
3990.0 1.0
4010.0 1.1633394942277098
4030.0 1.0695839211702407
4050.0 1.0961741496635458
4070.0 1.0559972322128106
4078.2 1.0855873537072223
4078.45 1.0847028726375387
4078.7 1.08381828939021
4078.94 1.0829689933469184
4079.19 1.0826991062935998
4079.43 1.0836944337663859
4079.68 1.0847313347040302
4079.93 1.0857683391962365
4080.17 1.0867639609296675
4080.42 1.0878011683787523
4080.66 1.0887969849443873
4080.91 1.0898343953370218
4081.16 1.090871909267147
4081.4 1.0918680200449176
4081.65 1.0929057368984565
4081.9 1.0911078647502577
4082.14 1.0845418890645138
4082.39 1.0777016067325695
4082.63 1.0711342403624546
4082.88 1.0642925094460165
4083.13 1.0574500394905697
4083.37 1.0508805730672244
4083.62 1.0440366546633755
4083.86 1.0374657977728179
4084.11 1.0306204310107119
4084.36 1.023774325325048
4084.6 1.0186470870558324
4084.85 1.0158157093408124
4085.1 1.0129840220209994
4085.34 1.0102653109268387
4085.59 1.00743301680992
4085.83 1.004713723208528
4086.08 1.0018808223319744
4086.33 0.9990476118986185
4086.57 0.9963274386606117
4086.82 0.9934936215242299
4087.06 0.9907728658693212
4087.31 0.9897935560820319
4087.56 0.9915969545415483
4087.8 0.9933283918841731
4088.05 0.9951321545492212
4088.3 0.9969361030243867
4088.54 0.9986680683650376
4088.79 1.000472381010329
4089.03 1.0022046959430484
4089.28 1.004009372735014
4089.53 1.005814235307063
4089.77 1.0075470781524614
4090.0 1.0056414144339745
4090.02 1.0049932729236029
4090.26 0.9972151397591561
4090.51 0.9891120636865868
4090.76 0.981008116186063
4091.0 0.9732275067719585
4091.25 0.9651218513533072
4091.5 0.957015324589019
4091.74 0.9492322391591556
4091.99 0.9411240046381144
4092.23 0.9333392798130584
4092.48 0.9252293376421565
4092.73 0.9217956430101188
4092.97 0.9233633982192903
4093.22 0.9249966410375511
4093.47 0.92663005168237
4093.71 0.9281982837874901
4093.96 0.9298320233563225
4094.2 0.9314005712182957
4094.45 0.9330346396898959
4094.7 0.934668875960844
4094.94 0.9362379006414462
4095.19 0.9378724657830669
4095.43 0.9320200530616465
4095.68 0.9181917423374726
4095.93 0.9043619520316027
4096.17 0.8910839613915357
4096.42 0.8772512712431759
4096.67 0.8634171016535757
4096.91 0.8501349070333107
4097.16 0.8362978378765673
4097.4 0.8230128597593834
4097.65 0.8091728912178804
4097.9 0.7953314434687181
4098.14 0.7838042338934259
4098.39 0.7733485686066153
4098.63 0.7633100777861284
4098.88 0.7528522205649484
4099.13 0.7423932450630383
4099.37 0.7323515765360323
4099.62 0.7218904093080523
4099.87 0.7114281239056373
4100.11 0.701383277974163
4100.36 0.6909188010540579
4100.6 0.6808718513318113
4100.85 0.6776313603160807
4101.1 0.6800685326697816
4101.34 0.6824084576768423
4101.59 0.6848461290798205
4101.83 0.6871865331588625
4102.08 0.689624703579188
4102.33 0.6920631285878979
4102.57 0.6944042561052907
4102.82 0.696843180083113
4103.07 0.699282358624705
4103.31 0.7016242095105137
4103.56 0.7100541631484035
4103.8 0.721981729447814
4104.05 0.7344075670088075
4104.3 0.7468347201731238
4104.54 0.7587660248909315
4104.79 0.7711957565142207
4105.03 0.7831295364740996
4105.28 0.79556184639272
4105.53 0.807995471705085
4105.77 0.8199329894878685
4106.02 0.8323691928483549
4106.27 0.8402417191860091
4106.51 0.8453349042315008
4106.76 0.8506408518634495
4107.0 0.8557350862546677
4107.25 0.8610421269202124
4107.5 0.866349725229087
4107.74 0.8714455442195913
4107.99 0.8767542354567155
4108.23 0.8818511036248476
4108.48 0.8871608877204427
4108.73 0.8924712293700026
4108.97 0.8934739164748948
4109.22 0.89238516056693
4109.47 0.8912962830813618
4109.71 0.8902508463185395
4109.96 0.8891617305519038
4110.0 0.8889874607477868
4110.2 0.8881160650462716
4110.45 0.887026711013185
4110.7 0.8859372354212144
4110.94 0.8848912244938593
4111.19 0.8838015106575189
4111.44 0.8827116752735636
4111.68 0.8877711416584877
4111.93 0.8956610188084005
4112.17 0.9032360821960059
4112.42 0.9111275870774669
4112.67 0.9190199223941767
4112.91 0.9265973455465816
4113.16 0.9344913084379014
4113.4 0.9420702940120387
4113.65 0.9499658843740172
4113.9 0.957862305038113
4114.14 0.9654436499987709
4114.39 0.9701879327017888
4114.64 0.9737061822644971
4114.88 0.9770840463204631
4115.13 0.9806030135293985
4115.37 0.9839815665035699
4115.62 0.9875012513125361
4115.87 0.9910213022261659
4116.11 0.9944008955233484
4116.36 0.997921663967222
4116.6 1.0013019460712653
4116.85 1.0048234319991587
4117.1 1.0072227202513138
4117.34 1.0091859381940302
4117.59 1.0112311623591204
4117.84 1.0132765961854637
4118.08 1.0152404099015986
4118.33 1.0172862546438082
4118.57 1.019250462826337
4118.82 1.0212967184576676
4119.07 1.0233431837159992
4119.31 1.0253079875746212
4119.56 1.0273548636816716
4119.81 1.0253268083467952
4120.05 1.0224015833896458
4120.3 1.0193541514552593
4120.54 1.0164283071080618
4120.79 1.013380229995994
4121.04 1.0103318237272716
4121.28 1.0074050440485272
4121.53 1.0043559926634078
4121.77 1.0014285936923943
4122.02 0.9983788972314716
4122.27 0.9953288716658832
4122.51 0.9934380859507718
4122.76 0.9916844742828278
4123.01 0.9899306706067758
4123.25 0.988246838442211
4123.5 0.9864926584479922
4123.74 0.9848084650292565
4123.99 0.9830539087403499
4124.24 0.9812991604734043
4124.48 0.9796144215298752
4124.73 0.9778592970037113
4124.97 0.9761741968626022
4125.22 0.9795123869638688
4125.47 0.9838212010799525
4125.71 0.9879580844852889
4125.96 0.9922677774493873
4126.21 0.9965779187834743
4126.45 1.0007160762769705
4126.7 1.005027096373391
4126.94 1.009166097451487
4127.19 1.013477996253489
4130.0 1.0820467331136914
4150.0 1.1035776237508907
4170.0 1.0523402070034105
4190.0 1.0275083793863844
4210.0 1.0506945843866762
4230.0 1.0469989474549068
4250.0 1.066282499534436
4270.0 1.0842091457946934
4290.0 0.9730602597187865
4310.0 0.9186299288391778
4315.65 0.9988817898446444
4315.91 1.0042721033818316
4316.17 1.0096629697848227
4316.43 1.0150543890332129
4316.69 1.020446361106575
4316.95 1.0193478348061675
4317.21 1.0177082387277283
4317.47 1.0160684657432397
4317.73 1.0144285158590591
4317.99 1.0127883890815281
4318.25 1.011148085417006
4318.52 1.0094445059339685
4318.78 1.0078038417118016
4319.04 1.0061630006219455
4319.3 1.004521982670763
4319.56 1.0026233127318045
4319.82 1.0005356143605464
4320.08 0.99844769287317
4320.34 0.996359548277741
4320.6 0.9942711805823167
4320.86 0.9921825897949637
4321.12 0.9900937759237272
4321.38 0.9880047389766751
4321.64 0.9859154789618689
4321.9 0.9838259958873783
4322.16 0.982423246040137
4322.42 0.9839057101642603
4322.68 0.9853883213548191
4322.94 0.9868710796062734
4323.2 0.9883539849130956
4323.46 0.9898370372697434
4323.73 0.9913772857379402
4323.99 0.9928606378328518
4324.25 0.9943441369607613
4324.51 0.9958277831161298
4324.77 0.997311576293417
4325.03 0.9945592224776332
4325.29 0.9910363019780523
4325.55 0.9875130102133327
4325.81 0.9839893471970003
4326.07 0.9804653129425933
4326.33 0.9769409074636156
4326.59 0.9734161307736086
4326.85 0.9698909828861032
4327.11 0.9663654638146437
4327.37 0.9628395735727383
4327.63 0.9604146511926486
4327.89 0.959274433574592
4328.15 0.9581340916599139
4328.41 0.9569936254530568
4328.67 0.9558530349584732
4328.94 0.9546684440533859
4329.2 0.9535276002168339
4329.46 0.9523866321060778
4329.72 0.951245539725569
4329.98 0.9501043230797634
4330.0 0.9500165320369749
4330.24 0.9487034412046286
4330.5 0.9453124913161198
4330.76 0.9419211846784113
4331.02 0.9385295213045256
4331.28 0.9351375012074981
4331.54 0.931745124400331
4331.8 0.9283523908960613
4332.06 0.9249593007077173
4332.32 0.9215658538483397
4332.58 0.9181720503309342
4332.84 0.9147778901685442
4333.1 0.9090798401936596
4333.36 0.902532481752571
4333.62 0.8959844411639603
4333.88 0.8894357184528969
4334.15 0.8826343998380789
4334.41 0.8760842867242082
4334.67 0.8695334915640032
4334.93 0.8629820143825199
4335.19 0.8564298552048395
4335.45 0.8498770140559772
4335.71 0.8431411589599104
4335.97 0.8361128568714481
4336.23 0.8290838239657382
4336.49 0.8220540602696084
4336.75 0.8150235658099617
4337.01 0.8079923406136795
4337.27 0.800960384707646
4337.53 0.7939276981187712
4337.79 0.7868942808738951
4338.05 0.7798601329999338
4338.31 0.7728252545237798
4338.57 0.7696897105966923
4338.83 0.7665538382659152
4339.09 0.7634176375434961
4339.35 0.7602811084414731
4339.62 0.7570235960502052
4339.88 0.753886397596273
4340.14 0.7507488707993198
4340.4 0.7476110156713989
4340.66 0.7444728322245311
4340.92 0.7413343204707725
4341.18 0.7428715412014075
4341.44 0.7468846045618993
4341.7 0.7508980764840534
4341.96 0.7549119569526425
4342.22 0.7589262459524511
4342.48 0.762940943468248
4342.74 0.7669560494848434
4343.0 0.7709715639870037
4343.26 0.7749874869595084
4343.52 0.779003818387136
4343.78 0.7831448439710065
4344.04 0.7876236550855915
4344.3 0.7921029221356943
4344.57 0.7967549512462235
4344.83 0.8012351476507359
4345.09 0.8057157999391471
4345.35 0.8101969080944652
4345.61 0.8146784720996809
4345.87 0.8191604919378316
4346.13 0.8236429675919053
4346.39 0.828125899044904
4346.65 0.8337726524438174
4346.91 0.8395169334481611
4347.17 0.845261799842306
4347.43 0.8510072516044422
4347.69 0.8567532887127387
4347.95 0.8624999111454221
4348.21 0.8682471188806576
4348.47 0.8739949118966279
4348.73 0.8797432901714946
4348.99 0.8854922536834768
4349.25 0.8900651419970436
4349.51 0.8936298766506363
4349.78 0.8973320981099315
4350.0 0.9003490104791548
4350.04 0.9008975677344032
4350.3 0.9044633978901246
4350.56 0.9080295885636002
4350.82 0.911596139741319
4351.08 0.9151630514098081
4351.34 0.9187303235555552
4351.6 0.9222979561650584
4351.86 0.9260539461797195
4352.12 0.9305999437012172
4352.38 0.9351464020525757
4352.64 0.9396933212165611
4352.9 0.9442407011759211
4353.16 0.9487885419134506
4353.42 0.9533368434118954
4353.68 0.9578856056540146
4353.94 0.9624348286225509
4354.2 0.9669845123002937
4354.46 0.9715346566699818
4354.72 0.9760372191546294
4354.99 0.9807015601874299
4355.25 0.9851936111253963
4355.51 0.9896861165817905
4355.77 0.994179076539587
4356.03 0.9986724909817443
4356.29 1.0031663598912657
4356.55 1.0076606832511068
4356.81 1.0121554610442365
4357.07 1.016650693253607
4357.33 1.0210731344468957
4357.59 1.025410565145213
4357.85 1.0297484339350695
4358.11 1.034086740800018
4358.37 1.0384254857236552
4358.63 1.0427646686895315
4358.89 1.0471042896812095
4359.15 1.0514443486822371
4359.41 1.055784845676206
4359.67 1.0601257806466593
4359.93 1.064310409453792
4360.2 1.0667030552097616
4360.46 1.0690073179957214
4360.72 1.0713118099059589
4360.98 1.073616530931795
4361.24 1.0759214810645743
4361.5 1.078226660295617
4361.76 1.0805320686162483
4362.02 1.082837706017796
4362.28 1.0851435724915768
4362.54 1.0874496680289312
4362.8 1.085895768112985
4363.06 1.0829194412392125
4363.32 1.0799428025897344
4363.58 1.0769658521760115
4363.84 1.0739885900095387
4364.1 1.0710110161017998
4364.36 1.068033130464291
4364.62 1.0650549331084775
4364.88 1.0620764240458573
4365.15 1.0589830270342466
4365.41 1.057567921460414
4365.67 1.0586552544007126
4365.93 1.059742691693014
4366.19 1.060830233333285
4366.45 1.0619178793175046
4366.71 1.0630056296416375
4366.97 1.064093484301656
4367.23 1.0651814432935247
4367.49 1.066269506613221
4370.0 1.091796997578108
4390.0 1.049037683810617
4410.0 1.0773321856899312
4430.0 1.1160507737079373
4450.0 1.1642844177936793
4470.0 1.1446209588577385
4490.0 1.1903462030173098
4510.0 1.24296536188722
4530.0 1.1986626741135176
4550.0 1.1299011629781213
4570.0 1.2091473796218675
4590.0 1.1948691229367583
4610.0 1.2547473962007658
4630.0 1.2431618680844292
4650.0 1.1833789813805944
4670.0 1.159934518560041
4690.0 1.2164094581906595
4710.0 1.2064171028980613
4730.0 1.1857287737811506
4750.0 1.2643499160830847
4770.0 1.245254572609205
4790.0 1.2253858788252823
4810.0 1.2540221567830705
4830.0 1.2192768160819414
4834.84 1.256382562037649
4835.13 1.2568301554288093
4835.42 1.2567800780662244
4835.71 1.2567299874912965
4836.0 1.2566798837045048
4836.29 1.2566297667063293
4836.59 1.2565779076337253
4836.88 1.2565277637586951
4837.17 1.2564776066737338
4837.46 1.256427436379322
4837.75 1.256377252875938
4838.05 1.2500367073245011
4838.34 1.242056661775001
4838.63 1.2340758127685265
4838.92 1.2260941603427444
4839.21 1.218111704535323
4839.5 1.210128445383932
4839.8 1.2018690561004537
4840.09 1.1938841626758923
4840.38 1.1858984660216783
4840.67 1.1809392671463053
4840.96 1.1788051882304682
4841.26 1.1765972886350418
4841.55 1.1744627616769225
4841.84 1.1723280145101613
4842.13 1.170193047144994
4842.42 1.1680578595916575
4842.72 1.1658488131840836
4843.01 1.1637131776933136
4843.3 1.161139013439583
4843.59 1.157413968074126
4843.88 1.1536885444501206
4844.17 1.1499627425852534
4844.47 1.1461080667829175
4844.76 1.1423814954481406
4845.05 1.1386545459261779
4845.34 1.1349272182347203
4845.63 1.1311995123914576
4845.93 1.1274369122003196
4846.22 1.1264358867173265
4846.51 1.1254347543554497
4846.8 1.1244335151196003
4847.09 1.1234321690146891
4847.38 1.1224307160456275
4847.68 1.1213946177656495
4847.97 1.1203929473984766
4848.26 1.1193911701820562
4848.55 1.118389286121301
4848.84 1.1169095970280893
4849.14 1.1152214776339837
4849.43 1.1135894565676694
4849.72 1.1119572661112842
4850.0 1.1103811973625828
4850.01 1.1103249062726912
4850.3 1.1086923770597545
4850.59 1.1070596784803384
4850.89 1.1053705017307691
4851.18 1.1037374586024462
4851.47 1.099480735464667
4851.76 1.0927748509679671
4852.05 1.086068293528608
4852.35 1.0791297673714264
4852.64 1.0724218409394537
4852.93 1.065713241660795
4853.22 1.0590039695670792
4853.51 1.052294024689937
4853.81 1.045351994454344
4854.1 1.0388256910280425
4854.39 1.0327844089286324
4854.68 1.0267425207153682
4854.97 1.0207000264167454
4855.26 1.0146569260612597
4855.56 1.008404805200272
4855.85 1.0023604719205133
4856.14 0.9963155326703678
4856.43 0.9902699874783353
4856.72 0.9842238363729165
4857.02 0.9828776793801164
4857.31 0.9815762565687639
4857.6 0.980274698379663
4857.89 0.978973004819099
4858.18 0.9776711758933565
4858.47 0.9763692116087206
4858.77 0.9750222095699245
4859.06 0.9737199699193563
4859.35 0.9724175949289692
4859.64 0.9750357721184085
4859.93 0.9789017556717778
4860.23 0.9829014453689054
4860.52 0.9867681952115882
4860.81 0.9906353216777644
4861.1 0.9945028247495381
4861.39 0.9983707044090014
4861.68 1.002238960638246
4861.98 1.0062410012656653
4862.27 1.0077202261620375
4862.56 1.0069690030151315
4862.85 1.006217698996933
4863.14 1.005466314111154
4863.44 1.0046889343072154
4863.73 1.0039373849091964
4864.02 1.00318575465486
4864.31 1.0024340435479226
4864.6 1.0016822515920951
4864.9 1.0016391582224957
4865.19 1.0035506846294548
4865.48 1.0054623936522022
4865.77 1.007374285281996
4866.06 1.009286359510076
4866.35 1.011198616327699
4866.65 1.013177005168653
4866.94 1.0150896334345476
4867.23 1.0170024442634367
4867.52 1.018915437646576
4867.81 1.018034389958634
4868.11 1.0171228627647901
4868.4 1.0162416245490746
4868.69 1.0153602926906695
4868.98 1.014478867193895
4869.27 1.0135973480630684
4869.56 1.0127157353025165
4869.86 1.0118036235782357
4870.0 1.0113779371530855
4870.15 1.010921820342953
4870.44 1.014385833638674
4870.73 1.019233040449233
4871.02 1.0240807194509665
4871.32 1.0290960566692158
4871.61 1.0339446962663486
4871.9 1.0387938079864558
4872.19 1.0436433918070667
4872.48 1.0484934477057093
4872.77 1.0533439756599254
4873.07 1.0589157352708292
4873.36 1.0648373559937037
4873.65 1.0707595543112767
4873.94 1.0766823301960708
4874.23 1.0826056836206064
4874.53 1.0887338983381107
4874.82 1.0946584266724666
4875.11 1.1005835324631743
4875.4 1.1065092156827514
4875.69 1.113005138861264
4875.98 1.1212921519227996
4876.28 1.1298657765353382
4876.57 1.138154437685067
4876.86 1.1464439088536027
4877.15 1.1547341900024262
4877.44 1.1630252810930157
4877.74 1.1716031241522293
4878.03 1.1798958629364693
4878.32 1.188189411545579
4878.61 1.1896435861068357
4878.9 1.1910978963492371
4879.2 1.1926024979935037
4879.49 1.1940570842565954
4879.78 1.1955118061809153
4880.07 1.1969666637599006
4880.36 1.1984216569869868
4880.65 1.1998767858556092
4880.95 1.2013822343129064
4881.24 1.1995737548716074
4881.53 1.196726529890437
4881.82 1.1938790168738778
4882.11 1.1910312158354655
4882.41 1.1880849116848795
4882.7 1.1852365247127572
4882.99 1.1823878497598594
4883.28 1.1795388868397227
4883.57 1.1766896359658858
4883.86 1.1762865786820043
4884.16 1.1785813286844111
4884.45 1.1807998013881809
4884.74 1.1830184848164573
4885.03 1.1852373789591089
4885.32 1.1874564838060047
4885.62 1.1897523312269171
4885.91 1.1919718647166913
4886.2 1.1941916088799658
4886.49 1.1948445678487638
4886.78 1.1905724971381215
4887.07 1.1862999987581233
4887.37 1.1818797228248117
4887.66 1.1776063544211803
4887.95 1.1733325584094352
4888.24 1.1690583348097607
4888.53 1.1647836836423415
4888.83 1.1603611807944902
4889.12 1.1560856598101723
4889.41 1.1562643911167478
4889.7 1.1564431326042472
4890.0 1.1566280483042453
4890.29 1.1568068105027824
4890.58 1.156985582880398
4890.87 1.1571643654364843
4891.16 1.1573431581704323
4891.45 1.157521961081635
4891.74 1.1577007741694831
4892.04 1.1615319725377315
4892.33 1.1665175871380413
4892.62 1.1715036837666497
4892.91 1.176490262400516
4910.0 1.227009073539783
4928.77 1.2607119885546374
4929.07 1.2680473611400966
4929.36 1.2751389141704867
4929.66 1.280522781431829
4929.96 1.273212441122057
4930.0 1.272237672922621
4930.26 1.2659013575534404
4930.55 1.2588332702960792
4930.85 1.251520725091995
4931.15 1.2442074367378306
4931.45 1.2368934052701985
4931.74 1.229822468515336
4932.04 1.2225069756982
4932.34 1.2155425395872241
4932.64 1.2135028391120577
4932.93 1.2115309262062546
4933.23 1.209490806886438
4933.53 1.2074504746101993
4933.83 1.2054099293879554
4934.12 1.2034371999325668
4934.42 1.2013962359468873
4934.72 1.1993550590460922
4935.02 1.1973136692405943
4935.31 1.2030488185840802
4935.61 1.2089823092514014
4935.91 1.2149163872322453
4936.21 1.220851052497348
4936.5 1.2265884538057668
4936.8 1.2325242739779265
4937.1 1.2384606813475787
4937.4 1.2443976758854562
4937.69 1.2501373287139597
4937.99 1.2490096575364715
4938.29 1.2470967344093304
4938.59 1.2451836111340497
4938.88 1.2433340683918828
4939.18 1.2414205515204653
4939.48 1.2395068345299354
4939.78 1.2375929174300642
4940.07 1.2357426073610118
4940.37 1.233828296741321
4940.67 1.234550306403999
4940.97 1.2357997106630016
4941.26 1.237007579267961
4941.56 1.2382572134962027
4941.86 1.2395069646491397
4942.16 1.2407568327208367
4942.45 1.241965149655666
4942.75 1.2432152476502527
4943.05 1.2444654625459692
4943.35 1.2461126515354024
4943.64 1.2478218452938477
4943.94 1.2495901426658573
4944.24 1.2513586087390376
4944.54 1.2531272435048688
4944.83 1.2548370841222374
4945.13 1.256606050625443
4945.43 1.2583751857960384
4945.73 1.260144489625502
4946.02 1.2637566651112226
4946.32 1.2683790706511098
4946.62 1.273001930209336
4946.92 1.2776252437631996
4947.21 1.2820948783920145
4947.51 1.2867190847377818
4947.81 1.2913437450118794
4948.11 1.2959688591916059
4948.4 1.3004402343398862
4948.7 1.3011881215154109
4949.0 1.299350532490004
4949.3 1.2975127511082785
4949.59 1.2957360462694223
4949.89 1.2938978866143847
4950.0 1.2932238465514254
4950.19 1.292059534630948
4950.49 1.2902209903285105
4950.78 1.2884435480351117
4951.08 1.2866046255327686
4951.38 1.2863108800038783
4951.68 1.287369362229067
4951.97 1.2883926540965978
4952.27 1.2894513274545685
4952.57 1.2905100979913167
4952.87 1.2915689657018732
4953.16 1.2925926301865023
4953.46 1.2936516889910301
4953.76 1.2947108449546034
4954.06 1.2933898023229964
4954.35 1.289482873972784
4954.65 1.285440818800996
4954.95 1.2813983516279526
4955.25 1.2773554724740086
4955.54 1.2734469643669195
4955.84 1.2694032750432145
4956.14 1.2653591737989596
4956.44 1.2613146606545116
4956.73 1.2583868812207348
4957.03 1.2570207628293142
4957.33 1.2556544998312584
4957.63 1.2542880922336195
4957.92 1.2529670941125954
4958.22 1.2516004021563518
4958.52 1.250233565621449
4958.82 1.248866584514945
4959.11 1.2475450320286088
4959.41 1.2463896312864842
4959.71 1.2457284826428223
4960.01 1.2450672598485815
4960.3 1.2444280073332423
4960.6 1.2437666387198891
4960.9 1.243105195966494
4961.2 1.242443679076605
4961.49 1.2418041422821966
4961.79 1.2411424796009
4962.09 1.240778677111079
4962.39 1.2413938059716672
4962.68 1.2419884809733406
4962.98 1.2426037141824762
4963.28 1.2432190004460748
4963.58 1.2438343397613527
4963.87 1.2444292181920777
4964.17 1.245044661834217
4964.47 1.245660158519789
4964.77 1.2464488708942034
4965.06 1.2480483527179678
4965.36 1.249703142923432
4965.66 1.2513580895645062
4965.96 1.253013192633253
4966.25 1.2546132742854454
4966.55 1.2562686849721438
4966.85 1.257924252062984
4967.15 1.2595799755500285
4967.44 1.261039793450495
4967.74 1.2605827605197248
4968.04 1.2601256738166227
4968.34 1.2596685333437283
4968.63 1.2592265797778108
4968.93 1.2587693335650685
4969.23 1.2583120335900717
4969.53 1.2578546798553576
4969.82 1.2574125201459256
4970.0 1.2571380509234824
4970.12 1.2569550606911812
4970.42 1.2562077255213904
4970.72 1.2554603078002782
4971.02 1.2547128075318212
4971.31 1.2539901454768814
4971.61 1.253242482876917
4971.91 1.252494737741405
4972.21 1.251746910074324
4972.5 1.2510239315490437
4972.8 1.2502759415814808
4973.1 1.2517087523811596
4973.4 1.2532974823468153
4973.69 1.2548333967699445
4973.99 1.2564224207757875
4974.29 1.2580115942823198
4974.58 1.2595479374402034
4974.88 1.261137404942597
4975.18 1.262727021923143
4975.48 1.2643167883742397
4975.78 1.2640507662820604
4976.07 1.2635175540685584
4976.37 1.2629658932375987
4976.48 1.2627636018051258
4976.67 1.2624141693695377
4976.78 1.2622118548242156
4976.97 1.2618623824673847
4977.08 1.261660044810314
4977.26 1.261328928547389
4977.38 1.2611081717664303
4977.56 1.2607770176869582
4977.68 1.26055623569557
4977.86 1.2602250438013576
4977.98 1.2600042366007425
4978.16 1.259673006893591
4978.28 1.2585508502000617
4978.45 1.255684137813655
4978.58 1.2534918355116587
4978.75 1.2506248341889006
4978.88 1.2484323109410627
4979.05 1.2455650206963005
4979.18 1.243372276513592
4979.35 1.240504697361173
4979.48 1.238311732254581
4979.64 1.2356125668607065
4979.78 1.2332506781893184
4979.94 1.2305512409091526
4980.08 1.2281891143431392
4980.24 1.2254894051901717
4980.39 1.2229582961758065
4980.54 1.2204270597290992
4980.69 1.2178956958531992
4980.83 1.2155329746023582
4980.99 1.2136176128440617
4981.13 1.212824762226034
4981.29 1.2119186002205145
4981.43 1.2111256673298665
4981.59 1.2102194113008087
4981.73 1.2094263961415934
4981.89 1.208520046093617
4982.02 1.2077835997589612
4982.19 1.2068205046076188
4982.32 1.2060839818881703
4982.49 1.205120786851476
4982.62 1.2043841877509942
4982.79 1.2034208928338674
4982.92 1.2026842173561114
4983.09 1.201720822563468
4983.21 1.2010407451064697
4983.39 1.2000205760489495
4983.51 1.1993404280967337
4983.69 1.1993965583369226
4983.81 1.2005616635298475
4983.99 1.2023094054806662
4984.11 1.2034746228875273
4984.29 1.2052225331550281
4984.4 1.2062907502546647
4984.59 1.2081359413458583
4984.7 1.2092042612979885
4984.89 1.2110496300390077
4985.0 1.2121180528384428
4985.19 1.2139635992203175
4985.3 1.2150321248618785
4985.49 1.2168778488756553
4985.59 1.2178493277525517
4985.79 1.2197923789908618
4985.89 1.2207639513512365
4986.09 1.2227071895517867
4986.19 1.2236788553909141
4986.39 1.2248844151852627
4986.49 1.224802051578769
4986.69 1.2246373135453885
4986.78 1.22456317672359
4986.99 1.2243901794451655
4987.08 1.2243160328855534
4987.29 1.2241430128860842
4987.38 1.224068856589105
4987.59 1.2238958138696334
4987.68 1.223821647835734
4987.9 1.2236403407892815
4987.97 1.2235826485234351
4988.2 1.223393075780774
4988.5 1.2231457783194166
4988.8 1.2228984484066974
4989.1 1.2218439167841202
4989.4 1.21856944771979
4989.7 1.2152946469644759
4990.0 1.2120195145346446
4990.3 1.2087440504467537
4990.6 1.2054682547172613
4990.9 1.2021921273626341
4991.2 1.1989156683993114
4991.5 1.1956388778437614
4991.8 1.194289330371154
4992.1 1.1982407339203323
4992.4 1.2021925200095958
4992.7 1.2061446886196971
4993.0 1.2100972397313534
4993.3 1.2140501733252935
4993.6 1.2180034893822453
4993.9 1.221957187882925
4994.2 1.225911268808083
4994.5 1.2279966370152535
4994.8 1.2249419377975486
4995.1 1.2218869290431311
4995.41 1.218729761494379
4995.71 1.2156741233960222
4996.01 1.2126181758075536
4996.31 1.2095619187443363
4996.61 1.2065053522217433
4996.91 1.2034484762551216
4997.21 1.2008484986285013
4997.51 1.1993151274347622
4997.81 1.1977815971747203
4998.11 1.1962479078562158
4998.41 1.1947140594870764
4998.71 1.1931800520751452
4999.01 1.1916458856282581
4999.31 1.1901115601542527
4999.61 1.1885770756609726
4999.91 1.188645939318884
5000.21 1.1924565031496288
5000.51 1.1962674348314735
5000.81 1.2000787343458603
5001.11 1.2038904016742187
5001.41 1.2077024367980116
5001.71 1.2115148396986688
5002.01 1.21532761035763
5002.31 1.2191407487563353
5002.61 1.2245841818416092
5002.92 1.2341397526632243
5003.22 1.2433879971236956
5003.52 1.2526371443503241
5003.82 1.2618871942976957
5004.12 1.271138146920479
5004.42 1.2803900021732584
5004.72 1.2896427600106444
5005.02 1.2988964203872482
5005.32 1.3056847149921227
5005.62 1.3075408900310213
5005.92 1.309397239276357
5006.22 1.311253762719253
5006.52 1.3131104603508343
5006.82 1.3149673321622186
5007.12 1.3168243781445403
5007.42 1.3186815982889197
5007.72 1.3205389925864786
5008.02 1.319102935018546
5008.32 1.3110791517003089
5008.62 1.303054570747222
5008.92 1.295029192199185
5009.22 1.2870030160960748
5009.52 1.2789760424777687
5009.82 1.2709482713841698
5010.0 1.2661312259564281
5010.12 1.2629197028551076
5010.42 1.2548903369304871
5010.73 1.2475615643048064
5011.03 1.2421736905205558
5011.33 1.2367852791942744
5011.63 1.2313963303528097
5011.93 1.2260068440230087
5012.23 1.2206168202317362
5012.53 1.2152262590058078
5012.83 1.2098351603720896
5013.13 1.2044435243574299
5013.43 1.2004961652790898
5013.73 1.1990441216212395
5014.03 1.1975919276153932
5014.33 1.1961395832689774
5014.63 1.194687088589413
5014.93 1.1932344435841231
5015.23 1.1917816482605341
5015.53 1.1903287026260596
5015.83 1.1888756066881268
5016.13 1.187066508263992
5016.43 1.1846425406890206
5016.73 1.1822183275987792
5017.03 1.1797938690054608
5017.33 1.17736916492128
5017.63 1.174944215358445
5017.93 1.1725190203291642
5018.23 1.170093579845653
5018.54 1.1675870334956724
5018.84 1.1675257099532317
5019.14 1.1710114707600792
5019.44 1.1744975658184986
5019.74 1.1779839951115916
5020.04 1.181470758622424
5020.34 1.1849578563340746
5020.64 1.1884452882296208
5020.94 1.191933054292129
5021.24 1.1954211545046982
5021.54 1.1975926593397173
5021.84 1.1977888782032435
5022.14 1.1979851085766282
5022.44 1.198181350459166
5022.74 1.1983776038501532
5023.04 1.1985738687488852
5023.34 1.1987701451546553
5023.64 1.1989664330667598
5023.94 1.1991627324844927
5024.24 1.2002155969819979
5024.54 1.2025534501152786
5024.84 1.2048915244140406
5025.14 1.2072298198670317
5025.44 1.2095683364629954
5025.74 1.2119070741906939
5026.04 1.2142460330388694
5026.35 1.2166631894693798
5026.65 1.219002597894486
5026.95 1.2218567309524897
5027.25 1.2253839806691824
5027.55 1.2289115676126516
5027.85 1.2324394917658
5028.15 1.2359677531115176
5028.45 1.23949635163273
5028.75 1.243025287312326
5029.05 1.2465545601332078
5029.35 1.2500841700782757
5029.65 1.2501005250970343
5029.95 1.2455219518072593
5030.0 1.2447588119613762
5030.25 1.2409429228915123
5030.55 1.2363634383725979
5030.85 1.2317834982733236
5031.15 1.2272031026165093
5031.45 1.2226222514249354
5031.75 1.2180409447214233
5032.05 1.2134591825287817
5032.35 1.2108061858528096
5032.65 1.2106758728832507
5032.95 1.2105455394202878
5033.25 1.2104151854648277
5033.55 1.210284811017775
5033.85 1.210154416080037
5034.16 1.2100196531187324
5034.46 1.2098892165193922
5034.76 1.209758759432114
5035.06 1.208454329327114
5035.36 1.2058080386081071
5035.66 1.2031614818329255
5035.96 1.200514659014856
5036.26 1.197867570167178
5050.0 1.200414190908092
5070.0 1.215179828650161
5090.0 1.253368254818389
5110.0 1.1890246760204246
5130.0 1.1948154475049693
5150.0 1.1852859207851547
5170.0 1.0538843672324998
5190.0 1.1710789917734599
5210.0 1.1761093398862326
5230.0 1.1964890791064229
5250.0 1.2361813223146894
5270.0 1.150842271828223
5290.0 1.2859322620491047
5310.0 1.2980574349822196
5330.0 1.2015616798237723
5350.0 1.2734218119199507
5370.0 1.2455642786780674
5390.0 1.2458430155188387
5410.0 1.207324301860657
5430.0 1.2522180655154656
5450.0 1.263236329556323
5470.0 1.2522445863515934
5490.0 1.2453564462798812
5510.0 1.2811558603546982
5530.0 1.2629703422416052
5550.0 1.2738662073245441
5570.0 1.2815356182426882
5590.0 1.2259041292752788
5610.0 1.3341208270405247
5630.0 1.3017916920678652
5650.0 1.2551003513245913
5670.0 1.3128340145611237
5690.0 1.294510706263985
5710.0 1.2284742115842633
5730.0 1.322033380662911
5750.0 1.2994597538241184
5770.0 1.336095549706515
5790.0 1.292482204189936
5810.0 1.318550458406224
5830.0 1.3090183423228816
5850.0 1.2866607040353117
5870.0 1.3599678531408153
5890.0 1.1781976318818177
5910.0 1.308042026614792
5930.0 1.3050277404693056
5950.0 1.3405677505853004
5970.0 1.3698538663854225
5990.0 1.3321705764723037
6010.0 1.2890116988482883
6030.0 1.2762086106406891
6050.0 1.341109817721719
6070.0 1.344575110359867
6090.0 1.326200675350179
6110.0 1.3220550760944856
6130.0 1.3280669338753557
6150.0 1.3303155816625163
6170.0 1.2683270482110314
6190.0 1.2896130452216987
6210.0 1.3049918802184766
6230.0 1.2729964074108409
6250.0 1.2169698821502908
6270.0 1.2388900997530046
6290.0 1.2737924310206536
6310.0 1.285651738404142
6330.0 1.300616336448231
6350.0 1.3254426324701805
6370.0 1.2856122868578925
6390.0 1.2919199759385398
6410.0 1.3315817321831167
6430.0 1.3145626495277776
6450.0 1.2416704143329365
6470.0 1.323358853233124
6490.0 1.2361668447879652
6510.0 1.3329996353154452
6523.64 1.330257198468324
6524.04 1.3262460083324754
6524.43 1.3223347224712125
6524.82 1.3184230659251812
6525.22 1.3144107254723234
6525.61 1.3167324150333382
6526.0 1.3215035308323675
6526.4 1.3263974291595926
6526.79 1.3311694150502607
6527.19 1.3360642056794565
6527.58 1.3408370614673417
6527.97 1.345610346626491
6528.37 1.3392906821266215
6528.76 1.3311985602046585
6529.15 1.3231056831032604
6529.55 1.314804511946585
6529.94 1.3067101053774048
6530.0 1.3054647450515358
6530.34 1.2984073657106912
6530.73 1.290311430014696
6531.12 1.2911221831828767
6531.52 1.2919537921724018
6531.91 1.2927646765264427
6532.3 1.2935756256322408
6532.7 1.2944074355608102
6533.09 1.2952185158083769
6533.49 1.295972671759645
6533.88 1.296278231270744
6534.27 1.2965838090195563
6534.67 1.2968972410382493
6535.06 1.297202855723775
6535.46 1.2975163256219195
6535.85 1.297821977235662
6536.24 1.2984515202010474
6536.64 1.2999428378445255
6537.03 1.3013969978173627
6537.42 1.3028512814611544
6537.82 1.3043429828829918
6538.21 1.3057975169978182
6538.6 1.3072521747422132
6539.0 1.307909770089595
6539.39 1.3074501344794593
6539.79 1.3069786592310435
6540.18 1.306518918112559
6540.57 1.3060591249162545
6540.97 1.305587488058818
6541.36 1.3051275893889156
6541.76 1.3148444839649012
6542.15 1.331662127951415
6542.54 1.3484813039190542
6542.94 1.3657333320392306
6543.33 1.3825556107337094
6543.72 1.3993794208989632
6544.12 1.416636201512294
6544.51 1.418992526647099
6544.91 1.4155785702230936
6545.3 1.4122496430116078
6545.69 1.4089204001838314
6546.09 1.4055054643325104
6546.48 1.4021755822856345
6546.87 1.398845384727322
6547.27 1.3955249327583368
6547.66 1.392303607233117
6548.06 1.3889993663882287
6548.45 1.3857774223001909
6548.84 1.3825551728964183
6549.24 1.3792499845891864
6549.63 1.3760271168280873
6550.0 1.3741902959265853
6550.02 1.3740910035034426
6550.42 1.3721050515163145
6550.81 1.3701685584870529
6551.21 1.3681822171025466
6551.6 1.366245344453011
6551.99 1.364308284427092
6552.39 1.3638974468780625
6552.78 1.3722051020436854
6553.17 1.3805135061633527
6553.57 1.3890357242058466
6553.96 1.3973456451848627
6554.36 1.4058694188070753
6554.75 1.4141808563072162
6555.14 1.4260442409538543
6555.54 1.4474845580121058
6555.93 1.4683907895557025
6556.33 1.4898350498020703
6556.72 1.5107451255256843
6557.11 1.5316570986931606
6557.51 1.5531072471284688
6557.9 1.572254796848035
6558.29 1.5891156329468727
6558.69 1.6064103838771886
6559.08 1.623274311920984
6559.48 1.6405722337235482
6559.87 1.6574392530233155
6560.26 1.6743077981321899
6560.66 1.6839217078902526
6561.05 1.6877549579247237
6561.44 1.6915885447663281
6561.84 1.695520778539549
6562.23 1.6993550475178008
6562.63 1.7032879808402788
6563.02 1.7071229318029517
6563.41 1.6916607278249414
6563.81 1.6680246714000329
6564.2 1.6449773776673322
6564.59 1.621927972522519
6564.99 1.598285363918202
6565.38 1.575231682521492
6565.78 1.5515846885059277
6566.17 1.5288855106808368
6566.56 1.506237019269798
6566.96 1.4830056443610997
6567.35 1.4603529549327159
6567.75 1.4371172748443584
6568.14 1.4144603883329256
6568.53 1.3918014301882313
6568.93 1.384772903345137
6569.32 1.3779194479670025
6569.71 1.3710653590757371
6570.0 1.3659683182360096
6570.11 1.3640348663010875
6570.5 1.3571794943528022
6570.9 1.3501476857685653
6571.29 1.344486266980017
6571.68 1.34539841996204
6572.08 1.3463340371633383
6572.47 1.3472463377156079
6572.86 1.3481587111068054
6573.26 1.3490945543434434
6573.65 1.3500070752554476
6574.05 1.3552988450598176
6574.44 1.3703686235496593
6574.83 1.3854397600863166
6575.23 1.4008987465907272
6575.62 1.4159726335852747
6576.01 1.4310478781750475
6576.41 1.4465110775982588
6576.8 1.4672468413331587
6577.2 1.4960261421173675
6577.59 1.5240885272913876
6577.98 1.5521534466013454
6578.38 1.5809406113711486
6578.77 1.609010663077843
6579.16 1.6370832480781665
6579.56 1.6608707829462177
6579.95 1.6804569233851498
6580.35 1.7005471037884081
6580.74 1.7201368149378709
6581.13 1.7397282885502223
6581.53 1.7598239382661622
6581.92 1.7794189814021917
6582.31 1.779784315552319
6582.71 1.7724097336934206
6583.1 1.7652188435257599
6583.5 1.7578428815280103
6583.89 1.7506506458744584
6584.28 1.7434577461039242
6584.68 1.7360797232039549
6585.07 1.7174511923802505
6585.46 1.6971393741919711
6585.86 1.6763048177678272
6586.25 1.6559892511364191
6586.65 1.6351508505825627
6587.04 1.6148315363412922
6587.43 1.5945103723212917
6587.83 1.5759089661158823
6588.22 1.5577709222358376
6588.62 1.5391660847762993
6589.01 1.5210246957952913
6589.4 1.502881655709494
6589.8 1.4842716945057717
6590.0 1.4749660627130716
6590.19 1.4673887809880894
6590.58 1.4574537330825785
6590.98 1.4472629967223907
6591.37 1.4373261088272782
6591.77 1.4271334855078917
6592.16 1.417194758031986
6592.55 1.4072551225592476
6592.95 1.3974026424214505
6593.34 1.388575856686887
6593.73 1.3797482638741374
6594.13 1.3706934842354384
6594.52 1.3618642568431507
6594.92 1.3528078008988604
6595.31 1.343976939290123
6595.7 1.3355952857537519
6596.1 1.3275952545770635
6596.49 1.3197945016971446
6596.88 1.3119930355587652
6597.28 1.3039907909831059
6597.67 1.2961878802787905
6598.07 1.2881841542615597
6598.46 1.2838310129970143
6598.85 1.281878422410375
6599.25 1.2798755728009252
6599.64 1.2779226066698472
6600.04 1.2759193719292892
6600.43 1.2739660303369822
6600.82 1.2720125034210743
6601.22 1.2714733223740222
6601.61 1.2714892479591031
6602.0 1.2715051656368224
6610.0 1.2656522571060573
6630.0 1.277825651516673
6650.0 1.2400832289048287
6670.0 1.2507585748209014
6690.0 1.2385936357402993
6710.0 1.3024036224505975
6730.0 1.3035032332260932
6750.0 1.2903420712649651
6770.0 1.2891201350656647
6790.0 1.282909312937177
6810.0 1.308224056246841
6830.0 1.3135023521724498
6850.0 1.312099955920443
6870.0 1.2768880583196092
6890.0 1.2970860478176631
6910.0 1.3008926301599715
6930.0 1.294615743504038
6950.0 1.3211654033148916
6970.0 1.3105929520036668
6990.0 1.3100712247884465
7010.0 1.3147177269311257
7030.0 1.2895122991112293
7050.0 1.3395792235864061
7070.0 1.3160693099729983
7090.0 1.2911452611374297
7110.0 1.2883094513242634
7130.0 1.2756267858817254
7150.0 1.2835429867672747
7170.0 1.2772886771090532
7190.0 1.2078343083803031
7210.0 1.2375180699540134
7230.0 1.2889241890309864
7250.0 1.2840552411117325
7270.0 1.289527875539453
7290.0 1.2848505381316018
7310.0 1.3042892410329459
7330.0 1.3356377391331336
7350.0 1.3448378679160589
7370.0 1.3240481806405644
7390.0 1.3311781001138048
7410.0 1.336897542045179
7430.0 1.3158819579681553
7450.0 1.338297168977634
7470.0 1.360559231506276
7490.0 1.3487797111665725
7510.0 1.347478853524263
7530.0 1.366272104093507
7550.0 1.3852981743845325
7570.0 1.3727438495414546
7590.0 1.369083254436491
7610.0 1.3466191019270235
7630.0 1.3356139314834796
7650.0 1.3301313616515293
7670.0 1.2398752347224513
7690.0 1.3001682299654123
7710.0 1.2323785212044864
7730.0 1.308893029147808
7750.0 1.3241773632832292
7770.0 1.2877364401350928
7790.0 1.2732721754421836
7810.0 1.3021800246383166
7830.0 1.3240425947941152
7850.0 1.3326293232058812
7870.0 1.3345633249230255
7890.0 1.317872219887671
7910.0 1.307961768303731
7930.0 1.2775127297261286
7950.0 1.2935201442976159
7970.0 1.3076828253557313
7990.0 1.3198056484509733
8010.0 1.3212492423414428
8030.0 1.2952864110653213
8050.0 1.3027943573639176
8070.0 1.3462355363267682
8090.0 1.3185286187548528
8110.0 1.334833249460981
8130.0 1.3461450938819013
8150.0 1.3479557183217916
8170.0 1.3423272681923437
8190.0 1.2912860438794445
8210.0 1.2602989598669525
8230.0 1.3086365754741793
8250.0 1.3122397484235242
8270.0 1.3616226557137432
8290.0 1.3299118162790915
8310.0 1.3091372605959206
8330.0 1.3100023528561884
8350.0 1.308918334177093
8370.0 1.3390678960781683
8390.0 1.3045209095969907
8410.0 1.331684054884806
8430.0 1.315600088438342
8450.0 1.296633664669868
8470.0 1.2955478511202028
8490.0 1.323449689343497
8510.0 1.2676022709871144
8530.0 1.3189184861388146
8550.0 0.8959436283739424
8570.0 1.2965740429501549
8590.0 1.311265811597528
8610.0 1.2720732578957705
8630.0 1.304056521426215
8650.0 1.3211657797175198
8670.0 0.9074065794397177
8690.0 1.256302450118583
8710.0 1.2923122755753165
8730.0 1.3357830691315553
8750.0 1.270984872396796
8770.0 1.3077272882131676
8790.0 1.3339018172566954
8810.0 1.3249140231189536
8830.0 1.3087642633968468
8850.0 1.3171668723248415
8870.0 1.1705190866746822
8890.0 1.256990606603848
8910.0 1.2994539167547772
8930.0 1.3054689013436813
8950.0 1.278789561904537
8970.0 1.237710568723639
8990.0 1.2016101105814438
9010.0 1.202405337823559
9030.0 1.22818866685166
9050.0 1.327142726914259
9070.0 1.3121787577393846
9090.0 1.2616252451177143
9110.0 1.3064281644908828
9130.0 1.31740853091958
9150.0 1.237771080269196
9170.0 1.172652886399506
9190.0 1.1842877101082345
9210.0 1.2586456060126694
9230.0 1.2296137888498566
9250.0 1.2398933178077656
9270.0 1.2765286008585943
9290.0 1.2613303368157298
9310.0 1.3138283770682377
9330.0 1.319957244222647
9350.0 1.318851576418872
9370.0 1.3108718730920006
9390.0 1.3142689186059144
9410.0 1.307165316874171
9430.0 1.3032519290202225
9450.0 1.3140206441781166
9470.0 1.3206743588290262
9490.0 1.3128421016227252
9510.0 1.2952041781621955
9530.0 1.2773491849962455
9550.0 1.2182404697631435
9570.0 1.2727266420139522
9590.0 1.302664143395877
9610.0 1.3035013226400722
9630.0 1.303621744973145
9650.0 1.30009859608033
9670.0 1.297501147808269
9690.0 1.298831540209784
9710.0 1.2897948629248182
9730.0 1.283231204869248
9750.0 1.2790439588891294
9770.0 1.282515459989912
9790.0 1.275198862977407
9810.0 1.2807653728698642
9830.0 1.2831463227646056
9850.0 1.2778406106704288
9870.0 1.272748434394518
9890.0 1.2707782274451316
9910.0 1.2670269459779842
9930.0 1.2706949275032995
9950.0 1.2719322990871733
9970.0 1.2710285231631688
9990.0 1.2680135215061825
10025.0 1.2404746305126095
10075.0 1.2237993618112972
10125.0 1.2501642177274943
10175.0 1.2450550521986818
10225.0 1.2454091354782264
10275.0 1.2449095521725493
10325.0 1.2369822470737322
10375.0 1.2289883513318174
10425.0 1.2209225274468007
10475.0 1.2127855499695628
10525.0 1.2036322861029298
10575.0 1.193703234702179
10625.0 1.1836979093681912
10675.0 1.17361712224814
10725.0 1.1622348826724866
10775.0 1.1501722400062537
10825.0 1.1380286203150178
10875.0 1.1258048760364077
10925.0 1.1197689170744678
10975.0 1.116418734886886
11025.0 1.1130283608049394
11075.0 1.1095982103690532
11125.0 1.1047054105474643
11175.0 1.0989904555013443
11225.0 1.093228110882666
11275.0 1.0874188618818028
11325.0 1.0841986788240086
11375.0 1.0833550976573543
11425.0 1.0824855746569602
11475.0 1.0815903705776313
11525.0 1.0788859599530853
11575.0 1.0723762801981234
11625.0 1.065820894411485
11675.0 1.0592202596433136
11725.0 1.0530867056384348
11775.0 1.0472804910720592
11825.0 1.041433549477046
11875.0 1.035546283110533
11925.0 1.0300147357267444
11975.0 1.0257556124132112
12025.0 1.0214633048465662
12075.0 1.0171381365480876
12125.0 1.0130743407067122
12175.0 1.00950091266131
12225.0 1.0058983275435742
12275.0 1.0022668661214524
12325.0 0.9982085340540756
12375.0 0.993583916333359
12425.0 0.9889281842568746
12475.0 0.9842416342523617
12525.0 0.9796354069339536
12575.0 0.9751476772174291
12625.0 0.9706308186617045
12675.0 0.9660851055645866
12725.0 0.9617916818500877
12775.0 0.9579610564155134
12825.0 0.9541047477297512
12875.0 0.9502229947630448
12925.0 0.9464409913420991
12975.0 0.943041323249391
13025.0 0.9396184946220101
13075.0 0.9361727184421307
13125.0 0.9319642965437891
13175.0 0.9273187121549014
13225.0 0.9226474776188995
13275.0 0.9179508264013592
13325.0 0.9138158073286907
13375.0 0.9105859580750882
13425.0 0.9073356220676021
13475.0 0.9040649834969431
13525.0 0.9013047660314352
13575.0 0.8987696901918414
13625.0 0.8962169564136302
13675.0 0.8936467215956797
13725.0 0.8902798801410441
13775.0 0.8850851567348237
13825.0 0.8798665543180961
13875.0 0.8746242831804926
13925.0 0.8689927018316647
13975.0 0.8629510388170452
14025.0 0.8568843942791099
14075.0 0.850792985917656
14125.0 0.8469873016803338
14175.0 0.8445844582214419
14225.0 0.8421667963488079
14275.0 0.8397344434923553
14325.0 0.8397169573331844
14375.0 0.8407433843124829
14425.0 0.8417639373118863
14475.0 0.8427786658658887
14525.0 0.8396695135671275
14570.0 0.8354293985704144
14620.0 0.8306999687038379
14675.0 0.8254756659348472
14725.0 0.8253082424891202
14775.0 0.8271949003276867
14825.0 0.8290783526877958
14875.0 0.8309586257979015
14925.0 0.8319930259377241
14975.0 0.8324683409655845
15025.0 0.8329374318892194
15075.0 0.833400349717489
15125.0 0.8347014601976621
15175.0 0.836992188529715
15225.0 0.8392808954089827
15275.0 0.8415675968756237
15325.0 0.8432152248021446
15375.0 0.8430234091072102
15425.0 0.842824387974359
15475.0 0.8426182193830158
15525.0 0.8403299154998699
15575.0 0.8371884008637391
15625.0 0.8340338828193203
15675.0 0.8308664653566333
15725.0 0.8266029058410803
15775.0 0.8207112743977154
15825.0 0.8148016154746578
15875.0 0.8088740719814514
15925.0 0.8087360618457788
15975.0 0.8103796253261507
16050.0 0.8128401952930633
16150.0 0.8149737452250232
16250.0 0.8155326968328391
16350.0 0.8116856180842352
16450.0 0.804311786978451
16550.0 0.8012456141401397
16650.0 0.8002922495079284
16750.0 0.7970299263845136
16850.0 0.7899608989016935
16950.0 0.7833638819968387
17050.0 0.7773774255152743
17150.0 0.7672230877482099
17250.0 0.7526174862580179
17350.0 0.742131827276304
17450.0 0.7357131670032738
17550.0 0.7269447903185635
17650.0 0.7158270522263913
17750.0 0.7052850793601247
17850.0 0.6953892265229308
17950.0 0.6840839882047548
18050.0 0.6708807275695593
18150.0 0.660108736704117
18250.0 0.6538851979875288
18350.0 0.6468449117153668
18450.0 0.6393930989519201
18550.0 0.6298741523155815
18650.0 0.618703648397042
18750.0 0.6095092117983582
18850.0 0.6031097302595352
18950.0 0.598227215050921
19050.0 0.5940306371484257
19150.0 0.5880858419243777
19250.0 0.5803805023744856
19350.0 0.5715445431926233
19450.0 0.5599451018575171
19550.0 0.5509975794557516
19650.0 0.5447152402391879
19750.0 0.5391386944068758
19850.0 0.533860112882833
19950.0 0.5291330008807036
20050.0 0.5251897235438476
20150.0 0.5187449863287454
20250.0 0.5104349021875857
20350.0 0.5067329500155822
20450.0 0.5048624191995023
20550.0 0.5014553139692373
20650.0 0.49540057435209617
20750.0 0.48997482351707533
20850.0 0.48526598042421176
20950.0 0.48093915948603355
21050.0 0.47691885313120763
21150.0 0.4726181285494087
21250.0 0.46813931084363386
21350.0 0.46374711019790404
21450.0 0.4593904336881798
21550.0 0.45330729156169086
21650.0 0.4464697372878175
21750.0 0.44267124403313884
21850.0 0.440097761928496
21950.0 0.4358281653334585
22050.0 0.4308425444787706
22150.0 0.42596783494029516
22250.0 0.42113755024624383
22350.0 0.4169963351861326
22450.0 0.41324110552390675
22550.0 0.4090615500176324
22650.0 0.4045659803571638
22750.0 0.39398649850718165
22850.0 0.37718780622503256
22950.0 0.3667068239204571
23050.0 0.3659554467236878
23150.0 0.3587127351482228
23250.0 0.33431044512355346
23350.0 0.32130405961184066
23450.0 0.31386189479907367
23550.0 0.31130780040996636
23650.0 0.3133214263487455
23750.0 0.310097682521563
23850.0 0.296845118970801
23950.0 0.2903532698020529
24050.0 0.28676569714023536
24150.0 0.2845139253409866
24250.0 0.2836564333847445
24350.0 0.2803763465435137
24450.0 0.27019452239429625
24550.0 0.2650935167035151
24650.0 0.26377018200129004
24750.0 0.2570354776405678
24850.0 0.23810633704839718
24950.0 0.2348338263699293
25050.0 0.23650528234680043
25150.0 0.23440215537130735
25250.0 0.23058178562767723
25350.0 0.22679055398965964
25450.0 0.22713204041705148
25550.0 0.22345203878312625
25650.0 0.2339289335795744
25750.0 0.23992948108538006
25850.0 0.2304205530191507
25950.0 0.2361676808430102
26050.0 0.23324084080836568
26150.0 0.23229105901151706
26250.0 0.21913312835600607
26350.0 0.22114400842667756
26450.0 0.22110195404152957
26550.0 0.21515653207443178
26650.0 0.21481293473731378
26750.0 0.20529027910638767
26850.0 0.200819238377426
26950.0 0.1992763233523712
27050.0 0.197633481354878
27150.0 0.19986997198352388
27250.0 0.1943730535126812
27350.0 0.18940747886552609
27450.0 0.1858888392743541
27550.0 0.1738169844627335
27650.0 0.17107572691477033
27750.0 0.169401291158569
27850.0 0.17728107610565147
27950.0 0.16295407170621212
28050.0 0.14110858748223287
28150.0 0.1488515181558726
28250.0 0.15663108033808545
28350.0 0.15333046173940262
28450.0 0.14777006903665413
28550.0 0.1399154800220643
28650.0 0.12796867212433496
28750.0 0.13315414530706016
28850.0 0.13355785180504387
28950.0 0.13483534034163722
29050.0 0.13414381782775187
29150.0 0.12541884486698784
29250.0 0.13117179901986187
29350.0 0.11666723273585054
29450.0 0.11296706655545814
29550.0 0.11878536264348184
29650.0 0.12265586053774362
29750.0 0.12077253291539
29850.0 0.12223892460205127
29950.0 0.12080682585770852
30050.0 0.12074006501048042
30150.0 0.11866807593802624
30250.0 0.12220807821802412
30350.0 0.11751165294463457
30450.0 0.11030010854461308
30550.0 0.1039828862634485
30650.0 0.10450179253051377
30750.0 0.107133740350023
30850.0 0.10649180722088268
30950.0 0.10745724295453074
31050.0 0.10170911437788874
31150.0 0.09318734354077786
31250.0 0.09080249825658507
31350.0 0.09359535134809603
31450.0 0.09669349384229674
31550.0 0.10691350568114208
31650.0 0.11163519922058487
31750.0 0.12090807220297092
31850.0 0.11978103989832806
31950.0 0.1176382604502831
32100.0 0.1270672885699512
32300.0 0.1457241166965237
32500.0 0.1764226046666884
32700.0 0.19893241798546182
32900.0 0.1636673201903223
33100.0 0.13829809632709744
33300.0 0.1284715021441269
33500.0 0.12162051324867225
33700.0 0.11164881959342993
33900.0 0.11011006149582213
34100.0 0.11182504282317138
34300.0 0.11045110058756791
34500.0 0.11175339715705783
34700.0 0.109325375419188
34900.0 0.11354799516224612
35100.0 0.10263837758390146
35300.0 0.10816707144382838
35500.0 0.1077784740972061
35700.0 0.11346480195794353
35900.0 0.105905906505291
36100.0 0.10585582330981852
36300.0 0.10351137942169972
36500.0 0.10792440219680945
36700.0 0.09662102012935612
36900.0 0.09764842709013212
37100.0 0.09730403106122221
37300.0 0.10150386996122242
37500.0 0.09820734600128685
37700.0 0.09942778425447694
37900.0 0.09428412288837079
38100.0 0.09112854063502675
38300.0 0.09187462556167461
38500.0 0.08470167630102925
38700.0 0.09059720400914033
38900.0 0.08754606180244262
39100.0 0.08981489909035915
39300.0 0.09193044231565652
39500.0 0.08707691018305183
39700.0 0.09241392903579901
39900.0 0.09158191699054588
40100.0 0.10387799036755196
40300.0 0.10625794646354415
40500.0 0.08756083047804947
40700.0 0.08508726141069829
40900.0 0.07376696545880662
41100.0 0.07956593426816629
41300.0 0.08385071443798219
41500.0 0.08073274819850584
41700.0 0.08208185848123078
41900.0 0.07424799597635574
42100.0 0.07017808782688888
42300.0 0.06541126929011859
42500.0 0.05831788196121808
42700.0 0.057977793869235426
42900.0 0.07155328867858142
43100.0 0.06823234945011702
43300.0 0.06997979494071029
43500.0 0.06202501958320015
43700.0 0.07388115349023
43900.0 0.06418131983227296
44100.0 0.07080991811776492
44300.0 0.06227931636612793
44500.0 0.05671339727014828
44700.0 0.0572432563690831
44900.0 0.05045946562295855
45100.0 0.050319454284148676
45300.0 0.048012052470422464
45500.0 0.047658373285601005
45700.0 0.042453995304964506
45900.0 0.044251243449777426
46100.0 0.04060283628989832
46300.0 0.050602634121251364
46500.0 0.05754646899256954
46700.0 0.05120474702642049
46900.0 0.05783318848936978
47100.0 0.0534889761574463
47300.0 0.05522576178774283
47500.0 0.05328517516667549
47700.0 0.04692184944609014
47900.0 0.055163572717680624
48100.0 0.058900278533335376
48300.0 0.050674391337837604
48500.0 0.048046607985978325
48700.0 0.04648342315347712
48900.0 0.04864790309287488
49100.0 0.050812349419781085
49300.0 0.05297669498983419
49500.0 0.055141040559887305
49700.0 0.057305666697881466
49900.0 0.05947036401110646
50100.0 0.06163508865493575
50300.0 0.06379987120316556
50500.0 0.06596465375139539
50700.0 0.06812936441225527
50900.0 0.07029405916983976
51100.0 0.07245865447833258
51300.0 0.07462300871514439
51500.0 0.07678736295195619
51700.0 0.07895234414092923
51900.0 0.08111754566764066
52100.0 0.08328257532275156
52300.0 0.08544671820086094
52500.0 0.08672793686143102
52700.0 0.08690378325491913
52900.0 0.07682731467446907
53100.0 0.0746870168126555
53300.0 0.07995059021275318
53500.0 0.06967510337226095
53700.0 0.06097695037241266
53900.0 0.05408572691330538
54100.0 0.05543747196478341
54300.0 0.05704970155378088
54500.0 0.058483086573594766
54700.0 0.06408735753380797
54900.0 0.06670049487880536
55100.0 0.06402013013977624
55300.0 0.06145215623602912
55500.0 0.05765438150058695
55700.0 0.05152554750029948
55900.0 0.06124392297250029
56100.0 0.07335277336558398
56300.0 0.08338499567452153
56500.0 0.09334991453921797
56700.0 0.09943842827205043
56900.0 0.09477135408074265
57100.0 0.08867126428190339
57300.0 0.08254874456474637
57500.0 0.07808756606733458
57700.0 0.07394993171149113
57900.0 0.07080714715157359
58100.0 0.07157865535164207
58300.0 0.06957097783162318
58500.0 0.06678127992902701
58700.0 0.06813803598242894
58900.0 0.06877990275503236
59100.0 0.06853529947040947
59300.0 0.06409255521312619
59500.0 0.06757328318906618
59700.0 0.07689045430945879
59900.0 0.08539675468807487
60100.0 0.08982046817651768
60300.0 0.09066590599006027
60500.0 0.09307766274884553
60700.0 0.09721782517027168
60900.0 0.10316054344619867
61100.0 0.12363223977407004
61300.0 0.14475497718702074
61500.0 0.16609730998324748
61700.0 0.19846980408608714
61900.0 0.23040067546411563
62100.0 0.26039234238233355
62300.0 0.25187983019414606
62500.0 0.23399925487946127
62700.0 0.20854519915275785
62900.0 0.1848394892983007
63100.0 0.1653378012592899
63300.0 0.15404826500027471
63500.0 0.12674178825857954
63700.0 0.10670531145849979
63900.0 0.11593087006688728
64200.0 0.10705567093607157
64600.0 0.09494350419314736
65000.0 0.08854068033617846
65400.0 0.0855541318638001
65800.0 0.08291806002050375
66200.0 0.09316228446234341
66600.0 0.08901211837430073
67000.0 0.09458958140219866
67400.0 0.09387711302226034
67800.0 0.09242923994646116
68200.0 0.0886763705947151
68600.0 0.09532584296272568
69000.0 0.10400849128129729
69400.0 0.11655285641346687
69800.0 0.1480061086234879
70200.0 0.135823764081498
70600.0 0.12519187877866436
71000.0 0.11749152013030158
71400.0 0.12589569365092979
71800.0 0.13076987817368554
72200.0 0.12777387385875724
72600.0 0.1411748667776754
73000.0 0.1450231163034627
73400.0 0.1693475440404583
73800.0 0.18102529712805027
74200.0 0.20904803848020914
74600.0 0.23107640515349606
75000.0 0.24564545956625602
75400.0 0.2635740944872697
75800.0 0.2843012464034667
76200.0 0.2842213956267522
76600.0 0.28321498851635324
77000.0 0.2812186863539737
77400.0 0.28002131298725663
77800.0 0.27476732289359324
78200.0 0.26420420585964105
78600.0 0.25364093097669865
79000.0 0.23925136205415903
79400.0 0.21879849144136962
79800.0 0.20230131872395823
80200.0 0.186520562684614
80600.0 0.17090973583692115
81000.0 0.15993215009536482
81400.0 0.153266681351365
81800.0 0.1545625666407725
82200.0 0.1468800132270899
82600.0 0.13899042083463947
83000.0 0.1390349098542582
83400.0 0.1371648142804645
83800.0 0.13542932854465642
84200.0 0.13738567257416268
84600.0 0.13853848943785854
85000.0 0.1393840197706118
85400.0 0.14075407589888134
85800.0 0.13783414519318613
86200.0 0.13175388236208138
86600.0 0.12060443248196813
87000.0 0.10811568316795948
87400.0 0.09475409103323294
87800.0 0.08383032560069198
88200.0 0.07348068006104079
88600.0 0.06365368618474164
89000.0 0.05840968559019373
89400.0 0.05357392771792986
89800.0 0.04918676986088646
90200.0 0.044682224777056904
90600.0 0.03992467985273636
91000.0 0.03483704465063844
91400.0 0.033246165334838616
91800.0 0.03254146265707707
92200.0 0.03267721120411888
92600.0 0.030382422260261093
93000.0 0.02814332874104995
93400.0 0.026842880475271266
93800.0 0.027257433981072977
94200.0 0.02773820602468119
94600.0 0.027351493777225958
95000.0 0.02670672325665822
95400.0 0.02645428374516753
95800.0 0.027745563696850613
96200.0 0.029552563195980642
96600.0 0.030449275440868465
97000.0 0.02646586240819449
97400.0 0.02411262171856221
97800.0 0.022776327541120085
98200.0 0.022601782242759227
98600.0 0.021962659159453682
99000.0 0.021113686239048628
99400.0 0.02109087023445008
99800.0 0.02153741884956346
100200.0 0.022311327144372114
100400.00000000009 0.022325016971694537
100748.43066198383 0.022348866749676507
101098.07052641988 0.021929883915478395
101448.92378975474 0.021596075630103184
101800.9946629978 0.02226078311882405
102154.28737177301 0.022969118162452253
102508.80615636887 0.023741589224425125
102864.55527178946 0.024349895080396176
103221.53898780573 0.024882300803366047
103579.76158900595 0.024370978506075752
103939.22737484834 0.0243486893028147
104299.94065971187 0.02572082272006092
104661.9057729482 0.02725911372978136
105025.12705893395 0.028918637250682628
105389.60887712192 0.029366684218052098
105755.35560209466 0.02968142304354465
106122.37162361621 0.029985971488614253
106490.66134668495 0.029964565227668463
106860.22919158668 0.029697901278026618
107231.07959394684 0.030869049535985495
107603.217004785 0.031930366930826286
107976.64589056744 0.03238087752574049
108351.370733261 0.03326035078337327
108727.39603038708 0.03440420327825191
109104.72629507471 0.03670069912348241
109483.36605611602 0.03946114433062521
109863.31985801981 0.04288980102512599
110244.59226106624 0.04639635270307194
110627.1878413618 0.05118636517318697
111011.11119089334 0.06077937609800302
111396.36691758451 0.07867960718040726
111782.95964535022 0.10134637440338654
112170.89401415233 0.11578498825826107
112560.17468005554 0.12107501153570317
112950.80631528242 0.11605912466290978
113342.79360827077 0.10514155996969919
113736.1412637291 0.09445243809543018
114130.85400269323 0.08526542935381386
114526.93656258319 0.07858315310438023
114924.39369725919 0.07301840160377963
115323.23017708007 0.06889161738047973
115723.45078895958 0.0661488802046674
116125.06033642414 0.06367233863382786
116528.06363967061 0.06049549197028253
116932.46553562334 0.06004686291927573
117338.27087799355 0.06077150644900658
117745.48453733666 0.06176448086890167
118154.11140111096 0.06390770796475552
118564.15637373661 0.06602412623716054
118975.62437665339 0.06639020036562192
119388.52034838134 0.07006758783480083
119802.84924457902 0.07370925199010654
120218.61603810318 0.07402224830494478
120635.82571906883 0.07314827457465034
121054.48329490799 0.07277508970645072
121474.59379043133 0.07395405525582359
121896.16224788758 0.07581153541131895
122319.19372702412 0.07886566149968967
122743.69330514787 0.08329155481870293
123169.6660771864 0.08454388509370935
123597.11715574806 0.08579645714629396
124026.0516711849 0.08718401594208333
124456.47477165324 0.0893123027933484
124888.39162317566 0.0926163759494531
125321.80740970328 0.09649167859469156
125756.72733317701 0.10067427998622304
126193.15661359143 0.10382636167666383
126631.1004890565 0.10837105450326905
127070.56421586059 0.1174573843379938
127511.55306853396 0.1461589023771786
127954.0723399109 0.16014560246996726
128398.12734119488 0.1509444142581692
128843.72340202122 0.11211410332306275
129290.86587052139 0.08738681944155584
129739.56011338736 0.07835704498924728
130189.81151593504 0.07780452211429724
130641.62548217046 0.07741156515181205
131095.00743485359 0.07617455067546686
131549.96281556363 0.07542198419009881
132006.49708476473 0.07484599848513453
132464.61572187033 0.07377725434026877
132924.3242253105 0.07355424434069366
133385.628112597 0.0732789952756207
133848.53292038973 0.07319047729609085
134313.04420456337 0.0737415974994608
134779.167540273 0.07605027845179652
135246.90852202274 0.07641423289191401
135716.27276373174 0.07546615489540612
136187.2658988018 0.07402474872048612
136659.8935801853 0.07345456310812547
137134.16148045196 0.07264195273295268
137610.07529185852 0.07189940763861151
138087.64072641605 0.07163220485010759
138566.86351595866 0.07255749031553825
139047.7494122127 0.07129850773782574
139530.30418686455 0.07139936394117269
140014.53363163173 0.07129321651386195
140500.44355833106 0.07039671628076509
140988.03979894897 0.07184991915342032
141477.32820571162 0.06815311440588623
141968.3146511539 0.06646979903200233
142461.00502819192 0.06808222391043224
142955.40525019236 0.07080295192711317
143451.52125104374 0.07068988890877732
143949.35898522806 0.06869873506441006
144448.924427891 0.06517173336173555
144950.2235749154 0.06498000385712506
145453.2624429921 0.0659146067571398
145958.04706969234 0.06406827094471629
146464.58351354074 0.0625272068123971
146972.87785408652 0.0630357065336896
147482.9361919785 0.06368329923059164
147994.76464903704 0.06453430925076165
148508.36936832778 0.06372727947049231
149023.7565142358 0.06200929173387806
149540.9322725382 0.0617394608988516
150059.90285048028 0.0621574107782097
150580.6744768489 0.06531919422632039
151103.25340204738 0.0632516714797085
151627.64589817091 0.05430494062061121
152153.85825908065 0.053371983655101075
152681.89680048096 0.055613923150497103
153211.76785999417 0.05563131976766864
153743.47779723676 0.056177507198952696
154277.0329938962 0.057894076909477725
154812.43985380605 0.06279868777842475
155349.70480302497 0.06963557672243915
155888.8342899124 0.0679397634969028
156429.8347852063 0.06505627927208726
156972.71278210124 0.06034291709478333
157517.47479632485 0.057246524370764516
158064.1273662182 0.055135020415676535
158612.67705281274 0.05530922406260447
159163.1304399096 0.05550575904370484
159715.49413415877 0.05561989202803793
160269.77476513712 0.054978216776436446
160825.97898542997 0.0540810793929242
161384.11347070962 0.05390214151661684
161944.18491981577 0.0534918413782529
162506.2000548363 0.05282105073545059
163070.1656211866 0.059662967196146964
163636.0883876925 0.0654489521828162
164203.97514667013 0.06539082252449509
164773.83271400793 0.06508419553210693
165345.66792924836 0.06481873622577021
165919.48765567035 0.06576404788564005
166495.29878037024 0.06378792677722388
167073.10821434658 0.05936042685849059
167652.9228925817 0.06018239998679789
168234.74977412526 0.06263374258802101
168818.59584217807 0.06711358369066882
169404.46810417465 0.0698953637565688
169992.37359186928 0.07195413163757679
170582.3193614191 0.07307413916807588
171174.31249346913 0.06772729541677482
171768.3600932375 0.06280669658238412
172364.46929059955 0.061774124127099615
172962.64724017525 0.06123797306960317
173562.90112141386 0.060916003049288577
174165.23813868032 0.060808979859500775
174769.6655213422 0.05813780412209557
175376.19052385495 0.055708897106808784
175984.8204258511 0.05516825061758024
176595.5625322263 0.054116037888300765
177208.42417322725 0.05362582207217175
177823.4127045401 0.05429214569721413
178440.53550737724 0.052633334580154935
179059.79998856818 0.052001327060413986
179681.21358064678 0.05298902982362933
180304.7837419411 0.053372314525909736
180930.51795666298 0.05323451130981511
181558.42373499667 0.053454519270577976
182188.508613191 0.05966793448837945
182820.7801536484 0.05734585192179479
183455.24594501613 0.05263750102694375
184091.9136022776 0.05212106395237611
184730.79076684228 0.053110168015365396
185371.88510663982 0.05480160242650973
186015.20431621035 0.05706021539364077
186660.7561167974 0.059651032751157324
187308.54825644082 0.06204316031678416
187958.58851006837 0.062393277933854574
188610.8846795912 0.057293737761763136
189265.44459399607 0.05778376876162292
189922.27610943964 0.059077967716547476
190581.38710934314 0.06032484565409852
191242.78550448545 0.060950669114507305
191906.4792331004 0.06071473111954999
192572.47626097052 0.060690393619143954
193240.7845815229 0.0613842795966082
193911.41221592567 0.06328153659631942
194584.36721318262 0.06207648074129305
195259.65765023217 0.06227448249483904
195937.29163204285 0.06599399513291507
196617.27729171072 0.06582721128693485
197299.62279055765 0.0665589748076854
197984.33631822755 0.06810235455453714
198671.42609278703 0.07004673090076086
199360.90036082253 0.06991756868639334
200052.7673975396 0.07706682062745839
200747.03550686277 0.07929221794796618
201443.7130215334 0.07518164183889424
202142.80830321225 0.07515538687816554
202844.3297425782 0.07984065212418985
203548.28575942936 0.08448605542815389
204254.6848027845 0.08437848920199599
204963.53535098286 0.08427054967532634
205674.84591178835 0.08318584996990414
206388.62502249 0.08138018517571857
207104.88125000495 0.0803683469741358
207823.62319098154 0.08352292412356084
208544.8594719008 0.08668844899613577
209268.59874918268 0.08827349443889353
209994.84970928813 0.08937251275516135
210723.62106882382 0.08918692838895519
211454.9215746472 0.08694764971164597
212188.76000396966 0.0848439338537297
212925.1451644646 0.0881677885883552
213664.08589437135 0.09150317851128267
214405.5910626017 0.09455634210771535
215149.66956884676 0.09748376283325419
215896.33034368197 0.09897333010621386
216645.5823486771 0.09787438672073714
217397.43457650184 0.09684919759632893
218151.8960510343 0.09726130436377584
218908.9758274697 0.09767484131681849
219668.68299242735 0.09909581716877434
220431.02666406232 0.1008385469962597
221196.01599217302 0.1031073326080559
221963.66015831166 0.10593229504686469
222733.96837589474 0.10764373455316621
223506.94989031187 0.10559805505157632
224282.61397903945 0.10354527617286546
225060.96995175022 0.10242484413186499
225842.02715042542 0.10131053149385161
226625.79494946744 0.10307191084724161
227412.28275581042 0.10572677497979695
228201.50000903595 0.1084462610951112
228993.45618148448 0.11121952746668767
229788.16077836952 0.11326665325512907
230585.62333789226 0.11402521754396809
231385.85343135396 0.1143021409573907
232188.8606632739 0.11243726294122318
232994.65467150253 0.1106487882233958
233803.24512733784 0.11257312029929271
234614.64173564175 0.11450413062518158
235428.8542349548 0.11960994495531951
236245.89239761574 0.12519177958799435
237065.76602987712 0.12741965437161223
237888.48497202326 0.12847231944633267
238714.05909848903 0.12753716268812326
239542.4983179762 0.12538619548232635
240373.81257357553 0.12533530461642423
241208.01184288395 0.1272531401678719
242045.10613812497 0.13016924505280464
242885.10550626923 0.13442784479663983
243728.0200291531 0.13794097237798042
244573.85982360275 0.1400560522105241
245422.63504155353 0.14228554992148232
246274.3558701723 0.14478813700184978
247129.0325319802 0.14724396565289552
247986.67528497343 0.14953117231799792
248847.29442274923 0.15134346645926364
249710.90027462755 0.15125932205820333
250577.5032057754 0.15157005219641104
251447.1136173319 0.15368612905151519
252319.741946531 0.15817356164526852
253195.39866682977 0.17423741940484938
254074.09428803218 0.1855533090165036
254955.83935641564 0.17390742980056398
255840.64445485763 0.1652523949976677
256728.52020296326 0.1696324974704417
257619.47725719062 0.17290952168424925
258513.52631098175 0.17214721773203834
259410.67809488898 0.17150818261466486
260310.94337670426 0.17123164262901816
261214.33296158884 0.17172581686840377
262120.8576922009 0.1739468506985236
263030.5284488288 0.175826723812246
263943.3561495196 0.1771277684121425
264859.35175021074 0.18035580337491186
265778.5262448618 0.18594786226206184
266700.8906655845 0.18781101770290867
267626.45608277834 0.186456692597726
268555.23360526125 0.18571869251945652
269487.23438040353 0.18533189812497136
270422.46959426196 0.18538645545338292
271360.9504717122 0.18559034212034192
272302.6882765867 0.1883759355050454
273247.69431180746 0.19155937549168398
274195.97991952254 0.1955631536885214
275147.55648124265 0.1993960349648178
276102.4354179754 0.20217314974732137
277060.6281903659 0.2042360242125382
278022.1462988321 0.20463392898064317
278987.001283703 0.20527350124198734
279955.20472535834 0.20618887535885932
280926.7682443648 0.2067248547580929
281901.7035016192 0.2070511061141313
282880.0221984859 0.20976982284988815
283861.73607693805 0.2129586197269527
284846.856919699 0.21521510233362393
285835.39655038144 0.21809110260053563
286827.3668336328 0.22297410877373758
287822.7796752752 0.23780844471622054
288821.64702244906 0.2647640875866145
289823.9808637571 0.2559982984153142
290829.79322940577 0.2302447755749489
291839.0961913531 0.23001505622260296
292851.90186345164 0.23204712132278382
293868.22240159387 0.23360137061788586
294888.0700038592 0.23402986368691234
295911.45691065746 0.23288681998512617
296938.39540488017 0.23771737199547954
297968.8978120446 0.2453258661464204
299002.9765004432 0.24487715674111457
300040.643881292 0.2450341134270168
301081.9124088775 0.24814037021463353
302126.7945807098 0.2488947247961558
303175.3029376698 0.2476135236449756
304227.45006416074 0.2502750358380277
305283.2485882598 0.2527551195784553
306342.71118186694 0.24994154808455202
307405.8505608609 0.2484217809974255
308472.6794852493 0.24835931871780673
309543.21075932245 0.2519850790132814
310617.4572318076 0.25676452961803764
311695.4317960206 0.26294295366427733
312777.1473900245 0.2656727391282349
313862.6169967824 0.2647211216667451
314951.8536443137 0.26391803906540695
316044.87040585116 0.2648536737671119
317141.68039999536 0.2725267813326227
318242.2967908759 0.27493229328211327
319346.7327883069 0.27341787902338177
320455.0016479461 0.27407823173546564
321567.116671454 0.27332541129288224
322683.09120665427 0.2696399537501124
323802.93864769104 0.2668659609963369
324926.672435194 0.26548494020426516
326054.30605643673 0.2706159111031342
327185.8530454994 0.2723305801030418
328321.326983432 0.27127364611394983
329460.74149841425 0.28826770352697845
330604.11026592366 0.29523518979621616
331751.4470088968 0.2862901899215033
332902.76549789455 0.2976793232205576
334058.07955126825 0.30692441718037794
335217.40303532267 0.29988126590323555
336380.74986448674 0.28818204117777957
337548.13400147745 0.2790016265743022
338719.56945746863 0.2889841767270918
339895.07029225933 0.29705569449721153
341074.65061444003 0.30442473393163305
342258.32458156615 0.31424873093714395
343446.10640032514 0.0
344638.0103267076 0.0
345834.0506661794 0.0
347034.2417738501 0.0
348238.5980546498 0.0
349447.1339634991 0.0
350659.8640054834 0.0
351876.8027360276 0.0
353097.96476106776 0.0
354323.3647372312 0.0
355553.01737200917 0.0
356786.93742393394 0.0
358025.13970275706 0.0
359267.6390696242 0.0
360514.4504372573 0.0
361765.5887701314 0.0
363021.06908465445 0.0
364280.90644934855 0.0
365545.1159850277 0.0
366813.7128649837 0.0
368086.7123151656 0.0
369364.1296143627 0.0
370645.98009438923 0.0
371932.2791402647 0.0
373223.04219040385 0.0
374518.28473679814 0.0
375818.0223252031 0.0
377122.2705553253 0.0
378431.04508100665 0.0
379744.36161041673 0.0
381062.23590623855 0.0
382384.6837858583 0.0
383711.7211215558 0.0
385043.36384069227 0.0
386379.62792590604 0.0
387720.529415301 0.0
389066.08440264023 0.0
390416.3090375398 0.0
391771.21952565934 0.0
393130.8321289014 0.0
394495.16316560353 0.0
395864.22901073477 0.0
397238.0460960931 0.0
398616.63091049937 0.0
400000.0000000001 0.0
