91.0 0.0
94.0 0.0
96.0 0.0
98.0 0.0
100.0 0.0
102.0 0.0
104.0 0.0
106.0 0.0
108.0 0.0
110.0 0.0
114.0 0.0
118.0 0.0
121.0 0.0
125.0 0.0
127.0 0.0
128.0 0.0
131.0 0.0
132.0 0.0
134.0 0.0
137.0 0.0
140.0 0.0
143.0 0.0
147.0 0.0
151.0 0.0
155.0 0.0
159.0 0.0
162.0 0.0
166.0 0.0
170.0 0.0
173.0 0.0
177.0 0.0
180.0 0.0
182.0 0.0
186.0 0.0
191.0 0.0
194.0 0.0
198.0 0.0
202.0 6.879031016838733
205.0 6.745976516513177
210.0 6.523503527250762
216.0 6.282943728243747
220.0 6.121922920463755
223.0 6.015029042465475
227.0 5.872100306135099
230.0 5.764600481037884
234.0 5.636341596177758
240.0 5.443173561769081
246.0 5.26933502271278
252.0 5.100271943102924
257.0 4.9681458908124405
260.0 4.888612739235106
264.0 4.792794336861043
269.0 4.672582542018923
274.0 4.560645373356829
279.0 4.450447324034487
284.0 4.347822568453481
290.0 4.226532290585752
296.0 4.115567177100508
301.0 4.024243295879543
308.0 3.9045394277984826
318.0 3.7433558276751198
328.0 3.5941439948100085
338.0 3.4553341517115475
348.0 3.326126967890653
357.0 3.2173703174377812
366.0 3.115287106710399
375.0 3.0189464354801507
385.0 2.918050437353427
395.0 2.823073645703929
405.0 2.733751273739778
414.0 2.6579668607748963
422.0 2.5936461266874793
430.0 2.532183951867163
441.0 2.452023836402635
451.0 2.3833887396198103
460.0 2.3250548452092845
470.0 2.262504692047729
480.0 2.2036192684956246
490.0 2.147743887387637
500.0 2.0942125298723955
506.0 2.063570114720439
512.0 2.0334794492307227
520.0 1.99501279816685
530.0 1.9486986990498318
540.0 1.9041365109840394
550.0 1.861348555403422
560.0 1.8210788161691978
570.0 1.781911771405868
580.0 1.74531487759638
590.0 1.7091333007729446
600.0 1.674837443487239
610.0 1.641716253547874
620.0 1.6105229195045665
630.0 1.5798008976617932
640.0 1.5503002189064996
650.0 1.522037116794973
658.0 1.5004483185943183
665.0 1.4818102631452448
675.0 1.4559567122813575
685.0 1.431013002344442
695.0 1.4069909671300265
705.0 1.3839027223831684
716.0 1.3591527178025182
726.0 1.3372561105903755
735.0 1.3184341028115412
745.0 1.2980342445939455
755.0 1.2782320753130654
765.0 1.2594260111275355
775.0 1.2408449477011831
785.0 1.2228858664289988
795.0 1.2055569149676642
805.0 1.1884700621107713
815.0 1.1720270570964713
825.0 1.1562362354199527
835.0 1.1407049828707707
845.0 1.1258399697299029
855.0 1.1112453111199811
865.0 1.096925039573521
875.0 1.0832907481216165
885.0 1.0699419971772852
895.0 1.0568829848410437
905.0 1.0441178956838422
915.0 1.0316516907352538
925.0 1.01949086617757
935.0 1.008058438877602
945.0 0.996943404421189
955.0 0.9857271029214171
965.0 0.9748184052937638
975.0 0.9642268098545704
985.0 0.9535543981740315
995.0 0.9432194187745365
1005.0 0.9336438710770995
1015.0 0.9243933078347006
1025.0 0.9150453124929403
1035.0 0.9056421493917274
1045.0 0.8966075601848285
1055.0 0.8878998737280723
1065.0 0.8794020698381213
1075.0 0.871182296009623
1085.0 0.8630212400588756
1095.0 0.8550668273151242
1105.0 0.847320055518684
1115.0 0.8397193428368246
1125.0 0.8434142299061644
1135.0 0.8581874525552341
1145.0 0.8712664048810722
1155.0 0.8873887697148223
1165.0 0.9449001886868195
1175.0 1.0462420919602118
1185.0 1.241908829711746
1195.0 1.5395788435708433
1205.0 2.064653933497701
1208.72 2.3372718221075024
1208.8 2.343143101826446
1208.87 2.348280764278531
1208.94 2.3534186998150863
1209.02 2.3592909604088588
1209.09 2.364429480804002
1209.16 2.3695682739828356
1209.23 2.37470733984972
1209.31 2.380580891764464
1209.38 2.3857205416411857
1209.45 2.3908604639057556
1209.53 2.396734994193302
1209.6 2.401875499824879
1209.67 2.4070162775445763
1209.75 2.412891785128228
1209.82 2.4180331455730353
1209.89 2.423174777806639
1209.96 2.4283166817338553
1210.04 2.4339054914325504
1210.11 2.4385439819288623
1210.18 2.4431827152654564
1210.26 2.44848442203939
1210.33 2.4531236754618506
1210.4 2.4577631714576333
1210.47 2.462402909941847
1210.55 2.4677057650253436
1210.62 2.4723460228420877
1210.69 2.476986522880847
1210.77 2.4822902479862754
1210.84 2.4869312667870087
1210.91 2.4915725275437004
1210.99 2.496877121715425
1211.06 2.5015189006643848
1211.13 2.5061609213036333
1211.2 2.5108031835486915
1211.28 2.5161089218500585
1211.35 2.520751701537695
1211.42 2.5253947225660136
1211.5 2.530701327723709
1211.57 2.5353448656268123
1211.64 2.5399886446058275
1211.72 2.5452961156688425
1211.79 2.5499404109556947
1211.86 2.5545849470540616
1211.93 2.5592297238799175
1212.01 2.5645383349128883
1212.08 2.569183627300505
1212.15 2.573829160151739
1212.23 2.579138634890758
1212.3 2.5837846827387234
1212.37 2.5884309707868014
1212.44 2.5930774989512506
1212.52 2.5983881107661024
1212.59 2.603035153183734
1212.66 2.6076824354547585
1212.74 2.612993908783835
1212.81 2.617641704744925
1212.88 2.6222897402968126
1212.96 2.6276020741969157
1213.03 2.632250622876575
1213.1 2.6368994108848063
1213.17 2.641548438138274
1213.25 2.6468619049886786
1213.32 2.6515114446299695
1213.39 2.65616122325479
1213.47 2.6614755484950146
1213.54 2.6661258389472726
1213.61 2.6707763681217216
1213.69 2.676091550813149
1213.76 2.6807425912554814
1213.83 2.685393870159064
1213.9 2.6900453874409647
1213.98 2.6953616989771385
1214.05 2.700013726790545
1214.12 2.7046659927218166
1214.2 2.7099831595385573
1214.27 2.7146359354436775
1214.34 2.7192889492066064
1214.41 2.7239422007446934
1214.49 2.7292604935497353
1214.56 2.7339142543277886
1214.63 2.7385682526214445
1214.71 2.7438873985437544
1214.78 2.748541905521591
1214.85 2.753196649755842
1214.93 2.7585166478645173
1215.0 2.763171900227996
1215.07 2.767827389589091
1215.14 2.772483115865552
1215.22 2.7778042358907307
1215.29 2.782460469566094
1215.36 2.787116939898514
1215.44 2.7924389099572604
1215.51 2.7970958871355096
1215.58 2.801753100712892
1215.66 2.8070759198787925
1215.73 2.8117336397497277
1215.8 2.8163915957622567
1215.87 2.821049787834515
1215.95 2.8263737248648733
1216.02 2.831032422503913
1216.09 2.835691355945637
1216.17 2.8410161399407907
1216.24 2.8456755783988914
1216.31 2.8503352524030086
1216.38 2.8549951618715674
1216.46 2.8603210609119403
1216.53 2.8649814746725575
1216.6 2.86964212364143
1216.68 2.874968867511521
1216.75 2.8796300202239253
1216.82 2.8842914078887874
1216.9 2.8896189956697986
1216.97 2.8942808865304586
1217.04 2.8989430120881523
1217.11 2.903605372261691
1217.19 2.9089340710692064
1217.26 2.9135969337177503
1217.33 2.918260030727208
1217.41 2.9235895713209117
1217.48 2.928253170259498
1217.55 2.9329170033044405
1217.63 2.9382473847700066
1217.7 2.942911719199001
1217.77 2.9475762874801665
1217.84 2.9522410895327083
1217.92 2.95757257802555
1217.99 2.96223788074485
1218.06 2.966903416981834
1218.14 2.9722357442321163
1218.21 2.9769017805926303
1218.28 2.981568050217505
1218.35 2.986234553026218
1218.43 2.991567984521317
1218.5 2.996234986738703
1218.57 3.000902221887095
1218.65 3.00623649003239
1218.72 3.01090422404807
1218.79 3.015572190742296
1218.87 3.020907294630972
1218.94 3.025575759651911
1219.01 3.0302444570992897
1219.08 3.034913386892988
1219.16 3.040249591060186
1219.23 3.0449190184691974
1219.3 3.0495886779729244
1219.38 3.054925715786504
1219.45 3.0595958723667867
1219.52 3.064266260790554
1219.6 3.0696041313481066
1219.67 3.074275016310479
1219.74 3.0789461328654504
1219.81 3.0836174809332952
1219.89 3.08895644782232
1219.96 3.093628291720823
1220.03 3.094176765326251
1220.11 3.0885198201630546
1220.18 3.0835696778579273
1220.25 3.0786192413906845
1220.32 3.073668510862471
1220.4 3.0680101731709795
1220.47 3.0630588128525527
1220.54 3.0581071587907975
1220.62 3.0524477660211806
1220.69 3.047495482849374
1220.76 3.0425429062514464
1220.84 3.036882459542992
1220.91 3.0319292545142305
1220.98 3.026975756376091
1221.05 3.0220219652292477
1221.13 3.016360130975772
1221.2 3.0114057122919737
1221.27 3.006451000915623
1221.35 3.000788115358242
1221.42 2.9958327771219126
1221.49 2.9908771465087525
1221.57 2.9852132107814144
1221.64 2.9802569539843105
1221.71 2.975300405125634
1221.78 2.970343564305587
1221.86 2.9646782459931713
1221.93 2.959720779878854
1222.0 2.954763022117854
1222.08 2.9490966562580487
1222.15 2.944138273876597
1222.22 2.939179600162688
1222.29 2.934220635216195
1222.37 2.9285528902226643
1222.44 2.9235933015424775
1222.51 2.9186334219433623
1222.59 2.9129646320164166
1222.66 2.9080041293552195
1222.73 2.903043336088289
1222.81 2.8973735023528806
1222.88 2.8924120866945273
1222.95 2.887450380743194
1223.02 2.8824883845982865
1223.1 2.8768171766496526
1223.17 2.8718545589959237
1223.24 2.866891651460805
1225.0 2.7420150001546273
1235.0 2.0377459837642413
1245.0 1.5449355289133333
1255.0 1.260225013323875
1265.0 1.0692221086199256
1275.0 0.970526607817246
1285.0 0.9215120495236457
1295.0 0.9219850961173978
1305.0 0.9099380787075566
1315.0 0.8858832831129867
1325.0 0.8653542634376843
1335.0 0.856598566899398
1345.0 0.8533633865004344
1355.0 0.8421362325594162
1365.0 0.8369537062793543
1375.0 0.8512959240983143
1385.0 0.8898486666643964
1395.0 0.9514940388053266
1405.0 0.9583815729325538
1415.0 0.8909774349329364
1425.0 0.8352492083877486
1435.0 0.8063863316256571
1442.0 0.7927435795705773
1447.0 0.7909854788115663
1455.0 0.786344504900616
1465.0 0.7808809523487804
1475.0 0.7805923872763046
1485.0 0.7895029230401751
1495.0 0.8053687466458158
1505.0 0.8228487093869731
1512.0 0.8438928096644901
1517.0 0.8741727361328863
1525.0 0.9395647997454063
1535.0 1.0621333234066035
1545.0 1.2255683408089466
1555.0 1.2295705269616846
1565.0 1.0216885960332667
1575.0 0.8662443073617203
1585.0 0.8086253270747557
1595.0 0.7787629522069046
1605.0 0.7700947632518933
1615.0 0.7622569795072922
1625.0 0.7570481496513871
1635.0 0.7542568206260242
1645.0 0.7496297310455509
1655.0 0.7422937013412142
1665.0 0.7276508543311234
1672.0 0.713373868119635
1677.0 0.7058754706869721
1685.0 0.693230185769694
1695.0 0.6789012146095847
1705.0 0.673336517457404
1715.0 0.6762057838701152
1725.0 0.6791748849719665
1735.0 0.6799754897006762
1745.0 0.6782026325190348
1755.0 0.672414456632732
1765.0 0.664123184681545
1775.0 0.6581158134592322
1785.0 0.6569184174561139
1795.0 0.6569754611713703
1805.0 0.6540432362465766
1815.0 0.6495121948758138
1825.0 0.6448673445137274
1835.0 0.6433990299502456
1845.0 0.6507863581320437
1855.0 0.6621789579640677
1865.0 0.6700237170688502
1875.0 0.6872557650993584
1885.0 0.719097200787972
1895.0 0.7601890974090675
1905.0 0.7986170839097045
1915.0 0.7777832035461915
1925.0 0.7081540266576843
1935.0 0.6581000462250529
1945.0 0.6320035190908154
1955.0 0.6148261598792774
1967.0 0.601363915113204
1976.0 0.5939259222297208
1984.0 0.5900531935443809
1995.0 0.5880840067704853
2005.0 0.5836238163176999
2015.0 0.5749971450204195
2025.0 0.5694053006284684
2035.0 0.571080487514591
2045.0 0.5753143704194903
2055.0 0.577213777090168
2065.0 0.5802420833428833
2074.0 0.5917558369109797
2078.0 0.6002021683442845
2085.0 0.6008522831835947
2095.0 0.5904869298824726
2105.0 0.5793856812323432
2115.0 0.572093254222515
2125.0 0.5624779331932012
2135.0 0.5539626790863263
2145.0 0.5538448115429456
2155.0 0.5529492693159915
2165.0 0.5481173515666041
2175.0 0.5464091953712639
2185.0 0.5477243722313913
2195.0 0.5473237719423247
2205.0 0.5402726217477589
2215.0 0.5327014153381074
2225.0 0.5364744465427626
2235.0 0.5415973834567273
2245.0 0.5341406013748035
2255.0 0.5246552990980645
2265.0 0.5252569959025847
2275.0 0.5351669323312949
2285.0 0.5445867079881586
2295.0 0.5488218554371365
2305.0 0.553248592679373
2315.0 0.5509115581900982
2325.0 0.539464004524351
2335.0 0.5280662224727259
2345.0 0.5248577493964575
2355.0 0.5257636544155179
2365.0 0.520059684299803
2375.0 0.5120490386001669
2385.0 0.5060989508142848
2395.0 0.5060091106528032
2405.0 0.5117197944986952
2415.0 0.5240067052767277
2425.0 0.5396506313217724
2435.0 0.5474020104060385
2445.0 0.5494379824669632
2455.0 0.5489111807358386
2465.0 0.5449785534133713
2475.0 0.536498586435489
2485.0 0.5270779716703037
2495.0 0.5296413846980518
2505.0 0.5289334903772084
2513.0 0.5148189401533496
2518.0 0.5027984331024834
2525.0 0.4995840958421563
2535.0 0.5030831240026548
2545.0 0.5107154728960107
2555.0 0.5174370870335311
2565.0 0.5168563274850942
2575.0 0.5164931184177288
2585.0 0.5136847970510211
2595.0 0.5051965977908803
2605.0 0.4962429148059767
2615.0 0.4941770982274089
2625.0 0.5056881902737664
2635.0 0.5275785771158912
2645.0 0.5544347477705495
2655.0 0.5604722250779189
2665.0 0.5443453545162625
2675.0 0.5437139439494569
2685.0 0.5481150846656356
2695.0 0.5447129764711468
2705.0 0.5444459712686002
2715.0 0.5383717260867289
2725.0 0.5390131968905783
2735.0 0.5415296761317884
2745.0 0.5331354552497206
2755.0 0.5440721859743813
2765.0 0.5734932688650326
2775.0 0.602796932599306
2785.0 0.6212416594848821
2795.0 0.6098089935045001
2805.0 0.6075755663175719
2815.0 0.6298207206883317
2825.0 0.6307180201122374
2835.0 0.6075509762949663
2845.0 0.571277694900529
2855.0 0.5510292933814354
2865.0 0.5687651590625428
2875.0 0.5832475971570967
2885.0 0.5784867858436701
2895.0 0.5842624806831922
2910.0 0.6256044555858105
2930.0 0.6037777477389301
2950.0 0.5965003598666788
2970.0 0.6048583546037417
2990.0 0.5970594974145376
3010.0 0.5900141387841006
3030.0 0.586781796108072
3050.0 0.5911734101978621
3070.0 0.6037818319050994
3090.0 0.6049647682314914
3110.0 0.6244508774202867
3130.0 0.622497179352325
3150.0 0.6189185681373569
3170.0 0.6377805902458951
3190.0 0.6123507038429106
3210.0 0.6320537067972996
3230.0 0.5899677136479954
3250.0 0.647686750939343
3270.0 0.6832801365810447
3290.0 0.6741149367906466
3310.0 0.6618970268134536
3330.0 0.6625881040996696
3350.0 0.6523011890700994
3370.0 0.600356377503289
3390.0 0.6207703792256862
3410.0 0.6298246099375338
3430.0 0.649668368207829
3450.0 0.6448159766280729
3470.0 0.6475059684759022
3490.0 0.6702701581664986
3510.0 0.6811925410857982
3530.0 0.6463704309143042
3550.0 0.6831510367147384
3570.0 0.6002062828849436
3590.0 0.6030635957423025
3610.0 0.6461392697384885
3630.0 0.6583431688451454
3640.0 0.6665683546570342
3650.0 0.708389169185455
3670.0 0.7085501559804418
3690.0 0.6721298097785255
3704.66 0.7021987433702981
3704.88 0.7026559966159568
3705.11 0.7031340462000156
3705.33 0.7035913225924543
3705.55 0.7040486102996739
3705.78 0.704526695908682
3706.0 0.7049840067568552
3706.22 0.7054413289169603
3706.45 0.7059194505418501
3706.67 0.7063767958370859
3706.89 0.7068341524414049
3707.12 0.7073123100731107
3707.34 0.7077696898067368
3707.56 0.7082270808465992
3707.79 0.7087052744760572
3708.01 0.7091626886394047
3708.24 0.709640906441369
3708.46 0.7100983437242905
3708.68 0.7105557923086913
3708.91 0.7110340460932616
3709.13 0.7114915177914172
3709.35 0.7119490007882068
3709.58 0.7124272905463239
3709.8 0.7128847966510496
3710.0 0.7133007210938656
3710.02 0.7132640819779595
3710.25 0.7128427253889582
3710.47 0.7124396770201025
3710.7 0.7120182961115904
3710.92 0.7116152244824994
3711.14 0.7112121414831262
3711.37 0.7107907243729493
3711.59 0.7103876181190166
3711.81 0.7099845004975763
3712.04 0.7095630471945681
3712.26 0.7091599063242425
3712.48 0.7087567540891834
3712.71 0.7083352646021757
3712.93 0.7079320891239053
3713.16 0.7075105753391681
3713.38 0.7071073766214951
3713.6 0.7067041665437244
3713.83 0.7062826165897469
3714.05 0.7058793832782448
3714.27 0.7054761386094173
3714.5 0.7050545524950262
3714.72 0.7046512845981383
3714.94 0.7042480053466951
3715.17 0.7038263830807157
3715.39 0.7034230806068817
3715.62 0.7030014340649378
3715.84 0.7025981083725187
3716.06 0.7021947713301779
3716.29 0.7017730886513935
3716.51 0.7013697283961345
3716.73 0.700966356793724
3716.96 0.7005446379869192
3717.18 0.7001412431772571
3717.4 0.6997378370232115
3717.63 0.6993160820972047
3717.85 0.6989126527415729
3718.08 0.6984908735613501
3718.3 0.6980874210079345
3718.52 0.6976839571147657
3718.75 0.697262141830078
3718.97 0.6968586547447888
3719.19 0.6964551563225126
3719.42 0.6960333049421733
3719.64 0.6956297833334394
3719.86 0.6952262503904862
3720.09 0.6948174862601743
3720.31 0.6944460099978402
3720.53 0.6940745232464138
3720.76 0.6936861395193777
3720.98 0.6933146313156071
3721.21 0.6929262251629563
3721.43 0.6925546955103543
3721.65 0.6921831553729351
3721.88 0.6917947158378407
3722.1 0.6914231542568209
3722.32 0.6910515821935402
3722.55 0.6906631092841428
3722.77 0.6902915157824909
3722.99 0.6899199118011353
3723.22 0.6895314055255731
3723.44 0.689159780111073
3723.67 0.6887712514299685
3723.89 0.6883996045858357
3724.11 0.6880279472662703
3724.34 0.6876393852326027
3724.56 0.6872677064886311
3724.78 0.6868960172717817
3725.01 0.6865074218936849
3725.23 0.6861357112576546
3725.45 0.6857639901513014
3725.68 0.6853753614369079
3725.9 0.6850036189165963
3726.13 0.6846149678167175
3726.35 0.6842432038859574
3726.57 0.683871429489142
3726.8 0.6834827450665575
3727.02 0.683110949264516
3727.24 0.682739142998973
3727.47 0.6823504252618107
3727.69 0.6819785975962611
3727.91 0.6816067594697632
3728.14 0.6812180084261497
3728.36 0.6808461489048652
3728.59 0.680457375495808
3728.81 0.6800854945832439
3729.03 0.6797136032139957
3729.26 0.6793247965120675
3729.48 0.6789528837567579
3729.7 0.6785809605473155
3729.93 0.6781921205606386
3730.0 0.6780737756883831
3730.15 0.6780515532719575
3730.37 0.6780189590765339
3730.6 0.6779848816510483
3730.82 0.6779522842500094
3731.05 0.6779182034734484
3731.27 0.6778856028672723
3731.49 0.6778530006943135
3731.72 0.6778189149292989
3731.94 0.6777863095519135
3732.16 0.6777537026080932
3732.39 0.6777196118557314
3732.61 0.6776870017081952
3732.83 0.6776543899945715
3733.06 0.6776202942559685
3733.28 0.6775876793393395
3733.51 0.6775535802523894
3733.73 0.6775209621332323
3733.95 0.6774883424485685
3734.18 0.6774542383772261
3734.4 0.6774216154907448
3734.62 0.6773889910391038
3734.85 0.6773548819844749
3735.07 0.6773222543317268
3735.29 0.6772896251141665
3735.52 0.6772555110773564
3735.74 0.6772228786593992
3735.96 0.6771902446769769
3736.19 0.6771561256590917
3736.41 0.6771234884769824
3736.64 0.6770893661142193
3736.86 0.6770567257328999
3737.08 0.6770240837876961
3737.31 0.676989956445705
3737.53 0.676957311302001
3737.75 0.6769246645947595
3737.98 0.6768905322746459
3738.2 0.6768578823696141
3738.42 0.6768252309013918
3738.65 0.67679109360426
3738.87 0.6767584389389573
3739.1 0.6767242982996726
3739.32 0.6766916404377661
3739.54 0.6766589810132491
3739.77 0.676624835398793
3739.99 0.6765921727783818
3740.21 0.6767385221241248
3740.44 0.6769004390885406
3740.66 0.6770553195928094
3740.88 0.6772102034289308
3741.11 0.6773721310015782
3741.33 0.6775270216519651
3741.56 0.6776889563479959
3741.78 0.6778438538114591
3742.0 0.6779987546053258
3742.23 0.6781606999049773
3742.45 0.6783156075101483
3742.67 0.6784705184448575
3742.9 0.6786324743453725
3743.12 0.6787873920896146
3743.34 0.678942313162529
3743.57 0.6791042796611508
3743.79 0.6792592075418271
3744.02 0.6794211811570336
3744.24 0.6795761158442829
3744.46 0.679731053858758
3744.69 0.6798930380674646
3744.91 0.6800479828867424
3745.13 0.6802029310323806
3745.36 0.6803649258318328
3745.58 0.6805198807805041
3745.8 0.6806748390546707
3746.03 0.6808368444421142
3746.25 0.6809918095175451
3746.48 0.6811538220147803
3746.7 0.6813087938902873
3746.92 0.6814637690898443
3747.15 0.6816257921704685
3747.37 0.6817807741683328
3747.59 0.6819357594893826
3747.82 0.6820977931506436
3748.04 0.682252785268233
3748.26 0.6824077807081433
3748.49 0.6825698249472889
3748.71 0.6827248271819717
3748.93 0.682879832738111
3749.16 0.6830418875523908
3750.0 0.6836337707499031
3770.0 0.7475155220301264
3790.0 0.7883502309669955
3810.0 0.8142278374025459
3830.0 0.6477803728454619
3850.0 0.7986629346040692
3870.0 0.8429373628255896
3890.0 0.752976188834724
3910.0 0.9167860126770521
3930.0 0.6414294231860072
3950.0 0.837838129577456
3970.0 0.6170608254838442
3990.0 1.0
4010.0 1.079543788644433
4030.0 1.0840394819147858
4050.0 1.0604742025355243
4070.0 1.031617830832025
4078.2 1.0442464600979582
4078.45 1.0446316328830572
4078.7 1.0450168147469707
4078.94 1.0453865978768815
4079.19 1.0457717975327858
4079.43 1.0461415977414261
4079.68 1.0465268151860283
4079.93 1.0469120417052284
4080.17 1.047304096230096
4080.42 1.047722030282235
4080.66 1.0481232563301248
4080.91 1.048541209876851
4081.16 1.0489591733684078
4081.4 1.0493604276755302
4081.65 1.049778410656238
4081.9 1.0501964035790035
4082.14 1.050597686137477
4082.39 1.0510156985439587
4082.63 1.0514169998050735
4082.88 1.0518350316916742
4083.13 1.0522530735157252
4083.37 1.0526544030150975
4083.62 1.053072464313835
4083.86 1.053473812507181
4084.11 1.0538918932770092
4084.36 1.0543099839796817
4084.6 1.054711360398199
4084.85 1.0551294705665326
4085.1 1.0555475906649416
4085.34 1.0559489953007606
4085.59 1.0563671348594028
4085.83 1.0567685581753201
4086.08 1.0571867171906024
4086.33 1.0576048861313574
4086.57 1.0580063376514999
4086.82 1.0584245260434697
4087.06 1.058825996235053
4087.31 1.0592442040746457
4087.56 1.0596624218351118
4087.8 1.0600639202178492
4088.05 1.0604821574205154
4088.3 1.0609004045412884
4088.54 1.0613019311073177
4088.79 1.0617201976648698
4089.03 1.0621217428884848
4089.28 1.062540028879227
4089.53 1.0629583247834795
4089.77 1.0633598981773253
4090.0 1.0637447479180597
4090.02 1.0636661554532834
4090.26 1.0627230321682832
4090.51 1.061740585171305
4090.76 1.0607581107192119
4091.0 1.059814909417759
4091.25 1.0588323811609135
4091.5 1.057849825456375
4091.74 1.056906546159556
4091.99 1.0559239366648099
4092.23 1.0549806057340119
4092.48 1.0539979424586867
4092.73 1.0530152517480003
4092.97 1.0520718428568794
4093.22 1.051089098380152
4093.47 1.0501063264754795
4093.71 1.0491628396451071
4093.96 1.048180013988928
4094.2 1.04723647556173
4094.45 1.046253596163666
4094.7 1.0452706893499801
4094.94 1.0443270730185474
4095.19 1.043344112477505
4095.43 1.0424004445724284
4095.68 1.041417430313647
4095.93 1.0404343886515603
4096.17 1.0394906428772508
4096.42 1.0385075475119472
4096.67 1.037524424750747
4096.91 1.0365806011282583
4097.16 1.0355974246783584
4097.4 1.0346535495193316
4097.65 1.0336703193903432
4097.9 1.0326870618777666
4098.14 1.031743108905533
4098.39 1.0307597977283793
4098.63 1.0298157932427665
4098.88 1.028832428410643
4099.13 1.0278490362072346
4099.37 1.0269049539433797
4099.62 1.025921508099506
4099.87 1.0249380348917478
4100.11 1.0239353183287205
4100.36 1.0228187058964315
4100.6 1.0217467288944084
4100.85 1.0206300559085533
4101.1 1.019513352032202
4101.34 1.0184412872517483
4101.59 1.0173245228382164
4101.83 1.0162523999472763
4102.08 1.0151355750074111
4102.33 1.014018719190942
4102.57 1.012946508561044
4102.82 1.0118295922346197
4103.07 1.0107126450399464
4103.31 1.0096403466948283
4103.56 1.0085233390065735
4103.8 1.0074509825928242
4104.05 1.0063339144218277
4104.3 1.0052168153964647
4104.54 1.004144371306948
4104.79 1.0030272118152095
4105.03 1.0019547096831736
4105.28 1.0008374897358951
4105.53 0.9997202389481264
4105.77 0.99864764917975
4106.02 0.9975303379528004
4106.27 0.9964129958937064
4106.51 0.9953403185127125
4106.76 0.9942229160307924
4107.0 0.9931501806490826
4107.25 0.9920327177551639
4107.5 0.9909152240429671
4107.74 0.9898424010880393
4107.99 0.9887248469801917
4108.23 0.9876519660506339
4108.48 0.9865343515579578
4108.73 0.9854167062608643
4108.97 0.9843437377974708
4109.22 0.9832260321318895
4109.47 0.9821082956702272
4109.71 0.9810352396966927
4109.96 0.9799174428828787
4110.0 0.9797385925354927
4110.2 0.9806483460324461
4110.45 0.9817855640170396
4110.7 0.982922811014012
4110.94 0.9840145954234549
4111.19 0.9851518992768901
4111.44 0.9862892321347451
4111.68 0.9873810989631513
4111.93 0.98851848866187
4112.17 0.9896104100525445
4112.42 0.9907478565818002
4112.67 0.9918853321022506
4112.91 0.992977335874303
4113.16 0.994114868209699
4113.4 0.9952069265191444
4113.65 0.9963445156591642
4113.9 0.997482133777159
4114.14 0.9985742744304225
4114.39 0.9997119493374564
4114.64 1.0008496532145155
4114.88 1.0019418761889975
4115.13 1.0030796368395152
4115.37 1.004171914311567
4115.62 1.0053097317252297
4115.87 1.0064475780957076
4116.11 1.0075399378514456
4116.36 1.0086778409694952
4116.6 1.009770255197957
4116.85 1.0109082150532689
4117.1 1.012046203852192
4117.34 1.0131387003268169
4117.59 1.0142767458474364
4117.84 1.0154148203037268
4118.08 1.0165073990019535
4118.33 1.0176455301643783
4118.57 1.018738163295549
4118.82 1.0198763511538063
4119.07 1.0210145679345404
4119.31 1.0221072832518259
4119.56 1.0232455567128373
4119.81 1.0243838590883914
4120.05 1.025487347130986
4120.3 1.0266791598280183
4120.54 1.0278233285421094
4120.79 1.0290152006633873
4121.04 1.0302071030989994
4121.28 1.031351357954305
4121.53 1.0325433197978655
4121.77 1.0336876316796264
4122.02 1.034879652920346
4122.27 1.036071704461582
4122.51 1.0372161024452882
4122.76 1.0384082133673929
4123.01 1.039600354581705
4123.25 1.040744838643746
4123.5 1.041937039222641
4123.74 1.0430815802695066
4123.99 1.0442738402022038
4124.24 1.0454661304133
4124.48 1.046610757499265
4124.73 1.047803107047885
4124.97 1.048947791092704
4125.22 1.0501401999680715
4125.47 1.051332639108037
4125.71 1.052477409152733
4125.96 1.0536699076031752
4126.21 1.0548624363099146
4126.45 1.0560072923309058
4126.7 1.057199880331856
4126.94 1.0583447932701202
4127.19 1.0595374405545128
4130.0 1.072944875718954
4150.0 1.0835723077220705
4170.0 1.0869769624859822
4190.0 1.0773994865073788
4210.0 1.0898329688336688
4230.0 1.0745189709481366
4250.0 1.102126101221014
4270.0 1.0662141672894085
4290.0 1.0390665257172023
4310.0 0.9551112462946095
4315.65 0.9923905648968683
4315.91 0.9941065667582316
4316.17 0.9958226119988807
4316.43 0.9975387006146753
4316.69 0.9992548326014689
4316.95 1.0009710079551346
4317.21 1.0026872266715274
4317.47 1.0044034887465088
4317.73 1.0061197941759346
4317.99 1.0078361429556788
4318.25 1.0095525350815988
4318.52 1.0113349881638283
4318.78 1.0130514686364422
4319.04 1.0147679924426691
4319.3 1.016484559578367
4319.56 1.018201170039401
4319.82 1.01991782382163
4320.08 1.0216429793686272
4320.34 1.0233872102017236
4320.6 1.0251314850560447
4320.86 1.0268758039273838
4321.12 1.028620166811552
4321.38 1.0303645737043439
4321.64 1.0321090246015596
4321.9 1.0338535194989935
4322.16 1.0355980583924593
4322.42 1.0373426412777527
4322.68 1.0390872681506755
4322.94 1.0408319390070242
4323.2 1.042576653842614
4323.46 1.0443214126532419
4323.73 1.0461333241120527
4323.99 1.0478781725511095
4324.25 1.0496230649524558
4324.51 1.0513680013118958
4324.77 1.0531129816252358
4325.03 1.054858005888275
4325.29 1.0566030740968324
4325.55 1.0583481862467081
4325.81 1.0600933423337093
4326.07 1.0618385423536376
4326.33 1.0635837863023128
4326.59 1.0653290741755372
4326.85 1.06707440596912
4327.11 1.068819781678864
4327.37 1.070565201300591
4327.63 1.0723106648301046
4327.89 1.0740561722632163
4328.15 1.0758017235957293
4328.41 1.0775473188234683
4328.67 1.0792929579422388
4328.94 1.0811057834782913
4329.2 1.0828515120542717
4329.46 1.0845972845085596
4329.72 1.0863431008369688
4329.98 1.0880889610353073
4330.0 1.0882232597906218
4330.24 1.0878049957281553
4330.5 1.087351863863027
4330.76 1.0868987190363946
4331.02 1.0864455612494701
4331.28 1.0859923905034676
4331.54 1.085539206799597
4331.8 1.0850860101390714
4332.06 1.0846328005231034
4332.32 1.0841795779529066
4332.58 1.08372634242969
4332.84 1.0832730939546669
4333.1 1.0828198325290488
4333.36 1.0823665581540494
4333.62 1.0819132708308767
4333.88 1.0814599705607437
4334.15 1.0809892219626598
4334.41 1.0805358953043973
4334.67 1.080082555702855
4334.93 1.0796292031592434
4335.19 1.0791758376747747
4335.45 1.0787224592506568
4335.71 1.0782690678881017
4335.97 1.0778156635883198
4336.23 1.0773622463525232
4336.49 1.0769088161819191
4336.75 1.076455373077719
4337.01 1.076001917041133
4337.27 1.0755484480733708
4337.53 1.075094966175644
4337.79 1.0746414713491588
4338.05 1.0741879635951266
4338.31 1.0737344429147566
4338.57 1.07328090930926
4338.83 1.0728273627798426
4339.09 1.0723738033277148
4339.35 1.071920230954086
4339.62 1.0714491998139317
4339.88 1.0709956011040633
4340.14 1.0704965751747393
4340.4 1.0699586081129275
4340.66 1.0694206259627745
4340.92 1.068882628725696
4341.18 1.068344616403107
4341.44 1.0678065889964234
4341.7 1.0672685465070557
4341.96 1.06673048893642
4342.22 1.0661924162859298
4342.48 1.065654328557001
4342.74 1.0651162257510436
4343.0 1.0645781078694727
4343.26 1.064039974913702
4343.52 1.0635018268851446
4343.78 1.0629636637852151
4344.04 1.062425485615323
4344.3 1.0618872923768832
4344.57 1.0613283834509863
4344.83 1.0607901595002662
4345.09 1.0602519204852898
4345.35 1.05971366640747
4345.61 1.0591753972682203
4345.87 1.0586371130689494
4346.13 1.0580988138110707
4346.39 1.057560499495996
4346.65 1.057022170125139
4346.91 1.0564838256999072
4347.17 1.0559454662217138
4347.43 1.0554070916919702
4347.69 1.0548687021120888
4347.95 1.0543302974834774
4348.21 1.0537918778075486
4348.47 1.0532534430857123
4348.73 1.0527149933193818
4348.99 1.0521765285099631
4349.25 1.0516380486588686
4349.51 1.0510995537675083
4349.78 1.0505403316165878
4350.0 1.0500846571332987
4350.04 1.0503974329261865
4350.3 1.052430505020945
4350.56 1.0544636281432527
4350.82 1.0564968022882415
4351.08 1.058530027451066
4351.34 1.0605633036268598
4351.6 1.0625966308107633
4351.86 1.064630008997911
4352.12 1.0666634381834597
4352.38 1.0686969183625437
4352.64 1.0707304495303058
4352.9 1.0727640316818836
4353.16 1.074797664812434
4353.42 1.0768313489170949
4353.68 1.0788650839910108
4353.94 1.0808988700293203
4354.2 1.082932707027183
4354.46 1.0849665949797385
4354.72 1.087000533882133
4354.99 1.089112755125581
4355.25 1.0911467978722358
4355.51 1.0931808915539865
4355.77 1.0952150361659825
4356.03 1.0972492317033653
4356.29 1.0992834781612988
4356.55 1.1013177755349266
4356.81 1.103352123819399
4357.07 1.1053865230098603
4357.33 1.1074209731014761
4357.59 1.1094554740893918
4357.85 1.11149002596876
4358.11 1.1135246287347265
4358.37 1.1155592823824592
4358.63 1.1175939869071052
4358.89 1.119628742303819
4359.15 1.1216635485677482
4359.41 1.1236984056940633
4359.67 1.125733313677913
4359.93 1.1277682725144536
4360.2 1.1298625370139115
4360.46 1.1318728783919347
4360.72 1.1338832699747776
4360.98 1.1358937117576517
4361.24 1.1379042037357903
4361.5 1.139914745904406
4361.76 1.1419253382587187
4362.02 1.1439359807939489
4362.28 1.14594667350531
4362.54 1.1479574163880384
4362.8 1.1499682094373487
4363.06 1.1519790526484628
4363.32 1.1539899460165968
4363.58 1.1560008895369882
4363.84 1.1580118832048536
4364.1 1.1600229270154179
4364.36 1.162034020963898
4364.62 1.1640451650455341
4364.88 1.166056359255544
4365.15 1.1681449601413663
4365.41 1.1701562565213557
4365.67 1.1721676030152162
4365.93 1.174178999618175
4366.19 1.1761904463254536
4366.45 1.1782019431322945
4366.71 1.1802134900339194
4366.97 1.1822250870255586
4367.23 1.1842367341024347
4367.49 1.1862484312597927
4370.0 1.2056716205757843
4390.0 1.1293320101617248
4410.0 1.1559146396617104
4430.0 1.193461629312233
4450.0 1.1996295066102642
4470.0 1.2494136144065036
4490.0 1.2638649538836488
4510.0 1.3764070967149464
4530.0 1.2680701051952843
4550.0 1.2954285424893597
4570.0 1.3677742715986265
4590.0 1.3117740823203885
4610.0 1.3380308093043545
4630.0 1.3125719207390514
4650.0 1.322662442473845
4670.0 1.3554838041546788
4690.0 1.334552719317625
4710.0 1.291672170437173
4730.0 1.337781322979894
4750.0 1.3633248272003493
4770.0 1.3650183139482874
4790.0 1.3694718343398253
4810.0 1.3721140284277085
4830.0 1.4105558588143006
4834.84 1.3929953364432257
4835.13 1.3919429097047826
4835.42 1.3908904550945025
4835.71 1.389837972615239
4836.0 1.3887854622698481
4836.29 1.3877329240611842
4836.59 1.3866440621135263
4836.88 1.3855914672263236
4837.17 1.384538844484508
4837.46 1.3834861938909322
4837.75 1.38243351544845
4838.05 1.3813445084464417
4838.34 1.3802917733546436
4838.63 1.3792390104225942
4838.92 1.3781862196531445
4839.21 1.3771334010491465
4839.5 1.3760805546134507
4839.8 1.374991373843466
4840.09 1.3740619367566929
4840.38 1.3734068471448824
4840.67 1.3727517396191393
4840.96 1.3720966141812905
4841.26 1.3714188793638047
4841.55 1.3707637174897287
4841.84 1.3701085377090934
4842.13 1.369453340023726
4842.42 1.3687981244354535
4842.72 1.3681202963685886
4843.01 1.367465044362803
4843.3 1.3668097744596546
4843.59 1.3661544866609698
4843.88 1.3654991809685748
4844.17 1.3648438573842947
4844.47 1.3641659176090182
4844.76 1.3635105576296422
4845.05 1.3628551797639201
4845.34 1.3621997840136773
4845.63 1.3615443703807382
4845.93 1.360866337461344
4846.22 1.360210887451999
4846.51 1.3595554195654933
4846.8 1.3588999338036507
4847.09 1.3582444301682952
4847.38 1.3575889086612503
4847.68 1.3569107641595344
4847.97 1.3562552062984723
4848.26 1.3555996305712525
4848.55 1.354944036979697
4848.84 1.3542884255256291
4849.14 1.3536101879849247
4849.43 1.3529545401955065
4849.72 1.3522988745491045
4850.0 1.3516658011206686
4850.01 1.3516225003805784
4850.3 1.350366761976518
4850.59 1.3491109908212098
4850.89 1.347811882751092
4851.18 1.3465560449742933
4851.47 1.3453001744564292
4851.76 1.3440442712008547
4852.05 1.3427883352109244
4852.35 1.3414890566400057
4852.64 1.3402330540629461
4852.93 1.3389770187617074
4853.22 1.3377209507396424
4853.51 1.336464850000104
4853.81 1.3351654010163196
4854.1 1.3339092337239926
4854.39 1.3326530337243632
4854.68 1.3313968010207822
4854.97 1.3301405356166003
4855.26 1.3288842375151677
4855.56 1.3275845843851852
4855.85 1.3263282197721
4856.14 1.3250718224719282
4856.43 1.3238153924880183
4856.72 1.3225589298237186
4857.02 1.3212591064740282
4857.31 1.3200025773323731
4857.6 1.3187460155204866
4857.89 1.3174894210417152
4858.18 1.3162327938994047
4858.47 1.3149761340969024
4858.77 1.3136761068323919
4859.06 1.3124193805936173
4859.35 1.3111626217048016
4859.64 1.309905830169288
4859.93 1.308649005990422
4860.23 1.3066379679728684
4860.52 1.3044847800563535
4860.81 1.3023315373146473
4861.1 1.3001782397533705
4861.39 1.29802488737815
4861.68 1.2958714801946116
4861.98 1.2936437599211288
4862.27 1.2914902412483706
4862.56 1.2893366677843703
4862.85 1.287183039534745
4863.14 1.285029356505117
4863.44 1.2828013509034029
4863.73 1.2806475564421587
4864.02 1.2784937072179636
4864.31 1.276339803236452
4864.6 1.2741858445032368
4864.9 1.2719575537206909
4865.19 1.269803483613422
4865.48 1.2676493587714983
4865.77 1.2654951792005298
4866.06 1.2633409449061463
4866.35 1.2611866558939573
4866.65 1.258958023479175
4866.94 1.2568036231618855
4867.23 1.2546491681438265
4867.52 1.2524946584306054
4867.81 1.250340094027848
4868.11 1.248111176756008
4868.4 1.245956501105639
4868.69 1.243801770782754
4868.98 1.2416469857929624
4869.27 1.2394921461418669
4869.56 1.2373372518350894
4869.86 1.235107993318851
4870.0 1.2340676526651453
4870.15 1.2351754239020338
4870.44 1.237317154002722
4870.73 1.2394589355643277
4871.02 1.2416007685815469
4871.32 1.2438165120517344
4871.61 1.2459584497380969
4871.9 1.2481004388639512
4872.19 1.2502424794239881
4872.48 1.2523845714128992
4872.77 1.2545267148253831
4873.07 1.256742779360408
4873.36 1.2588850273768624
4873.65 1.2610273268007794
4873.94 1.2631696776268542
4874.23 1.265312079849782
4874.53 1.2675284120916548
4874.82 1.2696709188642208
4875.11 1.2718134770175464
4875.4 1.2739560865463289
4875.69 1.2760987474452667
4875.98 1.2782414597090588
4876.28 1.2804581126491914
4876.57 1.282600929397533
4876.86 1.2847437974946465
4877.15 1.2868867169352336
4877.44 1.2890296877139962
4877.74 1.2912466080553375
4878.03 1.2933896832643819
4878.32 1.295532809795529
4878.61 1.2976759876434834
4878.9 1.2998192168029505
4879.2 1.302036404406621
4879.49 1.304179737942134
4879.78 1.3063231227730963
4880.07 1.3084529098873334
4880.36 1.3105398505433619
4880.65 1.3126268410865838
4880.95 1.3147858493126992
4881.24 1.316872941334669
4881.53 1.3189600832282147
4881.82 1.3210472749881919
4882.11 1.3231345166094548
4882.41 1.3252937845442156
4882.7 1.3273811275915268
4882.99 1.3294685204845158
4883.28 1.3315559632180407
4883.57 1.3336434557869588
4883.86 1.3357309981861294
4884.16 1.337890577237796
4884.45 1.339978220999889
4884.74 1.3420659145766365
4885.03 1.344153657962901
4885.32 1.3462414511535432
4885.62 1.3484012896174387
4885.91 1.3504891841183722
4886.2 1.3525771284080954
4886.49 1.3546651224814732
4886.78 1.3567531663333705
4887.07 1.3588412599586521
4887.37 1.361001409184391
4887.66 1.3630896040569196
4887.95 1.3651778486872554
4888.24 1.367266143070267
4888.53 1.3693544872008228
4888.83 1.371514895542759
4889.12 1.373603340867998
4889.41 1.3756918359252135
4889.7 1.377780380709276
4890.0 1.3799409966020282
4890.29 1.3797290534204785
4890.58 1.3795171034575417
4890.87 1.379305146713897
4891.16 1.3790931831902231
4891.45 1.3788812128871988
4891.74 1.3786692358055028
4892.04 1.3784499420366652
4892.33 1.3782379511659735
4892.62 1.3780259535186692
4892.91 1.3778139490954309
4910.0 1.3694376175099814
4928.77 1.3435007855001444
4929.07 1.343102306018775
4929.36 1.342717098130314
4929.66 1.3423185957746702
4929.96 1.3419200817898416
4930.0 1.3418669457132801
4930.26 1.342721184967521
4930.55 1.3436740107998992
4930.85 1.3446597154538604
4931.15 1.3456454432495046
4931.45 1.3466311941843665
4931.74 1.347584108747517
4932.04 1.348569905182289
4932.34 1.3495557247489431
4932.64 1.3505415674450072
4932.93 1.3514945707013357
4933.23 1.3524804588780301
4933.53 1.3534663701768095
4933.83 1.3544523045952
4934.12 1.355405396507131
4934.42 1.3563913763868876
4934.72 1.3573773793789297
4935.02 1.3583634054807896
4935.31 1.3593165860107654
4935.61 1.3603026575547292
4935.91 1.3612887522011918
4936.21 1.3622748699476823
4936.5 1.3632281390581633
4936.8 1.3642143022275122
4937.1 1.3652004884895705
4937.4 1.3661866978418693
4937.69 1.3671400554953348
4937.99 1.3681263102512549
4938.29 1.3691125880901038
4938.59 1.370098889009416
4938.88 1.371052335168363
4939.18 1.3720386814720638
4939.48 1.3730250508489132
4939.78 1.3740114432964543
4940.07 1.374974801796642
4940.37 1.376003342573715
4940.67 1.3770319074688937
4940.97 1.3780604964796035
4941.26 1.3790548221106873
4941.56 1.3800834585410982
4941.86 1.3811121190794016
4942.16 1.3821408037230296
4942.45 1.3831352217895652
4942.75 1.3841639538328212
4943.05 1.385192709973767
4943.35 1.386221490209831
4943.64 1.3872160006726897
4943.94 1.3882448282883144
4944.24 1.389273679991432
4944.54 1.3903025557794688
4944.83 1.3912971585995413
4945.13 1.3923260817470877
4945.43 1.3933550289719285
4945.73 1.3943840002714916
4946.02 1.3953786954096898
4946.32 1.396407714048718
4946.62 1.3974367567548533
4946.92 1.398465823525525
4947.21 1.3994606109427719
4947.51 1.4004897250328736
4947.81 1.4015188631798945
4948.11 1.4025480253812646
4948.4 1.4035429050385095
4948.7 1.4045721145392878
4949.0 1.4056013480868046
4949.3 1.4066306056784947
4949.59 1.4076255775367046
4949.89 1.4086548824077845
4950.0 1.4090323002164755
4950.19 1.4090051995333017
4950.49 1.4089624067338746
4950.78 1.4089210377458776
4951.08 1.4088782395359216
4951.38 1.4088354385752526
4951.68 1.4087926348641437
4951.97 1.4087512553292143
4952.27 1.4087084462096997
4952.57 1.408665634340552
4952.87 1.4086228197220432
4953.16 1.4085814296443204
4953.46 1.4085386096195287
4953.76 1.4084957868461836
4954.06 1.4084529613245564
4954.35 1.4084115607081775
4954.65 1.408368729782389
4954.95 1.4083258961091252
4955.25 1.4082830596886582
4955.54 1.4082416485377591
4955.84 1.4081988067152518
4956.14 1.4081559621463469
4956.44 1.408113114831317
4956.73 1.4080716931500323
4957.03 1.4080288404350818
4957.33 1.407985984974812
4957.63 1.4079431267694948
4957.92 1.4079016945619565
4958.22 1.4078588309588376
4958.52 1.4078159646114767
4958.82 1.4077730955201462
4959.11 1.4077316527904848
4959.41 1.4076887783034704
4959.71 1.407645901073291
4960.01 1.407593144703771
4960.3 1.4072652723910721
4960.6 1.406926084181198
4960.9 1.4065868858482733
4961.2 1.4062476773933485
4961.49 1.4059197662663883
4961.79 1.4055805379079342
4962.09 1.405241299430603
4962.39 1.4049020508354453
4962.68 1.4045741009102262
4962.98 1.4042348324197464
4963.28 1.4038955538145599
4963.58 1.4035562650957183
4963.87 1.4032282763882358
4964.17 1.4028889677822733
4964.47 1.4025496490657745
4964.77 1.4022103202397895
4965.06 1.4018822927660315
4965.36 1.4015429440611251
4965.66 1.4012035852498497
4965.96 1.4008642163332554
4966.25 1.4005361501092028
4966.55 1.4001967613218806
4966.85 1.3998573624323558
4967.15 1.399517953441679
4967.44 1.3991898484833045
4967.74 1.3988504196300895
4968.04 1.3985109806788356
4968.34 1.3981715316305927
4968.63 1.3978433879538625
4968.93 1.3975039190512686
4969.23 1.3971644400547993
4969.53 1.396824950965502
4969.82 1.396496768586374
4970.0 1.3962930644359193
4970.12 1.395770728717986
4970.42 1.3944648655540144
4970.72 1.3931589682941468
4971.02 1.3918530369419695
4971.31 1.3905906042316034
4971.61 1.389284605841685
4971.91 1.3879785733700924
4972.21 1.386672506820416
4972.5 1.3854099434326537
4972.8 1.384103809873202
4973.1 1.3827976422463
4973.4 1.381491440555536
4973.69 1.3802287465448988
4973.99 1.3789224778723135
4974.29 1.3776161751464906
4974.58 1.3763533834787365
4974.88 1.375047013791997
4975.18 1.3737406100626455
4975.48 1.3724341722942677
4975.78 1.3711277004904352
4976.07 1.36986474539751
4976.37 1.3685582066677346
4976.48 1.3680791339415188
4976.67 1.3672516339131284
4976.78 1.366772548712038
4976.97 1.3659450271372693
4977.08 1.365465929462616
4977.26 1.3646819415848792
4977.38 1.364159276196832
4977.56 1.3633752679109947
4977.68 1.3628525889182628
4977.86 1.3620685602264757
4977.98 1.3615458676304901
4978.16 1.360761818534892
4978.28 1.360239112337083
4978.45 1.359498602577455
4978.58 1.3589323230416208
4978.75 1.35819179401575
4978.88 1.3576254997476804
4979.05 1.3568849514575922
4979.18 1.3563186424588372
4979.35 1.3555780749065576
4979.48 1.35501175117867
4979.64 1.354314728598467
4979.78 1.3537048259107451
4979.94 1.353007785205206
4980.08 1.3528724776963645
4980.24 1.3531246503507728
4980.39 1.353361064828341
4980.54 1.3535974818355037
4980.69 1.3538339013721268
4980.83 1.3540545618883246
4980.99 1.3543067480332112
4981.13 1.3545274132704428
4981.29 1.3547796048105063
4981.43 1.3550002747682637
4981.59 1.3552524717029246
4981.73 1.3554731463807
4981.89 1.3557253487093803
4982.02 1.3559302652195409
4982.19 1.3561982358287845
4982.32 1.3564031567208863
4982.49 1.3566711330600543
4982.62 1.3568760583336263
4982.79 1.3571440404021016
4982.92 1.3573489700566732
4983.09 1.3576169578538404
4983.21 1.3578061276650062
4983.39 1.3580898854141847
4983.51 1.3582790592684886
4983.69 1.3585628230820472
4983.81 1.3587520009790564
4983.99 1.3590357708563452
4984.11 1.3592249527956226
4984.29 1.3595087287359915
4984.4 1.3596821491569313
4984.59 1.3599816967199008
4984.7 1.3601551208454647
4984.89 1.3604546748069872
4985.0 1.3606281026367777
4985.19 1.360927662996165
4985.3 1.3611010945297857
4985.49 1.3614006612863516
4985.59 1.3615583296275613
4985.79 1.3618736696764602
4985.89 1.36203134138407
4986.09 1.3623466881654067
4986.19 1.3625043632390532
4986.39 1.3628197167521061
4986.49 1.3629773951914292
4986.69 1.3632927554354726
4986.78 1.3634346690091714
4986.99 1.3637658042144247
4987.08 1.363907720816587
4987.29 1.3642388630878768
4987.38 1.364380782718178
4987.59 1.3647119320547445
4987.68 1.364853854712859
4987.9 1.365200780589716
4987.97 1.3653111672340748
4988.2 1.3656738700765196
4988.5 1.3661469696534518
4988.8 1.3666200793194283
4989.1 1.367093199073366
4989.4 1.36756632891418
4989.7 1.3680394688407904
4990.0 1.3685126188521126
4990.3 1.3745380948915489
4990.6 1.3805637181991055
4990.9 1.3865894887591936
4991.2 1.3926154065562801
4991.5 1.3986414715747806
4991.8 1.4046676837991294
4992.1 1.4106940432137636
4992.4 1.416720549803104
4992.7 1.4227472035516269
4993.0 1.428774004443757
4993.3 1.4348009524639385
4993.6 1.4408280475966178
4993.9 1.4468552898262248
4994.2 1.4528826791372458
4994.5 1.4589102155141145
4994.8 1.464937898941285
4995.1 1.4709657294032124
4995.41 1.4771946419988615
4995.71 1.4832227713835326
4996.01 1.4892510477558212
4996.31 1.4952794711001909
4996.61 1.5013080414010882
4996.91 1.5073367586430166
4997.21 1.5133656228104273
4997.51 1.51939463388779
4997.81 1.5254237918595783
4998.11 1.5314530967102487
4998.41 1.537482548424313
4998.71 1.5435121469862325
4999.01 1.5495418923804867
4999.31 1.5555717845915575
4999.61 1.5616018236039115
4999.91 1.56763200940207
5000.21 1.5702418581336453
5000.51 1.5713858296331351
5000.81 1.5725298274804
5001.11 1.5736738516726358
5001.41 1.5748179022070483
5001.71 1.5759619790808346
5002.01 1.5771060822911944
5002.31 1.5782502118353285
5002.61 1.5793943677104338
5002.92 1.5805766897738933
5003.22 1.5817208991800205
5003.52 1.582865134908634
5003.82 1.5840093969569333
5004.12 1.5851536853221266
5004.42 1.5862980000014142
5004.72 1.587442340991999
5005.02 1.588586708291085
5005.32 1.5897311018958724
5005.62 1.5908755218035728
5005.92 1.592019968011387
5006.22 1.5931644405165195
5006.52 1.594308939316177
5006.82 1.5954534644075604
5007.12 1.596598015787883
5007.42 1.5977425934543483
5007.72 1.5988871974041623
5008.02 1.6000318276345322
5008.32 1.6011764841426621
5008.62 1.6023211669257669
5008.92 1.6034658759810503
5009.22 1.604610611305721
5009.52 1.6057553728969887
5009.82 1.606900160752058
5010.0 1.6075870460705681
5010.12 1.6051160808095717
5010.42 1.5989385600858605
5010.73 1.5925549605763096
5011.03 1.5863771274271783
5011.33 1.580199140650747
5011.63 1.574021000263197
5011.93 1.5678427062807072
5012.23 1.561664258719475
5012.53 1.5554856575956382
5012.83 1.549306902925389
5013.13 1.543127994724899
5013.43 1.5369489330103385
5013.73 1.5307697177978936
5014.03 1.5245903491036932
5014.33 1.5184108269439192
5014.63 1.5122311513347337
5014.93 1.506051322292297
5015.23 1.4998713398327859
5015.53 1.493691203972319
5015.83 1.4875109147270689
5016.13 1.4813304721131884
5016.43 1.4751498761468274
5016.73 1.4689691268441525
5017.03 1.4627882242212733
5017.33 1.4566071682943524
5017.63 1.450425959079533
5017.93 1.444244596592955
5018.23 1.4380630808507757
5018.54 1.4316753535974311
5018.84 1.4254935262852344
5019.14 1.4193115457663592
5019.44 1.4131294120569553
5019.74 1.4069471251731136
5020.04 1.4012414136665983
5020.34 1.3986343341513878
5020.64 1.39602718912466
5020.94 1.3934199785933097
5021.24 1.3908127025642067
5021.54 1.3882053610442446
5021.84 1.3855979540403076
5022.14 1.382990481559279
5022.44 1.3803829436080501
5022.74 1.3777753401934865
5023.04 1.3751676713224774
5023.34 1.372559937001903
5023.64 1.3699521372386425
5023.94 1.3673442720395823
5024.24 1.364736341411585
5024.54 1.362128345361535
5024.84 1.3595202838963083
5025.14 1.3569121570227807
5025.44 1.354303964747834
5025.74 1.3516957070783264
5026.04 1.3490873840211381
5026.35 1.346392048175951
5026.65 1.3437835921850123
5026.95 1.3411750708272279
5027.25 1.3385664841094749
5027.55 1.335957832038622
5027.85 1.3333491146215375
5028.15 1.3307403318650954
5028.45 1.3281314837761469
5028.75 1.3255225703615647
5029.05 1.3229135916282133
5029.35 1.3203045475829565
5029.65 1.317695438232665
5029.95 1.3150862635841853
5030.0 1.3146513947948184
5030.25 1.31429215858275
5030.55 1.3138610640776704
5030.85 1.3134299575185775
5031.15 1.3129988389067253
5031.45 1.3125677082433647
5031.75 1.3121365655297497
5032.05 1.3117054107671327
5032.35 1.3112742439567666
5032.65 1.310843065099905
5032.95 1.3104118741977975
5033.25 1.3099806712516975
5033.55 1.309549456262857
5033.85 1.3091182292325279
5034.16 1.308672615318932
5034.46 1.308241363808102
5034.76 1.3078101002595799
5035.06 1.3073788246746163
5035.36 1.306947537054464
5035.66 1.3065162374003711
5035.96 1.3060849257135898
5036.26 1.3056536019953706
5050.0 1.2917021318228743
5070.0 1.3265075116564993
5090.0 1.2686481454562282
5110.0 1.291347608956818
5130.0 1.26086929555617
5150.0 1.232404220377119
5170.0 1.179494648858784
5190.0 1.207788389477592
5210.0 1.2588368683087463
5230.0 1.3027716166136318
5250.0 1.338234963911913
5270.0 1.2251043828124897
5290.0 1.3494619815125877
5310.0 1.3999775198191726
5330.0 1.2786523973465371
5350.0 1.3639092200977314
5370.0 1.357219026473142
5390.0 1.3287201022298474
5410.0 1.3085847839062699
5430.0 1.3284101159511361
5450.0 1.3647997342976483
5470.0 1.336663901893873
5490.0 1.3453327939535318
5510.0 1.3328646027914444
5530.0 1.3586797494087604
5550.0 1.3740940273390385
5570.0 1.3509372217919011
5590.0 1.3268802021401542
5610.0 1.364830248297354
5630.0 1.3546121219278853
5650.0 1.3643654942059011
5670.0 1.3374001208540225
5690.0 1.3678123744769515
5710.0 1.3343222698047659
5730.0 1.4154151127744818
5750.0 1.372921801325077
5770.0 1.3907484626323081
5790.0 1.3575714001294297
5810.0 1.3990988721539734
5830.0 1.4222364271915984
5850.0 1.3909879435696648
5870.0 1.3998039552418338
5890.0 1.309721118533711
5910.0 1.3777799821657826
5930.0 1.3769658678175367
5950.0 1.378035465358903
5970.0 1.3932274169762107
5990.0 1.371382285042446
6010.0 1.3519989153261458
6030.0 1.376232248388219
6050.0 1.3956199663493676
6070.0 1.39301119097242
6090.0 1.3528663158197152
6110.0 1.35455676777668
6130.0 1.2999827005314617
6150.0 1.3257737018482412
6170.0 1.2858887999245858
6190.0 1.342357768522577
6210.0 1.3334815895663115
6230.0 1.2991852563838981
6250.0 1.264691735943337
6270.0 1.3150842537191314
6290.0 1.3384542174445069
6310.0 1.3109075466435791
6330.0 1.3166824408892897
6350.0 1.322994926744675
6370.0 1.3183303419330101
6390.0 1.334812047715486
6410.0 1.3131082971989183
6430.0 1.3314486500608875
6450.0 1.3323986003081252
6470.0 1.3400044893351242
6490.0 1.3438570697669308
6510.0 1.4147105839885943
6523.64 1.4653993510718926
6524.04 1.4673925509101364
6524.43 1.4693359638759942
6524.82 1.471279419412587
6525.22 1.473272751357274
6525.61 1.475216293105765
6526.0 1.477159877404132
6526.4 1.4791533413904951
6526.79 1.4810970118585025
6527.19 1.4830905642094823
6527.58 1.4850343208188543
6527.97 1.4869781199432897
6528.37 1.4889718042279305
6528.76 1.490915689451519
6529.15 1.4928596171693334
6529.55 1.4948534333229941
6529.94 1.4967974470977778
6530.0 1.4970965299100567
6530.34 1.49907230705358
6530.73 1.5013386863415694
6531.12 1.5036051155014307
6531.52 1.505929710027445
6531.91 1.5081962401850573
6532.3 1.5104628201901165
6532.7 1.5127875694037807
6533.09 1.5150542503571347
6533.49 1.5173791030905386
6533.88 1.5196458849590924
6534.27 1.5219127166343445
6534.67 1.52423772392897
6535.06 1.526504656470014
6535.46 1.5288297671997784
6535.85 1.5310968005735544
6536.24 1.5333638837133248
6536.64 1.53568914887802
6537.03 1.5379563328011687
6537.42 1.540223566465966
6537.82 1.542548985989997
6538.21 1.5448163203888505
6538.6 1.5470837045050065
6539.0 1.549409278312844
6539.39 1.5516767631137667
6539.79 1.554002440171116
6540.18 1.5569107329494574
6540.57 1.5605665905506325
6540.97 1.5643162727541495
6541.36 1.567972295436352
6541.76 1.5717221469260183
6542.15 1.5753783346351902
6542.54 1.5790346037934568
6542.94 1.5827847080376802
6543.33 1.5864411421422158
6543.72 1.5900976576560115
6544.12 1.5938480145312095
6544.51 1.5975046949106255
6544.91 1.6012552208510904
6545.3 1.6049120660421625
6545.69 1.6085689925760538
6546.09 1.612319770941347
6546.48 1.615976862206334
6546.87 1.6196340347743987
6547.27 1.6233850654411348
6547.66 1.6270424026597776
6548.06 1.630793602171281
6548.45 1.6344511039866407
6548.84 1.6381086870387611
6549.24 1.6418601386459006
6549.63 1.6455178862143156
6550.0 1.648988132042457
6550.02 1.6492534131734595
6550.42 1.654559099759367
6550.81 1.6597322614765564
6551.21 1.6650381886497234
6551.6 1.6702115849011319
6551.99 1.6753850969069664
6552.39 1.6806913832918189
6552.78 1.6858651297173328
6553.17 1.6910389918407698
6553.57 1.6963456372618677
6553.96 1.701519733690518
6554.36 1.7068266193853725
6554.75 1.7120009500426434
6555.14 1.717175396303536
6555.54 1.7224826407420473
6555.93 1.7276573211172186
6556.33 1.7329648056336984
6556.72 1.7381397200466384
6557.11 1.7433147499690014
6557.51 1.7486225929368653
6557.9 1.753797856782778
6558.29 1.7589732360817698
6558.69 1.7642814373260716
6559.08 1.769457050434469
6559.48 1.7747654914441182
6559.87 1.7799413382855447
6560.26 1.7800135583530972
6560.66 1.7774702949284897
6561.05 1.7749905531716095
6561.44 1.772510752264925
6561.84 1.7699673052853413
6562.23 1.7674873845915895
6562.63 1.7649438147735321
6563.02 1.7624637743318128
6563.41 1.759983674788429
6563.81 1.7574399215647931
6564.2 1.7549597023318266
6564.59 1.7524794240259955
6564.99 1.7499354874861923
6565.38 1.7474550895491192
6565.78 1.744911030330628
6566.17 1.742430512801351
6566.56 1.7399499362472723
6566.96 1.737405693861742
6567.35 1.734924997773737
6567.75 1.7323806328093083
6568.14 1.7298998172263733
6568.53 1.7274189426666484
6568.93 1.724874394684146
6569.32 1.7223934006877057
6569.71 1.7199123477431935
6570.0 1.7180674240124405
6570.11 1.7170938321409288
6570.5 1.7136419545000492
6570.9 1.7101014830582268
6571.29 1.7066494414008568
6571.68 1.7031973187930405
6572.08 1.699656596144042
6572.47 1.696204309599608
6572.86 1.692751942144154
6573.26 1.6892109684102963
6573.65 1.6857584370980476
6574.05 1.682217295333332
6574.44 1.6787646002177
6574.83 1.6753118242567835
6575.23 1.6717704316112691
6575.62 1.668317491926705
6576.01 1.6648644714362153
6576.41 1.661322828032007
6576.8 1.6578696438975549
6577.2 1.65432783268073
6577.59 1.6508744849556338
6577.98 1.6474210564902587
6578.38 1.6438789947184242
6578.77 1.6404254027419958
6579.16 1.6369717300645714
6579.56 1.6334294178596378
6579.95 1.6299755817507149
6580.35 1.627790917019504
6580.74 1.6258499439857057
6581.13 1.6239089245888942
6581.53 1.621918087310329
6581.92 1.6199769740215435
6582.31 1.618035814392295
6582.71 1.6160448333090054
6583.1 1.6141035798334384
6583.5 1.6121125025131822
6583.89 1.6101711552218454
6584.28 1.608229761627659
6584.68 1.6062385406193784
6585.07 1.6042970532550282
6585.46 1.6023555196103259
6585.86 1.6003641549838754
6586.25 1.5984225276145858
6586.65 1.596431066875995
6587.04 1.5944893458126157
6587.43 1.5925475785064316
6587.83 1.5905559742661701
6588.22 1.5886141133114235
6588.62 1.5866224130369784
6589.01 1.5846804584641327
6589.4 1.5827384576859895
6589.8 1.5807466140262485
6590.0 1.5797506739748648
6590.19 1.5780035047290788
6590.58 1.5744171480051146
6590.98 1.5707387468755298
6591.37 1.5671522214104545
6591.77 1.5634736472411974
6592.16 1.559886953089891
6592.55 1.5563001756833144
6592.95 1.5526213431545388
6593.34 1.5490343971436389
6593.73 1.5454473679179124
6594.13 1.5417682771550545
6594.52 1.5381810794068598
6594.92 1.534501815828556
6595.31 1.530914449612679
6595.7 1.527327000249409
6596.1 1.5236474786462848
6596.49 1.5200598608971079
6596.88 1.5164721600408788
6597.28 1.5127923805381878
6597.67 1.5092045113777741
6598.07 1.5055245592834527
6598.46 1.5019365218735377
6598.85 1.4983484014238961
6599.25 1.4946681916389024
6599.64 1.4910799030213944
6600.04 1.4876280323816928
6600.43 1.4862675913840253
6600.82 1.484907117583941
6601.22 1.4835117257709354
6601.61 1.4821511855410374
6602.0 1.4807906125246244
6610.0 1.4528741969800285
6630.0 1.3926302844447855
6650.0 1.3629007655633227
6670.0 1.3220158303996778
6690.0 1.3261603616095199
6710.0 1.2975900075433144
6730.0 1.336275754087691
6750.0 1.2901471413185872
6770.0 1.2866906921877495
6790.0 1.273481456284731
6810.0 1.27914735223626
6830.0 1.2930001221696392
6850.0 1.2636765949803455
6870.0 1.2772571456772193
6890.0 1.2906962249501877
6910.0 1.2864115537905583
6930.0 1.280516430829689
6950.0 1.275477417549445
6970.0 1.2837512942740843
6990.0 1.277535427204571
7010.0 1.2509765391796355
7030.0 1.2732685689357652
7050.0 1.2838770731318638
7070.0 1.2599012754438488
7090.0 1.2403678079737448
7110.0 1.2212890518017079
7130.0 1.203684108404614
7150.0 1.2010023381537638
7170.0 1.2085786857694687
7190.0 1.18231948814897
7210.0 1.2036025864311242
7230.0 1.2187031739793666
7250.0 1.221396805478711
7270.0 1.223296292863402
7290.0 1.2001566965400152
7310.0 1.2196310944456314
7330.0 1.2213348756355011
7350.0 1.2218379307539704
7370.0 1.2372806560311345
7390.0 1.2150937368102783
7410.0 1.2021685966323377
7430.0 1.2205067041258908
7450.0 1.223555186413793
7470.0 1.2268204852744462
7490.0 1.2208855637285407
7510.0 1.2295605928358966
7530.0 1.2363545983654511
7550.0 1.2402191421538582
7570.0 1.231955965654688
7590.0 1.2227916624157091
7610.0 1.217170816426738
7630.0 1.213741940904187
7650.0 1.209032038560068
7670.0 1.1715398042880367
7690.0 1.195774945341069
7710.0 1.1762987406988565
7730.0 1.179446949342599
7750.0 1.170787044916924
7770.0 1.1817143219394945
7790.0 1.1887046649846382
7810.0 1.185270814947923
7830.0 1.1746237125155767
7850.0 1.1647372174033355
7870.0 1.1761372195759432
7890.0 1.1584893716550557
7910.0 1.1371331319840237
7930.0 1.135368046624013
7950.0 1.1248039257440852
7970.0 1.1561111630186942
7990.0 1.1547437700912695
8010.0 1.151849585232834
8030.0 1.1524131632930112
8050.0 1.1478277558426
8070.0 1.1489733252386662
8090.0 1.1296223342097564
8110.0 1.1352972838393598
8130.0 1.1477272430177639
8150.0 1.1472424968704105
8170.0 1.1492943793929287
8190.0 1.1217000429371413
8210.0 1.1242275491061058
8230.0 1.1335685388288825
8250.0 1.1370854028842357
8270.0 1.1509875332146289
8290.0 1.142782822546358
8310.0 1.1115790153354161
8330.0 1.108800947381515
8350.0 1.1091233170921713
8370.0 1.1150593920382597
8390.0 1.0843424648941098
8410.0 1.112396439719068
8430.0 1.0796954322881513
8450.0 1.0821163645146
8470.0 1.0790721492836663
8490.0 1.090404619235848
8510.0 1.0437402888080294
8530.0 1.0939972775898252
8550.0 1.0278127544454632
8570.0 1.1062053255927997
8590.0 1.0811933807665346
8610.0 1.081529495744935
8630.0 1.107433436761738
8650.0 1.1080659827100419
8670.0 1.0174152174561721
8690.0 1.0729185091955795
8710.0 1.1002070594032058
8730.0 1.0991649985541134
8750.0 1.0651016095068986
8770.0 1.0978390013303918
8790.0 1.1021141412785855
8810.0 1.081048819668636
8830.0 1.0910470713299374
8850.0 1.0894175160642134
8870.0 1.0507828856818648
8890.0 1.0940125626204444
8910.0 1.1061794748486802
8930.0 1.0852133640504242
8950.0 1.0849140599021745
8970.0 1.0860272489348366
8990.0 1.0833347335590062
9010.0 1.026244948920976
9030.0 1.063406655221735
9050.0 1.0971842864708876
9070.0 1.089289245237913
9090.0 1.0556180744518762
9110.0 1.066518411842711
9130.0 1.085159761841753
9150.0 1.0775276967626064
9170.0 1.0747196543509865
9190.0 1.0816696803706694
9210.0 1.0480975031371271
9230.0 1.0212724359862566
9250.0 1.0368153305616772
9270.0 1.0474459908029325
9290.0 1.0489575755406562
9310.0 1.0577841187883636
9330.0 1.0513539349963954
9350.0 1.049320491149446
9370.0 1.0354247205985048
9390.0 1.0458098740643633
9410.0 1.0175942832801146
9430.0 1.0427811355702468
9450.0 1.0232416458866322
9470.0 1.0411880237582607
9490.0 1.0411455316500817
9510.0 1.031430549961998
9530.0 1.0280146169139175
9550.0 0.9813405761489681
9570.0 1.0069069305029046
9590.0 1.0291890680184472
9610.0 1.015082651235534
9630.0 1.013891547641094
9650.0 0.9988268074350193
9670.0 0.9976694657996433
9690.0 1.0128573828241119
9710.0 1.0052933438638163
9730.0 1.0003247497642693
9750.0 0.9936508367786688
9770.0 0.9965173130411429
9790.0 0.9825836949103838
9810.0 1.002473495361168
9830.0 0.9942459579325942
9850.0 0.9982608902567562
9870.0 0.990733232842565
9890.0 0.988301734437058
9910.0 0.9812470874481932
9930.0 0.9843459137491284
9950.0 0.9841696017466732
9970.0 0.9834975049698629
9990.0 0.9785451880889394
10025.0 0.9614195698214628
10075.0 0.94816395327581
10125.0 0.9573734876717656
10175.0 0.9481315494919612
10225.0 0.94561947967072
10275.0 0.9453020015252593
10325.0 0.9282508076067995
10375.0 0.922455599654723
10425.0 0.9219068575780641
10475.0 0.913098572074914
10525.0 0.9102991584039684
10575.0 0.9017485707440696
10625.0 0.8935072323413787
10675.0 0.8792799402057814
10725.0 0.8774843638461151
10775.0 0.8707798587342946
10825.0 0.8571953211881774
10875.0 0.85500521878625
10925.0 0.8431281736242331
10975.0 0.8412538283683249
11025.0 0.8475877621769207
11075.0 0.844402197728502
11125.0 0.8363489165607789
11175.0 0.8295128219775697
11225.0 0.826273344729393
11275.0 0.8138684705239311
11325.0 0.8090977710063207
11375.0 0.8044380810169852
11425.0 0.7945791567754469
11475.0 0.8018998912474713
11525.0 0.7970567921976212
11575.0 0.7888840222736511
11625.0 0.7753697083754341
11675.0 0.7739819781337849
11725.0 0.777758309730223
11775.0 0.7649779933026523
11825.0 0.7582802083219479
11875.0 0.7499290644067084
11925.0 0.7576296402456034
11975.0 0.7370174157212469
12025.0 0.7439814286892635
12075.0 0.7371977987657996
12125.0 0.7357244808919722
12175.0 0.7369154095197157
12225.0 0.7306325240908181
12275.0 0.7256457001936053
12325.0 0.7196388953234452
12375.0 0.7176229987856187
12425.0 0.7098333261949331
12475.0 0.7091061988743629
12525.0 0.7003141272274382
12575.0 0.6986767051276406
12625.0 0.6934871377502007
12675.0 0.687617869903442
12725.0 0.686283628772938
12775.0 0.6839864957546948
12825.0 0.6540092069661599
12875.0 0.6690448229780943
12925.0 0.6648850360595614
12975.0 0.6688103138986602
13025.0 0.6603007122274214
13075.0 0.6620191920510501
13125.0 0.6500749457487588
13175.0 0.6482317444684523
13225.0 0.6477514607650285
13275.0 0.6390979617475285
13325.0 0.6384579354431791
13375.0 0.6333343191195178
13425.0 0.6354469956818803
13475.0 0.6318278608681483
13525.0 0.6267200817017354
13575.0 0.6200345652407537
13625.0 0.6163866385934186
13675.0 0.6163425539187608
13725.0 0.6144219078831632
13775.0 0.6118643608740029
13825.0 0.6105616010887149
13875.0 0.6064828820016178
13925.0 0.6041108370686029
13975.0 0.6021395592864237
14025.0 0.5941536741299607
14075.0 0.5965576766988004
14125.0 0.5882221456955187
14175.0 0.5918359320413639
14225.0 0.5830800734839546
14275.0 0.5752485645099787
14325.0 0.581126445392997
14375.0 0.583562010125908
14425.0 0.5671716417083656
14475.0 0.5746233131025097
14525.0 0.5681736380396419
14570.0 0.569812121850303
14620.0 0.567880977814172
14675.0 0.5650192905710235
14725.0 0.5569313813157997
14775.0 0.5572170288756139
14825.0 0.5563742860415246
14875.0 0.5494205729365477
14925.0 0.5581392318219981
14975.0 0.5516830967321341
15025.0 0.5418103257674345
15075.0 0.5394213967539907
15125.0 0.5460521105492846
15175.0 0.5456104381560236
15225.0 0.5419971762474292
15275.0 0.5429087353539335
15325.0 0.539168281639205
15375.0 0.5401939410503511
15425.0 0.5368431352959697
15475.0 0.5358301680883736
15525.0 0.5274105530456092
15575.0 0.5189016986494298
15625.0 0.5267262166993895
15675.0 0.5179717169718763
15725.0 0.5199198064090481
15775.0 0.5026095118772932
15825.0 0.5072734799408899
15875.0 0.49524280982711394
15925.0 0.5054985378835738
15975.0 0.5045834307799661
16050.0 0.5094043811308945
16150.0 0.502755809901617
16250.0 0.5026925953090549
16350.0 0.49797710721460653
16450.0 0.4859257194172318
16550.0 0.48663903560219757
16650.0 0.4797943762217104
16750.0 0.4685690194377003
16850.0 0.45756528318669076
16950.0 0.46125261427958003
17050.0 0.44817308155814906
17150.0 0.44455581443417513
17250.0 0.4328093313154638
17350.0 0.42111644749260535
17450.0 0.42028307797941855
17550.0 0.4151775936662194
17650.0 0.40964812122362027
17750.0 0.4020742594854122
17850.0 0.3982572277400458
17950.0 0.3918198236894604
18050.0 0.3844865306216186
18150.0 0.37515687195111136
18250.0 0.3726655845991967
18350.0 0.36908376059708825
18450.0 0.36042779221138244
18550.0 0.35789799476723916
18650.0 0.35040872125601896
18750.0 0.3399484014227205
18850.0 0.3430860697998291
18950.0 0.33153724387845696
19050.0 0.33557759601068443
19150.0 0.3303464606239072
19250.0 0.3264250007234733
19350.0 0.3186881189944288
19450.0 0.31016915429932945
19550.0 0.3121389192811032
19650.0 0.30867562685515004
19750.0 0.3037350372159658
19850.0 0.3014232294850975
19950.0 0.2982265956775049
20050.0 0.29732922780978566
20150.0 0.2973431588770167
20250.0 0.29735668601927084
20350.0 0.2973700096433206
20450.0 0.2973875226933628
20550.0 0.29740925046404504
20650.0 0.2974301103108505
20750.0 0.2974500987413024
20850.0 0.29747457674149436
20950.0 0.29750397900274084
21050.0 0.2975329778984578
21150.0 0.29756118239023516
21250.0 0.29759162862316446
21350.0 0.2976267554608702
21450.0 0.2976635276695161
21550.0 0.2976995229938767
21650.0 0.2977352735137467
21750.0 0.2977753848292578
21850.0 0.2978193566407979
21950.0 0.29786262048417467
22050.0 0.29790518582492714
22150.0 0.29794987259826555
22250.0 0.29799908372348627
22350.0 0.29805001212313004
22450.0 0.2981002834494879
22550.0 0.29814989838105765
22650.0 0.29820305886442194
22750.0 0.2982602837421832
22850.0 0.2983173890311254
22950.0 0.2983738991569132
23050.0 0.2984304646939701
23150.0 0.2984910780531926
23250.0 0.29855509910119826
23350.0 0.2986185519435928
23450.0 0.2986814359191225
23550.0 0.2987450451199896
23650.0 0.2988125181203585
23750.0 0.29888253754944355
23850.0 0.2989520199306987
23950.0 0.29902097191514987
24050.0 0.299090871329116
24150.0 0.2991645733143869
24250.0 0.2992405673254644
24350.0 0.2993160283050624
24450.0 0.2993910100813556
24550.0 0.29946673674561153
24650.0 0.29954608961332096
24750.0 0.299627866398793
24850.0 0.29970918280958947
24950.0 0.2997900125653023
25050.0 0.2998709030770036
25150.0 0.29995526372599857
25250.0 0.3000425440840035
25350.0 0.3001293782599053
25450.0 0.30021575543051343
25550.0 0.30030166468201724
25650.0 0.3003904142206749
25750.0 0.3004824896369957
25850.0 0.3005746492361553
25950.0 0.3006664110359874
26050.0 0.30075773178516285
26150.0 0.3008504529065615
26250.0 0.30094651295544034
26350.0 0.30104408886633693
26450.0 0.30114127625029097
26550.0 0.3012380714004133
26650.0 0.3013344865284805
26750.0 0.3012973695234555
26850.0 0.30112650259375445
26950.0 0.3009550554888987
27050.0 0.3007831611175905
27150.0 0.3006108003956513
27250.0 0.30040317801034244
27350.0 0.3001064674290831
27450.0 0.29975544078344984
27550.0 0.2994039479629192
27650.0 0.299051970154611
27750.0 0.29869948845653654
27850.0 0.29833569463219367
27950.0 0.2979551808969975
28050.0 0.29756879318801943
28150.0 0.29718194309939966
28250.0 0.2967946275034957
28350.0 0.2964068432002231
28450.0 0.296006207949108
28550.0 0.2955900504464687
28650.0 0.2951707752514183
28750.0 0.2947510648579071
28850.0 0.29433092386269355
28950.0 0.293910340753238
29050.0 0.293477507503118
29150.0 0.2930304568888817
29250.0 0.2925809951574038
29350.0 0.29213110880646526
29450.0 0.29168080215226677
29550.0 0.2912300633924973
29650.0 0.2907693629463329
29750.0 0.2902958009734603
29850.0 0.2898189208238763
29950.0 0.28934161805668673
30050.0 0.28886388868405616
30150.0 0.28838576884849676
30250.0 0.28790108083143334
30350.0 0.2874046484364433
30450.0 0.2869026864186087
30550.0 0.2864003594198305
30650.0 0.28589761495956617
30750.0 0.2853944809187811
30850.0 0.2848890221418141
30950.0 0.28437321146932526
31050.0 0.2838489879850076
31150.0 0.28332427825590084
31250.0 0.28276276819890184
31350.0 0.2822012581419029
31450.0 0.2816397400366575
31550.0 0.2810718557684852
31650.0 0.28049503794677444
31750.0 0.2799156366379593
31850.0 0.2793362111844049
31950.0 0.27875680182734336
32100.0 0.27788771193649037
32300.0 0.276712249448748
32500.0 0.2755229600736371
32700.0 0.27433363850554043
32900.0 0.27313998698086395
33100.0 0.27192449251537365
33300.0 0.270709046339362
33500.0 0.269493519680886
33700.0 0.26826225065239095
33900.0 0.2670246878951868
34100.0 0.26578714123447555
34300.0 0.26454624650324904
34500.0 0.26329131563024677
34700.0 0.2620364169502302
34900.0 0.26078150217372087
35100.0 0.25951853915078044
35300.0 0.25825011941675985
35500.0 0.25698168358624635
35700.0 0.25571324775573284
35900.0 0.2544358622751881
36100.0 0.2531577685489574
36300.0 0.25187962653324814
36500.0 0.2506004865349814
36700.0 0.2493166302643061
36900.0 0.24803277399363077
37100.0 0.24674891772295549
37300.0 0.24554923001345572
37500.0 0.24450931609210444
37700.0 0.24346943436373888
37900.0 0.24242952044238758
38100.0 0.24142833468286237
38300.0 0.24047706414770223
38500.0 0.23952584190202075
38700.0 0.2385745874633535
38900.0 0.23763226657822473
39100.0 0.23670106836966356
39300.0 0.23576985406460957
39500.0 0.2348386558560484
39700.0 0.23391486203420378
39900.0 0.23300349470484866
40100.0 0.23209211127900067
40300.0 0.23118077614263127
40500.0 0.23027369048037744
40700.0 0.2293825081530713
40900.0 0.22849130972927229
41100.0 0.22760015959495186
41300.0 0.22670896117115283
41500.0 0.2258371429247597
41700.0 0.22496604902054537
41900.0 0.2240949712128239
42100.0 0.22322387730860957
42300.0 0.22236511331792755
42500.0 0.22151367323149776
42700.0 0.22066223314506792
42900.0 0.21981079305863813
43100.0 0.21896337709542382
43300.0 0.2181319932391001
43500.0 0.2173006254792693
43700.0 0.2164692255264527
43900.0 0.215637841670129
44100.0 0.21481976961340218
44300.0 0.21400797518889156
44500.0 0.2131961968608738
44700.0 0.21238440243636317
44900.0 0.21157386353829574
45100.0 0.21078178731754113
45300.0 0.20998967890380071
45500.0 0.2091976026830461
45700.0 0.2084054942693057
45900.0 0.2076202751545103
46100.0 0.2068479010410188
46300.0 0.2060754786380487
46500.0 0.2053030723315714
46700.0 0.20453066602509418
46900.0 0.20376859366703434
47100.0 0.2030153904765415
47300.0 0.20226217118955578
47500.0 0.20150898409555582
47700.0 0.2007557648085701
47900.0 0.20001465008421665
48100.0 0.1992807304921725
48300.0 0.1985468430931141
48500.0 0.19781295569405566
48700.0 0.19707902000551866
48900.0 0.19635675427430663
49100.0 0.1956418607368254
49300.0 0.1949269993923299
49500.0 0.1942121058548487
49700.0 0.19349722841386033
49900.0 0.19279142939484614
50100.0 0.19209506292064912
50300.0 0.19139871254294494
50500.0 0.19070234606874792
50700.0 0.1900059795945509
50900.0 0.1893145225506768
51100.0 0.1886369567801426
51300.0 0.18795939100960843
51500.0 0.18728182523907425
51700.0 0.18660425946854006
51900.0 0.18592667760151302
52100.0 0.18526598095549823
52300.0 0.18460666860786962
52500.0 0.18394735626024095
52700.0 0.18328807610559805
52900.0 0.18262876375796938
53100.0 0.1819780469375291
53300.0 0.18133690753034168
53500.0 0.18069576812315427
53700.0 0.1800546448124597
53900.0 0.1794135054052723
54100.0 0.17877238209457774
54300.0 0.1781473874697309
54500.0 0.17752409907312752
54700.0 0.1769007623870455
54900.0 0.17627745789394922
55100.0 0.17565413730436005
55300.0 0.1750348086450007
55500.0 0.17442912981158834
55700.0 0.17382343488168311
55900.0 0.1732177721447636
56100.0 0.17261207721485838
56300.0 0.17200641447793888
56500.0 0.17140812393475016
56700.0 0.17081987760310738
56900.0 0.1702316151749717
57100.0 0.16964336884332892
57300.0 0.16905512251168614
57500.0 0.1684668600835505
57700.0 0.16788716098961742
57900.0 0.16731597694040837
58100.0 0.16674479289119934
58300.0 0.16617359274549745
58500.0 0.16560239259979553
58700.0 0.16503119245409362
58900.0 0.16446762204600832
59100.0 0.16391314615639008
59300.0 0.16335870245975753
59500.0 0.16280424266663213
59700.0 0.16224978287350675
59900.0 0.1616953391768742
60100.0 0.16114548298070736
60300.0 0.1606074898997798
60500.0 0.1600694807223594
60700.0 0.15953145544844616
60900.0 0.15899344627102574
61100.0 0.15845542099711246
61300.0 0.15791741181969207
61500.0 0.15739527378423362
61700.0 0.15687353816109673
61900.0 0.1563517703449741
62100.0 0.15583000252885149
62300.0 0.1553082347127289
62500.0 0.15478648299309913
62700.0 0.15427335899364342
62900.0 0.15376752670545418
63100.0 0.15326171051375787
63300.0 0.15275591041855438
63500.0 0.15225007813036515
63700.0 0.15174427803516166
63900.0 0.1512384296504796
64200.0 0.15050272334772777
64600.0 0.14952243083593744
65000.0 0.14854212222765426
65400.0 0.14757343528721745
65800.0 0.1466236778223864
66200.0 0.14567393645404816
66600.0 0.1447241789892171
67000.0 0.1438032181501162
67400.0 0.14288360941641573
67800.0 0.14196400068271522
68200.0 0.14105781642406168
68600.0 0.14016751940386293
69000.0 0.1392771901906785
69400.0 0.13838689317047975
69800.0 0.13752199641601728
70200.0 0.1366602867671415
70600.0 0.13579860931125146
71000.0 0.13494378896132064
71400.0 0.134110409139882
71800.0 0.13327701322195057
72200.0 0.13244364949700482
72600.0 0.13162445068577766
73000.0 0.13081829003376874
73400.0 0.13001216157474554
73800.0 0.12920601701922949
74200.0 0.12841941360604792
74600.0 0.12764039164100438
75000.0 0.12686136967596084
75400.0 0.1260823477109173
75800.0 0.1253253940375876
76200.0 0.1245726415488949
76600.0 0.12381985686721647
77000.0 0.12306710437852376
77400.0 0.12233682259386643
77800.0 0.12160961523934576
78200.0 0.12088240788482509
78600.0 0.12015521662679728
79000.0 0.1194488703270258
79400.0 0.11874662863293413
79800.0 0.1180444030353353
80200.0 0.11734216134124364
80600.0 0.11665722337697865
81000.0 0.115979480545023
81400.0 0.11530175380956019
81800.0 0.1146240270740974
82200.0 0.11395780933103095
82600.0 0.11330361566813242
83000.0 0.11264940590874103
83400.0 0.11199519614934966
83800.0 0.11134528415355244
84200.0 0.11071433382634668
84600.0 0.11008336740264808
85000.0 0.10945240097894945
85400.0 0.1088214506517437
85800.0 0.1082083352386291
86200.0 0.10759993609792304
86600.0 0.10699155305370986
87000.0 0.10638317000949665
87400.0 0.10578138652735691
87800.0 0.10519486252045036
88200.0 0.10460833851354379
88600.0 0.10402179841014439
89000.0 0.10343527440323784
89400.0 0.10286405816104306
89800.0 0.10229879762120725
90200.0 0.1017335048883857
90600.0 0.10116822825205701
91000.0 0.10060385301932862
91400.0 0.10005948572722773
91800.0 0.09951510233863395
92200.0 0.09897071895004018
92600.0 0.09842635165793928
93000.0 0.09788732840146856
93400.0 0.09736298514648803
93800.0 0.09683864189150748
94200.0 0.09631429863652693
94600.0 0.09578993928505354
95000.0 0.09528405870738574
95400.0 0.09480694256246239
95800.0 0.09432982641753902
96200.0 0.09385271027261567
96600.0 0.09337559412769234
97000.0 0.09295866276958009
97400.0 0.09262755791140818
97800.0 0.09229642086025056
98200.0 0.09196529990558579
98600.0 0.09163417895092103
99000.0 0.0913079191371006
99400.0 0.09099157476288317
99800.0 0.09067521429217289
100200.0 0.09035886991795546
100400.00000000009 0.09020068968260025
100748.43066198383 0.08992512740807802
101098.07052641988 0.08965401397289419
101448.92378975474 0.08938881522747028
101800.9946629978 0.08912269629729662
102154.28737177301 0.08885567008543384
102508.80615636887 0.08858770119438154
102864.55527178946 0.08831881860148978
103221.53898780573 0.08805433118795043
103579.76158900595 0.0877956916416722
103939.22737484834 0.08753616092119816
104299.94065971187 0.08727572613814101
104661.9057729482 0.08701439738865764
105025.12705893395 0.08675215773824084
105389.60887712192 0.08649414169887734
105755.35560209466 0.08624169853967259
106122.37162361621 0.08598838121807299
106490.66134668495 0.08573419365962992
106860.22919158668 0.08547912752003178
107231.07959394684 0.08522316504291672
107603.217004785 0.08497144135126204
107976.64589056744 0.0847251910634434
108351.370733261 0.0844781022231205
108727.39603038708 0.08423015576780515
109104.72629507471 0.08398133338548411
109483.36605611602 0.08373166200022228
109863.31985801981 0.08348610251477263
110244.59226106624 0.08324582597265452
110627.1878413618 0.08300472557303805
111011.11119089334 0.08276277392115913
111396.36691758451 0.08251999435511607
111782.95964535022 0.08227635614432406
112170.89401415233 0.08203683121969942
112560.17468005554 0.08180249691678691
112950.80631528242 0.08156736541490128
113342.79360827077 0.08133140169857576
113736.1412637291 0.08109463512852008
114130.85400269323 0.0808570306696432
114526.93656258319 0.0806233528642449
114924.39369725919 0.08039462062002112
115323.23017708007 0.08016509814937572
115723.45078895958 0.07993479135042654
116125.06033642414 0.07970366919253014
116528.06363967061 0.0794717449983989
116932.46553562334 0.0792436086614059
117338.27087799355 0.07902024499073988
117745.48453733666 0.07879608994500872
118154.11140111096 0.07857116564019703
118564.15637373661 0.07834545934280066
118975.62437665339 0.07811896228069445
119388.52034838134 0.07789629158666984
119802.84924457902 0.07767837294716816
120218.61603810318 0.07745968182917319
120635.82571906883 0.07724023170421071
121054.48329490799 0.07702001993820429
121474.59379043133 0.07679903979842703
121896.16224788758 0.07658175115693774
122319.19372702412 0.07636899570767341
122743.69330514787 0.07615551811481226
123169.6660771864 0.07594128362336162
123597.11715574806 0.0757263062229534
124026.0516711849 0.07551059803814968
124456.47477165324 0.07529855117154292
124888.39162317566 0.07509101662195969
125321.80740970328 0.07488276886965284
125756.72733317701 0.0746737823126641
126193.15661359143 0.07446408663587452
126631.1004890565 0.0742536471294897
127070.56421586059 0.0740466401839772
127511.55306853396 0.07384376865736388
127954.0723399109 0.07364020917684198
128398.12734119488 0.07343592710607162
128843.72340202122 0.07323095218620498
129290.86587052139 0.07302526439013225
129739.56011338736 0.07282311901870354
130189.81151593504 0.07262522284730309
130641.62548217046 0.07242666257711013
131095.00743485359 0.07222741491994905
131549.96281556363 0.07202745974812211
132006.49708476473 0.07182682580929721
132464.61572187033 0.07162953152401065
132924.3242253105 0.07143626190076822
133385.628112597 0.07124232720934136
133848.53292038973 0.07104771942626681
134313.04420456337 0.07085243621563042
134779.167540273 0.07065647523341183
135246.90852202274 0.07046384981152294
135716.27276373174 0.07027517124920586
136187.2658988018 0.07008581957828264
136659.8935801853 0.06989582441224525
137134.16148045196 0.06970515389747954
137610.07529185852 0.06951383631731708
138087.64072641605 0.0693257337871064
138566.86351595866 0.06914141677432566
139047.7494122127 0.06895646221122749
139530.30418686455 0.06877086588892788
140014.53363163173 0.06858462558024962
140500.44355833106 0.06839773897888901
140988.03979894897 0.06821412069021995
141477.32820571162 0.06803423871878904
141968.3146511539 0.06785375764138363
142461.00502819192 0.06767264422789317
142955.40525019236 0.0674908971001076
143451.52125104374 0.06730851917669893
143949.35898522806 0.06712921644666142
144448.924427891 0.06695344256219726
144950.2235749154 0.06677706707082708
145453.2624429921 0.06660007113161767
145958.04706969234 0.06642245290122542
146464.58351354074 0.0662442286557807
146972.87785408652 0.06606911495211486
147482.9361919785 0.06589752280885736
147994.76464903704 0.06572533516794979
148508.36936832778 0.06555254996276227
149023.7565142358 0.06537914902299988
149540.9322725382 0.0652051719684821
150059.90285048028 0.06503416020151587
150580.6744768489 0.06486649216969123
151103.25340204738 0.0646982423144123
151627.64589817091 0.06452940861650439
152153.85825908065 0.06435998904978563
152681.89680048096 0.06418998158104226
153211.76785999417 0.06402296331721263
153743.47779723676 0.0638592733489285
154277.0329938962 0.06369501547448418
154812.43985380605 0.06353018772300417
155349.70480302497 0.06336478821180562
155888.8342899124 0.06319881467121137
156429.8347852063 0.0630356853285452
156972.71278210124 0.06287572373709055
157517.47479632485 0.06271518826920554
158064.1273662182 0.0625541015338993
158612.67705281274 0.06239245316002817
159163.1304399096 0.062230249955764844
159715.49413415877 0.062070869905928784
160269.77476513712 0.06191458911057831
160825.97898542997 0.061757749746244886
161384.11347070962 0.06160037956613018
161944.18491981577 0.0614424521596271
162506.2000548363 0.061283975053997984
163070.1656211866 0.06112827183538063
163636.0883876925 0.060975561769215564
164203.97514667013 0.060822310568416436
164773.83271400793 0.060668543784908886
165345.66792924836 0.060514236126112335
165919.48765567035 0.06035939169678251
166495.29878037024 0.06020731160823563
167073.10821434658 0.060058189107213215
167652.9228925817 0.05990854919947045
168234.74977412526 0.05975839008938612
168818.59584217807 0.05960770997510744
169404.46810417465 0.05945650704852861
169992.37359186928 0.05930793141460565
170582.3193614191 0.05916216977228625
171174.31249346913 0.059015908535034
171768.3600932375 0.0588691236929712
172364.46929059955 0.05872183124484685
172962.64724017525 0.05857403875241421
173562.90112141386 0.05842888450951014
174165.23813868032 0.05828648401375555
174769.6655213422 0.05814359554356085
175376.19052385495 0.05800019914910289
175984.8204258511 0.0578563299022366
176595.5625322263 0.057711933902617724
177208.42417322725 0.057570064009776246
177823.4127045401 0.05743081504260358
178440.53550737724 0.05729108271062187
179059.79998856818 0.05715086533634975
179681.21358064678 0.057010158212529735
180304.7837419411 0.05686896795186645
180930.51795666298 0.05673034316169702
181558.42373499667 0.05659440292387482
182188.508613191 0.05645799091566364
182820.7801536484 0.05632110549981974
183455.24594501613 0.0561837450334175
184091.9136022776 0.05604590786782952
184730.79076684228 0.055910482485865366
185371.88510663982 0.05577755289779054
186015.20431621035 0.05564414594692947
186660.7561167974 0.05551029222547779
187308.54825644082 0.05537595793410426
187958.58851006837 0.055241173653874605
188610.8846795912 0.055108800974837155
189265.44459399607 0.05497887628324944
189922.27610943964 0.0548485115063244
190581.38710934314 0.05471768539552441
191242.78550448545 0.054586401720274874
191906.4792331004 0.05445467858724167
192572.47626097052 0.054325326274061024
193240.7845815229 0.05419838428638977
193911.41221592567 0.0540710062018129
194584.36721318262 0.05394316996466425
195259.65765023217 0.053814890137314185
195937.29163204285 0.05368618127680905
196617.27729171072 0.053559740232626246
197299.62279055765 0.053435579929061776
197984.33631822755 0.053310988782425094
198671.42609278703 0.053185953982985604
199360.90036082253 0.05306049236484605
200052.7673975396 0.05293460772731669
200747.03550686277 0.05281102441544602
201443.7130215334 0.05268972895443083
202142.80830321225 0.052568019976381844
202844.3297425782 0.05244587948791841
203548.28575942936 0.05232332458131236
204254.6848027845 0.05220033577821556
204963.53535098286 0.05207957125025893
205674.84591178835 0.051960985531666476
206388.62502249 0.05184198815851769
207104.88125000495 0.051722578487906415
207823.62319098154 0.05160276882562113
208544.8594719008 0.05148252789725717
209268.59874918268 0.05136446405830227
209994.84970928813 0.05124849833182012
210723.62106882382 0.05113213015499091
211454.9215746472 0.05101535813114084
212188.76000396966 0.050898180858749295
212925.1451644646 0.05078059693143157
213664.08589437135 0.05066519965705508
214405.5910626017 0.05055188799466245
215149.66956884676 0.05043819355575704
215896.33034368197 0.05032408915475407
216645.5823486771 0.050209603843650384
217397.43457650184 0.05009472192432928
218151.8960510343 0.04998189194903548
218908.9758274697 0.04987101244965021
219668.68299242735 0.04975976419191839
220431.02666406232 0.049648129743737265
221196.01599217302 0.04953609166836903
221963.66015831166 0.04942368081390323
222733.96837589474 0.04930614516663061
223506.94989031187 0.049183713018966346
224282.61397903945 0.04906085597972581
225060.96995175022 0.04893757257435467
225842.02715042542 0.0488138613231813
226625.79494946744 0.04868972074139887
227412.28275581042 0.048543008360165604
228201.50000903595 0.04837500174569028
228993.45618148448 0.04820639774088806
229788.16077836952 0.048037224537453786
230585.62333789226 0.047867461693533314
231385.85343135396 0.047697098016777184
232188.8606632739 0.04752875700852361
232994.65467150253 0.047362249459819414
233803.24512733784 0.04719516387198713
234614.64173564175 0.04702749980785311
235428.8542349548 0.046859249044658484
236245.89239761574 0.046690432729577014
237065.76602987712 0.046523680650019446
237888.48497202326 0.04635883886773778
238714.05909848903 0.04619341106923248
239542.4983179762 0.046027420672706834
240373.81257357553 0.045860856378124676
241208.01184288395 0.04569369911607331
242045.10613812497 0.04552864948087432
242885.10550626923 0.045365482674790396
243728.0200291531 0.04520174949883327
244573.85982360275 0.04503744798745869
245422.63504155353 0.044872576168301294
246274.3558701723 0.044707127934345184
247129.0325319802 0.044543802318152935
247986.67528497343 0.04438237525060548
248847.29442274923 0.04422039992955089
249710.90027462755 0.04405784865279134
250577.5032057754 0.04389473342161514
251447.1136173319 0.04373106079171353
252319.741946531 0.043569496276590076
253195.39866682977 0.04340981282098649
254074.09428803218 0.04324957832886677
254955.83935641564 0.04308878769911086
255840.64445485763 0.04292742290519199
256728.52020296326 0.04276551420336383
257619.47725719062 0.0426057640511154
258513.52631098175 0.04244791028289548
259410.67809488898 0.04228950863916292
260310.94337670426 0.04213055721855689
261214.33296158884 0.04197105411311792
262120.8576922009 0.04181099740826541
263030.5284488288 0.04165308432248896
263943.3561495196 0.041497041215572225
264859.35175021074 0.04134045657276862
265778.5262448618 0.04118332851471844
266700.8906655845 0.041025655155540026
267626.45608277834 0.040867434602806674
268555.23360526125 0.04071142279800577
269487.23438040353 0.04055728844895689
270422.46959426196 0.04040261579485199
271360.9504717122 0.040247413830545746
272302.6882765867 0.040091669410834814
273247.69431180746 0.03993537790508195
274195.97991952254 0.03978129031772975
275147.55648124265 0.03962905498360861
276102.4354179754 0.03947630736882149
277060.6281903659 0.03932301344668933
278022.1462988321 0.03916920357014087
278987.001283703 0.039014843699747684
279955.20472535834 0.03886270408137407
280926.7682443648 0.03871239945084126
281901.7035016192 0.03856158935172756
282880.0221984859 0.03841023978099482
283861.73607693805 0.0382583811152947
284846.856919699 0.03810597933900382
285835.39655038144 0.03795580648181291
286827.3668336328 0.03780749129980363
287822.7796752752 0.03765866861623345
288821.64702244906 0.03750931766688532
289823.9808637571 0.03735945221049698
290829.79322940577 0.037209074964373236
291839.0961913531 0.03706090184302243
292851.90186345164 0.03691457706231506
293868.22240159387 0.036767754589149736
294888.0700038592 0.0366204067624301
295911.45691065746 0.0364725479113108
296938.39540488017 0.036324186178499175
297968.8978120446 0.03617805831655652
299002.9765004432 0.03603377300441632
300040.643881292 0.035888982318692066
301081.9124088775 0.035743692081211906
302126.7945807098 0.03559789229458631
303175.3029376698 0.0354515939204356
304227.45006416074 0.03530753223176599
305283.2485882598 0.035165286982750246
306342.71118186694 0.03502254808227762
307405.8505608609 0.03487931381716772
308472.6794852493 0.034735582468294765
309543.21075932245 0.03459135231056687
310617.4572318076 0.0344493457377968
311695.4317960206 0.03430914191997806
312777.1473900245 0.03416845435509002
313862.6169967824 0.03402727854457084
314951.8536443137 0.03388561279400071
316044.87040585116 0.03374343930658652
317141.68039999536 0.033603542474874
318242.2967908759 0.0334654538547873
319346.7327883069 0.033326886287820615
320455.0016479461 0.0
321567.116671454 0.0
322683.09120665427 0.0
323802.93864769104 0.0
324926.672435194 0.0
326054.30605643673 0.0
327185.8530454994 0.0
328321.326983432 0.0
329460.74149841425 0.0
330604.11026592366 0.0
331751.4470088968 0.0
332902.76549789455 0.0
334058.07955126825 0.0
335217.40303532267 0.0
336380.74986448674 0.0
337548.13400147745 0.0
338719.56945746863 0.0
339895.07029225933 0.0
341074.65061444003 0.0
342258.32458156615 0.0
343446.10640032514 0.0
344638.0103267076 0.0
345834.0506661794 0.0
347034.2417738501 0.0
348238.5980546498 0.0
349447.1339634991 0.0
350659.8640054834 0.0
351876.8027360276 0.0
353097.96476106776 0.0
354323.3647372312 0.0
355553.01737200917 0.0
356786.93742393394 0.0
358025.13970275706 0.0
359267.6390696242 0.0
360514.4504372573 0.0
361765.5887701314 0.0
363021.06908465445 0.0
364280.90644934855 0.0
365545.1159850277 0.0
366813.7128649837 0.0
368086.7123151656 0.0
369364.1296143627 0.0
370645.98009438923 0.0
371932.2791402647 0.0
373223.04219040385 0.0
374518.28473679814 0.0
375818.0223252031 0.0
377122.2705553253 0.0
378431.04508100665 0.0
379744.36161041673 0.0
381062.23590623855 0.0
382384.6837858583 0.0
383711.7211215558 0.0
385043.36384069227 0.0
386379.62792590604 0.0
387720.529415301 0.0
389066.08440264023 0.0
390416.3090375398 0.0
391771.21952565934 0.0
393130.8321289014 0.0
394495.16316560353 0.0
395864.22901073477 0.0
397238.0460960931 0.0
398616.63091049937 0.0
400000.0000000001 0.0
