91.0 0.0
94.0 0.0
96.0 0.0
98.0 0.0
100.0 0.0
102.0 0.0
104.0 0.0
106.0 0.0
108.0 0.0
110.0 0.0
114.0 0.0
118.0 0.0
121.0 0.0
125.0 0.0
127.0 0.0
128.0 0.0
131.0 0.0
132.0 0.0
134.0 0.0
137.0 0.0
140.0 0.0
143.0 0.0
147.0 0.0
151.0 0.0
155.0 0.0
159.0 0.0
162.0 0.0
166.0 0.0
170.0 0.0
173.0 0.0
177.0 0.0
180.0 0.0
182.0 0.0
186.0 0.0
191.0 0.0
194.0 0.0
198.0 0.0
202.0 0.0
205.0 0.0
210.0 0.0
216.0 0.0
220.0 0.0
223.0 0.0
227.0 0.0
230.0 0.0
234.0 4.574349201907005e-09
240.0 1.1435873004767513e-08
246.0 1.829739680762802e-08
252.0 1.3036895225434963e-07
257.0 3.991119678663862e-07
260.0 5.603577772336081e-07
264.0 1.4798019668169162e-06
269.0 2.6291072037960517e-06
274.0 3.426187552228347e-06
279.0 4.135211678523932e-06
284.0 3.961386408851467e-06
290.0 3.4879412664540915e-06
296.0 2.973326981239553e-06
301.0 3.2637981555606483e-06
308.0 7.698629706809488e-06
318.0 1.6184047476346984e-05
328.0 2.4118256167054683e-05
338.0 3.0179268859581466e-05
348.0 3.204331615935857e-05
357.0 3.093746723979755e-05
366.0 2.835410352802057e-05
375.0 2.565638108619591e-05
385.0 2.593655997481272e-05
395.0 3.118562568400101e-05
405.0 3.685210075786331e-05
414.0 4.077346161119809e-05
422.0 4.4805750432679114e-05
430.0 4.9654560586700537e-05
441.0 5.790211219773887e-05
451.0 6.495804584168042e-05
460.0 7.084523326453474e-05
470.0 7.804983325753828e-05
480.0 8.643232817003286e-05
490.0 9.582117990694698e-05
500.0 0.00010906392084646777
506.0 0.0001306914438730841
512.0 0.00015046178112372615
520.0 0.00017186973538865094
530.0 0.00018454068267793335
540.0 0.00019359789409770922
550.0 0.0002319080686636804
560.0 0.00026459179371130594
570.0 0.00029510270288802566
580.0 0.00031097569461864294
590.0 0.0003528538615621016
600.0 0.00038529743327662703
610.0 0.00043212733323114995
620.0 0.0004735595011274227
630.0 0.000514271209024395
640.0 0.0005456741162954866
650.0 0.0006079081371874314
658.0 0.000656579212695722
665.0 0.000695707052181534
675.0 0.0007446811783244508
685.0 0.0008034730014419607
695.0 0.0008760736412127271
705.0 0.0009500808933630801
716.0 0.0010513089540266812
726.0 0.0011524295174840373
735.0 0.0012605419736965086
745.0 0.001419334788304208
755.0 0.0016066658239953045
765.0 0.0018163539914107217
775.0 0.0021020792784348383
785.0 0.0024769643493406245
795.0 0.0029145809016140624
805.0 0.003430293030637058
815.0 0.0039386862009370026
825.0 0.004387732908278707
835.0 0.004876467812883456
845.0 0.005476582402618138
855.0 0.006131108876109504
865.0 0.006821532554962835
875.0 0.0075959927465917
885.0 0.008452293763379184
895.0 0.009591529714177623
905.0 0.011151422817583427
915.0 0.015004974661936437
925.0 0.025632411496377922
935.0 0.04371775862881504
945.0 0.06420951077415336
955.0 0.08213756319134641
965.0 0.08126379387854414
975.0 0.0713116853705897
985.0 0.08161540122994872
995.0 0.09974509667789834
1005.0 0.11236925981071824
1015.0 0.11032086052016778
1025.0 0.09941588648377359
1035.0 0.11192574806591084
1045.0 0.13693632824971802
1055.0 0.14297178176607914
1065.0 0.13891613517398588
1075.0 0.138545790144663
1085.0 0.14015982067087335
1095.0 0.14528081032034476
1105.0 0.14753495812006048
1115.0 0.1447138311726414
1125.0 0.14556428274038694
1135.0 0.15074015314440822
1145.0 0.15323206417976604
1155.0 0.1544391548830383
1165.0 0.1493273082140342
1175.0 0.14135775695780525
1185.0 0.1390761687808146
1195.0 0.12776882927068417
1205.0 0.10728941643231799
1208.72 0.09974081092438752
1208.8 0.09957847532206658
1208.87 0.09943643167003577
1208.94 0.09929438801800448
1209.02 0.09913205241568356
1209.09 0.09899000876365273
1209.16 0.09884796511162146
1209.23 0.09870592145959063
1209.31 0.09854358585726969
1209.38 0.0984015422052384
1209.45 0.0982594985532076
1209.53 0.09809716295088665
1209.6 0.09795511929885584
1209.67 0.09781307564682457
1209.75 0.09765074004450362
1209.82 0.0975086963924728
1209.89 0.09736665274044151
1209.96 0.0972246090884107
1210.04 0.09713795453835651
1210.11 0.09712835272779252
1210.18 0.09711875091722848
1210.26 0.09710777741944106
1210.33 0.09709817560887705
1210.4 0.09708857379831302
1210.47 0.09707897198774902
1210.55 0.0970679984899616
1210.62 0.09705839667939758
1210.69 0.09704879486883357
1210.77 0.09703782137104613
1210.84 0.09702821956048213
1210.91 0.09701861774991812
1210.99 0.09700764425213067
1211.06 0.09699804244156668
1211.13 0.09698844063100263
1211.2 0.09697883882043865
1211.28 0.09696786532265121
1211.35 0.09695826351208722
1211.42 0.09694866170152318
1211.5 0.09693768820373576
1211.57 0.09692808639317174
1211.64 0.09691848458260773
1211.72 0.0969075110848203
1211.79 0.09689790927425629
1211.86 0.0968883074636923
1211.93 0.09687870565312827
1212.01 0.09686773215534084
1212.08 0.09685813034477683
1212.15 0.0968485285342128
1212.23 0.09683755503642537
1212.3 0.09682795322586138
1212.37 0.09681835141529738
1212.44 0.09680874960473335
1212.52 0.09679777610694591
1212.59 0.09678817429638191
1212.66 0.09677857248581788
1212.74 0.09676759898803045
1212.81 0.09675799717746644
1212.88 0.09674839536690243
1212.96 0.09673742186911499
1213.03 0.09672782005855099
1213.1 0.096718218247987
1213.17 0.09670861643742296
1213.25 0.09669764293963554
1213.32 0.09668804112907153
1213.39 0.0966784393185075
1213.47 0.09666746582072007
1213.54 0.09665786401015608
1213.61 0.09664826219959206
1213.69 0.09663728870180462
1213.76 0.0966276868912406
1213.83 0.09661808508067661
1213.9 0.09660848327011258
1213.98 0.09659750977232515
1214.05 0.09658790796176116
1214.12 0.09657830615119715
1214.2 0.0965673326534097
1214.27 0.09655773084284569
1214.34 0.0965481290322817
1214.41 0.09653852722171766
1214.49 0.09652755372393024
1214.56 0.09651795191336622
1214.63 0.0965083501028022
1214.71 0.09649737660501477
1214.78 0.09648777479445077
1214.85 0.09647817298388676
1214.93 0.0964671994860993
1215.0 0.09645759767553531
1215.07 0.09644799586497131
1215.14 0.09643839405440727
1215.22 0.09642742055661985
1215.29 0.09641781874605586
1215.36 0.09640821693549186
1215.44 0.0963972434377044
1215.51 0.09638764162714039
1215.58 0.09637803981657639
1215.66 0.09636706631878893
1215.73 0.09635746450822494
1215.8 0.09634786269766092
1215.87 0.09633826088709693
1215.95 0.09632728738930946
1216.02 0.09631768557874547
1216.09 0.09630808376818147
1216.17 0.096297110270394
1216.24 0.09628750845983002
1216.31 0.09627790664926601
1216.38 0.09626830483870197
1216.46 0.09625733134091455
1216.53 0.09624772953035056
1216.6 0.09623812771978654
1216.68 0.0962271542219991
1216.75 0.09621755241143508
1216.82 0.09620795060087109
1216.9 0.09619697710308361
1216.97 0.09618737529251963
1217.04 0.09617777348195562
1217.11 0.09616817167139163
1217.19 0.09615719817360416
1217.26 0.09614759636304017
1217.33 0.09613799455247617
1217.41 0.0961270210546887
1217.48 0.09611741924412472
1217.55 0.09610781743356071
1217.63 0.09609684393577325
1217.7 0.09608724212520925
1217.77 0.09607764031464525
1217.84 0.09606803850408124
1217.92 0.09605706500629378
1217.99 0.09604746319572978
1218.06 0.09603786138516579
1218.14 0.09602688788737831
1218.21 0.09601728607681433
1218.28 0.09600768426625032
1218.35 0.09599808245568633
1218.43 0.09598710895789887
1218.5 0.09597750714733487
1218.57 0.09596790533677085
1218.65 0.0959569318389834
1218.72 0.09594733002841942
1218.79 0.0959377282178554
1218.87 0.09592675472006798
1218.94 0.09591715290950394
1219.01 0.09590755109893995
1219.08 0.09589794928837594
1219.16 0.09588697579058848
1219.23 0.09587737398002448
1219.3 0.09586777216946049
1219.38 0.09585679867167303
1219.45 0.09584719686110903
1219.52 0.09583759505054502
1219.6 0.09582662155275759
1219.67 0.09581701974219357
1219.74 0.09580741793162956
1219.81 0.09579781612106555
1219.89 0.09578684262327809
1219.96 0.0957772408127141
1220.03 0.09587172320640416
1220.11 0.09613830758662759
1220.18 0.09637156891932383
1220.25 0.09660483025201931
1220.32 0.0968380915847148
1220.4 0.09710467596493896
1220.47 0.09733793729763446
1220.54 0.09757119863032995
1220.62 0.09783778301055336
1220.69 0.0980710443432496
1220.76 0.09830430567594509
1220.84 0.09857089005616851
1220.91 0.09880415138886477
1220.98 0.09903741272156023
1221.05 0.09927067405425573
1221.13 0.0995372584344799
1221.2 0.0997705197671754
1221.27 0.10000378109987088
1221.35 0.10027036548009428
1221.42 0.10050362681279054
1221.49 0.10073688814548602
1221.57 0.10100347252570943
1221.64 0.10123673385840569
1221.71 0.10146999519110117
1221.78 0.10170325652379666
1221.86 0.10196984090402006
1221.93 0.10220310223671632
1222.0 0.10243636356941181
1222.08 0.10270294794963522
1222.15 0.10293620928233146
1222.22 0.10316947061502695
1222.29 0.10340273194772244
1222.37 0.10366931632794586
1222.44 0.10390257766064209
1222.51 0.10413583899333759
1222.59 0.104402423373561
1222.66 0.10463568470625724
1222.73 0.10486894603895273
1222.81 0.10513553041917614
1222.88 0.10536879175187239
1222.95 0.10560205308456787
1223.02 0.10583531441726336
1223.1 0.10610189879748678
1223.17 0.10633516013018302
1223.24 0.10656842146287851
1225.0 0.11243327782779892
1235.0 0.140786214896773
1245.0 0.14886550479035568
1255.0 0.1422127885926892
1265.0 0.15074930184281202
1275.0 0.1617960178071638
1285.0 0.16534870898657086
1295.0 0.14764012240821234
1305.0 0.1431455327025771
1315.0 0.15603871902989763
1325.0 0.14740177022511047
1335.0 0.15416147473267303
1345.0 0.16819114096539786
1355.0 0.16283579597043976
1365.0 0.16117087580935818
1375.0 0.15288975991105086
1385.0 0.11195915225095776
1395.0 0.10391827545479809
1405.0 0.13549841588571757
1415.0 0.14547250985952367
1425.0 0.1397627271345923
1435.0 0.1448218315572984
1442.0 0.14754269677532283
1447.0 0.13673454455772352
1455.0 0.1366930014618591
1465.0 0.1431532233271728
1475.0 0.15092327006089704
1485.0 0.16291456054576012
1495.0 0.15217507502761793
1505.0 0.15189633705899974
1512.0 0.15916554859089288
1517.0 0.14059141509242248
1525.0 0.12680360156352627
1535.0 0.10545596581076513
1545.0 0.09074493882854325
1555.0 0.11415923124310695
1565.0 0.13367364509177534
1575.0 0.14682366397297347
1585.0 0.16121384610217362
1595.0 0.15695277120535917
1605.0 0.1396379617601103
1615.0 0.13247838479912655
1625.0 0.1445099581466489
1635.0 0.1586781356732075
1645.0 0.16268567154756972
1655.0 0.15183943787286447
1665.0 0.13457916038803883
1672.0 0.13983499155969675
1677.0 0.17573384368737466
1685.0 0.1937686774251624
1695.0 0.18041698120558872
1705.0 0.17853955393439602
1715.0 0.1838688594465223
1725.0 0.20516798422599716
1735.0 0.2400404896232432
1745.0 0.2402640209149309
1755.0 0.23544888368897202
1765.0 0.23320590873718194
1775.0 0.22997987755221952
1785.0 0.24119434061974174
1795.0 0.2485534506929127
1805.0 0.24686926680375457
1815.0 0.2410624850039968
1825.0 0.23608153905534177
1835.0 0.22991995357767453
1845.0 0.21778773882977376
1855.0 0.2201421963895508
1865.0 0.23775767780784102
1875.0 0.2386289769720743
1885.0 0.23758445292150132
1895.0 0.2503956783469967
1905.0 0.2546280892281247
1915.0 0.2429565343166019
1925.0 0.22176280254273895
1935.0 0.21161317363624613
1945.0 0.234542099010805
1955.0 0.25186446756811004
1967.0 0.2636212426052643
1976.0 0.2555255845466499
1984.0 0.2466861670410752
1995.0 0.26292242499562546
2005.0 0.2608685479219057
2015.0 0.23952782515437598
2025.0 0.24209571612997755
2035.0 0.2476683655837722
2045.0 0.2384459744143155
2055.0 0.23314180495105372
2065.0 0.24743673769399716
2074.0 0.2823049134697236
2078.0 0.3055401418411913
2085.0 0.30806123379369543
2095.0 0.2921278778074225
2105.0 0.26733484223578496
2115.0 0.2507907248620099
2125.0 0.24383915499510986
2135.0 0.26375680916179933
2145.0 0.2828061203374273
2155.0 0.2738223672478976
2165.0 0.2520837218432939
2175.0 0.24553845139044375
2185.0 0.2820455776032453
2195.0 0.28142422659734073
2205.0 0.2607343765418773
2215.0 0.2392258037483201
2225.0 0.22833972749206627
2235.0 0.24373837636425535
2245.0 0.25410350857958647
2255.0 0.2520160443468517
2265.0 0.2445800852070887
2275.0 0.2698971296336142
2285.0 0.28316870040897996
2295.0 0.27746181095991884
2305.0 0.273886962776565
2315.0 0.24934133659944915
2325.0 0.2234403993690463
2335.0 0.2099728863456168
2345.0 0.21162014951877903
2355.0 0.22145481161097452
2365.0 0.21497371927742712
2375.0 0.1999354662250468
2385.0 0.19490261856675964
2395.0 0.20045068089359408
2405.0 0.20933968777527934
2415.0 0.22109539355830768
2425.0 0.24317734387051443
2435.0 0.25674067235591436
2445.0 0.2630021616201512
2455.0 0.2625756664543749
2465.0 0.25596935702936185
2475.0 0.24723761055530163
2485.0 0.24070761842878582
2495.0 0.24915163262010956
2505.0 0.25069545260400716
2513.0 0.23380179662825407
2518.0 0.21521191593265612
2525.0 0.20867339378846606
2535.0 0.21404106093658676
2545.0 0.2307748193923999
2555.0 0.23989062250751575
2565.0 0.23947725000601242
2575.0 0.24473525856789044
2585.0 0.23696834526336946
2595.0 0.22930951239461655
2605.0 0.2323027263590114
2615.0 0.23476363474265335
2625.0 0.24879817837521473
2635.0 0.29245716805265826
2645.0 0.3392473111946801
2655.0 0.3434728605520052
2665.0 0.32191240892056183
2675.0 0.3185002474665739
2685.0 0.3216781164723767
2695.0 0.3160466180160995
2705.0 0.31129279994119213
2715.0 0.30265063637831485
2725.0 0.2984702644372951
2735.0 0.2968014446435188
2745.0 0.2768414777467117
2755.0 0.26691499131222446
2765.0 0.2872180401171111
2775.0 0.2971376078484305
2785.0 0.26468949037438566
2795.0 0.22097915934508722
2805.0 0.23363811040358762
2815.0 0.30001828138658543
2825.0 0.347632939536378
2835.0 0.3471093309370452
2845.0 0.32575354140683177
2855.0 0.32089080235949047
2865.0 0.35119071967927223
2875.0 0.3711231604297569
2885.0 0.36920980164558326
2895.0 0.38152464728537017
2910.0 0.4305607329882269
2930.0 0.4106308310015493
2950.0 0.41381656788797944
2970.0 0.4209935616835494
2990.0 0.4171861364329611
3010.0 0.41064637235296275
3030.0 0.41644649847463183
3050.0 0.4303989496928285
3070.0 0.4539703652845411
3090.0 0.44533338789007143
3110.0 0.47942724756616895
3130.0 0.48732523884707046
3150.0 0.4841708819961655
3170.0 0.5218068775408866
3190.0 0.47055333031891344
3210.0 0.48666198108454
3230.0 0.41037105371037297
3250.0 0.5144448513200994
3270.0 0.5293862082205103
3290.0 0.5404083885193304
3310.0 0.5097517177052919
3330.0 0.5393173719270565
3350.0 0.5297992719534426
3370.0 0.501543482625644
3390.0 0.5014923299656936
3410.0 0.49782174637148036
3430.0 0.5209896357483469
3450.0 0.5219483164182095
3470.0 0.5249891722295423
3490.0 0.5571517416725945
3510.0 0.5652117220946087
3530.0 0.5531290246768185
3550.0 0.5794504818293528
3570.0 0.5074885355659023
3590.0 0.5071578101186045
3610.0 0.5390238931181353
3630.0 0.5722509593639632
3640.0 0.5787539914198703
3650.0 0.6174542093064151
3670.0 0.5991033383566168
3690.0 0.5602570043206901
3704.66 0.5980820179668308
3704.88 0.5989349088977762
3705.11 0.5998265675983092
3705.33 0.600679458529253
3705.55 0.6015323494601983
3705.78 0.6024240081607313
3706.0 0.6032768990916749
3706.22 0.6041297900226185
3706.45 0.6050214487231514
3706.67 0.6058743396540969
3706.89 0.6067272305850405
3707.12 0.6076188892855735
3707.34 0.6084717802165189
3707.56 0.6093246711474625
3707.79 0.6102163298479955
3708.01 0.6110692207789409
3708.24 0.611960879479472
3708.46 0.6128137704104174
3708.68 0.6136666613413612
3708.91 0.614558320041894
3709.13 0.6154112109728395
3709.35 0.6162641019037831
3709.58 0.617155760604316
3709.8 0.6180086515352614
3710.0 0.6187840069270284
3710.02 0.6188974422103308
3710.25 0.6202019479683102
3710.47 0.621449736084637
3710.7 0.6227542418426163
3710.92 0.6240020299589456
3711.14 0.6252498180752725
3711.37 0.6265543238332518
3711.59 0.6278021119495811
3711.81 0.629049900065908
3712.04 0.6303544058238874
3712.26 0.6316021939402167
3712.48 0.6328499820565435
3712.71 0.6341544878145229
3712.93 0.6354022759308495
3713.16 0.636706781688829
3713.38 0.6379545698051583
3713.6 0.6392023579214852
3713.83 0.6405068636794645
3714.05 0.6417546517957938
3714.27 0.6430024399121207
3714.5 0.6443069456701
3714.72 0.6455547337864267
3714.94 0.6468025219027562
3715.17 0.6481070276607355
3715.39 0.6493548157770622
3715.62 0.6506593215350416
3715.84 0.651907109651371
3716.06 0.6531548977676978
3716.29 0.6544594035256771
3716.51 0.6557071916420065
3716.73 0.6569549797583333
3716.96 0.6582594855163125
3717.18 0.6595072736326394
3717.4 0.6607550617489688
3717.63 0.662059567506948
3717.85 0.6633073556232749
3718.08 0.6646118613812543
3718.3 0.6658596494975836
3718.52 0.6671074376139104
3718.75 0.6684119433718897
3718.97 0.6696597314882166
3719.19 0.670907519604546
3719.42 0.6722120253625252
3719.64 0.6734598134788521
3719.86 0.6747076015951814
3720.09 0.6750467675287023
3720.31 0.6739348360741368
3720.53 0.6728229046195691
3720.76 0.6716604308261584
3720.98 0.670548499371593
3721.21 0.6693860255781824
3721.43 0.6682740941236168
3721.65 0.667162162669049
3721.88 0.6659996888756384
3722.1 0.6648877574210729
3722.32 0.663775825966505
3722.55 0.6626133521730946
3722.77 0.661501420718529
3722.99 0.6603894892639633
3723.22 0.659227015470553
3723.44 0.6581150840159851
3723.67 0.6569526102225745
3723.89 0.655840678768009
3724.11 0.6547287473134411
3724.34 0.6535662735200305
3724.56 0.6524543420654649
3724.78 0.6513424106108973
3725.01 0.6501799368174866
3725.23 0.6490680053629211
3725.45 0.6479560739083556
3725.68 0.646793600114945
3725.9 0.6456816686603771
3726.13 0.6445191948669665
3726.35 0.6434072634124011
3726.57 0.6422953319578333
3726.8 0.6411328581644227
3727.02 0.6400209267098572
3727.24 0.6389089952552917
3727.47 0.637746521461881
3727.69 0.6366345900073133
3727.91 0.6355226585527477
3728.14 0.6343601847593371
3728.36 0.6332482533047693
3728.59 0.6320857795113588
3728.81 0.6309738480567932
3729.03 0.6298619166022253
3729.26 0.6286994428088148
3729.48 0.6275875113542493
3729.7 0.6264755798996837
3729.93 0.6253131061062732
3730.0 0.6249593097343649
3730.15 0.6245757623899132
3730.37 0.6240132262847184
3730.6 0.6234251203565597
3730.82 0.6228625842513638
3731.05 0.622274478323205
3731.27 0.6217119422180102
3731.49 0.6211494061128154
3731.72 0.6205613001846566
3731.94 0.6199987640794608
3732.16 0.6194362279742659
3732.39 0.6188481220461072
3732.61 0.6182855859409112
3732.83 0.6177230498357165
3733.06 0.6171349439075576
3733.28 0.6165724078023617
3733.51 0.6159843018742028
3733.73 0.6154217657690081
3733.95 0.6148592296638132
3734.18 0.6142711237356545
3734.4 0.6137085876304585
3734.62 0.6131460515252638
3734.85 0.6125579455971051
3735.07 0.6119954094919091
3735.29 0.6114328733867144
3735.52 0.6108447674585555
3735.74 0.6102822313533608
3735.96 0.6097196952481648
3736.19 0.6091315893200061
3736.41 0.6085690532148113
3736.64 0.6079809472866525
3736.86 0.6074184111814565
3737.08 0.6068558750762617
3737.31 0.606267769148103
3737.53 0.605705233042907
3737.75 0.6051426969377122
3737.98 0.6045545910095534
3738.2 0.6039920549043587
3738.42 0.6034295187991627
3738.65 0.602841412871004
3738.87 0.6022788767658092
3739.1 0.6016907708376504
3739.32 0.6011282347324545
3739.54 0.6005656986272597
3739.77 0.5999775926991009
3739.99 0.5994150565939061
3740.21 0.5996503641359221
3740.44 0.5999360869642336
3740.66 0.6002093870608791
3740.88 0.6004826871575251
3741.11 0.6007684099858365
3741.33 0.601041710082482
3741.56 0.6013274329107934
3741.78 0.6016007330074394
3742.0 0.6018740331040849
3742.23 0.6021597559323962
3742.45 0.6024330560290418
3742.67 0.6027063561256879
3742.9 0.6029920789539992
3743.12 0.6032653790506447
3743.34 0.6035386791472908
3743.57 0.6038244019756022
3743.79 0.6040977020722477
3744.02 0.6043834249005591
3744.24 0.6046567249972046
3744.46 0.6049300250938505
3744.69 0.605215747922162
3744.91 0.6054890480188074
3745.13 0.6057623481154535
3745.36 0.6060480709437649
3745.58 0.6063213710404104
3745.8 0.6065946711370565
3746.03 0.6068803939653679
3746.25 0.6071536940620132
3746.48 0.6074394168903248
3746.7 0.6077127169869702
3746.92 0.6079860170836162
3747.15 0.6082717399119276
3747.37 0.608545040008573
3747.59 0.6088183401052191
3747.82 0.6091040629335306
3748.04 0.609377363030176
3748.26 0.609650663126822
3748.49 0.6099363859551329
3748.71 0.6102096860517789
3748.93 0.6104829861484244
3749.16 0.6107687089767357
3750.0 0.611812218436656
3770.0 0.6822136712133677
3790.0 0.7372078810593273
3810.0 0.7818042749649082
3830.0 0.615518447647025
3850.0 0.7889189318167291
3870.0 0.8624436244339
3890.0 0.6970606135462513
3910.0 0.9000582806395941
3930.0 0.6037836866654049
3950.0 0.8158088776522034
3970.0 0.5796351368707607
3990.0 1.0
4010.0 1.1101057174413291
4030.0 1.1125603360948184
4050.0 1.085583763521333
4070.0 1.0403455426792327
4078.2 1.0387794485880488
4078.45 1.0387317018169762
4078.7 1.0386839550459035
4078.94 1.0386381181456736
4079.19 1.038590371374601
4079.43 1.0385445344743711
4079.68 1.0384967877032985
4079.93 1.0384490409322258
4080.17 1.038489377554924
4080.42 1.0385683565528634
4080.66 1.0386441763908847
4080.91 1.038723155388824
4081.16 1.038802134386763
4081.4 1.0388779542247848
4081.65 1.038956933222724
4081.9 1.0390359122206632
4082.14 1.0391117320586847
4082.39 1.0391907110566239
4082.63 1.0392665308946456
4082.88 1.0393455098925848
4083.13 1.039424488890524
4083.37 1.0395003087285455
4083.62 1.0395792877264847
4083.86 1.0396551075645064
4084.11 1.0397340865624456
4084.36 1.0398130655603848
4084.6 1.0398888853984063
4084.85 1.0399678643963453
4085.1 1.0400468433942847
4085.34 1.0401226632323062
4085.59 1.0402016422302454
4085.83 1.0402774620682669
4086.08 1.0403564410662063
4086.33 1.0404354200641452
4086.57 1.040511239902167
4086.82 1.0405902189001062
4087.06 1.0406660387381277
4087.31 1.0407450177360669
4087.56 1.040823996734006
4087.8 1.0408998165720278
4088.05 1.040978795569967
4088.3 1.0410577745679062
4088.54 1.0411335944059277
4088.79 1.0412125734038669
4089.03 1.0412883932418886
4089.28 1.0413673722398278
4089.53 1.0414463512377667
4089.77 1.0415221710757885
4090.0 1.0415948317538923
4090.02 1.0415009830104898
4090.26 1.0403747980896547
4090.51 1.0392016887971192
4090.76 1.0380285795045838
4091.0 1.0369023945837508
4091.25 1.0357292852912154
4091.5 1.03455617599868
4091.74 1.0334299910778473
4091.99 1.032256881785312
4092.23 1.0311306968644767
4092.48 1.0299575875719413
4092.73 1.028784478279406
4092.97 1.0276582933585732
4093.22 1.0264851840660378
4093.47 1.0253120747735023
4093.71 1.0241858898526672
4093.96 1.023012780560132
4094.2 1.0218865956392988
4094.45 1.0207134863467635
4094.7 1.0195403770542282
4094.94 1.0184141921333931
4095.19 1.0172410828408576
4095.43 1.0161148979200247
4095.68 1.0149417886274894
4095.93 1.0137686793349538
4096.17 1.012642494414119
4096.42 1.0114693851215835
4096.67 1.0102962758290481
4096.91 1.009170090908215
4097.16 1.0079969816156797
4097.4 1.006870796694847
4097.65 1.0056976874023114
4097.9 1.0045245781097762
4098.14 1.003398393188939
4098.39 1.0022252838964034
4098.63 1.0010990989755706
4098.88 0.9999259896830353
4099.13 0.9987528803904998
4099.37 0.9976266954696669
4099.62 0.9964535861771315
4099.87 0.9952804768845961
4100.11 0.9939886271386575
4100.36 0.9924390068799719
4100.6 0.9909513714316295
4100.85 0.9894017511729438
4101.1 0.9878521309142582
4101.34 0.9863644954659214
4101.59 0.9848148752072357
4101.83 0.9833272397588989
4102.08 0.9817776195002132
4102.33 0.9802279992415277
4102.57 0.9787403637931907
4102.82 0.9771907435345052
4103.07 0.9756411232758195
4103.31 0.974153487827477
4103.56 0.9726038675687915
4103.8 0.9711162321204546
4104.05 0.969566611861769
4104.3 0.9680169916030833
4104.54 0.9665293561547466
4104.79 0.9649797358960608
4105.03 0.963492100447724
4105.28 0.9619424801890384
4105.53 0.9603928599303528
4105.77 0.9589052244820103
4106.02 0.9573556042233247
4106.27 0.955805983964639
4106.51 0.9543183485163022
4106.76 0.9527687282576166
4107.0 0.9512810928092797
4107.25 0.9497314725505941
4107.5 0.9481818522919084
4107.74 0.9466942168435717
4107.99 0.9451445965848859
4108.23 0.9436569611365492
4108.48 0.9421073408778635
4108.73 0.940557720619178
4108.97 0.9390700851708355
4109.22 0.9375204649121498
4109.47 0.9359708446534641
4109.71 0.9344832092051273
4109.96 0.9329335889464417
4110.0 0.9326856497050522
4110.2 0.9340369957124498
4110.45 0.9357261782216983
4110.7 0.9374153607309468
4110.94 0.9390369759398239
4111.19 0.9407261584490725
4111.44 0.9424153409583209
4111.68 0.9440369561672042
4111.93 0.9457261386764527
4112.17 0.9473477538853297
4112.42 0.9490369363945782
4112.67 0.9507261189038269
4112.91 0.9523477341127038
4113.16 0.9540369166219523
4113.4 0.9556585318308295
4113.65 0.9573477143400779
4113.9 0.9590368968493265
4114.14 0.9606585120582097
4114.39 0.9623476945674582
4114.64 0.9640368770767067
4114.88 0.9656584922855839
4115.13 0.9673476747948323
4115.37 0.9689692900037093
4115.62 0.9706584725129579
4115.87 0.9723476550222063
4116.11 0.9739692702310835
4116.36 0.9756584527403319
4116.6 0.9772800679492152
4116.85 0.9789692504584637
4117.1 0.9806584329677123
4117.34 0.9822800481765893
4117.59 0.9839692306858379
4117.84 0.9856584131950864
4118.08 0.9872800284039634
4118.33 0.988969210913212
4118.57 0.9905908261220889
4118.82 0.9922800086313375
4119.07 0.993969191140586
4119.31 0.9955908063494693
4119.56 0.9972799888587177
4119.81 0.9989691713679663
4120.05 1.0005980531020886
4120.3 1.002323568237564
4120.54 1.0039800627676185
4120.79 1.0057055779030937
4121.04 1.0074310930385688
4121.28 1.0090875875686234
4121.53 1.0108131027040985
4121.77 1.0124695972341593
4122.02 1.0141951123696344
4122.27 1.0159206275051096
4122.51 1.0175771220351641
4122.76 1.0193026371706393
4123.01 1.0210281523061144
4123.25 1.0226846468361692
4123.5 1.0244101619716444
4123.74 1.026066656501699
4123.99 1.027792171637174
4124.24 1.029517686772649
4124.48 1.0311741813027038
4124.73 1.0328996964381787
4124.97 1.0345561909682397
4125.22 1.0362817061037148
4125.47 1.03800722123919
4125.71 1.0396637157692445
4125.96 1.0413892309047197
4126.21 1.0431147460401948
4126.45 1.0447712405702494
4126.7 1.0464967557057245
4126.94 1.0481532502357793
4127.19 1.0498787653712542
4130.0 1.0692735554939976
4150.0 1.09898755586038
4170.0 1.1012676173483245
4190.0 1.0960047485404196
4210.0 1.1039101617029012
4230.0 1.0781444422349067
4250.0 1.1129886095388468
4270.0 1.066170980276058
4290.0 1.0451274529761763
4310.0 0.9568431995317512
4315.65 0.9771091870737615
4315.91 0.9780417811907397
4316.17 0.9789743753077181
4316.43 0.9799069694246965
4316.69 0.9808395635416715
4316.95 0.9817721576586498
4317.21 0.982704751775628
4317.47 0.9836373458926064
4317.73 0.9845699400095814
4317.99 0.9855025341265597
4318.25 0.9864351282435381
4318.52 0.9874035913650162
4318.78 0.9883361854819913
4319.04 0.9892687795989696
4319.3 0.9902013737159479
4319.56 0.9911339678329263
4319.82 0.9920665619499013
4320.08 0.9930186337372683
4320.34 0.9940145302830099
4320.6 0.9950104268287515
4320.86 0.9960063233744897
4321.12 0.9970022199202314
4321.38 0.997998116465973
4321.64 0.9989940130117145
4321.9 0.9999899095574527
4322.16 1.0009858061031944
4322.42 1.0019817026489362
4322.68 1.0029775991946777
4322.94 1.0039734957404158
4323.2 1.0049693922861576
4323.46 1.0059652888318993
4323.73 1.006999489090936
4323.99 1.0079953856366777
4324.25 1.0089912821824192
4324.51 1.009987178728161
4324.77 1.0109830752739024
4325.03 1.0119789718196406
4325.29 1.0129748683653823
4325.55 1.0139707649111238
4325.81 1.0149666614568655
4326.07 1.0159625580026037
4326.33 1.0169584545483454
4326.59 1.0179543510940872
4326.85 1.0189502476398287
4327.11 1.0199461441855668
4327.37 1.0209420407313086
4327.63 1.02193793727705
4327.89 1.0229338338227918
4328.15 1.02392973036853
4328.41 1.0249256269142717
4328.67 1.0259215234600134
4328.94 1.0269557237190499
4329.2 1.0279516202647916
4329.46 1.0289475168105333
4329.72 1.029943413356275
4329.98 1.0309393099020132
4330.0 1.0310159173286102
4330.24 1.0307419457403737
4330.5 1.0304451431864503
4330.76 1.0301483406325267
4331.02 1.0298515380786033
4331.28 1.029554735524681
4331.54 1.0292579329707574
4331.8 1.028961130416834
4332.06 1.0286643278629106
4332.32 1.0283675253089881
4332.58 1.0280707227550647
4332.84 1.0277739202011411
4333.1 1.0274771176472177
4333.36 1.0271803150932954
4333.62 1.0268835125393718
4333.88 1.0265867099854484
4334.15 1.0262784919486827
4334.41 1.025981689394759
4334.67 1.0256848868408357
4334.93 1.0253880842869123
4335.19 1.0250912817329898
4335.45 1.0247944791790664
4335.71 1.024497676625143
4335.97 1.0242008740712194
4336.23 1.0239040715172971
4336.49 1.0236072689633737
4336.75 1.0233104664094501
4337.01 1.0230136638555267
4337.27 1.0227168613016033
4337.53 1.0224200587476808
4337.79 1.0221232561937574
4338.05 1.0218264536398338
4338.31 1.0215296510859104
4338.57 1.0212328485319881
4338.83 1.0209360459780645
4339.09 1.0206392434241411
4339.35 1.0203424408702177
4339.62 1.0200342228334518
4339.88 1.0197374202795284
4340.14 1.0189950894246944
4340.4 1.017870877169085
4340.66 1.0167466649134718
4340.92 1.0156224526578583
4341.18 1.0144982404022451
4341.44 1.0133740281466357
4341.7 1.0122498158910223
4341.96 1.0111256036354088
4342.22 1.0100013913797956
4342.48 1.0088771791241862
4342.74 1.007752966868573
4343.0 1.0066287546129595
4343.26 1.005504542357346
4343.52 1.0043803301017329
4343.78 1.0032561178461235
4344.04 1.00213190559051
4344.3 1.0010076933348968
4344.57 0.9998402421463782
4344.83 0.9987160298907649
4345.09 0.9975918176351516
4345.35 0.9964676053795383
4345.61 0.9953433931239288
4345.87 0.9942191808683155
4346.13 0.9930949686127022
4346.39 0.9919707563570888
4346.65 0.9908465441014794
4346.91 0.9897223318458661
4347.17 0.9885981195902528
4347.43 0.9874739073346395
4347.69 0.98634969507903
4347.95 0.9852254828234167
4348.21 0.9841012705678033
4348.47 0.98297705831219
4348.73 0.9818528460565806
4348.99 0.9807286338009673
4349.25 0.979604421545354
4349.51 0.9784802092897407
4349.78 0.9773127581012221
4350.0 0.9763615015772412
4350.04 0.9767391634153428
4350.3 0.9791939653630067
4350.56 0.9816487673106706
4350.82 0.9841035692583259
4351.08 0.9865583712059898
4351.34 0.9890131731536537
4351.6 0.9914679751013176
4351.86 0.9939227770489728
4352.12 0.9963775789966367
4352.38 0.9988323809443006
4352.64 1.0012871828919645
4352.9 1.0037419848396198
4353.16 1.0061967867872836
4353.42 1.0086515887349476
4353.68 1.0111063906826114
4353.94 1.0135611926302668
4354.2 1.0160159945779306
4354.46 1.0184707965255946
4354.72 1.0209255984732584
4354.99 1.0234748158804412
4355.25 1.025929617828105
4355.51 1.028384419775769
4355.77 1.0308392217234328
4356.03 1.0332940236710884
4356.29 1.0357488256187521
4356.55 1.038203627566416
4356.81 1.0406584295140797
4357.07 1.0431132314617353
4357.33 1.045568033409399
4357.59 1.048022835357063
4357.85 1.0504776373047269
4358.11 1.0529324392523822
4358.37 1.055387241200046
4358.63 1.05784204314771
4358.89 1.0602968450953738
4359.15 1.0627516470430292
4359.41 1.065206448990693
4359.67 1.067661250938357
4359.93 1.0701160528860207
4360.2 1.0726455111631086
4360.46 1.0750746262416488
4360.72 1.077503741320189
4360.98 1.0799328563987207
4361.24 1.082361971477261
4361.5 1.0847910865558013
4361.76 1.0872202016343415
4362.02 1.0896493167128818
4362.28 1.0920784317914134
4362.54 1.0945075468699537
4362.8 1.096936661948494
4363.06 1.0993657770270342
4363.32 1.101794892105566
4363.58 1.104224007184106
4363.84 1.1066531222626466
4364.1 1.1090822373411866
4364.36 1.1115113524197184
4364.62 1.1139404674982587
4364.88 1.116369582576799
4365.15 1.1188921251583535
4365.41 1.1213212402368937
4365.67 1.1237503553154338
4365.93 1.126179470393974
4366.19 1.1286085854725059
4366.45 1.1310377005510461
4366.71 1.1334668156295864
4366.97 1.1358959307081267
4367.23 1.1383250457866583
4367.49 1.1407541608651985
4370.0 1.1642044641233964
4390.0 1.1115098711082194
4410.0 1.1344413809900773
4430.0 1.1596733882649395
4450.0 1.1727579825166772
4470.0 1.2174828012761016
4490.0 1.2225289145470744
4510.0 1.3376765940374753
4530.0 1.2173982787387234
4550.0 1.2428427530981407
4570.0 1.3156563631318754
4590.0 1.2564652793801498
4610.0 1.2812369813306972
4630.0 1.2424765764445282
4650.0 1.2612152950272832
4670.0 1.2877698724510196
4690.0 1.2562766103473175
4710.0 1.2195454096388605
4730.0 1.2638887962900838
4750.0 1.293470083350246
4770.0 1.2840945200977636
4790.0 1.291100593335404
4810.0 1.28920047729217
4830.0 1.3120786159547146
4834.84 1.2908427358985874
4835.13 1.2895703381266295
4835.42 1.2882979403546717
4835.71 1.2870255425827137
4836.0 1.2857531448107558
4836.29 1.284480747038798
4836.59 1.2831644734815992
4836.88 1.2818920757096415
4837.17 1.2806196779376835
4837.46 1.2793472801657257
4837.75 1.278074882393768
4838.05 1.276758608836569
4838.34 1.2754862110646115
4838.63 1.2742138132926535
4838.92 1.2729414155206957
4839.21 1.2716690177487378
4839.5 1.27039661997678
4839.8 1.2690803464195812
4840.09 1.2680332019073248
4840.38 1.2674866201944044
4840.67 1.2669400384814837
4840.96 1.2663934567685633
4841.26 1.265828027410369
4841.55 1.2652814456974484
4841.84 1.264734863984528
4842.13 1.2641882822716075
4842.42 1.2636417005586869
4842.72 1.2630762712004928
4843.01 1.2625296894875724
4843.3 1.2619831077746515
4843.59 1.261436526061731
4843.88 1.2608899443488104
4844.17 1.26034336263589
4844.47 1.259777933277696
4844.76 1.2592313515647753
4845.05 1.2586847698518546
4845.34 1.258138188138934
4845.63 1.2575916064260135
4845.93 1.2570261770678195
4846.22 1.2564795953548988
4846.51 1.2559330136419784
4846.8 1.2553864319290577
4847.09 1.254839850216137
4847.38 1.2542932685032164
4847.68 1.2537278391450224
4847.97 1.253181257432102
4848.26 1.2526346757191813
4848.55 1.2520880940062609
4848.84 1.25154151229334
4849.14 1.250976082935146
4849.43 1.2504295012222255
4849.72 1.2498829195093049
4850.0 1.2493551854416578
4850.01 1.2493765309903644
4850.3 1.2499955519028365
4850.59 1.2506145728153084
4850.89 1.2512549392764871
4851.18 1.251873960188959
4851.47 1.2524929811014314
4851.76 1.2531120020139035
4852.05 1.2537310229263754
4852.35 1.254371389387554
4852.64 1.254990410300026
4852.93 1.2556094312124981
4853.22 1.2562284521249705
4853.51 1.2568474730374424
4853.81 1.257487839498621
4854.1 1.258106860411093
4854.39 1.258725881323565
4854.68 1.2593449022360375
4854.97 1.2599639231485094
4855.26 1.2605829440609815
4855.56 1.26122331052216
4855.85 1.261842331434632
4856.14 1.2624613523471044
4856.43 1.2630803732595763
4856.72 1.2636993941720485
4857.02 1.264339760633227
4857.31 1.264958781545699
4857.6 1.2655778024581714
4857.89 1.2661968233706435
4858.18 1.2668158442831154
4858.47 1.2674348651955878
4858.77 1.268075231656766
4859.06 1.2686942525692384
4859.35 1.2693132734817105
4859.64 1.2699322943941824
4859.93 1.2705513153066545
4860.23 1.268243474951034
4860.52 1.265145191616224
4860.81 1.2620469082814239
4861.1 1.2589486249466233
4861.39 1.255850341611823
4861.68 1.2527520582770226
4861.98 1.2495469375858572
4862.27 1.2464486542510471
4862.56 1.2433503709162468
4862.85 1.2402520875814464
4863.14 1.237153804246646
4863.44 1.2339486835554807
4863.73 1.2308504002206802
4864.02 1.22775211688587
4864.31 1.22465383355107
4864.6 1.2215555502162696
4864.9 1.2183504295251042
4865.19 1.2152521461903036
4865.48 1.2121538628555033
4865.77 1.2090555795206932
4866.06 1.205957296185893
4866.35 1.2028590128510925
4866.65 1.1996538921599273
4866.94 1.1965556088251268
4867.23 1.1934573254903265
4867.52 1.1903590421555166
4867.81 1.187260758820716
4868.11 1.1840556381295504
4868.4 1.1809573547947503
4868.69 1.17785907145995
4868.98 1.1747607881251494
4869.27 1.1716625047903393
4869.56 1.1685642214555392
4869.86 1.1653591007643735
4870.0 1.1638633777751561
4870.15 1.1645146108315791
4870.44 1.1657736614073333
4870.73 1.1670327119830877
4871.02 1.168291762558846
4871.32 1.1695942286716923
4871.61 1.1708532792474464
4871.9 1.172112329823201
4872.19 1.1733713803989554
4872.48 1.1746304309747098
4872.77 1.1758894815504677
4873.07 1.1771919476633141
4873.36 1.1784509982390685
4873.65 1.1797100488148229
4873.94 1.180969099390577
4874.23 1.1822281499663314
4874.53 1.1835306160791816
4874.82 1.184789666654936
4875.11 1.1860487172306902
4875.4 1.1873077678064445
4875.69 1.188566818382199
4875.98 1.189825868957953
4876.28 1.1911283350708033
4876.57 1.1923873856465577
4876.86 1.193646436222312
4877.15 1.1949054867980662
4877.44 1.1961645373738206
4877.74 1.1974670034866708
4878.03 1.1987260540624252
4878.32 1.1999851046381793
4878.61 1.2012441552139337
4878.9 1.202503205789688
4879.2 1.2038056719025385
4879.49 1.2050647224782927
4879.78 1.206323773054047
4880.07 1.2077220317113764
4880.36 1.209557801482231
4880.65 1.2113935712530854
4880.95 1.213292643429833
4881.24 1.2151284132006874
4881.53 1.2169641829715419
4881.82 1.2187999527423963
4882.11 1.220635722513251
4882.41 1.2225347946899983
4882.7 1.224370564460853
4882.99 1.2262063342317073
4883.28 1.2280421040025618
4883.57 1.2298778737734162
4883.86 1.2317136435442708
4884.16 1.2336127157210182
4884.45 1.2354484854918726
4884.74 1.2372842552627272
4885.03 1.2391200250335817
4885.32 1.240955794804436
4885.62 1.2428548669811836
4885.91 1.244690636752038
4886.2 1.2465264065228925
4886.49 1.2483621762937471
4886.78 1.2501979460646016
4887.07 1.252033715835456
4887.37 1.2539327880122035
4887.66 1.255768557783058
4887.95 1.2576043275539124
4888.24 1.259440097324767
4888.53 1.2612758670956215
4888.83 1.263174939272369
4889.12 1.2650107090432234
4889.41 1.2668464788140779
4889.7 1.2686822485849323
4890.0 1.2705813207616798
4890.29 1.2702517047770374
4890.58 1.269922088792395
4890.87 1.2695924728077526
4891.16 1.2692628568231101
4891.45 1.268933240838468
4891.74 1.2686036248538255
4892.04 1.2682626428007466
4892.33 1.2679330268161042
4892.62 1.2676034108314622
4892.91 1.2672737948468196
4910.0 1.255171813528073
4928.77 1.2363939378871762
4929.07 1.2361408454355651
4929.36 1.2358961893990077
4929.66 1.235643096947396
4929.96 1.2353900044957846
4930.0 1.2353562588355698
4930.26 1.2364302581397892
4930.55 1.2376281804406484
4930.85 1.2388674104070552
4931.15 1.2401066403734582
4931.45 1.241345870339865
4931.74 1.2425437926407243
4932.04 1.2437830226071311
4932.34 1.245022252573538
4932.64 1.246261482539945
4932.93 1.2474594048408039
4933.23 1.2486986348072069
4933.53 1.2499378647736137
4933.83 1.2511770947400207
4934.12 1.2523750170408796
4934.42 1.2536142470072864
4934.72 1.2548534769736934
4935.02 1.2560927069401002
4935.31 1.2572906292409594
4935.61 1.2585298592073624
4935.91 1.2597690891737694
4936.21 1.2610083191401762
4936.5 1.262206241441035
4936.8 1.2634454714074421
4937.1 1.264684701373849
4937.4 1.2659239313402522
4937.69 1.267121853641111
4937.99 1.268361083607518
4938.29 1.2696003135739249
4938.59 1.2708395435403317
4938.88 1.2720374658411908
4939.18 1.2732766958075976
4939.48 1.2745159257740006
4939.78 1.2757551557404074
4940.07 1.277073139338003
4940.37 1.2788269177189961
4940.67 1.2805806960999893
4940.97 1.2823344744809826
4941.26 1.284029793582608
4941.56 1.285783571963601
4941.86 1.287537350344589
4942.16 1.2892911287255822
4942.45 1.2909864478272077
4942.75 1.2927402262082008
4943.05 1.2944940045891942
4943.35 1.2962477829701873
4943.64 1.2979431020718128
4943.94 1.2996968804528009
4944.24 1.3014506588337937
4944.54 1.3032044372147868
4944.83 1.3048997563164124
4945.13 1.3066535346974057
4945.43 1.3084073130783989
4945.73 1.3101610914593869
4946.02 1.3118564105610175
4946.32 1.3136101889420055
4946.62 1.3153639673229987
4946.92 1.317117745703992
4947.21 1.3188130648056176
4947.51 1.3205668431866104
4947.81 1.3223206215676035
4948.11 1.3240743999485916
4948.4 1.3257697190502171
4948.7 1.3275234974312102
4949.0 1.3292772758122036
4949.3 1.3310310541931967
4949.59 1.3327263732948222
4949.89 1.3344801516758154
4950.0 1.3351232037488439
4950.19 1.3351855705173497
4950.49 1.3352840443623588
4950.78 1.3353792357458676
4951.08 1.3354777095908767
4951.38 1.335576183435886
4951.68 1.335674657280895
4951.97 1.335769848664404
4952.27 1.335868322509413
4952.57 1.335966796354422
4952.87 1.336065270199431
4953.16 1.33616046158294
4953.46 1.336258935427949
4953.76 1.3363574092729582
4954.06 1.3364558831179676
4954.35 1.3365510745014764
4954.65 1.3366495483464853
4954.95 1.3367480221914947
4955.25 1.3368464960365036
4955.54 1.3369416874200124
4955.84 1.3370401612650218
4956.14 1.337138635110031
4956.44 1.3372371089550399
4956.73 1.3373323003385487
4957.03 1.3374307741835578
4957.33 1.337529248028567
4957.63 1.3376277218735761
4957.92 1.337722913257085
4958.22 1.337821387102094
4958.52 1.3379198609471032
4958.82 1.3380183347921122
4959.11 1.3381135261756212
4959.41 1.3382120000206301
4959.71 1.3383104738656393
4960.01 1.3383720129742716
4960.3 1.3373960970028709
4960.6 1.3363865287565937
4960.9 1.3353769605103194
4961.2 1.334367392264042
4961.49 1.333391476292641
4961.79 1.3323819080463637
4962.09 1.3313723398000865
4962.39 1.330362771553809
4962.68 1.3293868555824084
4962.98 1.3283772873361341
4963.28 1.3273677190898567
4963.58 1.3263581508435796
4963.87 1.3253822348721787
4964.17 1.3243726666259013
4964.47 1.3233630983796238
4964.77 1.3223535301333467
4965.06 1.321377614161946
4965.36 1.3203680459156717
4965.66 1.3193584776693943
4965.96 1.3183489094231169
4966.25 1.3173729934517162
4966.55 1.3163634252054388
4966.85 1.3153538569591614
4967.15 1.314344288712887
4967.44 1.3133683727414864
4967.74 1.3123588044952093
4968.04 1.3113492362489318
4968.34 1.3103396680026544
4968.63 1.3093637520312535
4968.93 1.3083541837849764
4969.23 1.307344615538702
4969.53 1.3063350472924247
4969.82 1.305359131321024
4970.0 1.3047533903732569
4970.12 1.3042385058812356
4970.42 1.3029512946511799
4970.72 1.3016640834211246
4971.02 1.300376872191069
4971.31 1.2991325680020163
4971.61 1.2978453567719646
4971.91 1.296558145541909
4972.21 1.2952709343118536
4972.5 1.2940266301228007
4972.8 1.2927394188927452
4973.1 1.2914522076626898
4973.4 1.2901649964326383
4973.69 1.2889206922435854
4973.99 1.28763348101353
4974.29 1.2863462697834742
4974.58 1.2851019655944216
4974.88 1.2838147543643659
4975.18 1.2825275431343106
4975.48 1.281240331904259
4975.78 1.2799531206742032
4976.07 1.2787088164851506
4976.37 1.2774216052550953
4976.48 1.2769496278040764
4976.67 1.2761343940250396
4976.78 1.275662416574021
4976.97 1.274847182794984
4977.08 1.2743752053439654
4977.26 1.2736028786059312
4977.38 1.27308799411391
4977.56 1.2723156673758758
4977.68 1.2718007828838542
4977.86 1.2710284561458243
4977.98 1.2705135716538027
4978.16 1.2697412449157686
4978.28 1.2692263604237473
4978.45 1.268496940726716
4978.58 1.2679391491936916
4978.75 1.2672097294966602
4978.88 1.2666519379636363
4979.05 1.2659225182666047
4979.18 1.2653647267335808
4979.35 1.2646353070365495
4979.48 1.2640775155035289
4979.64 1.2633910028474966
4979.78 1.2627903042734736
4979.94 1.262103791617445
4980.08 1.262159408956573
4980.24 1.2627855281268545
4980.39 1.2633725148489963
4980.54 1.2639595015711342
4980.69 1.2645464882932722
4980.83 1.2650943425672705
4980.99 1.2657204617375521
4981.13 1.2662683160115502
4981.29 1.2668944351818319
4981.43 1.26744228945583
4981.59 1.2680684086261114
4981.73 1.268616262900106
4981.89 1.269242382070391
4982.02 1.269751103896246
4982.19 1.2704163555146673
4982.32 1.270925077340522
4982.49 1.2715903289589472
4982.62 1.2720990507848016
4982.79 1.2727643024032267
4982.92 1.2732730242290813
4983.09 1.2739382758475064
4983.21 1.2744078652252175
4983.39 1.2751122492917861
4983.51 1.2755818386694973
4983.69 1.276286222736062
4983.81 1.2767558121137772
4983.99 1.277460196180342
4984.11 1.2779297855580531
4984.29 1.2786341696246217
4984.4 1.2790646265541894
4984.59 1.2798081430689014
4984.7 1.2802385999984691
4984.89 1.280982116513181
4985.0 1.2814125734427488
4985.19 1.2821560899574571
4985.3 1.2825865468870283
4985.49 1.283330063401737
4985.59 1.2837213878831646
4985.79 1.2845040368460168
4985.89 1.2848953613274443
4986.09 1.2856780102902963
4986.19 1.2860693347717205
4986.39 1.286851983734576
4986.49 1.2872433082160004
4986.69 1.2880259571788522
4986.78 1.2883781492121367
4986.99 1.2891999306231319
4987.08 1.2895521226564162
4987.29 1.2903739040674116
4987.38 1.2907260961006959
4987.59 1.2915478775116913
4987.68 1.2919000695449756
4987.9 1.292760983404111
4987.97 1.2930349105411119
4988.2 1.2939349568483907
4988.5 1.2951089302926704
4988.8 1.2962829037369499
4989.1 1.2974568771812296
4989.4 1.298630850625506
4989.7 1.2998048240697857
4990.0 1.3009787975140652
4990.3 1.3036750181970487
4990.6 1.306371238880032
4990.9 1.309067459563007
4991.2 1.3117636802459904
4991.5 1.3144599009289737
4991.8 1.3171561216119567
4992.1 1.3198523422949402
4992.4 1.3225485629779155
4992.7 1.3252447836608987
4993.0 1.327941004343882
4993.3 1.3306372250268652
4993.6 1.3333334457098487
4993.9 1.3360296663928235
4994.2 1.338725887075807
4994.5 1.3414221077587902
4994.8 1.3441183284417737
4995.1 1.346814549124757
4995.41 1.3496006438305
4995.71 1.3522968645134834
4996.01 1.3549930851964667
4996.31 1.35768930587945
4996.61 1.3603855265624252
4996.91 1.3630817472454084
4997.21 1.3657779679283917
4997.51 1.368474188611375
4997.81 1.3711704092943584
4998.11 1.3738666299773334
4998.41 1.3765628506603167
4998.71 1.3792590713433
4999.01 1.3819552920262834
4999.31 1.3846515127092667
4999.61 1.3873477333922417
4999.91 1.3900439540752252
5000.21 1.3907422539257148
5000.51 1.390584301990849
5000.81 1.3904263500559833
5001.11 1.3902683981211181
5001.41 1.3901104461862526
5001.71 1.3899524942513868
5002.01 1.389794542316521
5002.31 1.3896365903816552
5002.61 1.3894786384467899
5002.92 1.3893154214474284
5003.22 1.3891574695125626
5003.52 1.3889995175776968
5003.82 1.3888415656428317
5004.12 1.388683613707966
5004.42 1.3885256617731003
5004.72 1.3883677098382345
5005.02 1.3882097579033688
5005.32 1.3880518059685034
5005.62 1.3878938540336376
5005.92 1.3877359020987718
5006.22 1.387577950163906
5006.52 1.3874199982290403
5006.82 1.3872620462941752
5007.12 1.3871040943593094
5007.42 1.3869461424244436
5007.72 1.386788190489578
5008.02 1.3866302385547122
5008.32 1.386472286619847
5008.62 1.386314334684981
5008.92 1.3861563827501153
5009.22 1.3859984308152495
5009.52 1.3858404788803838
5009.82 1.3856825269455186
5010.0 1.385587755784599
5010.12 1.384470532425544
5010.42 1.3816774740279023
5010.73 1.3787913136836791
5011.03 1.3759982552860373
5011.33 1.3732051968883956
5011.63 1.370412138490754
5011.93 1.3676190800931123
5012.23 1.364826021695479
5012.53 1.3620329632978374
5012.83 1.3592399049001955
5013.13 1.3564468465025539
5013.43 1.3536537881049122
5013.73 1.350860729707279
5014.03 1.3480676713096373
5014.33 1.3452746129119957
5014.63 1.3424815545143538
5014.93 1.3396884961167121
5015.23 1.3368954377190787
5015.53 1.334102379321437
5015.83 1.3313093209237954
5016.13 1.3285162625261537
5016.43 1.325723204128512
5016.73 1.3229301457308789
5017.03 1.3201370873332372
5017.33 1.3173440289355955
5017.63 1.3145509705379539
5017.93 1.311757912140312
5018.23 1.308964853742679
5018.54 1.306078693398447
5018.84 1.3032856350008053
5019.14 1.3004925766031636
5019.44 1.2976995182055304
5019.74 1.2949064598078888
5020.04 1.2922317140247708
5020.34 1.2903260002360584
5020.64 1.2884202864473457
5020.94 1.286514572658639
5021.24 1.284608858869927
5021.54 1.2827031450812145
5021.84 1.2807974312925021
5022.14 1.2788917175037895
5022.44 1.2769860037150829
5022.74 1.2750802899263707
5023.04 1.2731745761376583
5023.34 1.2712688623489459
5023.64 1.2693631485602332
5023.94 1.2674574347715268
5024.24 1.2655517209828144
5024.54 1.263646007194102
5024.84 1.2617402934053896
5025.14 1.2598345796166772
5025.44 1.2579288658279706
5025.74 1.2560231520392582
5026.04 1.2541174382505458
5026.35 1.2521482006688749
5026.65 1.2502424868801685
5026.95 1.248336773091456
5027.25 1.2464310593027434
5027.55 1.244525345514031
5027.85 1.2426196317253186
5028.15 1.2407139179366122
5028.45 1.2388082041478998
5028.75 1.2369024903591872
5029.05 1.2349967765704748
5029.35 1.2330910627817624
5029.65 1.231185348993056
5029.95 1.2292796352043436
5030.0 1.2289620162395571
5030.25 1.2277344733351063
5030.55 1.2262614218497645
5030.85 1.2247883703644227
5031.15 1.2233153188790853
5031.45 1.2218422673937435
5031.75 1.2203692159084016
5032.05 1.2188961644230598
5032.35 1.2174231129377182
5032.65 1.2159500614523808
5032.95 1.2144770099670388
5033.25 1.2130039584816972
5033.55 1.2115309069963551
5033.85 1.2100578555110135
5034.16 1.208535702309497
5034.46 1.207062650824155
5034.76 1.2055895993388133
5035.06 1.2041165478534714
5035.36 1.202643496368134
5035.66 1.2011704448827922
5035.96 1.1996973933974504
5036.26 1.1982243419121086
5050.0 1.1650447720717867
5070.0 1.2004446084450286
5090.0 1.1463100103010913
5110.0 1.1627433140654502
5130.0 1.1230640024757292
5150.0 1.0980467037165318
5170.0 1.0435113010955235
5190.0 1.0702880317882504
5210.0 1.1100889410156312
5230.0 1.1602165121815549
5250.0 1.188819117229969
5270.0 1.0743521123366848
5290.0 1.1938477793587363
5310.0 1.2313868444438691
5330.0 1.124656081843707
5350.0 1.192728950723315
5370.0 1.1849726727806884
5390.0 1.1427019923680872
5410.0 1.1189815101717573
5430.0 1.1498340431827485
5450.0 1.185398418896783
5470.0 1.1549387767387436
5490.0 1.1371595850804534
5510.0 1.1392243891308294
5530.0 1.1637325056444896
5550.0 1.1709048907832387
5570.0 1.1479917240416804
5590.0 1.115581602255694
5610.0 1.1471842713564329
5630.0 1.1341975567417428
5650.0 1.1451149730079662
5670.0 1.1125038314463018
5690.0 1.1463435402807414
5710.0 1.1147078100711456
5730.0 1.194266572464044
5750.0 1.1424127105245585
5770.0 1.1570405186589248
5790.0 1.1169338141873968
5810.0 1.1615064329130007
5830.0 1.188080497064337
5850.0 1.1634608007377694
5870.0 1.171212858843257
5890.0 1.037374582923705
5910.0 1.13044191312412
5930.0 1.136064474445644
5950.0 1.1409506799043911
5970.0 1.1324690817164371
5990.0 1.1202175107619856
6010.0 1.1082668061904164
6030.0 1.1363132732987358
6050.0 1.162820071645058
6070.0 1.1486752690429214
6090.0 1.1063812823211363
6110.0 1.1038870612394316
6130.0 1.0500819534685077
6150.0 1.0722694568885485
6170.0 1.0328199949103503
6190.0 1.0859919898799844
6210.0 1.0808455382592679
6230.0 1.0442458272186197
6250.0 1.005144873470242
6270.0 1.0615987238389109
6290.0 1.0801570872685078
6310.0 1.0516625969634807
6330.0 1.0621371476117214
6350.0 1.0576466347948124
6370.0 1.0573450822595496
6390.0 1.0798720366979908
6410.0 1.062088339305737
6430.0 1.0766209209255926
6450.0 1.0829709295648229
6470.0 1.0956376798887124
6490.0 1.1088247281267
6510.0 1.1806931175130984
6523.64 1.2398625754343087
6524.04 1.2427898647928728
6524.43 1.2456439719174777
6524.82 1.248498079042076
6525.22 1.2514253684006469
6525.61 1.254279475525245
6526.0 1.2571335826498504
6526.4 1.2600608720084145
6526.79 1.2629149791330194
6527.19 1.2658422684915835
6527.58 1.2686963756161886
6527.97 1.2715504827407935
6528.37 1.2744777720993576
6528.76 1.2773318792239627
6529.15 1.2801859863485612
6529.55 1.283113275707132
6529.94 1.2859673828317304
6530.0 1.2864064762355183
6530.34 1.2914191100276584
6530.73 1.2971688958480432
6531.12 1.3029186816684415
6531.52 1.3088158978944942
6531.91 1.314565683714879
6532.3 1.3203154695352775
6532.7 1.3262126857613166
6533.09 1.3319624715817149
6533.49 1.337859687807754
6533.88 1.3436094736281523
6534.27 1.3493592594485504
6534.67 1.3552564756745895
6535.06 1.361006261494988
6535.46 1.3669034777210272
6535.85 1.3726532635414255
6536.24 1.3784030493618105
6536.64 1.384300265587863
6537.03 1.3900500514082479
6537.42 1.395799837228646
6537.82 1.4016970534546855
6538.21 1.4074468392750836
6538.6 1.413196625095482
6539.0 1.419093841321521
6539.39 1.4248436271419194
6539.79 1.4307408433679585
6540.18 1.4378198820039825
6540.57 1.4464497155915472
6540.97 1.4553008269634338
6541.36 1.4639306605509983
6541.76 1.4727817719228848
6542.15 1.4814116055104496
6542.54 1.4900414390980345
6542.94 1.4988925504699007
6543.33 1.5075223840574856
6543.72 1.5161522176450704
6544.12 1.525003329016937
6544.51 1.5336331626045216
6544.91 1.5424842739763878
6545.3 1.5511141075639727
6545.69 1.5597439411515375
6546.09 1.568595052523424
6546.48 1.5772248861109885
6546.87 1.5858547196985735
6547.27 1.59470583107046
6547.66 1.6033356646580248
6548.06 1.6121867760299113
6548.45 1.6208166096174759
6548.84 1.6294464432050606
6549.24 1.6382975545769272
6549.63 1.646927388164512
6550.0 1.6551146661834932
6550.02 1.6556557921616197
6550.42 1.6664783117239002
6550.81 1.6770302682971416
6551.21 1.687852787859422
6551.6 1.6984047444326635
6551.99 1.7089567010058808
6552.39 1.7197792205681857
6552.78 1.730331177141403
6553.17 1.7408831337146446
6553.57 1.7517056532769248
6553.96 1.7622576098501668
6554.36 1.7730801294124467
6554.75 1.7836320859856887
6555.14 1.7941840425589306
6555.54 1.8050065621212106
6555.93 1.8155585186944525
6556.33 1.8263810382567327
6556.72 1.8369329948299744
6557.11 1.8474849514031917
6557.51 1.8583074709654965
6557.9 1.8688594275387138
6558.29 1.8794113841119553
6558.69 1.8902339036742357
6559.08 1.9007858602474774
6559.48 1.9116083798097576
6559.87 1.9221603363829995
6560.26 1.9196345510109816
6560.66 1.91033746758059
6561.05 1.9012728112359423
6561.44 1.8922081548913157
6561.84 1.882911071460903
6562.23 1.8738464151162764
6562.63 1.8645493316858637
6563.02 1.855484675341216
6563.41 1.8464200189965896
6563.81 1.8371229355661767
6564.2 1.8280582792215503
6564.59 1.8189936228769024
6564.99 1.809696539446511
6565.38 1.800631883101863
6565.78 1.7913347996714717
6566.17 1.7822701433268238
6566.56 1.7732054869821763
6566.96 1.7639084035517847
6567.35 1.754843747207137
6567.75 1.7455466637767454
6568.14 1.7364820074320977
6568.53 1.727417351087471
6568.93 1.7181202676570584
6569.32 1.7090556113124318
6569.71 1.6999909549677843
6570.0 1.693250569480745
6570.11 1.6930232498274076
6570.5 1.6922172983292088
6570.9 1.6913906814079804
6571.29 1.6905847299097814
6571.68 1.6897787784115825
6572.08 1.6889521614903542
6572.47 1.6881462099921554
6572.86 1.6873402584939583
6573.26 1.6865136415727282
6573.65 1.6857076900745311
6574.05 1.6848810731533008
6574.44 1.6840751216551038
6574.83 1.6832691701569047
6575.23 1.6824425532356766
6575.62 1.6816366017374775
6576.01 1.6808306502392787
6576.41 1.6800040333180506
6576.8 1.6791980818198513
6577.2 1.678371464898623
6577.59 1.6775655134004241
6577.98 1.676759561902227
6578.38 1.675932944980997
6578.77 1.675126993482798
6579.16 1.6743210419846009
6579.56 1.6734944250633708
6579.95 1.6726884735651737
6580.35 1.6651892098924388
6580.74 1.6569480234425837
6581.13 1.6487068369927094
6581.53 1.640254338069776
6581.92 1.632013151619902
6582.31 1.6237719651700278
6582.71 1.6153194662470942
6583.1 1.60707827979722
6583.5 1.598625780874287
6583.89 1.5903845944244128
6584.28 1.5821434079745575
6584.68 1.5736909090516051
6585.07 1.5654497226017503
6585.46 1.5572085361518757
6585.86 1.5487560372289426
6586.25 1.5405148507790685
6586.65 1.5320623518561352
6587.04 1.5238211654062608
6587.43 1.5155799789563866
6587.83 1.5071274800334533
6588.22 1.4988862935835792
6588.62 1.4904337946606458
6589.01 1.4821926082107715
6589.4 1.4739514217609166
6589.8 1.4654989228379642
6590.0 1.4612726733764976
6590.19 1.458935203257152
6590.58 1.4541372382753237
6590.98 1.4492162485503797
6591.37 1.4444182835685513
6591.77 1.4394972938435966
6592.16 1.4346993288617793
6592.55 1.4299013638799507
6592.95 1.424980374155007
6593.34 1.4201824091731785
6593.73 1.4153844441913612
6594.13 1.4104634544664065
6594.52 1.405665489484578
6594.92 1.400744499759634
6595.31 1.3959465347778057
6595.7 1.3911485697959884
6596.1 1.3862275800710337
6596.49 1.3814296150892162
6596.88 1.3766316501073879
6597.28 1.3717106603824443
6597.67 1.3669126954006157
6598.07 1.361991705675672
6598.46 1.3571937406938435
6598.85 1.352395775712015
6599.25 1.3474747859870713
6599.64 1.3426768210052429
6600.04 1.3378839223438814
6600.43 1.3343348452319812
6600.82 1.3307857681200892
6601.22 1.3271456890309588
6601.61 1.3235966119190667
6602.0 1.3200475348071665
6610.0 1.2472459530246585
6630.0 1.1376158764133437
6650.0 1.08646143246683
6670.0 1.0450087143067677
6690.0 1.0421709481641268
6710.0 1.021600683032674
6730.0 1.0399257889605926
6750.0 0.9868188183648638
6770.0 0.9842099412204133
6790.0 0.9719698861900774
6810.0 0.9755131427742556
6830.0 0.977975194745198
6850.0 0.9556180401491315
6870.0 0.9656233540562407
6890.0 0.970999449442766
6910.0 0.9711231741528045
6930.0 0.9665646865067551
6950.0 0.9528286020058085
6970.0 0.9562709027031008
6990.0 0.9541452369365936
7010.0 0.9292901674718417
7030.0 0.955436792997879
7050.0 0.9648366917881157
7070.0 0.9477580159666058
7090.0 0.9133093240229164
7110.0 0.892655153891228
7130.0 0.8974911901751029
7150.0 0.8863065061208851
7170.0 0.8796860962644573
7190.0 0.8550597900032927
7210.0 0.872635983479875
7230.0 0.8856673437427758
7250.0 0.8892705128656258
7270.0 0.8907887851092309
7290.0 0.8730392466696423
7310.0 0.9027595825096693
7330.0 0.9101668719158094
7350.0 0.9009464477165094
7370.0 0.91468505954539
7390.0 0.8951647104786321
7410.0 0.8919400573163668
7430.0 0.9065749442561228
7450.0 0.9060571164905941
7470.0 0.9136139528080174
7490.0 0.9074355737508427
7510.0 0.9168123720776098
7530.0 0.9273850768238504
7550.0 0.9312714667775367
7570.0 0.9189444419329997
7590.0 0.9069831820506471
7610.0 0.8975457850328277
7630.0 0.8847615882931791
7650.0 0.8734038451727801
7670.0 0.8389102445558011
7690.0 0.8559373903335517
7710.0 0.8419826290690079
7730.0 0.8432655967896668
7750.0 0.843839048641491
7770.0 0.8463877387863175
7790.0 0.8500155179078739
7810.0 0.8482753782921033
7830.0 0.8368235636803671
7850.0 0.8251340658841
7870.0 0.8385557210567803
7890.0 0.8207575915927945
7910.0 0.8024290663388475
7930.0 0.8015576756876301
7950.0 0.7949686229949813
7970.0 0.8198564676717648
7990.0 0.818343661775456
8010.0 0.8235430043088197
8030.0 0.8229264735233865
8050.0 0.8200510719226869
8070.0 0.8236866960531245
8090.0 0.8108254672729158
8110.0 0.8158602018502487
8130.0 0.8326093072476343
8150.0 0.8357499296150607
8170.0 0.8410953425543141
8190.0 0.8122945881343462
8210.0 0.8136438153031947
8230.0 0.8197390212560058
8250.0 0.820466388522601
8270.0 0.8282259485607799
8290.0 0.8198726951755586
8310.0 0.7911360045161635
8330.0 0.7862668499440665
8350.0 0.7878720233866348
8370.0 0.793677810265441
8390.0 0.7673098662891426
8410.0 0.7901218141187357
8430.0 0.7565205318005727
8450.0 0.7453783891939325
8470.0 0.7425121248557636
8490.0 0.7393259076626673
8510.0 0.7043620525118592
8530.0 0.7298807456870777
8550.0 0.6330625406280831
8570.0 0.7588704550367031
8590.0 0.7454807631290713
8610.0 0.7502142196320936
8630.0 0.7690944457074095
8650.0 0.7586569701594502
8670.0 0.6494849460054684
8690.0 0.7432414019131506
8710.0 0.772134924134933
8730.0 0.7743537007794451
8750.0 0.7532627374783394
8770.0 0.7768341645059251
8790.0 0.7832410894851002
8810.0 0.7669553542259948
8830.0 0.7724026036143556
8850.0 0.7731404003971313
8870.0 0.7422376295960302
8890.0 0.7677574206150571
8910.0 0.7790662982501068
8930.0 0.7619080744959756
8950.0 0.7634871398404739
8970.0 0.7635024067309353
8990.0 0.7618168734087626
9010.0 0.7270917878504211
9030.0 0.7567631895898607
9050.0 0.8178933742758934
9070.0 0.8707466400290115
9090.0 0.7848393099168814
9110.0 0.7635022008852212
9130.0 0.7779938192079736
9150.0 0.7706388146132114
9170.0 0.7690540885115756
9190.0 0.7759282032106145
9210.0 0.7441205003427731
9230.0 0.7228108030987054
9250.0 0.727499408107803
9270.0 0.733138883085501
9290.0 0.7277150658009268
9310.0 0.7328424423854714
9330.0 0.7306267305549247
9350.0 0.7287858408979823
9370.0 0.7181295627918227
9390.0 0.7282316127486792
9410.0 0.7069493158563307
9430.0 0.7258575598205085
9450.0 0.7134820697461772
9470.0 0.7298206959179296
9490.0 0.7339147841971285
9510.0 0.8546302929208527
9530.0 1.1575945523983866
9550.0 0.8657218660970657
9570.0 0.7130580961903985
9590.0 0.7228576329986598
9610.0 0.7119995917850772
9630.0 0.7124534129693983
9650.0 0.7012936133748391
9670.0 0.7001105723124957
9690.0 0.712114099181474
9710.0 0.7033592293721981
9730.0 0.6982713980365041
9750.0 0.6944181378069127
9770.0 0.6969203411279749
9790.0 0.6859460085218068
9810.0 0.7035174332393461
9830.0 0.6962337313127686
9850.0 0.70303280381315
9870.0 0.6954656065947844
9890.0 0.6934674736840264
9910.0 0.6851595406635228
9930.0 0.6884835829980727
9950.0 0.6886710398283667
9970.0 0.6886573282166341
9990.0 0.6846200304827769
10025.0 0.6827807532839282
10075.0 0.6659532606950314
10125.0 0.671433296731297
10175.0 0.6633016076676066
10225.0 0.6618866413827901
10275.0 0.6618799971405743
10325.0 0.6504247460490001
10375.0 0.64391915235754
10425.0 0.6433940570947166
10475.0 0.6360424661080463
10525.0 0.6319327049648946
10575.0 0.6235272754090889
10625.0 0.6174696534529082
10675.0 0.6075500113884141
10725.0 0.6065646050833392
10775.0 0.6023100028906456
10825.0 0.7440861812878858
10875.0 0.5892073113698778
10925.0 0.6042524145101879
10975.0 0.5777763958160577
11025.0 0.5790588146148125
11075.0 0.5749916578165399
11125.0 0.569744804948778
11175.0 0.5646082396402741
11225.0 0.5614675829652288
11275.0 0.5525612907614968
11325.0 0.5493017639045035
11375.0 0.5443825373624552
11425.0 0.5368570524908743
11475.0 0.5433441715294953
11525.0 0.5399172520813946
11575.0 0.5328873178947294
11625.0 0.5229219780817085
11675.0 0.5212920059485294
11725.0 0.5241016741511978
11775.0 0.5133408836016476
11825.0 0.5080444562244101
11875.0 0.5010516714712009
11925.0 0.5067653252391444
11975.0 0.490353640992701
12025.0 0.49678972173010166
12075.0 0.49127979232180163
12125.0 0.49023007638488447
12175.0 0.49096359615115626
12225.0 0.4863200370458244
12275.0 0.4826824402272935
12325.0 0.47798859187042314
12375.0 0.4765756954786206
12425.0 0.46983115493866234
12475.0 0.469231795116546
12525.0 0.46309536284155284
12575.0 0.461933621092681
12625.0 0.4585909039775144
12675.0 0.4535883956903089
12725.0 0.4528844605275004
12775.0 0.4517449787054324
12825.0 0.4315389575650547
12875.0 0.4405591682177237
12925.0 0.43638368511241343
12975.0 0.4399353756529326
13025.0 0.4334691499542913
13075.0 0.43489016009799075
13125.0 0.4253854000702368
13175.0 0.4245222489655195
13225.0 0.423983722269852
13275.0 0.4177115804899112
13325.0 0.4178543287746932
13375.0 0.4140284002815832
13425.0 0.41439554326646477
13475.0 0.41097733223565724
13525.0 0.4077328892951572
13575.0 0.4018959110727303
13625.0 0.39947446788682783
13675.0 0.3996684088571157
13725.0 0.3994325325405193
13775.0 0.3974136263664481
13825.0 0.396295529626899
13875.0 0.3928684043330843
13925.0 0.38750719273527473
13975.0 0.38612848388582
14025.0 0.3799168207202649
14075.0 0.3815101294445906
14125.0 0.37626996656253653
14175.0 0.37837557952572987
14225.0 0.37186234095316606
14275.0 0.36626362342685703
14325.0 0.37168411287238673
14375.0 0.37176878407611413
14425.0 0.36153368345478365
14475.0 0.36689403164418133
14525.0 0.3621556863054495
14570.0 0.36370161048997995
14620.0 0.36023435671779147
14675.0 0.3589140222820895
14725.0 0.3530965422231358
14775.0 0.35352487284652934
14825.0 0.3529426782697932
14875.0 0.3491000877097151
14925.0 0.35549245482255515
14975.0 0.3511078953690352
15025.0 0.34496298911214546
15075.0 0.3438338853448293
15125.0 0.348113846585911
15175.0 0.3479266584986325
15225.0 0.3460888565274013
15275.0 0.3473155883425592
15325.0 0.34464908583403764
15375.0 0.34536150641461566
15425.0 0.343303100735186
15475.0 0.3424106566417669
15525.0 0.33690471835314556
15575.0 0.3288382938166932
15625.0 0.3330897282725646
15675.0 0.3283899504155413
15725.0 0.3320395892083463
15775.0 0.31672323287829957
15825.0 0.31806841746604086
15875.0 0.31276544305150805
15925.0 0.3197986021543607
15975.0 0.31721157896322216
16050.0 0.3147713294841633
16150.0 0.3134430070911675
16250.0 0.30897368494693633
16350.0 0.3129174715472335
16450.0 0.2980872827683019
16550.0 0.3054226634049879
16650.0 0.2954124320724868
16750.0 0.29429993891071
16850.0 0.28525905791758494
16950.0 0.28913753424715183
17050.0 0.2813858077819812
17150.0 0.2790476749309184
17250.0 0.2729693826342815
17350.0 0.2637545162692619
17450.0 0.26434100501631136
17550.0 0.2592480847171302
17650.0 0.25640476074020885
17750.0 0.2503425015375245
17850.0 0.24815799820440784
17950.0 0.24354408088190435
18050.0 0.23773218724691342
18150.0 0.23365782584864783
18250.0 0.2306350501525357
18350.0 0.22706694341631814
18450.0 0.222516209292166
18550.0 0.22080947386144245
18650.0 0.21493278457000653
18750.0 0.2101443215178313
18850.0 0.20966957268591135
18950.0 0.20234179690477347
19050.0 0.2050639578072093
19150.0 0.2009642545143652
19250.0 0.19868429594927767
19350.0 0.19304773711919587
19450.0 0.1882772741311301
19550.0 0.18895699955078749
19650.0 0.18585085634047055
19750.0 0.18123581830241256
19850.0 0.17958244265512932
19950.0 0.1774994098231839
20050.0 0.17656881565742094
20150.0 0.17525447933711003
20250.0 0.1739570584786373
20350.0 0.1726850222487949
20450.0 0.17144826628906024
20550.0 0.17024679059943337
20650.0 0.16904530919186997
20750.0 0.1678438392201796
20850.0 0.16666187312989886
20950.0 0.16553956798908395
21050.0 0.16445743135219834
21150.0 0.16337527756150316
21250.0 0.16229312948874455
21350.0 0.16121099285185894
21450.0 0.16017539450016618
21550.0 0.15919804476762325
21650.0 0.15823240536903718
21750.0 0.15726677168838757
21850.0 0.15630113228980153
21950.0 0.15534192556978063
22050.0 0.15443420315002723
22150.0 0.1535715323519761
22250.0 0.15270886155392493
22350.0 0.15184619647381029
22450.0 0.1509835313936957
22550.0 0.15013430918229814
22650.0 0.1493299441827618
22750.0 0.14855698780843307
22850.0 0.1477840257161678
22950.0 0.14701105218802957
23050.0 0.14623808437782784
23150.0 0.14547778751491536
23250.0 0.1447568300551393
23350.0 0.14406255248708338
23450.0 0.1433682806369639
23550.0 0.142674003068908
23650.0 0.14197971978291554
23750.0 0.14129175481675826
23850.0 0.14063811462342476
23950.0 0.14001247516514342
24050.0 0.1393868299889256
24150.0 0.13876119053064428
24250.0 0.13813555679029946
24350.0 0.13750991733201814
24450.0 0.1369108834322824
24550.0 0.13634194875029523
24650.0 0.135776507727511
24750.0 0.13521106670472677
24850.0 0.13464561996400606
24950.0 0.1340801732232853
25050.0 0.1335258249973157
25150.0 0.13299800799671718
25250.0 0.13248562942467507
25350.0 0.13197325657056944
25450.0 0.13146087799852735
25550.0 0.13094849942648523
25650.0 0.13043612085444314
25750.0 0.12994187957698658
25850.0 0.12947088742934876
25950.0 0.12900500711694401
26050.0 0.1285391268045393
26150.0 0.12807324077419807
26250.0 0.12760735474385684
26350.0 0.12714147443145213
26450.0 0.1266952523847426
26550.0 0.12626938047404507
26650.0 0.1258442061516008
26750.0 0.12541903182915656
26850.0 0.12499385178877581
26950.0 0.12456867174839506
27050.0 0.1241434917080143
27150.0 0.12373580283539436
27250.0 0.1233461254627569
27350.0 0.12295696842234113
27450.0 0.12256781138192542
27550.0 0.1221786486235732
27650.0 0.12178949158315744
27750.0 0.12140034026067821
27850.0 0.12102363688596465
27950.0 0.12066266927250567
28050.0 0.12030497803666257
28150.0 0.11994728108288294
28250.0 0.11958958984703982
28350.0 0.11923189861119671
28450.0 0.11887420165741708
28550.0 0.1185223427168064
28650.0 0.11818432118253147
28750.0 0.11785429332348689
28850.0 0.11752427118237882
28950.0 0.11719424904127072
29050.0 0.11686422118222614
29150.0 0.11653419904111804
29250.0 0.11620417690000998
29350.0 0.11588464145444727
29450.0 0.11557733667506316
29550.0 0.11527178158424878
29650.0 0.11496622649343438
29750.0 0.1146606656846835
29850.0 0.11435511631180562
29950.0 0.11404956693892773
30050.0 0.11374497246144576
30150.0 0.1134509847561757
30250.0 0.11316664320978514
30350.0 0.11288229594545811
30450.0 0.11259794868113107
30550.0 0.11231360713474053
30650.0 0.11202925987041348
30750.0 0.11174491260608645
30850.0 0.11146169177525037
30950.0 0.11118785407821472
31050.0 0.1109222845173615
31150.0 0.11065670923857178
31250.0 0.11039111680597255
31350.0 0.11012553009130983
31450.0 0.10985996053045662
31550.0 0.1095943852516669
31650.0 0.10932880425494068
31750.0 0.10907086242138167
31850.0 0.10882106292940202
31950.0 0.10857177233377109
32100.0 0.1081978364403247
32300.0 0.10769925524906285
32500.0 0.107200674057801
32700.0 0.10672422128080336
32900.0 0.10625442418189451
33100.0 0.10578460421123964
33300.0 0.1053147956764578
33500.0 0.10485624004071262
33700.0 0.10441103006876402
33900.0 0.10396582009681542
34100.0 0.10352059868899381
34300.0 0.1030760977411715
34500.0 0.10265255874856694
34700.0 0.10222900832008935
34900.0 0.10180543501986576
35100.0 0.1013818845913882
35300.0 0.10096749429718743
35500.0 0.10056259577758063
35700.0 0.10015769725797384
35900.0 0.09975278730249403
36100.0 0.09934788878288724
36300.0 0.09895738802739344
36500.0 0.09856987203475388
36700.0 0.09818235604211434
36900.0 0.09779482861360178
37100.0 0.09740801020921552
37300.0 0.09703683607909978
37500.0 0.09666565051311103
37700.0 0.09629447638299529
37900.0 0.09592331368875257
38100.0 0.09555416370815867
38300.0 0.09519871390342448
38500.0 0.09484328697043631
38700.0 0.09448784860157514
38900.0 0.09413241023271395
39100.0 0.09377821837401029
39300.0 0.09343728069211917
39500.0 0.09309635444610104
39700.0 0.0927554167642099
39900.0 0.09241449051819177
40100.0 0.09207354140042762
40300.0 0.09174573210074596
40500.0 0.09141920361884084
40700.0 0.09109269800868172
40900.0 0.0907661695267766
41100.0 0.09043964104487147
41300.0 0.09012086608486358
41500.0 0.08980730588294586
41700.0 0.08949375711690113
41900.0 0.08918020835085642
42100.0 0.08886665958481171
42300.0 0.08855494055844775
42500.0 0.08825442868762848
42700.0 0.0879539053809362
42900.0 0.0876533935101169
43100.0 0.08735285876755161
43300.0 0.08705233546085933
43500.0 0.08675833060177977
43700.0 0.08646978065412347
43900.0 0.08618121927059418
44100.0 0.08589266932293788
44300.0 0.0856041308111546
44500.0 0.0853155808634983
44700.0 0.08503620248599184
44900.0 0.08475919133419735
45100.0 0.08448216874652986
45300.0 0.08420515759473537
45500.0 0.08392814644294089
45700.0 0.0836511238552734
45900.0 0.083383901810771
46100.0 0.08311780048182307
46300.0 0.08285172202462114
46500.0 0.08258563213154621
46700.0 0.08231954223847128
46900.0 0.08205345234539635
47100.0 0.08179609945929706
47300.0 0.08154041621065646
47500.0 0.08128473296201588
47700.0 0.08102904971337528
47900.0 0.08077335502886168
48100.0 0.0805176832160941
48300.0 0.0802682096464951
48500.0 0.08002249847911466
48700.0 0.07977677587586122
48900.0 0.07953106470848079
49100.0 0.07928535354110036
49300.0 0.07903964237371991
49500.0 0.07879624125268644
49700.0 0.07856014765450302
49900.0 0.0783240426204466
50100.0 0.07808793758639015
50300.0 0.07785183255233373
50500.0 0.07761572751827729
50700.0 0.07737963392009387
50900.0 0.077149658513968
51100.0 0.07692242771736325
51300.0 0.07669518548488553
51500.0 0.0764679432524078
51700.0 0.07624071245580306
51900.0 0.07601347022332533
52100.0 0.07578622799084758
52300.0 0.07556740256090137
52500.0 0.07534881728428823
52700.0 0.07513025487942113
52900.0 0.074911681038681
53100.0 0.07469310719794088
53300.0 0.07447453335720076
53500.0 0.07425651987423788
53700.0 0.07404632852841024
53900.0 0.07383613718258261
54100.0 0.073625934400882
54300.0 0.07341574305505437
54500.0 0.07320555170922673
54700.0 0.0729953489275261
54900.0 0.07278515758169848
55100.0 0.072582525347927
55300.0 0.07238003034463157
55500.0 0.07217753534133615
55700.0 0.07197504033804075
55900.0 0.07177254533474534
56100.0 0.07157005033144992
56300.0 0.07136755532815449
56500.0 0.07117042374929831
56700.0 0.07097548785805904
56900.0 0.07078054053094676
57100.0 0.07058559320383449
57300.0 0.07039064587672222
57500.0 0.07019569854960996
57700.0 0.07000075122249769
57900.0 0.06980757645570115
58100.0 0.06961981085683587
58300.0 0.06943203382209759
58500.0 0.0692442682232323
58700.0 0.06905651406024003
58900.0 0.06886873702550175
59100.0 0.06868097142663648
59300.0 0.0684932058277712
59500.0 0.06830940847683857
59700.0 0.06812845865828414
59900.0 0.0679474859679837
60100.0 0.06776652471355625
60300.0 0.0675855634591288
60500.0 0.06740461364057437
60700.0 0.06722365238614693
60900.0 0.0670426911317195
61100.0 0.066866418585224
61300.0 0.06669198721428228
61500.0 0.06651756727921358
61700.0 0.06634314734414486
61900.0 0.06616872740907614
62100.0 0.06599429603813442
62300.0 0.06581987610306571
62500.0 0.065645456167997
62700.0 0.06547506166022596
62900.0 0.06530690858356386
63100.0 0.06513874407102875
63300.0 0.06497059099436665
63500.0 0.06480242648183154
63700.0 0.06463427340516945
63900.0 0.06446610889263434
64200.0 0.06421386784176819
64600.0 0.06388860874176659
65000.0 0.06356419589636735
65400.0 0.0632397830509681
65800.0 0.06291537020556885
66200.0 0.06259869944619383
66600.0 0.062285756781418365
67000.0 0.061972802680769906
67400.0 0.061659860015994446
67800.0 0.06135027949788238
68200.0 0.06104826952769948
68600.0 0.060746259557516565
69000.0 0.06044423815146066
69400.0 0.060142228181277756
69800.0 0.05984886373108645
70200.0 0.05955731758470291
70600.0 0.05926577143831936
71000.0 0.05897422529193582
71400.0 0.05868495488428023
71800.0 0.058403460870267876
72200.0 0.058121955420382516
72600.0 0.05784046140637016
73000.0 0.057558967392357815
73400.0 0.05728231075262648
73800.0 0.057010434307811136
74200.0 0.056738557862995795
74600.0 0.05646669285405345
75000.0 0.05619481640923811
75400.0 0.05592897810536929
75800.0 0.05566633041006879
76200.0 0.05540367127889529
76600.0 0.055141012147721796
77000.0 0.054878364452421294
77400.0 0.0546217205904483
77800.0 0.0543679242608535
78200.0 0.05411411649538569
78600.0 0.05386032016579088
79000.0 0.05360652383619608
79400.0 0.05335757631675529
79800.0 0.05311227684080303
80200.0 0.052866965928977765
80600.0 0.052621666453025503
81000.0 0.05237636697707323
81400.0 0.052133732059531084
81800.0 0.05189656348928521
82200.0 0.05165939491903934
82600.0 0.05142222634879346
83000.0 0.05118505777854759
83400.0 0.05094788920830171
83800.0 0.050718153955508945
84200.0 0.05048884183001734
84600.0 0.05025951826865274
85000.0 0.05003021757903415
85400.0 0.04980089401766954
85800.0 0.049574761064873275
86200.0 0.04935299661556482
86600.0 0.04913122073038336
87000.0 0.048909444845201905
87400.0 0.048687680395893454
87800.0 0.048465904510712005
88200.0 0.04824958353695382
88600.0 0.04803508086700339
89000.0 0.04782055532530696
89400.0 0.04760605265535653
89800.0 0.0473915385495331
90200.0 0.04717702444370967
90600.0 0.04696899447787995
91000.0 0.04676146769046244
91400.0 0.04655394090304492
91800.0 0.046346414115627406
92200.0 0.04613887589233688
92600.0 0.04593134910491937
93000.0 0.045730249278130526
93400.0 0.04552948109165883
93800.0 0.04532870146931413
94200.0 0.04512792184696942
94600.0 0.04492715366049772
95000.0 0.044726362602280016
95400.0 0.04453091209675554
95800.0 0.044336616614404536
96200.0 0.04414232113205354
96600.0 0.04394803708557554
97000.0 0.043753741603224545
97400.0 0.04355945755674655
97800.0 0.043368455605820914
98200.0 0.04318043841774954
98600.0 0.04299243266555116
99000.0 0.042804426913352775
99400.0 0.0426164097252814
99800.0 0.04242840397308302
100200.0 0.0422407641688208
100400.00000000009 0.04214980323494083
100748.43066198383 0.04199131836856663
101098.07052641988 0.041832294628208866
101448.92378975474 0.041672713489897074
101800.9946629978 0.04151257857691353
102154.28737177301 0.04135188796742473
102508.80615636887 0.04119063973292765
102864.55527178946 0.04102949635952755
103221.53898780573 0.040872198531139395
103579.76158900595 0.04071450941641975
103939.22737484834 0.04055626860716132
104299.94065971187 0.040397487662296235
104661.9057729482 0.0402381397823365
105025.12705893395 0.040078250412770765
105389.60887712192 0.03991780619883986
105755.35560209466 0.03975970071517543
106122.37162361621 0.03960342177257944
106490.66134668495 0.039446600396271896
106860.22919158668 0.03928924159151109
107231.07959394684 0.03913133424196018
107603.217004785 0.038972874611403086
107976.64589056744 0.03881386424215868
108351.370733261 0.0386547014946939
108727.39603038708 0.038499883515209596
109104.72629507471 0.038344907959473006
109483.36605611602 0.038189383057458094
109863.31985801981 0.03803332981413319
110244.59226106624 0.037876723484496104
110627.1878413618 0.037719585060535556
111011.11119089334 0.03756188978422499
111396.36691758451 0.037406425959608185
111782.95964535022 0.03725373518026193
112170.89401415233 0.037100514459342614
112560.17468005554 0.03694675740335469
112950.80631528242 0.0367924643940394
113342.79360827077 0.036637642788113954
113736.1412637291 0.03648228384574179
114130.85400269323 0.03632654715906779
114526.93656258319 0.03617584189911141
114924.39369725919 0.036025362257530995
115323.23017708007 0.03587435741559299
115723.45078895958 0.03572283739582103
116125.06033642414 0.03557078555361011
116528.06363967061 0.03541821168140012
116932.46553562334 0.03526509967358829
117338.27087799355 0.03511386611363811
117745.48453733666 0.03496636017715648
118154.11140111096 0.03481833081714933
118564.15637373661 0.03466979502951629
118975.62437665339 0.034520740456625267
119388.52034838134 0.03437116444808572
119802.84924457902 0.03422108074342434
120218.61603810318 0.03407048170053832
120635.82571906883 0.033925051381399486
121054.48329490799 0.033780414515183425
121474.59379043133 0.033635264261709465
121896.16224788758 0.033489621750739024
122319.19372702412 0.033343473798369085
122743.69330514787 0.0331968186505032
123169.6660771864 0.03304964311108441
123597.11715574806 0.03290387601648113
124026.0516711849 0.03276277842375911
124456.47477165324 0.032621191241809816
124888.39162317566 0.03247911409906982
125321.80740970328 0.03233655025000747
125756.72733317701 0.03219348008887569
126193.15661359143 0.03204992398738873
126631.1004890565 0.031905863254825056
127070.56421586059 0.03176655871952769
127511.55306853396 0.031628794189066264
127954.0723399109 0.03149055505412848
128398.12734119488 0.03135183628971389
128843.72340202122 0.03121263123115167
129290.86587052139 0.03107294281729977
129739.56011338736 0.030932774109652287
130189.81151593504 0.03079341423637755
130641.62548217046 0.03065957438232917
131095.00743485359 0.03052527614902754
131549.96281556363 0.030390523319350674
132006.49708476473 0.030255292147220916
132464.61572187033 0.03011960165244658
132924.3242253105 0.029983440999574642
133385.628112597 0.029846807811379838
133848.53292038973 0.029714354231752192
134313.04420456337 0.02958420797640246
134779.167540273 0.029453598622371974
135246.90852202274 0.02932254210954579
135716.27276373174 0.029191030086473294
136187.2658988018 0.02905905631747022
136659.8935801853 0.028926636018970647
137134.16148045196 0.0287943560872442
137610.07529185852 0.02866842945883302
138087.64072641605 0.028542074899304364
138566.86351595866 0.02841527912313884
139047.7494122127 0.028288039388547636
139530.30418686455 0.028160365671599193
140014.53363163173 0.028032237357354117
140500.44355833106 0.027903675779599978
140988.03979894897 0.02777861439812003
141477.32820571162 0.02765655497817595
141968.3146511539 0.027534072039553912
142461.00502819192 0.027411175548337063
142955.40525019236 0.027287841157888827
143451.52125104374 0.027164084368041314
143949.35898522806 0.02703989849761763
144448.924427891 0.02691560032273262
144950.2235749154 0.026797520080700972
145453.2624429921 0.02667943491039933
145958.04706969234 0.026560950563249523
146464.58351354074 0.026442049582297403
146972.87785408652 0.026322735885043354
147482.9361919785 0.026203008039186366
147994.76464903704 0.026082864607454792
148508.36936832778 0.025965510514981686
149023.7565142358 0.02585180571051452
149540.9322725382 0.025737717777620808
150059.90285048028 0.02562323391112169
150580.6744768489 0.025508352736959325
151103.25340204738 0.025393061812489195
151627.64589817091 0.025277381509680966
152153.85825908065 0.025161300120413274
152681.89680048096 0.02505124806842438
153211.76785999417 0.024941593299736935
153743.47779723676 0.024831546467159946
154277.0329938962 0.024721117685625387
154812.43985380605 0.02461030705221411
155349.70480302497 0.024499120404856068
155888.8342899124 0.0243875378048815
156429.8347852063 0.024278033595902943
156972.71278210124 0.024172799773123532
157517.47479632485 0.02406720416797195
158064.1273662182 0.02396123066532779
158612.67705281274 0.02385490086515952
159163.1304399096 0.02374819483588605
159715.49413415877 0.023641121519565055
160269.77476513712 0.023533672864973963
160825.97898542997 0.023431454607491332
161384.11347070962 0.023330299375136494
161944.18491981577 0.02322878799852383
162506.2000548363 0.023126922982138143
163070.1656211866 0.023024699380394018
163636.0883876925 0.022922132455187975
164203.97514667013 0.022819198103608374
164773.83271400793 0.0227176308958949
165345.66792924836 0.02262082139515437
165919.48765567035 0.022523679006527273
166495.29878037024 0.022426200109534125
167073.10821434658 0.022328384996916
167652.9228925817 0.0222302248818659
168234.74977412526 0.022131727274864125
168818.59584217807 0.02203288791868706
169404.46810417465 0.02193844492095711
169992.37359186928 0.02184564309987824
170582.3193614191 0.02175252847223514
171174.31249346913 0.021659091612128235
171768.3600932375 0.021565330526100844
172364.46929059955 0.02147123265307835
172962.64724017525 0.021376819735700065
173562.90112141386 0.021283124273197906
174165.23813868032 0.02119464484025869
174769.6655213422 0.021105861934164902
175376.19052385495 0.02101676680548098
175984.8204258511 0.020927362359780197
176595.5625322263 0.020837647523601066
177208.42417322725 0.02074762218313448
177823.4127045401 0.020657285044769155
178440.53550737724 0.02057055109737226
179059.79998856818 0.020486012322134654
179681.21358064678 0.020401177856575893
180304.7837419411 0.020316044873572508
180930.51795666298 0.020230626743105155
181558.42373499667 0.020144901209142755
182188.508613191 0.02005888956733666
182820.7801536484 0.01997297812876223
183455.24594501613 0.019892596738642507
184091.9136022776 0.019811936351255995
184730.79076684228 0.019731007434236756
185371.88510663982 0.01964978614423944
186015.20431621035 0.01956829437803894
186660.7561167974 0.019486515233526906
187308.54825644082 0.019404449756722224
187958.58851006837 0.01932527459431382
188610.8846795912 0.019248785086443638
189265.44459399607 0.01917202601701752
189922.27610943964 0.019094996883520468
190581.38710934314 0.019017705649036886
191242.78550448545 0.018940143743880727
191906.4792331004 0.01886231278501807
192572.47626097052 0.018784264716057056
193240.7845815229 0.018711601497758325
193911.41221592567 0.01863891557130568
194584.36721318262 0.01856597055881415
195259.65765023217 0.018492772356446134
195937.29163204285 0.018419320085525163
196617.27729171072 0.01834561484013455
197299.62279055765 0.018271661200796843
197984.33631822755 0.01819988198154691
198671.42609278703 0.018131184809723498
199360.90036082253 0.01806224930889773
200052.7673975396 0.017993074651966687
200747.03550686277 0.01792366000895703
201443.7130215334 0.01785400454701516
202142.80830321225 0.017784107430397017
202844.3297425782 0.017713967820458195
203548.28575942936 0.017648522885968666
204254.6848027845 0.017583532875071042
204963.53535098286 0.017518322703532183
205674.84591178835 0.01745288606623962
206388.62502249 0.017387222177260943
207104.88125000495 0.0173213308061498
207823.62319098154 0.017255212188386708
208544.8594719008 0.017190672912299938
209268.59874918268 0.01712957393300511
209994.84970928813 0.01706824699889655
210723.62106882382 0.017006726343794753
211454.9215746472 0.016944975356769833
212188.76000396966 0.01688301891186575
212925.1451644646 0.016820847531145988
213664.08589437135 0.016758460468691932
214405.5910626017 0.016700036404006798
215149.66956884676 0.01664255428560638
215896.33034368197 0.016584872616630664
216645.5823486771 0.016526996308865487
217397.43457650184 0.016468918693591628
218151.8960510343 0.016410634452233844
218908.9758274697 0.016352148098541724
219668.68299242735 0.016294677114205566
220431.02666406232 0.01624094741133445
221196.01599217302 0.016187027451324748
221963.66015831166 0.016132927447800302
222733.96837589474 0.016078636346256982
223506.94989031187 0.016024153257665427
224282.61397903945 0.015969488746479046
225060.96995175022 0.01591462763313922
225842.02715042542 0.01586306136693719
226625.79494946744 0.015812868180452796
227412.28275581042 0.015762512238156237
228201.50000903595 0.015711981499655314
228993.45618148448 0.01566126392245992
229788.16077836952 0.015610381769593744
230585.62333789226 0.015559322994348897
231385.85343135396 0.015508777262819323
232188.8606632739 0.015462243492507396
232994.65467150253 0.015415557352054679
233803.24512733784 0.015368698860613064
234614.64173564175 0.01532167873192422
235428.8542349548 0.015274503425275874
236245.89239761574 0.015227154525553913
237065.76602987712 0.015179652661528738
237888.48497202326 0.015134823379489322
238714.05909848903 0.015091783121812074
239542.4983179762 0.015048593456464695
240373.81257357553 0.015005253864939064
241208.01184288395 0.014961763826927637
242045.10613812497 0.014918116542724843
242885.10550626923 0.014874318885309462
243728.0200291531 0.01483059038255285
244573.85982360275 0.014790888670884218
245422.63504155353 0.014751054782939303
246274.3558701723 0.01471108577327073
247129.0325319802 0.014670974853093478
247986.67528497343 0.014630721589735003
248847.29442274923 0.014590333840541687
249710.90027462755 0.014549806330303266
250577.5032057754 0.014511142081294705
251447.1136173319 0.014474346490643025
252319.741946531 0.014437423203656617
253195.39866682977 0.014400371777174919
254074.09428803218 0.014363191766499427
254955.83935641564 0.014325882725388359
255840.64445485763 0.014288444206051272
256728.52020296326 0.014250911636019789
257619.47725719062 0.014216594167483042
258513.52631098175 0.014182342992161763
259410.67809488898 0.014147984386581108
260310.94337670426 0.014113506502352087
261214.33296158884 0.014078908925527083
262120.8576922009 0.014044191240721971
263030.5284488288 0.014009353031111
263943.3561495196 0.01397570260437553
264859.35175021074 0.01394386940378675
265778.5262448618 0.013911914252904996
266700.8906655845 0.01387985963994432
267626.45608277834 0.013847682308295672
268555.23360526125 0.013815404743506414
269487.23438040353 0.013783015122164607
270422.46959426196 0.013750501619513382
271360.9504717122 0.013720373523439898
272302.6882765867 0.01369055318409818
273247.69431180746 0.01366061787994734
274195.97991952254 0.013630578687570984
275147.55648124265 0.013600446682305808
276102.4354179754 0.013570198630618343
277060.6281903659 0.013539857041211517
278022.1462988321 0.013510211695974692
278987.001283703 0.013482242619289214
279955.20472535834 0.013454182592728587
280926.7682443648 0.013426015400504423
281901.7035016192 0.013397761895653847
282880.0221984859 0.013369401736944956
283861.73607693805 0.013340950018057206
284846.856919699 0.013312390575056208
285835.39655038144 0.013285532604035484
286827.3668336328 0.013259131236141771
287822.7796752752 0.013232633356355212
288821.64702244906 0.01320604965501452
289823.9808637571 0.013179367498515693
290829.79322940577 0.013152598605734757
291839.0961913531 0.0131257280105247
292851.90186345164 0.013099231368812515
293868.22240159387 0.013074259903023718
294888.0700038592 0.013049207652292725
295911.45691065746 0.013024068380231827
296938.39540488017 0.012998841784840015
297968.8978120446 0.012973524006261512
299002.9765004432 0.012948113974942688
300040.643881292 0.012922623587053258
301081.9124088775 0.012898280943632134
302126.7945807098 0.012874453347700073
303175.3029376698 0.012850537921784153
304227.45006416074 0.012826544919505103
305283.2485882598 0.012802465579062696
306342.71118186694 0.012778307319349655
307405.8505608609 0.012754055865404791
308472.6794852493 0.012729942855713787
309543.21075932245 0.012707171880675633
310617.4572318076 0.012684321880678237
311695.4317960206 0.012661392581471436
312777.1473900245 0.012638395143726274
313862.6169967824 0.012615306419539715
314951.8536443137 0.012592137567669366
316044.87040585116 0.012568888310038101
317141.68039999536 0.012546399874534842
318242.2967908759 0.012524435499679274
319346.7327883069 0.012502401790047435
320455.0016479461 0.0
321567.116671454 0.0
322683.09120665427 0.0
323802.93864769104 0.0
324926.672435194 0.0
326054.30605643673 0.0
327185.8530454994 0.0
328321.326983432 0.0
329460.74149841425 0.0
330604.11026592366 0.0
331751.4470088968 0.0
332902.76549789455 0.0
334058.07955126825 0.0
335217.40303532267 0.0
336380.74986448674 0.0
337548.13400147745 0.0
338719.56945746863 0.0
339895.07029225933 0.0
341074.65061444003 0.0
342258.32458156615 0.0
343446.10640032514 0.0
344638.0103267076 0.0
345834.0506661794 0.0
347034.2417738501 0.0
348238.5980546498 0.0
349447.1339634991 0.0
350659.8640054834 0.0
351876.8027360276 0.0
353097.96476106776 0.0
354323.3647372312 0.0
355553.01737200917 0.0
356786.93742393394 0.0
358025.13970275706 0.0
359267.6390696242 0.0
360514.4504372573 0.0
361765.5887701314 0.0
363021.06908465445 0.0
364280.90644934855 0.0
365545.1159850277 0.0
366813.7128649837 0.0
368086.7123151656 0.0
369364.1296143627 0.0
370645.98009438923 0.0
371932.2791402647 0.0
373223.04219040385 0.0
374518.28473679814 0.0
375818.0223252031 0.0
377122.2705553253 0.0
378431.04508100665 0.0
379744.36161041673 0.0
381062.23590623855 0.0
382384.6837858583 0.0
383711.7211215558 0.0
385043.36384069227 0.0
386379.62792590604 0.0
387720.529415301 0.0
389066.08440264023 0.0
390416.3090375398 0.0
391771.21952565934 0.0
393130.8321289014 0.0
394495.16316560353 0.0
395864.22901073477 0.0
397238.0460960931 0.0
398616.63091049937 0.0
400000.0000000001 0.0
