91.0 0.0
94.0 0.0
96.0 0.0
98.0 0.0
100.0 0.0
102.0 0.0
104.0 0.0
106.0 0.0
108.0 0.0
110.0 0.0
114.0 0.0
118.0 0.0
121.0 0.0
125.0 0.0
127.0 0.0
128.0 0.0
131.0 0.0
132.0 0.0
134.0 0.0
137.0 0.0
140.0 0.0
143.0 0.0
147.0 0.0
151.0 0.0
155.0 0.0
159.0 0.0
162.0 0.0
166.0 0.0
170.0 0.0
173.0 0.0
177.0 0.0
180.0 0.0
182.0 0.0
186.0 0.0
191.0 0.0
194.0 0.0
198.0 0.0
202.0 0.0
205.0 0.0
210.0 0.0
216.0 0.0
220.0 0.0
223.0 0.0
227.0 0.0
230.0 0.0
234.0 1.0788187219409253e-10
240.0 2.7288730700814406e-10
246.0 4.417719837397323e-10
252.0 3.0730223936797964e-09
257.0 9.45069085627705e-09
260.0 1.3337180663056897e-08
264.0 3.689372060817665e-08
269.0 6.685893428978833e-08
274.0 8.982658334216552e-08
279.0 1.1132473617944391e-07
284.0 1.094443644429461e-07
290.0 9.990299791031333e-08
296.0 8.792906968259348e-08
301.0 1.0013796421636342e-07
308.0 2.4486486197103104e-07
318.0 5.439612231662219e-07
328.0 8.565882888280597e-07
338.0 1.1334231263119816e-06
348.0 1.271881171512997e-06
357.0 1.2901726579888336e-06
366.0 1.2427988144347192e-06
375.0 1.1835650781766612e-06
385.0 1.2690743725528424e-06
395.0 1.6159558137179853e-06
405.0 2.016921586902974e-06
414.0 2.346313889344846e-06
422.0 2.6960077356670875e-06
430.0 3.1221399398564323e-06
441.0 3.872164985479926e-06
451.0 4.5972410539465605e-06
460.0 5.270938419484521e-06
470.0 6.1421363416987535e-06
480.0 7.188786156818654e-06
490.0 8.422081844812864e-06
500.0 1.0133644503775072e-05
506.0 1.156177892987264e-05
512.0 1.3031403742660213e-05
520.0 1.5067362010899593e-05
530.0 1.699674933651165e-05
540.0 1.915884067368077e-05
550.0 2.2785974515039075e-05
560.0 2.7087093755832935e-05
570.0 3.154865753467007e-05
580.0 3.625276873284037e-05
590.0 4.1761127764649645e-05
600.0 4.839139469720008e-05
610.0 5.607391072852973e-05
620.0 6.434784805272537e-05
630.0 7.364326959917886e-05
640.0 8.426973881494941e-05
650.0 9.772588121380489e-05
658.0 0.00011016444709406815
665.0 0.00012229778468830354
675.0 0.0001407158678498946
685.0 0.00016060993258456093
695.0 0.00018310365695865433
705.0 0.00021015473110684086
716.0 0.0002482672281054132
726.0 0.0002905425037767746
735.0 0.000339377010372779
745.0 0.00041593372136561953
755.0 0.0005183160154295896
765.0 0.0006452432648306386
775.0 0.0008294357392568226
785.0 0.0010941591056021814
795.0 0.0014433406231889006
805.0 0.001903961943719922
815.0 0.0024026165330251494
825.0 0.0029246450686037525
835.0 0.0035579792600814175
845.0 0.004325703965625995
855.0 0.005193993990136441
865.0 0.006172483724049224
875.0 0.007335171861552227
885.0 0.008716840853552033
895.0 0.010570480762222523
905.0 0.01301377547915936
915.0 0.015968335478991614
925.0 0.022162520963357933
935.0 0.03246878422489523
945.0 0.04284324017720245
955.0 0.05301368270630262
965.0 0.06280810230564299
975.0 0.07129862192592212
985.0 0.080058609414085
995.0 0.08900906262460594
1005.0 0.09828860041959894
1015.0 0.10819016675601333
1025.0 0.11870805105091457
1035.0 0.13000994529764467
1045.0 0.14159735595192088
1055.0 0.15354907438818186
1065.0 0.16493696138561978
1075.0 0.1752218718024013
1085.0 0.1856446823825094
1095.0 0.19647764265944354
1105.0 0.20778718853111963
1115.0 0.2217992642704009
1125.0 0.23582686530822922
1135.0 0.24761526935500763
1145.0 0.2599901908477566
1155.0 0.2730328640738647
1165.0 0.2813450650219759
1175.0 0.2842077811660419
1185.0 0.2782705090576747
1195.0 0.26249602188908966
1205.0 0.24622121580719833
1208.72 0.23828742237798173
1208.8 0.23811503977309706
1208.87 0.23796414428057638
1208.94 0.237813192132611
1209.02 0.23764060603061685
1209.09 0.237489532511075
1209.16 0.23733840236683812
1209.23 0.23718721560769027
1209.31 0.23701436142826013
1209.38 0.23686305338438401
1209.45 0.23671168875633986
1209.53 0.23653863133581285
1209.6 0.23638714548891263
1209.67 0.23623560308858013
1209.75 0.23606234253735886
1209.82 0.23591067898402918
1209.89 0.23575895890799864
1209.96 0.23560718231904496
1210.04 0.23542635167647039
1210.11 0.235261671806331
1210.18 0.23509693183292402
1210.26 0.23490858399513895
1210.33 0.23474371526412136
1210.4 0.2345787864625977
1210.47 0.23441379760099118
1210.55 0.23422516537242333
1210.62 0.23406004784573198
1210.69 0.23389487029170922
1210.77 0.23370602245476757
1210.84 0.23354071630583542
1210.91 0.2333753501623166
1210.99 0.23318628683461506
1211.06 0.23302079216634766
1211.13 0.2328552375362311
1211.2 0.23268962295468254
1211.28 0.23250027575063917
1211.35 0.23233453273680146
1211.42 0.23216872980425873
1211.5 0.23197916738201
1211.57 0.2318132360873034
1211.64 0.2316472449066129
1211.72 0.23145746738368825
1211.79 0.2312913479109435
1211.86 0.23112516858492899
1211.93 0.2309589294160519
1212.01 0.23076886853085443
1212.08 0.23060250116231545
1212.15 0.2304360739836182
1212.23 0.23024579827009736
1212.3 0.23007924296181062
1212.37 0.22991262787606262
1212.44 0.22974595302325432
1212.52 0.22955539430637747
1212.59 0.22938859141632362
1212.66 0.2292217287918966
1212.74 0.2290309555189047
1212.81 0.2288639649272665
1212.88 0.228696914633934
1212.96 0.22850592692220537
1213.03 0.2283387487316802
1213.1 0.22817151087213294
1213.17 0.2280042133539568
1213.25 0.22781294315227765
1213.32 0.22764551782917983
1213.39 0.2274780328801141
1213.47 0.2272865485116944
1213.54 0.22711893582768697
1213.61 0.22695126355036516
1213.69 0.22675956513248852
1213.76 0.2265917651901865
1213.83 0.22642390568721563
1213.9 0.22625598663396035
1213.98 0.22606400623913311
1214.05 0.22589595961309558
1214.12 0.22572785346940863
1214.2 0.22553565929690164
1214.27 0.22536742565035442
1214.34 0.22519913251878432
1214.41 0.22503077991257028
1214.49 0.22483830412126077
1214.56 0.22466982410433062
1214.63 0.2245012846453722
1214.71 0.22430859534800301
1214.78 0.2241399285482093
1214.85 0.22397120233899573
1214.93 0.22377829965268567
1215.0 0.22360944617250053
1215.07 0.22344053331549354
1215.14 0.22327156109203528
1215.22 0.22307837729920107
1215.29 0.22290927789683718
1215.36 0.22274011916061023
1215.44 0.22254672225022426
1215.51 0.22237743640491284
1215.58 0.22220809125831678
1215.66 0.22201448134739932
1215.73 0.2218450091615226
1215.8 0.2216754777069322
1215.87 0.22150588699399004
1215.95 0.22131199648838448
1216.02 0.22114227882814622
1216.09 0.22097250194211476
1216.17 0.2207783987071294
1216.24 0.2206084949435623
1216.31 0.22043853198675256
1216.38 0.22026850984705434
1216.46 0.22007412637469784
1216.53 0.21990397744939233
1216.6 0.21973376937373798
1216.68 0.21953917344298352
1216.75 0.21936883865143644
1216.82 0.21919844474207012
1216.9 0.2190036364697597
1216.97 0.2188331159141982
1217.04 0.21866253627333795
1217.11 0.2184918975575254
1217.19 0.21829680955890277
1217.26 0.2181260442887378
1217.33 0.21795521997612843
1217.41 0.21775991990668464
1217.48 0.21758896910937509
1217.55 0.2174179593021209
1217.63 0.2172224472785882
1217.7 0.21705131105626557
1217.77 0.21688011585648823
1217.84 0.21670886168959272
1217.92 0.2165130704503338
1217.99 0.21634168996012657
1218.06 0.21617025053527927
1218.14 0.21597424761241182
1218.21 0.2158026819338391
1218.28 0.2156310573530938
1218.35 0.21545937388050562
1218.43 0.21526309209833494
1218.5 0.2150912824637171
1218.57 0.214919413969712
1218.65 0.2147229207742323
1218.72 0.2145509261877356
1218.79 0.21437887277429887
1218.87 0.21418216828205255
1218.94 0.21400998884564182
1219.01 0.21383775061472868
1219.08 0.21366545359963027
1219.16 0.21346847075783343
1219.23 0.21329604781136782
1219.3 0.21312356611314154
1219.38 0.21292637224461167
1219.45 0.21275376468448762
1219.52 0.21258109840501774
1219.6 0.21238369362618256
1219.67 0.21221090155426328
1219.74 0.2120380507954027
1219.81 0.2118651413599092
1219.89 0.21166745874077092
1219.96 0.21149442360434234
1220.03 0.21157094161613887
1220.11 0.21203882263666043
1220.18 0.21244832611978703
1220.25 0.21285793000116685
1220.32 0.2132676342624408
1220.4 0.213735990594507
1220.47 0.2141459098937449
1220.54 0.2145559295151947
1220.62 0.21502464618826864
1220.69 0.21543488072410955
1220.76 0.21584521552450744
1220.84 0.2163142923315101
1220.91 0.21672484192278796
1220.98 0.21713549172099914
1221.05 0.21754624170781675
1221.13 0.21801579292059894
1221.2 0.2184267575355821
1221.27 0.21883782228158652
1221.35 0.21930773314865262
1221.42 0.21971901239946032
1221.49 0.2201303917237331
1221.57 0.22060066203835688
1221.64 0.22101225574413277
1221.71 0.22142394946584842
1221.78 0.221835743185208
1221.86 0.22230648700139014
1221.93 0.22271849493981888
1222.0 0.22313060281840474
1222.08 0.2236017056033238
1222.15 0.22401402757782712
1222.22 0.22442644943503198
1222.29 0.22483897115666515
1222.37 0.22531054681235044
1222.44 0.22572328246766318
1222.51 0.2261361179299861
1222.59 0.22660805207616733
1222.66 0.22702110134916886
1222.73 0.22743425037179463
1222.81 0.2279065428023519
1222.88 0.22831990551271855
1222.95 0.22873336791535437
1223.02 0.22914692999201813
1223.1 0.22961969439177968
1223.17 0.2300334699942305
1223.24 0.23044734521339189
1225.0 0.24088603590852836
1235.0 0.3028791151179608
1245.0 0.34472336540408854
1255.0 0.3637673239585247
1265.0 0.38184927805427954
1275.0 0.39896999559839574
1285.0 0.4051289685515284
1295.0 0.39914559125527344
1305.0 0.4044486779497135
1315.0 0.4224585869616744
1325.0 0.43293723970732867
1335.0 0.43496243938775037
1345.0 0.43880655411683045
1355.0 0.44480463859294167
1365.0 0.448795980297751
1375.0 0.45007608647033764
1385.0 0.447346317027086
1395.0 0.44094580145875156
1405.0 0.44745978489586624
1415.0 0.4672692900981936
1425.0 0.4844271559906251
1435.0 0.49892907556206934
1442.0 0.5083905773373988
1447.0 0.5138639117811347
1455.0 0.5225556993556507
1465.0 0.5295098480836712
1475.0 0.5324309605759999
1485.0 0.5348887304963555
1495.0 0.5370140453451188
1505.0 0.5389151081553025
1512.0 0.5400500103962635
1517.0 0.540806028363919
1525.0 0.5376982335342838
1535.0 0.5304559741510333
1545.0 0.5214050358515023
1555.0 0.5102449916703996
1565.0 0.5142732754777234
1575.0 0.5343432012092778
1585.0 0.541668946911616
1595.0 0.5351871725982279
1605.0 0.5322806535972913
1615.0 0.5327388085294276
1625.0 0.5346973910627975
1635.0 0.5391295874777421
1645.0 0.539303720195843
1655.0 0.5351296208676691
1665.0 0.5386740057739209
1672.0 0.5466134596378162
1677.0 0.5523581734717508
1685.0 0.5546886500255149
1695.0 0.5526555596391433
1705.0 0.5520067193795078
1715.0 0.5524501977928941
1725.0 0.5544707820699928
1735.0 0.5577500304365131
1745.0 0.5585231540070306
1755.0 0.5572921046884997
1765.0 0.5570557501491988
1775.0 0.5579645706427164
1785.0 0.5567092672138699
1795.0 0.5526660291600344
1805.0 0.5488201449039837
1815.0 0.545975759878437
1825.0 0.5423565438924861
1835.0 0.5371772816782592
1845.0 0.5375724620690568
1855.0 0.5435871571398765
1865.0 0.5432847368112595
1875.0 0.5362142270495519
1885.0 0.5323679175162803
1895.0 0.5326037972727289
1905.0 0.5316504923413602
1915.0 0.528363575407363
1925.0 0.5246544200238297
1935.0 0.5223885593003503
1945.0 0.523845045512115
1955.0 0.5276423906451969
1967.0 0.5251300267291316
1976.0 0.5191886220919962
1984.0 0.518289378542617
1995.0 0.5235146627878252
2005.0 0.5235168893838028
2015.0 0.5189111516910269
2025.0 0.5152658382721843
2035.0 0.5127471713545052
2045.0 0.5125638000470103
2055.0 0.5142628983568905
2065.0 0.5134688739662969
2074.0 0.5110181460294639
2078.0 0.5101575804908894
2085.0 0.5106437474121653
2095.0 0.512368768277147
2105.0 0.5145175930702685
2115.0 0.5171736998471576
2125.0 0.5174282275257599
2135.0 0.515504490885588
2145.0 0.5154003964995864
2155.0 0.5164229317839851
2165.0 0.5168433572694855
2175.0 0.5164343941284987
2185.0 0.5158413909047015
2195.0 0.5156551421269402
2205.0 0.5151096862772361
2215.0 0.5146152338916458
2225.0 0.5154271126486469
2235.0 0.5173387162464306
2245.0 0.5180401037761925
2255.0 0.517110760623632
2265.0 0.5161086876734292
2275.0 0.5152569797814575
2285.0 0.5148467447828213
2295.0 0.515514473001777
2305.0 0.5177827384055036
2315.0 0.5210910330785381
2325.0 0.5228489304859268
2335.0 0.523296274159504
2345.0 0.5251497797638838
2355.0 0.5280144262265687
2365.0 0.5281965174570146
2375.0 0.5253707373282476
2385.0 0.5236917763640635
2395.0 0.524582037377745
2405.0 0.5286625196956668
2415.0 0.535720874114543
2425.0 0.540715181761204
2435.0 0.5425946155753192
2445.0 0.5440560157221027
2455.0 0.5455698678150317
2465.0 0.5434928191788856
2475.0 0.539112348375507
2485.0 0.536728305718291
2495.0 0.5376836878386511
2505.0 0.5390867709876024
2513.0 0.5376629545131372
2518.0 0.5360488794222873
2525.0 0.5359378896645789
2535.0 0.537306294496274
2545.0 0.5391894572963264
2555.0 0.540466922771151
2565.0 0.5419043255139828
2575.0 0.5441282779124132
2585.0 0.5455306484015648
2595.0 0.5462229722232306
2605.0 0.5474201783885596
2615.0 0.5505877770589606
2625.0 0.553241054938817
2635.0 0.5550998543380349
2645.0 0.5577991759105223
2655.0 0.5580523056313668
2665.0 0.5586514151951751
2675.0 0.5621679204270293
2685.0 0.5643179424114515
2695.0 0.5651226952671263
2705.0 0.5671574026242041
2715.0 0.5700632649028143
2725.0 0.5710060370795557
2735.0 0.5678666009523308
2745.0 0.5647058761108054
2755.0 0.5638261305734021
2765.0 0.5676462029510015
2775.0 0.5736371400817525
2785.0 0.5739164133913248
2795.0 0.5698338832501685
2805.0 0.569097290656571
2815.0 0.5727409955530748
2825.0 0.5761902562600852
2835.0 0.5781409015735868
2845.0 0.5752414171030216
2855.0 0.5724823186199396
2865.0 0.5785543210867815
2875.0 0.5855251621214344
2885.0 0.5877220169889302
2895.0 0.5906487647279632
2910.0 0.5947356031680634
2930.0 0.5935835126317732
2950.0 0.5948017463380653
2970.0 0.5919995921110329
2990.0 0.5924269064561869
3010.0 0.5892132107358422
3030.0 0.6015959503813425
3050.0 0.6044083082156068
3070.0 0.6142262680332258
3090.0 0.6106472505699051
3110.0 0.6347290714324386
3130.0 0.637149551219976
3150.0 0.6344044284215746
3170.0 0.6451999551305598
3190.0 0.6478884825314781
3210.0 0.6399558343540394
3230.0 0.6201028175158594
3250.0 0.6667169344331212
3270.0 0.6700333077835487
3290.0 0.6708178384588346
3310.0 0.6655282107330921
3330.0 0.6787463942436934
3350.0 0.6755242141657102
3370.0 0.6699823688465629
3390.0 0.6717199896091667
3410.0 0.677784835883434
3430.0 0.676344051512645
3450.0 0.6759791929756772
3470.0 0.6813048402407056
3490.0 0.6849229761199358
3510.0 0.6881467685001663
3530.0 0.6988396552267252
3550.0 0.701168814434746
3570.0 0.6915617985506809
3590.0 0.6875253262933968
3610.0 0.6951954885253759
3630.0 0.7066666286059109
3640.0 0.7128137106563222
3650.0 0.7280968440290257
3670.0 0.7093460163689203
3690.0 0.704306677237012
3704.66 0.7001835209696906
3704.88 0.7003626982288552
3705.11 0.7005500385933108
3705.33 0.7007292515963669
3705.55 0.7009084820738989
3705.78 0.7010958780750636
3706.0 0.7012751442951967
3706.22 0.7014544279891743
3706.45 0.7016418796250378
3706.67 0.701821199060324
3706.89 0.7020005359688213
3707.12 0.7021880432373702
3707.34 0.7023674158858816
3707.56 0.7025468060069703
3707.79 0.702734368906188
3708.01 0.7029137947659949
3708.24 0.7031013950279602
3708.46 0.7032808566256109
3708.68 0.7034603356947796
3708.91 0.7036479915840359
3709.13 0.7038275063897494
3709.35 0.7040070386663446
3709.58 0.7041947501808667
3709.8 0.7043743181927052
3710.0 0.7045375769999667
3710.02 0.7045915372417353
3710.25 0.7052121227873435
3710.47 0.705805799983088
3710.7 0.7064265394827551
3710.92 0.7070203639381947
3711.14 0.7076142603867428
3711.37 0.7082352291041418
3711.59 0.7088292728102635
3711.81 0.7094233885084541
3712.04 0.7100445864402751
3712.26 0.7106388493939079
3712.48 0.7112331843385652
3712.71 0.711854611481483
3712.93 0.7124490936794402
3713.16 0.7130706747682364
3713.38 0.7136653042180521
3713.6 0.7142600056571364
3713.83 0.7148818159514394
3714.05 0.715476664640225
3714.27 0.7160715853172241
3714.5 0.7166936248136694
3714.72 0.7172886927382026
3714.94 0.7178838326498905
3715.17 0.7185061013451004
3715.39 0.719101388502146
3715.62 0.7197238111349207
3715.84 0.7203192455358611
3716.06 0.7209147519221696
3716.29 0.7215374037480288
3716.51 0.722133057376041
3716.73 0.7227287829883472
3716.96 0.7233516640038734
3717.18 0.7239475368556828
3717.4 0.7245434816907108
3717.63 0.7251665918924719
3717.85 0.7257626839647922
3718.08 0.726385948095673
3718.3 0.7269821874037984
3718.52 0.7275784986933285
3718.75 0.7282019920046752
3718.97 0.7287984505277846
3719.19 0.7293949810312096
3719.42 0.7300187035195523
3719.64 0.7306153812543211
3719.86 0.7312121309683125
3720.09 0.7314120218322081
3720.31 0.7309722298177076
3720.53 0.7305323736712744
3720.76 0.7300724554928204
3720.98 0.7296324681674247
3721.21 0.7291724128473204
3721.43 0.7287322943429487
3721.65 0.7282921117066293
3721.88 0.7278318521978245
3722.1 0.7273915383825186
3722.32 0.7269511604352603
3722.55 0.7264906967377461
3722.77 0.726050187611499
3722.99 0.7256096143533022
3723.22 0.7251489464670814
3723.44 0.7247082420299005
3723.67 0.7242474370020204
3723.89 0.7238066013858677
3724.11 0.7233657016377764
3724.34 0.7229046924212276
3724.56 0.7224636614941864
3724.78 0.7220225664352199
3725.01 0.7215613530300442
3725.23 0.7211201267921598
3725.45 0.7206788364223682
3725.68 0.7202174188286227
3725.9 0.719775997279952
3726.13 0.7193144425446675
3726.35 0.7188728898171516
3726.57 0.7184312729577674
3726.8 0.7179695140340389
3727.02 0.7175277659958658
3727.24 0.7170859538258552
3727.47 0.7166239907137768
3727.69 0.7161820473650409
3727.91 0.7157400398845019
3728.14 0.7152778725841826
3728.36 0.7148357339249926
3728.59 0.7143734294833849
3728.81 0.7139311596456017
3729.03 0.7134888256760805
3729.26 0.713026317046446
3729.48 0.7125838518984209
3729.7 0.7121413226187049
3729.93 0.7116786098011896
3730.0 0.711537770248216
3730.15 0.7117705049722084
3730.37 0.7121118816066334
3730.6 0.7124688165222207
3730.82 0.7128102718999347
3731.05 0.7131672891374435
3731.27 0.7135088232572844
3731.49 0.7138503958728541
3731.72 0.7142075356763088
3731.94 0.7145491870322757
3732.16 0.7148908768831231
3732.39 0.7152481392498249
3732.61 0.715589907839334
3732.83 0.7159317149228738
3733.06 0.7162890998501166
3733.28 0.7166309856705779
3733.51 0.71698845291308
3733.73 0.7173304174692889
3733.95 0.717672420518103
3734.18 0.7180300103166077
3734.4 0.7183720920994237
3734.62 0.7187142123739881
3734.85 0.7190719247257701
3735.07 0.7194141237325827
3735.29 0.7197563612302856
3735.52 0.7201141961326117
3735.74 0.7204565123608044
3735.96 0.7207988670790291
3736.19 0.7211568245291603
3736.41 0.7214992579761106
3736.64 0.7218572977329274
3736.86 0.7221998099074185
3737.08 0.7225423605704964
3737.31 0.7229005228705213
3737.53 0.7232431522593701
3737.75 0.7235858201359389
3737.98 0.7239441049764129
3738.2 0.7242868515769758
3738.42 0.7246296366643914
3738.65 0.7249880440425476
3738.87 0.7253309078521775
3739.1 0.7256893975302054
3739.32 0.7260323400608527
3739.54 0.7263753210768937
3739.77 0.7267339332879625
3739.99 0.7270769930232323
3740.21 0.7276076354141111
3740.44 0.7281718024813753
3740.66 0.7287115061267032
3740.88 0.7292512738952921
3741.11 0.7298156451235955
3741.33 0.730355544052247
3741.56 0.7309200524016273
3741.78 0.731460082488798
3742.0 0.7320001766973446
3742.23 0.7325648892017727
3742.45 0.733105114566528
3742.67 0.7336454040515307
3742.9 0.7342103207074052
3743.12 0.7347507413462974
3743.34 0.735291226104302
3743.57 0.7358563469080088
3743.79 0.7363969628175776
3744.02 0.7369622207334658
3744.24 0.7375029677930318
3744.46 0.7380437789698049
3744.69 0.7386092410274563
3744.91 0.7391501833518869
3745.13 0.7396911897923782
3745.36 0.7402568559881461
3745.58 0.7407979935739475
3745.8 0.741339195274661
3746.03 0.7419050656048841
3746.25 0.7424463984485523
3746.48 0.7430124058819461
3746.7 0.7435538698669836
3746.92 0.744095397965002
3747.15 0.7446616095267048
3747.37 0.7452032687637223
3747.59 0.7457449921125612
3747.82 0.7463114077988795
3748.04 0.7468532622843403
3748.26 0.7473951808804578
3748.49 0.7479618006876839
3748.71 0.7485038504180399
3748.93 0.7490459642578821
3749.16 0.7496127881822998
3750.0 0.7516835229862749
3770.0 0.7958692744615059
3790.0 0.8261641654094434
3810.0 0.8483267651339416
3830.0 0.7814796001531008
3850.0 0.8798073360453962
3870.0 0.894685273874273
3890.0 0.7992438343364654
3910.0 0.9054196583346604
3930.0 0.8594629975415363
3950.0 0.9102427686236293
3970.0 0.7961024830217814
3990.0 1.0
4010.0 1.0254045509409533
4030.0 1.0120086039467737
4050.0 1.0340916767875834
4070.0 1.023590291883197
4078.2 1.0205237975836234
4078.45 1.0204299309329214
4078.7 1.0203360420355672
4078.94 1.0202458877644696
4079.19 1.0201519552637177
4079.43 1.0200617591333854
4079.68 1.0199677830292921
4079.93 1.0198737846786177
4080.17 1.0192459263043918
4080.42 1.0183612086947427
4080.66 1.0175117593491736
4080.91 1.016626790823447
4081.16 1.0157416942811943
4081.4 1.0148918811638639
4081.65 1.0140065337129112
4081.9 1.0131210582491996
4082.14 1.0122708813708179
4082.39 1.0113851550057993
4082.63 1.0105347372645144
4082.88 1.0096487600030934
4083.13 1.0087626547351956
4083.37 1.0079118732507082
4083.62 1.007025517093828
4083.86 1.0061744947582776
4084.11 1.0052878877173381
4084.36 1.0044011526762249
4084.6 1.0035497666153872
4084.85 1.0026627806976622
4085.1 1.0017756667835687
4085.34 1.000923917008249
4085.59 1.0000365522250068
4085.83 0.9991845616176815
4086.08 0.9982969459702422
4086.33 0.9974092023327753
4086.57 0.9965568480289871
4086.82 0.9956688535348143
4087.06 0.9948162584109743
4087.31 0.9939280130650635
4087.56 0.9930396397354897
4087.8 0.9921866809332708
4088.05 0.9912980567594772
4088.3 0.9904093046058609
4088.54 0.9895559821361769
4088.79 0.9886669791458752
4089.03 0.9878134158753704
4089.28 0.9869241620533813
4089.53 0.9860347802579693
4089.77 0.9851808533381884
4090.0 0.9843623960375099
4090.02 0.9842433614539094
4090.26 0.9828148427303424
4090.51 0.9813265987771297
4090.76 0.9798381470545604
4091.0 0.9784090379335936
4091.25 0.9769201789896775
4091.5 0.9754311122831353
4091.74 0.9740014127838895
4091.99 0.9725119388692043
4092.23 0.9710818484543413
4092.48 0.9695919673402702
4092.73 0.968101878474789
4092.97 0.9666711977135206
4093.22 0.9651807016619001
4093.47 0.9636899978656344
4093.71 0.9622587267771789
4093.96 0.960767615808047
4094.2 0.9593359538378671
4094.45 0.957844435704672
4094.7 0.956352709838105
4094.94 0.9549204575727742
4095.19 0.9534283245554598
4095.43 0.951995681429651
4095.68 0.9505031412704196
4095.93 0.9490103933891267
4096.17 0.9475771600003059
4096.42 0.9460840049904543
4096.67 0.944590642265363
4096.91 0.9431568186329208
4097.16 0.9416630487926545
4097.4 0.9402288343339043
4097.65 0.9387346573873401
4097.9 0.9372402727369039
4098.14 0.9358054680668271
4098.39 0.9343106763235195
4098.63 0.9328754808485649
4098.88 0.9313802820212898
4099.13 0.9298848755015471
4099.37 0.9284490898476778
4099.62 0.9269532762574381
4099.87 0.9254572549816086
4100.11 0.9251353410864053
4100.36 0.9261720232893714
4100.6 0.9271673597362322
4100.85 0.9282042951291384
4101.1 0.9292413596979092
4101.34 0.9302370632109018
4101.59 0.9312743809591175
4101.83 0.9322703275210386
4102.08 0.9333078984417408
4102.33 0.9343455985293976
4102.57 0.9353419121321322
4102.82 0.9363798653817549
4103.07 0.9374179477929601
4103.31 0.9384146284212507
4103.56 0.9394529639838873
4103.8 0.9404498876341973
4104.05 0.9414884763412829
4104.3 0.9425271942010061
4104.54 0.9435244848514512
4104.79 0.9445634558450633
4105.03 0.9455609895006827
4105.28 0.9466002136211833
4105.53 0.9476395668853572
4105.77 0.9486374675156403
4106.02 0.9496770738961191
4106.27 0.950716809414867
4106.51 0.9517150770044521
4106.76 0.9527550656289062
4107.0 0.953753576196598
4107.25 0.9547938179197338
4107.5 0.9558341887721401
4107.74 0.9568330662735677
4107.99 0.9578736902140321
4108.23 0.9588728106766161
4108.48 0.9599136876980964
4108.73 0.9609546938398289
4108.97 0.9619541812105245
4109.22 0.9629954404226261
4109.47 0.9640368287495437
4109.71 0.9650366830128969
4109.96 0.9660783243995216
4110.0 0.9662449990027785
4110.2 0.9676289918181258
4110.45 0.9693591811628426
4110.7 0.9710895908664768
4110.94 0.9727509914928654
4111.19 0.9744818330913235
4111.44 0.9762128950398657
4111.68 0.9778749218130557
4111.93 0.9796064156390935
4112.17 0.9812688570091603
4112.42 0.9830007827012054
4112.67 0.9847329287286206
4112.91 0.9863959962036744
4113.16 0.9881285740797263
4113.4 0.9897920561239447
4113.65 0.9915250658371175
4113.9 0.9932582958709117
4114.14 0.9949224039782124
4114.39 0.9966560658317146
4114.64 0.998389947996947
4114.88 1.0000546821420544
4115.13 1.001788996109557
4115.37 1.0034541447792953
4115.62 1.0051888905375064
4115.87 1.006923856592642
4116.11 1.0085896312581195
4116.36 1.0103250290864834
4116.6 1.0119912182487059
4116.85 1.01372704783871
4117.1 1.0154630977107961
4117.34 1.017129912826577
4117.59 1.0188663944427814
4117.84 1.0206030963321218
4118.08 1.0222705373760455
4118.33 1.024007670991956
4118.57 1.025675526487804
4118.82 1.0274130918186504
4119.07 1.0291508774077354
4119.31 1.030819358789396
4119.56 1.0325575760758272
4119.81 1.0342960136115158
4120.05 1.03571375065021
4120.3 1.0361956691508643
4120.54 1.0366583617876912
4120.79 1.0371403862795283
4121.04 1.0376224648471237
4121.28 1.0380853111456247
4121.53 1.038567495699007
4121.77 1.0390304437421498
4122.02 1.039512734277744
4122.27 1.0399950788845167
4122.51 1.0404581805763178
4122.76 1.040940631159897
4123.01 1.0414231358118964
4123.25 1.0418863911445178
4123.5 1.0423690017679128
4123.74 1.042832358831354
4123.99 1.04331507542256
4124.24 1.0437978460775927
4124.48 1.0442613567688053
4124.73 1.0447442333862293
4124.97 1.0452078457996155
4125.22 1.0456908283758382
4125.47 1.0461738650112884
4125.71 1.0466376310393724
4125.96 1.0471207736281933
4126.21 1.0476039702734692
4126.45 1.0480678899083784
4126.7 1.0485511925015905
4126.94 1.0490152138447892
4127.19 1.0494986223823346
4130.0 1.0549358522852634
4150.0 1.0472091656219689
4170.0 1.048782036278171
4190.0 1.048078124281768
4210.0 1.0572850162415681
4230.0 1.0476675777009083
4250.0 1.055636378173112
4270.0 1.0464728269022199
4290.0 1.0232760131625476
4310.0 1.0164877200920703
4315.65 1.0200337690917651
4315.91 1.0201970847643067
4316.17 1.0203604122814411
4316.43 1.0205237516427452
4316.69 1.020687102847791
4316.95 1.0208504658961537
4317.21 1.0210138407874079
4317.47 1.0211772275211266
4317.73 1.021340626096885
4317.99 1.021504036514256
4318.25 1.0216674587728152
4318.52 1.0218371790354916
4318.78 1.0220006254305352
4319.04 1.0221640836654726
4319.3 1.0223275537398773
4319.56 1.0224910356533214
4319.82 1.0226545294053806
4320.08 1.0223440924713043
4320.34 1.0209671661794424
4320.6 1.0195900521151442
4320.86 1.0182127502814404
4321.12 1.016835260681346
4321.38 1.0154575833178932
4321.64 1.014079718194111
4321.9 1.0127016653130327
4322.16 1.0113234246776805
4322.42 1.009944996291091
4322.68 1.0085663801562963
4322.94 1.007187576276337
4323.2 1.0058085846542382
4323.46 1.0044294052930423
4323.73 1.002996981866001
4323.99 1.0016174198152856
4324.25 1.0002376700347073
4324.51 0.9988577325273089
4324.77 0.997477607296132
4325.03 0.996097294344227
4325.29 0.994716793674629
4325.55 0.9933361052903896
4325.81 0.9919552291945571
4326.07 0.9905741653901845
4326.33 0.9891929138803135
4326.59 0.987811474668
4326.85 0.9864298477562965
4327.11 0.9850480331482621
4327.37 0.983666030846943
4327.63 0.9822838408553994
4327.89 0.9809014631766897
4328.15 0.9795188978138766
4328.41 0.9781361447700115
4328.67 0.9767532040481598
4328.94 0.9753168746574541
4329.2 0.9739335513707315
4329.46 0.9725500404153314
4329.72 0.9711663417943205
4329.98 0.9697824555107702
4330.0 0.969675994946809
4330.24 0.9686740750114528
4330.5 0.9675885184149445
4330.76 0.9665028127542393
4331.02 0.9654169580317357
4331.28 0.9643309542498352
4331.54 0.9632448014109307
4331.8 0.9621584995174253
4332.06 0.9610720485717216
4332.32 0.9599854485762254
4332.58 0.9588986995333328
4332.84 0.9578118014454525
4333.1 0.9567247543149893
4333.36 0.9556375581443532
4333.62 0.9545502129359448
4333.88 0.9534627186921754
4334.15 0.9523332400055206
4334.41 0.9512454419663631
4334.67 0.9501574948991687
4334.93 0.9490693988063491
4335.19 0.9479811536903219
4335.45 0.9468927595534933
4335.71 0.9458042163982822
4335.97 0.9447155242271047
4336.23 0.9436266830423818
4336.49 0.9425376928465239
4336.75 0.941448553641954
4337.01 0.9403592654310916
4337.27 0.9392698282163587
4337.53 0.938180242000179
4337.79 0.9370905067849691
4338.05 0.9360006225731571
4338.31 0.9349105893671663
4338.57 0.933820407169427
4338.83 0.9327300759823589
4339.09 0.931639595808392
4339.35 0.9305489666499565
4339.62 0.9294162325288808
4339.88 0.9283252996788594
4340.14 0.9287725217528743
4340.4 0.930538424171272
4340.66 0.9323045456654669
4340.92 0.9340708862313865
4341.18 0.9358374458649619
4341.44 0.9376042245621173
4341.7 0.9393712223187937
4341.96 0.9411384391309121
4342.22 0.9429058749943996
4342.48 0.9446735299051743
4342.74 0.946441403859172
4343.0 0.9482094968523092
4343.26 0.9499778088805065
4343.52 0.9517463399396845
4343.78 0.9535150900257536
4344.04 0.9552840591346451
4344.3 0.9570532472622669
4344.57 0.9588907128991443
4344.83 0.9606603474753718
4345.09 0.9624302010579129
4345.35 0.9642002736426769
4345.61 0.9659705652255677
4345.87 0.9677410758025048
4346.13 0.9695118053693894
4346.39 0.971282753922126
4346.65 0.9730539214566124
4346.91 0.9748253079687633
4347.17 0.9765969134544745
4347.43 0.9783687379096455
4347.69 0.9801407813301688
4347.95 0.9819130437119545
4348.21 0.983685525050892
4348.47 0.9854582253428761
4348.73 0.9872311445837944
4348.99 0.9890042827695511
4349.25 0.9907776398960311
4349.51 0.9925512159591237
4349.78 0.9943932382112752
4350.0 0.9958943197914002
4350.04 0.9961732461173614
4350.3 0.9979863964211863
4350.56 0.9997997706427876
4350.82 1.0016133687779527
4351.08 1.003427190822487
4351.34 1.0052412367721753
4351.6 1.0070555066228069
4351.86 1.0088700003701643
4352.12 1.0106847180100471
4352.38 1.0124996595382354
4352.64 1.0143148249505127
4352.9 1.016130214242656
4353.16 1.017945827410461
4353.42 1.0197616644497005
4353.68 1.021577725356154
4353.94 1.0233940101255927
4354.2 1.025210518753807
4354.46 1.0270272512365646
4354.72 1.0288442075696391
4354.99 1.0307312837643936
4355.25 1.0325486963946375
4355.51 1.0343663328623498
4355.77 1.0361841931632991
4356.03 1.0380022772932465
4356.29 1.0398205852479698
4356.55 1.0416391170232273
4356.81 1.043457872614783
4357.07 1.0452768520183913
4357.33 1.0470960552298265
4357.59 1.0489154822448414
4357.85 1.0507351330591934
4358.11 1.052555007668633
4358.37 1.0543751060689277
4358.63 1.0561954282558261
4358.89 1.0580159742250808
4359.15 1.0598367439724354
4359.41 1.0616577374936542
4359.67 1.063478954784479
4359.93 1.0653003958406573
4360.2 1.0659897905162057
4360.46 1.0662484703706618
4360.72 1.0665071737905976
4360.98 1.0667659007753658
4361.24 1.067024651324319
4361.5 1.0672834254368109
4361.76 1.0675422231121927
4362.02 1.0678010443498176
4362.28 1.0680598891490356
4362.54 1.0683187575092024
4362.8 1.0685776494296677
4363.06 1.0688365649097844
4363.32 1.0690955039489034
4363.58 1.0693544665463772
4363.84 1.0696134527015582
4364.1 1.0698724624137967
4364.36 1.0701314956824444
4364.62 1.070390552506853
4364.88 1.0706496328863744
4365.15 1.070918702826664
4365.41 1.071177831220366
4365.67 1.0714369831672075
4365.93 1.0716961586665408
4366.19 1.071955357717715
4366.45 1.0722145803200829
4366.71 1.0724738264729943
4366.97 1.072733096175799
4367.23 1.0729923894278472
4367.49 1.0732517062284905
4370.0 1.0757563215905899
4390.0 1.0464460230161992
4410.0 1.0700732409543343
4430.0 1.0786784585753932
4450.0 1.0770587499864392
4470.0 1.0688331805494444
4490.0 1.1029011936978421
4510.0 1.126022915193063
4530.0 1.1035414613141818
4550.0 1.1115888786514403
4570.0 1.1331344458607957
4590.0 1.1229840545522236
4610.0 1.1372425095966847
4630.0 1.1368289650786163
4650.0 1.1307842584381949
4670.0 1.1338664650890438
4690.0 1.1385123896362606
4710.0 1.1335987017549307
4730.0 1.1444552666521262
4750.0 1.1551228501144417
4770.0 1.1604854503095423
4790.0 1.1686416824304249
4810.0 1.183831810845781
4830.0 1.1842273179427032
4834.84 1.1737597619824942
4835.13 1.1731317880954297
4835.42 1.1725037254005046
4835.71 1.1718755739000166
4836.0 1.171247333596264
4836.29 1.1706190044915468
4836.59 1.1699689154215107
4836.88 1.16934040565986
4837.17 1.1687118071042233
4837.46 1.1680831197569022
4837.75 1.1674543436201978
4838.05 1.16680379211547
4838.34 1.1661748353454036
4838.63 1.1655457897929407
4838.92 1.1649166554603856
4839.21 1.1642874323500412
4839.5 1.1636581204642131
4839.8 1.163007014750882
4840.09 1.1620005172869787
4840.38 1.1601560431240958
4840.67 1.1583113289379865
4840.96 1.1564663747352544
4841.26 1.1545575488551378
4841.55 1.1527121063631112
4841.84 1.1508664238745057
4842.13 1.1490205013959287
4842.42 1.1471743389339881
4842.72 1.1452642631655614
4843.01 1.143417612482014
4843.3 1.1415707218351656
4843.59 1.139723591231632
4843.88 1.1378762206780257
4844.17 1.1360286101809647
4844.47 1.1341170364871733
4844.76 1.132268937849718
4845.05 1.1304205992888912
4845.34 1.1285720208113152
4845.63 1.1267232024236111
4845.93 1.1248103792228537
4846.22 1.122961072762579
4846.51 1.121111526412279
4846.8 1.1192617401785812
4847.09 1.1174117140681143
4847.38 1.115561448087508
4847.68 1.1136471274189383
4847.97 1.1117963734471377
4848.26 1.1099453796253216
4848.55 1.1080941459601248
4848.84 1.1062426724581829
4849.14 1.1043271026647596
4849.43 1.102475141239583
4849.72 1.1006229399978043
4850.0 1.0988343802157192
4850.01 1.0988001363718203
4850.3 1.0978069960648984
4850.59 1.0968137226816044
4850.89 1.0957860584570678
4851.18 1.094792514343295
4851.47 1.0937988371640694
4851.76 1.0928050269229903
4852.05 1.0918110836236594
4852.35 1.0907827264016048
4852.64 1.0897885124086697
4852.93 1.0887941653684128
4853.22 1.0877996852844365
4853.51 1.0868050721603448
4853.81 1.0857760220352135
4854.1 1.0847811382544292
4854.39 1.0837861214444702
4854.68 1.0827909716089426
4854.97 1.0817956887514544
4855.26 1.0808002728756134
4855.56 1.079770392340544
4855.85 1.0787747058522983
4856.14 1.0777788863566526
4856.43 1.0767829338572186
4856.72 1.0757868483576067
4857.02 1.0747562751274202
4857.31 1.0737599190523914
4857.6 1.0727634299881479
4857.89 1.0717668079383043
4858.18 1.0707700529064759
4858.47 1.0697731648962774
4858.77 1.0687417615056793
4859.06 1.067744602964444
4859.35 1.066747311455815
4859.64 1.0657498869834099
4859.93 1.0647523295508483
4860.23 1.0657711539362025
4860.52 1.0673595560081093
4860.81 1.0689481453029681
4861.1 1.07053692181522
4861.39 1.0721258855392988
4861.68 1.0737150364696393
4861.98 1.0753591827026379
4862.27 1.0769487144837109
4862.56 1.0785384334541455
4862.85 1.0801283396083772
4863.14 1.081718432940837
4863.44 1.083363554043073
4863.73 1.0849540281692112
4864.02 1.0865446894566737
4864.31 1.0881355378998774
4864.6 1.089726573493252
4864.9 1.0913726693186312
4865.19 1.0929640856485927
4865.48 1.0945556891118053
4865.77 1.096147479702695
4866.06 1.097739457415675
4866.35 1.0993316222451694
4866.65 1.100978886210422
4866.94 1.1025714317080137
4867.23 1.1041641643051843
4867.52 1.105757083996355
4867.81 1.107350190775934
4868.11 1.1089984291427308
4868.4 1.1105919165332185
4868.69 1.1121855909951701
4868.98 1.1137794525229978
4869.27 1.1153735011111192
4869.56 1.1169677367539352
4869.86 1.1186171428748053
4870.0 1.119386934232596
4870.15 1.1200994409429175
4870.44 1.1214770754660683
4870.73 1.1228548702099914
4871.02 1.124232825169871
4871.32 1.1256584644111207
4871.61 1.1270367453127064
4871.9 1.1284151864156136
4872.19 1.1297937877150193
4872.48 1.1311725492060998
4872.77 1.1325514708840354
4873.07 1.1339781101478181
4873.36 1.1353573577082412
4873.65 1.1367367654408707
4873.94 1.1381163333408808
4874.23 1.1394960614034428
4874.53 1.1409235348326539
4874.82 1.142303588728261
4875.11 1.143683802771767
4875.4 1.1450641769583398
4875.69 1.1464447112831482
4875.98 1.1478254057413606
4876.28 1.1492538788595315
4876.57 1.1506348990914739
4876.86 1.1520160794421532
4877.15 1.1533974199067343
4877.44 1.154778920480381
4877.74 1.1562082274854553
4878.03 1.157590053783307
4878.32 1.1589720401755463
4878.61 1.1603541866573355
4878.9 1.1617364932238352
4879.2 1.163166633988986
4879.49 1.1645492662301284
4879.78 1.1659320585412924
4880.07 1.1670844151053543
4880.36 1.1675121290215742
4880.65 1.1679398853646943
4880.95 1.1683824365716329
4881.24 1.168810279227116
4881.53 1.1692381643051395
4881.82 1.169666091804267
4882.11 1.1700940617230609
4882.41 1.1705368338627398
4882.7 1.1709648900791776
4882.99 1.171392988710921
4883.28 1.1718211297565306
4883.57 1.1722493132145702
4883.86 1.172677539083601
4884.16 1.1731205759902554
4884.45 1.1735488881392773
4884.74 1.1739772426949255
4885.03 1.1744056396557614
4885.32 1.1748340790203473
4885.62 1.1752773367768505
4885.91 1.175705862406691
4886.2 1.1761344304359138
4886.49 1.1765630408630794
4886.78 1.1769916936867486
4887.07 1.177420388905481
4887.37 1.177863911329548
4887.66 1.1782926927958624
4887.95 1.1787215166528708
4888.24 1.179150382899133
4888.53 1.1795792915332086
4888.83 1.1800230347241376
4889.12 1.1804520295910415
4889.41 1.1808810668413867
4889.7 1.1813101464737323
4890.0 1.1817540665533055
4890.29 1.1814728294405192
4890.58 1.1811915474808554
4890.87 1.1809102206754136
4891.16 1.180628849025289
4891.45 1.1803474325315808
4891.74 1.1800659711953865
4892.04 1.1797747571084585
4892.33 1.1794932045443893
4892.62 1.1792116071411678
4892.91 1.1789299648998919
4910.0 1.1529395421249602
4928.77 1.1464605451749241
4929.07 1.1465558554311917
4929.36 1.1466479900596789
4929.66 1.146743303172442
4929.96 1.1468386177372745
4930.0 1.1468513264556168
4930.26 1.1473331882862448
4930.55 1.1478707021213301
4930.85 1.1484268092438599
4931.15 1.148982975680593
4931.45 1.1495392014294965
4931.74 1.1500769426977004
4932.04 1.1506332850879295
4932.34 1.1511896867842863
4932.64 1.1517461477847348
4932.93 1.1522841164550865
4933.23 1.152840694080971
4933.53 1.1533973310049048
4933.83 1.1539540272248485
4934.12 1.1544922232663637
4934.42 1.15504903609585
4934.72 1.1556059082153
4935.02 1.1561628396226757
4935.31 1.1567012630043558
4935.61 1.1572583110053694
4935.91 1.1578154182882616
4936.21 1.1583725848509914
4936.5 1.1589112355418245
4936.8 1.159468518682284
4937.1 1.1600258610965293
4937.4 1.1605832627825186
4937.69 1.1611221407514782
4937.99 1.1616796589992826
4938.29 1.1622372365127778
4938.59 1.1627948732899231
4938.88 1.1633339785059695
4939.18 1.1638917318290045
4939.48 1.1644495444096308
4939.78 1.16500741624581
4940.07 1.165452290130098
4940.37 1.1656054248760128
4940.67 1.1657585681603475
4940.97 1.1659117199826212
4941.26 1.166059774859486
4941.56 1.1662129434716395
4941.86 1.1663661206203069
4942.16 1.166519306305008
4942.45 1.166667393913743
4942.75 1.1668205963845775
4943.05 1.1669738073900209
4943.35 1.1671270269295941
4943.64 1.167275147262894
4943.94 1.1674283835848531
4944.24 1.1675816284395168
4944.54 1.1677348818264053
4944.83 1.167883034876966
4945.13 1.1680363050424953
4945.43 1.1681895837388239
4945.73 1.1683428709654715
4946.02 1.1684910567259903
4946.32 1.1686443607275327
4946.62 1.1687976732579712
4946.92 1.168950994316825
4947.21 1.1690992127799982
4947.51 1.1692525506100009
4947.81 1.169405896966995
4948.11 1.1695592518504996
4948.4 1.169707503009025
4948.7 1.1698608746599337
4949.0 1.1700142548359298
4949.3 1.1701676435365322
4949.59 1.1703159273831083
4949.89 1.1704693328473703
4950.0 1.1705255836531554
4950.19 1.1703653048475753
4950.49 1.1701121985405787
4950.78 1.169867488945121
4951.08 1.1696142995384389
4951.38 1.1693610678792985
4951.68 1.1691077939687924
4951.97 1.168862922360727
4952.27 1.1686095653590567
4952.57 1.168356166109263
4952.87 1.1681027246124387
4953.16 1.1678576910083875
4953.46 1.1676041664289278
4953.76 1.1673505996056832
4954.06 1.1670969905397475
4954.35 1.1668517949563473
4954.65 1.166598102816314
4954.95 1.1663443684368364
4955.25 1.1660905918190116
4955.54 1.1658452342729146
4955.84 1.165591374589535
4956.14 1.1653374726710586
4956.44 1.1650835285185825
4956.73 1.1648380090264545
4957.03 1.164583981816975
4957.33 1.1643299123767483
4957.63 1.1640758007068714
4957.92 1.1638301192853941
4958.22 1.1635759245670745
4958.52 1.1633216876223613
4958.82 1.1630674084523533
4959.11 1.1628215651182228
4959.41 1.1625672029083376
4959.71 1.1623127984764166
4960.01 1.1620567369032453
4960.3 1.161763896066826
4960.6 1.161460909820507
4960.9 1.1611578753212013
4961.2 1.1608547925701949
4961.49 1.1605617667128445
4961.79 1.1602585890705854
4962.09 1.1599553631804487
4962.39 1.1596520890437225
4962.68 1.1593588781850352
4962.98 1.1590555091671122
4963.28 1.1587520919064243
4963.58 1.1584486264042617
4963.87 1.1581552305638496
4964.17 1.157851670190552
4964.47 1.1575480615796083
4964.77 1.1572444047323098
4965.06 1.1569508239297996
4965.36 1.1566470722214375
4965.66 1.1563432722805513
4965.96 1.156039424108433
4966.25 1.1557456583634689
4966.55 1.155441715340366
4966.85 1.1551377240898664
4967.15 1.154833684613263
4967.44 1.1545397339455052
4967.74 1.154235599628004
4968.04 1.1539314170882367
4968.34 1.1536271863274976
4968.63 1.153333050756621
4968.93 1.1530287251650804
4969.23 1.1527243513564098
4969.53 1.1524199293319028
4969.82 1.1521256088775997
4970.0 1.1519429045559881
4970.12 1.1518656217420051
4970.42 1.1516723906399022
4970.72 1.1514791251568537
4971.02 1.1512858252937246
4971.31 1.1510989360800024
4971.61 1.1509055686052378
4971.91 1.1507121667529583
4972.21 1.1505187305240303
4972.5 1.1503317094932988
4972.8 1.1501382056594867
4973.1 1.1499446674515943
4973.4 1.1497510948704892
4973.69 1.1495639420359187
4973.99 1.149370301856687
4974.29 1.1491766273068131
4974.58 1.148989375904878
4974.88 1.1487956337619367
4975.18 1.1486018572509258
4975.48 1.1484080463727133
4975.78 1.1482142011281664
4976.07 1.148026784725478
4976.37 1.1478328718963404
4976.48 1.1477617619155809
4976.67 1.147638924703445
4976.78 1.1475678021228586
4976.97 1.1474449431476605
4977.08 1.1473738079675653
4977.26 1.147257394980717
4977.38 1.147179779450571
4977.56 1.1470633458471182
4977.68 1.1469857165727437
4977.86 1.1468692623532102
4977.98 1.1467916193349543
4978.16 1.1466751444998595
4978.28 1.1465974877380705
4978.45 1.1464874645818801
4978.58 1.146403321782963
4978.75 1.1462932791574991
4978.88 1.1462091214705021
4979.05 1.146099059376257
4979.18 1.1460148868015574
4979.35 1.145904805239025
4979.48 1.1458206177770007
4979.64 1.1457169935832416
4979.78 1.1456263143977006
4979.94 1.1455226718817688
4980.08 1.1455402186529198
4980.24 1.1456530525202901
4980.39 1.1457588383875803
4980.54 1.1458646282386151
4980.69 1.1459704220733067
4980.83 1.1460691665797524
4980.99 1.1461820216933096
4981.13 1.1462807736355092
4981.29 1.1463936372468826
4981.43 1.1464923966245062
4981.59 1.1466052687333195
4981.73 1.1467040355460376
4981.89 1.1468169161519148
4982.02 1.1469086349809492
4982.19 1.1470285795019626
4982.32 1.1471203052344068
4982.49 1.1472402587827577
4982.62 1.1473319914183067
4982.79 1.1474519539935943
4982.92 1.147543693531942
4983.09 1.1476636651337662
4983.21 1.147748354049891
4983.39 1.1478753922025682
4983.51 1.1479600874899467
4983.69 1.1480871351992923
4983.81 1.1481718368576437
4983.99 1.1482988941232357
4984.11 1.148383602152276
4984.29 1.148510668973691
4984.4 1.1485883237425272
4984.59 1.148722459749952
4984.7 1.1488001203580738
4984.89 1.148934266451313
4985.0 1.1490119328984607
4985.19 1.1491460890770675
4985.3 1.1492237613629837
4985.49 1.1493579276265105
4985.59 1.1494285440148007
4985.79 1.1495697820989355
4985.89 1.1496404037947288
4986.09 1.1497816524936366
4986.19 1.149852279496698
4986.39 1.1499935388099078
4986.49 1.150064171120002
4986.69 1.1502054410470417
4986.78 1.150269014822645
4986.99 1.1504173592043339
4987.08 1.1504809377558465
4987.29 1.150629293281078
4987.38 1.1506928766082887
4987.59 1.1508412432765667
4987.68 1.1509048313792634
4987.9 1.1510602749946817
4987.97 1.1511097361219929
4988.2 1.151272257356108
4988.5 1.1514842556341385
4988.8 1.1516962698280655
4989.1 1.1519082999371824
4989.4 1.1521203459607832
4989.7 1.1523324078981625
4990.0 1.1525444857486136
4990.3 1.1527371852727357
4990.6 1.152929898312511
4990.9 1.1531226248673083
4991.2 1.1533153649364976
4991.5 1.1535081185194478
4991.8 1.153700885615527
4992.1 1.153893666224106
4992.4 1.1540864603445509
4992.7 1.1542792679762333
4993.0 1.1544720891185207
4993.3 1.1546649237707824
4993.6 1.1548577719323874
4993.9 1.155050633602704
4994.2 1.155243508781102
4994.5 1.1554363974669497
4994.8 1.1556292996596162
4995.1 1.1558222153584703
4995.41 1.156021575768949
4995.71 1.1562145189284374
4996.01 1.1564074755921994
4996.31 1.1566004457596026
4996.61 1.1567934294300155
4996.91 1.1569864266028091
4997.21 1.1571794372773498
4997.51 1.1573724614530072
4997.81 1.1575654991291506
4998.11 1.1577585503051475
4998.41 1.1579516149803677
4998.71 1.1581446931541792
4999.01 1.1583377848259515
4999.31 1.1585308899950517
4999.61 1.1587240086608497
4999.91 1.1589171408227132
5000.21 1.1588309672708308
5000.51 1.1586250571934065
5000.81 1.1584191114493918
5001.11 1.15821313003971
5001.41 1.1580071129652836
5001.71 1.1578010602270377
5002.01 1.1575949718258955
5002.31 1.1573888477627827
5002.61 1.1571826880386236
5002.92 1.1569696188607295
5003.22 1.1567633866286262
5003.52 1.156557118738282
5003.82 1.1563508151906225
5004.12 1.1561444759865724
5004.42 1.155938101127058
5004.72 1.1557316906130042
5005.02 1.155525244445339
5005.32 1.155318762624988
5005.62 1.1551122451528775
5005.92 1.1549056920299339
5006.22 1.1546991032570846
5006.52 1.1544924788352573
5006.82 1.1542858187653788
5007.12 1.1540791230483762
5007.42 1.1538723916851787
5007.72 1.1536656246767134
5008.02 1.1534588220239084
5008.32 1.1532519837276924
5008.62 1.1530451097889938
5008.92 1.1528382002087407
5009.22 1.1526312549878632
5009.52 1.1524242741272908
5009.82 1.1522172576279524
5010.0 1.1520930306221278
5010.12 1.1518598484101563
5010.42 1.1512768356046124
5010.73 1.1506743030820465
5011.03 1.150091123910893
5011.33 1.1495078629242235
5011.63 1.1489245201244356
5011.93 1.148341095513927
5012.23 1.147757589095099
5012.53 1.1471740008703464
5012.83 1.146590330842071
5013.13 1.1460065790126726
5013.43 1.1454227453845505
5013.73 1.1448388299601084
5014.03 1.1442548327417428
5014.33 1.1436707537318578
5014.63 1.1430865929328542
5014.93 1.1425023503471348
5015.23 1.1419180259771042
5015.53 1.1413336198251613
5015.83 1.1407491318937117
5016.13 1.1401645621851593
5016.43 1.1395799107019082
5016.73 1.1389951774463645
5017.03 1.1384103624209305
5017.33 1.137825465628013
5017.63 1.137240487070017
5017.93 1.1366554267493498
5018.23 1.136070284668419
5018.54 1.135465551960312
5018.84 1.134880243640931
5019.14 1.1342948535685882
5019.44 1.1337093817456922
5019.74 1.1331238281746496
5020.04 1.1326301707690551
5020.34 1.1327343359421618
5020.64 1.132838503900653
5020.94 1.1329426746442415
5021.24 1.1330468481726448
5021.54 1.1331510244855751
5021.84 1.1332552035827492
5022.14 1.1333593854638804
5022.44 1.1334635701286848
5022.74 1.1335677575768768
5023.04 1.1336719478081723
5023.34 1.1337761408222855
5023.64 1.1338803366189312
5023.94 1.1339845351978244
5024.24 1.1340887365586816
5024.54 1.1341929407012161
5024.84 1.1342971476251453
5025.14 1.1344013573301823
5025.44 1.134505569816043
5025.74 1.1346097850824433
5026.04 1.1347140031290985
5026.35 1.1348216980311514
5026.65 1.1349259217301124
5026.95 1.1350301482084648
5027.25 1.135134377465924
5027.55 1.1352386095022053
5027.85 1.1353428443170246
5028.15 1.135447081910096
5028.45 1.135551322281137
5028.75 1.1356555654298628
5029.05 1.1357598113559888
5029.35 1.1358640600592296
5029.65 1.1359683115393022
5029.95 1.1360725657959223
5030.0 1.1360899417752812
5030.25 1.1359736144981578
5030.55 1.1358339969970797
5030.85 1.1356943524764207
5031.15 1.1355546809368506
5031.45 1.1354149823790396
5031.75 1.1352752568036577
5032.05 1.1351355042113758
5032.35 1.1349957246028635
5032.65 1.1348559179787931
5032.95 1.134716084339835
5033.25 1.13457622368666
5033.55 1.1344363360199388
5033.85 1.1342964213403441
5034.16 1.1341518144602851
5034.46 1.1340118448565841
5034.76 1.133871848242047
5035.06 1.1337318246173451
5035.36 1.133591773983152
5035.66 1.1334516963401389
5035.96 1.133311591688978
5036.26 1.1331714600303433
5050.0 1.1244107222661324
5070.0 1.1240176617706283
5090.0 1.1082800895472933
5110.0 1.111461614814637
5130.0 1.103852382701
5150.0 1.1055367011631207
5170.0 1.0916382282696986
5190.0 1.10843906931927
5210.0 1.1172054889356653
5230.0 1.1302747441288439
5250.0 1.1302284499354132
5270.0 1.1046545344696312
5290.0 1.143430142235814
5310.0 1.1443058098557843
5330.0 1.1254221161424856
5350.0 1.1351394348222539
5370.0 1.1322493522175034
5390.0 1.1172722445898198
5410.0 1.1204168658818987
5430.0 1.1329738893788839
5450.0 1.1406293672632348
5470.0 1.1270395423798876
5490.0 1.1306734544437242
5510.0 1.128219353153413
5530.0 1.141626231524027
5550.0 1.1418789066244968
5570.0 1.1324562781009528
5590.0 1.124999602133809
5610.0 1.1335405395068057
5630.0 1.126801821670322
5650.0 1.126955189115737
5670.0 1.1182413857386437
5690.0 1.128837033774037
5710.0 1.1206506510321057
5730.0 1.144362883373993
5750.0 1.1330826595374661
5770.0 1.1361413385407617
5790.0 1.1340134392515107
5810.0 1.151162510946533
5830.0 1.1604999836178989
5850.0 1.148068363694572
5870.0 1.1425905490993238
5890.0 1.1199816567821195
5910.0 1.1468698002293718
5930.0 1.1462316347892085
5950.0 1.1469719316083842
5970.0 1.1321361093521851
5990.0 1.1404023406581039
6010.0 1.143259837573682
6030.0 1.1498370464479697
6050.0 1.1629804192582822
6070.0 1.1551212399166293
6090.0 1.1525295219357434
6110.0 1.1473962168215153
6130.0 1.1319083112877515
6150.0 1.1360428071911348
6170.0 1.1286029259311352
6190.0 1.1462158465721992
6210.0 1.1458836403932935
6230.0 1.1453278516501422
6250.0 1.1269495237009535
6270.0 1.1406427316780792
6290.0 1.149130021976143
6310.0 1.1417243866422369
6330.0 1.1499606417862578
6350.0 1.1549587118920062
6370.0 1.1615678437256494
6390.0 1.1710463731846203
6410.0 1.165693463514977
6430.0 1.1757885598871576
6450.0 1.1929517225000736
6470.0 1.210498735946195
6490.0 1.2434221950953896
6510.0 1.3018036087790337
6523.64 1.3506696040379718
6524.04 1.3523334865751793
6524.43 1.3539559474374931
6524.82 1.3555785814518746
6525.22 1.3572430013183288
6525.61 1.3588659860269623
6526.0 1.3604891438386155
6526.4 1.3621541008820799
6526.79 1.3637776092886307
6527.19 1.3654429258824998
6527.58 1.3670667848174463
6527.97 1.3686908167735417
6528.37 1.3703566702903724
6528.76 1.371981052675554
6529.15 1.3736056080328611
6529.55 1.3752719983205397
6529.94 1.3768969040076506
6530.0 1.3771469048465894
6530.34 1.378729921073221
6530.73 1.3805459161565552
6531.12 1.3823621060651503
6531.52 1.384225067309244
6531.91 1.3860416518080076
6532.3 1.3878584310768838
6532.7 1.389721996735775
6533.09 1.39153917048313
6533.49 1.3934031406969911
6533.88 1.3952207088480626
6534.27 1.397038471677207
6534.67 1.3989030460202632
6535.06 1.4007212031414804
6535.46 1.4025861818483394
6535.85 1.4044047331869023
6536.24 1.4062234791115402
6536.64 1.4080890616621222
6537.03 1.4099082016925122
6537.42 1.4117275362539037
6537.82 1.4135937224772666
6538.21 1.415413451032848
6538.6 1.4172333740643586
6539.0 1.4191001637896197
6539.39 1.4209204807037892
6539.79 1.4227876743729786
6540.18 1.4246168124891538
6540.57 1.4264559784791897
6540.97 1.4283425066516933
6541.36 1.430182070579253
6541.76 1.4320690068541306
6542.15 1.4339089686437985
6542.54 1.4357491268186087
6542.94 1.4376366725200795
6543.33 1.4394772284443766
6543.72 1.4413179806982217
6544.12 1.443206135653781
6544.51 1.4450472855445216
6544.91 1.446935848294146
6545.3 1.4487773957464218
6545.69 1.4506191394354668
6546.09 1.4525083111512875
6546.48 1.4543504522893282
6546.87 1.4561927896085978
6547.27 1.4580825701182272
6547.66 1.4599253047739793
6548.06 1.4618154927695906
6548.45 1.4636586246865244
6548.84 1.4655019526919808
6549.24 1.46739274919371
6549.63 1.469236474347891
6550.0 1.470985830705769
6550.02 1.4710353138493868
6550.42 1.4720250294634645
6550.81 1.472990098905481
6551.21 1.473980012906533
6551.6 1.474945275757374
6551.99 1.4759106340748955
6552.39 1.4769008443302225
6552.78 1.4778663960013865
6553.17 1.4788320431119977
6553.57 1.4798225495370674
6553.96 1.4807883899461534
6554.36 1.481779094607132
6554.75 1.4827451282777664
6555.14 1.4837112573423892
6555.54 1.4847022580320501
6555.93 1.4856685803030805
6556.33 1.4866597791342313
6556.72 1.487626294574761
6557.11 1.4885929053638407
6557.51 1.4895844000826783
6557.9 1.4905512039861424
6558.29 1.4915181032109561
6558.69 1.492509893733053
6559.08 1.4934769860171502
6559.48 1.4944689745298554
6559.87 1.4954362598363566
6560.26 1.4962766986239728
6560.66 1.4970736688956858
6561.05 1.49785078941092
6561.44 1.498627983476396
6561.84 1.499425181990811
6562.23 1.500202525021324
6562.63 1.5009998763057326
6563.02 1.5017773682726974
6563.41 1.5025549337547126
6563.81 1.503352513172615
6564.2 1.5041302275483923
6564.59 1.5049080154181511
6564.99 1.5057058229041578
6565.38 1.5064837596250027
6565.78 1.5072817197641402
6566.17 1.5080598053075056
6566.56 1.5088379643096868
6566.96 1.5096361524078066
6567.35 1.5104144601898526
6567.75 1.511212800868062
6568.14 1.5119912574014218
6568.53 1.5127697873584476
6568.93 1.5135683558865698
6569.32 1.514347034552273
6569.71 1.5151257866206005
6570.0 1.5157049062511025
6570.11 1.5158134540972465
6570.5 1.5161983238945977
6570.9 1.5165930918708652
6571.29 1.5169780196243803
6571.68 1.517362975984937
6572.08 1.5177578327351926
6572.47 1.5181428470347818
6572.86 1.5185278899329555
6573.26 1.5189228354309614
6573.65 1.5193079362510424
6574.05 1.5197029411502527
6574.44 1.5200880998807775
6574.83 1.5204732871957787
6575.23 1.5208683807989472
6575.62 1.5212536260072753
6576.01 1.5216388997916295
6576.41 1.5220340820725393
6576.8 1.5224194137331089
6577.2 1.5228146553683664
6577.59 1.523200044893699
6577.98 1.5235854629809578
6578.38 1.5239807932502036
6578.77 1.5243662691851232
6579.16 1.5247517736735272
6579.56 1.5251471925505635
6579.95 1.5255327548695305
6580.35 1.5249264929316588
6580.74 1.5241957683997347
6581.13 1.5234649459719483
6581.53 1.5227152828236619
6581.92 1.5219842621214288
6582.31 1.521253143550412
6582.71 1.520503176693603
6583.1 1.5197718599029788
6583.5 1.5190216897628337
6583.89 1.51829017478931
6584.28 1.5175585619921912
6584.68 1.5168080882837505
6585.07 1.5160762773585474
6585.46 1.5153443686368044
6585.86 1.5145935914440367
6586.25 1.5138614846490115
6586.65 1.513110504322971
6587.04 1.5123781994913452
6587.43 1.5116457969083377
6587.83 1.5108945132381004
6588.22 1.5101619126732713
6588.62 1.5094104259635583
6589.01 1.5086776274535727
6589.4 1.5079447312373442
6589.8 1.5071929413235041
6590.0 1.5068170078302243
6590.19 1.505920039508574
6590.58 1.504078728318808
6590.98 1.5021899725751828
6591.37 1.5003482100858616
6591.77 1.4984589915141255
6592.16 1.496616777809551
6592.55 1.4947743413842105
6592.95 1.4928844316606065
6593.34 1.4910415441458917
6593.73 1.4891984339725564
6594.13 1.4873078332899006
6594.52 1.485464272153036
6594.92 1.4835732089868934
6595.31 1.4817291969707411
6595.7 1.4798849623996684
6596.1 1.4779932085962777
6596.49 1.4761485232717118
6596.88 1.4743036154543097
6597.28 1.4724111712063672
6597.67 1.470565812761232
6598.07 1.4686729063741697
6598.46 1.4668270973854793
6598.85 1.4649810660075835
6599.25 1.4630874694975409
6599.64 1.4612409877017944
6600.04 1.4592699781147103
6600.43 1.4566727256667586
6600.82 1.4540751664535856
6601.22 1.4514106845229744
6601.61 1.448812504000418
6602.0 1.4462140167983695
6610.0 1.392844095027069
6630.0 1.2867332641837588
6650.0 1.2236043965880217
6670.0 1.1829326447400434
6690.0 1.1759037983453964
6710.0 1.1568638903079023
6730.0 1.1560872686653485
6750.0 1.1448060767203356
6770.0 1.138631068390527
6790.0 1.1381597540541972
6810.0 1.1408350410837642
6830.0 1.1448671541354685
6850.0 1.1262393049748138
6870.0 1.1153168659570976
6890.0 1.1259321714915247
6910.0 1.1349624743070301
6930.0 1.1277313534353883
6950.0 1.1218919403588266
6970.0 1.118795353632383
6990.0 1.1150120218465829
7010.0 1.1136161703268326
7030.0 1.123156398825584
7050.0 1.1251721418744887
7070.0 1.1190180587234657
7090.0 1.11365536641432
7110.0 1.1047000123182436
7130.0 1.0885926268422523
7150.0 1.0749061697102136
7170.0 1.075095239863064
7190.0 1.0743906402832535
7210.0 1.0830118312780463
7230.0 1.0829058809998575
7250.0 1.0794679696619236
7270.0 1.0818829920459334
7290.0 1.0846937958639875
7310.0 1.096975105090587
7330.0 1.09595541155591
7350.0 1.0910029670390629
7370.0 1.093556595128301
7390.0 1.086005627892091
7410.0 1.0816065095737533
7430.0 1.087265730141514
7450.0 1.0875585493219178
7470.0 1.0835501340916316
7490.0 1.0802101596994547
7510.0 1.090867919525593
7530.0 1.1018757132904122
7550.0 1.093295825019428
7570.0 1.0419000159670486
7590.0 0.9789893870605609
7610.0 1.0028777606099826
7630.0 1.0719183329011843
7650.0 1.0939880596949685
7670.0 1.0701418616763922
7690.0 1.0641055804491029
7710.0 1.0657068632324536
7730.0 1.0685613551639965
7750.0 1.0638426060475408
7770.0 1.0686338159748914
7790.0 1.0710691616358976
7810.0 1.074038235529767
7830.0 1.0716124252093713
7850.0 1.065240783148012
7870.0 1.0645280820656902
7890.0 1.0548528726287185
7910.0 1.0473839905013131
7930.0 1.046344228748798
7950.0 1.042571157401349
7970.0 1.0514954315507785
7990.0 1.052505693725324
8010.0 1.0523879985251257
8030.0 1.052807244038033
8050.0 1.0561397372171013
8070.0 1.0555621806813782
8090.0 1.0437083748976757
8110.0 1.0451693640904312
8130.0 1.051176399468154
8150.0 1.0438767160814724
8170.0 1.0434399685705034
8190.0 1.0424280106414832
8210.0 1.0394019856300756
8230.0 1.042370496892366
8250.0 1.0481535913389906
8270.0 1.0494469749170003
8290.0 1.0402402422080947
8310.0 1.026372836952034
8330.0 1.0208865570199472
8350.0 1.0208185033961328
8370.0 1.0275722798585905
8390.0 1.0225852853735402
8410.0 1.0334358960988608
8430.0 1.0173715079244516
8450.0 1.0118822059944694
8470.0 1.010316143563464
8490.0 1.007835979653556
8510.0 0.9924991943784184
8530.0 1.0000466129310412
8550.0 0.963487165120308
8570.0 1.014504759435828
8590.0 1.0112529508755763
8610.0 1.018730911443456
8630.0 1.022437480915665
8650.0 1.0098423739555376
8670.0 0.9735752980332042
8690.0 1.0205145317394815
8710.0 1.0256886998356927
8730.0 1.015356043244707
8750.0 1.00909691398613
8770.0 1.025183357607491
8790.0 1.0314684478885112
8810.0 1.0237196061800062
8830.0 1.0153995465711634
8850.0 1.0044606975440211
8870.0 1.0031744159978233
8890.0 1.023400795653623
8910.0 1.0323228690746324
8930.0 1.020388066738492
8950.0 1.0051177564783362
8970.0 0.9864435121085755
8990.0 0.9695183910370863
9010.0 0.9710816477979979
9030.0 1.0149122698554984
9050.0 1.0235482017525388
9070.0 1.0054131478314954
9090.0 1.0016294288803504
9110.0 1.0101981440332513
9130.0 1.004288374111887
9150.0 0.9968338441974118
9170.0 1.0056934905499788
9190.0 1.0114544097680669
9210.0 0.9889734732832676
9230.0 0.9812728115083242
9250.0 0.9851623667581049
9270.0 0.9893070253025875
9290.0 0.9635939620238265
9310.0 0.9242213029588121
9330.0 0.9247706753949735
9350.0 0.9522598844875657
9370.0 0.9780965658742498
9390.0 1.0074705471831988
9410.0 0.9722774467893013
9430.0 0.9498248788181964
9450.0 0.9620500930523057
9470.0 0.9780487637468277
9490.0 0.9613245131579515
9510.0 0.9477713640244638
9530.0 0.9448628809608116
9550.0 0.942307591019412
9570.0 0.9570555295786749
9590.0 0.962161846823722
9610.0 0.9507216904325749
9630.0 0.9514021554164138
9650.0 0.9600711629956256
9670.0 0.9790771080495179
9690.0 0.9800185007719608
9710.0 0.9617078222844889
9730.0 0.95093127326639
9750.0 0.9472911152214959
9770.0 0.9481296368301684
9790.0 0.9422959571634293
9810.0 0.9459869369604988
9830.0 0.9446244840638741
9850.0 0.9462710154250661
9870.0 0.9389782300193965
9890.0 0.9358523888913125
9910.0 0.9371920049790605
9930.0 0.9365683831350474
9950.0 0.9329742244221519
9970.0 0.931688723272818
9990.0 0.9258719879826021
10025.0 0.8958763639099825
10075.0 0.9033983705491675
10125.0 0.9023779949783128
10175.0 0.893842607496714
10225.0 0.8905562324018185
10275.0 0.8888618049481032
10325.0 0.8736476613300334
10375.0 0.8652198780427897
10425.0 0.8723849600615641
10475.0 0.8718950443422309
10525.0 0.8645636526791742
10575.0 0.8566057875227898
10625.0 0.8497014805527494
10675.0 0.8423480526169624
10725.0 0.8382836973940689
10775.0 0.8323174479687319
10825.0 0.8248815376290272
10875.0 0.8208404022037546
10925.0 0.8171672906032774
10975.0 0.8107268067741162
11025.0 0.8072282794893584
11075.0 0.802751505634718
11125.0 0.7964625922015375
11175.0 0.7902496369244185
11225.0 0.7855535801797591
11275.0 0.7783623341603976
11325.0 0.7726417515059909
11375.0 0.7666877975054909
11425.0 0.7598648377047331
11475.0 0.7576108468124216
11525.0 0.7524492046537021
11575.0 0.7456863654812581
11625.0 0.7378286320273382
11675.0 0.7339037410373754
11725.0 0.7309701332723575
11775.0 0.723383603940809
11825.0 0.7172639856779306
11875.0 0.710733532526688
11925.0 0.7092906426221721
11975.0 0.6987843100543568
12025.0 0.6977598116276322
12075.0 0.6919755337028924
12125.0 0.6880394765041696
12175.0 0.6845795894845803
12225.0 0.6790734434262233
12275.0 0.6742313020217434
12325.0 0.6693971101190972
12375.0 0.6651100598945795
12425.0 0.660008819579403
12475.0 0.6564709341527591
12525.0 0.6508638327667722
12575.0 0.6470729835632979
12625.0 0.642250928253966
12675.0 0.6373323944046326
12725.0 0.6336890408811989
12775.0 0.6302078202529745
12825.0 0.6203086700221039
12875.0 0.620991193440872
12925.0 0.6168194300232719
12975.0 0.6163382492677443
13025.0 0.6116816382398661
13075.0 0.6098673987944253
13125.0 0.6041805298354688
13175.0 0.6013703020339632
13225.0 0.5989919395563579
13275.0 0.5939308640341724
13325.0 0.5923633033003249
13375.0 0.5885840908720331
13425.0 0.5868914723732522
13475.0 0.5833365468808113
13525.0 0.5797043113789724
13575.0 0.574710012720589
13625.0 0.5711219506151475
13675.0 0.5693062826512241
13725.0 0.5671054069727688
13775.0 0.5637645015107825
13825.0 0.5612265053987713
13875.0 0.5575097817643763
13925.0 0.5557505897799795
13975.0 0.5534456784590163
14025.0 0.5484611693929156
14075.0 0.5479045122032079
14125.0 0.5440012795200625
14175.0 0.5432072220837533
14225.0 0.5380906462464378
14275.0 0.5338765165868691
14325.0 0.5348724473379386
14375.0 0.5333198466765016
14425.0 0.5266588000439848
14475.0 0.5277986274111083
14525.0 0.5236009085429192
14570.0 0.52273261476095
14620.0 0.5207891145172767
14675.0 0.5184337979955222
14725.0 0.5135344388658242
14775.0 0.5124075133845736
14825.0 0.510121319152775
14875.0 0.5065099992169123
14925.0 0.5074231401946205
14975.0 0.5034804479368487
15025.0 0.4993457738816871
15075.0 0.49630521509878744
15125.0 0.4971044407970976
15175.0 0.49519086499267106
15225.0 0.49267945230396276
15275.0 0.491645050846183
15325.0 0.4884573672664646
15375.0 0.4875555702715876
15425.0 0.48557174034738826
15475.0 0.4837313384790296
15525.0 0.47927640811569294
15575.0 0.4735128123028499
15625.0 0.47470928893215036
15675.0 0.4714670220684374
15725.0 0.47118104434756625
15775.0 0.4615476753308197
15825.0 0.46238467954592793
15875.0 0.45877550731774885
15925.0 0.4617075361606671
15975.0 0.4580080415178808
16050.0 0.45669296576454743
16150.0 0.45307522607618433
16250.0 0.4489084256041041
16350.0 0.44779957975249857
16450.0 0.43574467215923685
16550.0 0.43622376321779305
16650.0 0.42591871022411537
16750.0 0.422748353463555
16850.0 0.41358559515632165
16950.0 0.41330732047037005
17050.0 0.4049462224306866
17150.0 0.4008427886345394
17250.0 0.3942933234236988
17350.0 0.3862221107572001
17450.0 0.3833272383395058
17550.0 0.37750532161301903
17650.0 0.37319069504201413
17750.0 0.3673537205250233
17850.0 0.36328191364579293
17950.0 0.3580905216543478
18050.0 0.3519173874744075
18150.0 0.3469166756428883
18250.0 0.34259262702496995
18350.0 0.3383266955300205
18450.0 0.3335677717842637
18550.0 0.33012410016842175
18650.0 0.32448074237349595
18750.0 0.3190202754101205
18850.0 0.31647744747404205
18950.0 0.31006800162083137
19050.0 0.309394940846357
19150.0 0.3046811037880543
19250.0 0.300935782372147
19350.0 0.2957179774230521
19450.0 0.2911615556364369
19550.0 0.2891940469192497
19650.0 0.28544326152315214
19750.0 0.28126931750638173
19850.0 0.2782734405561852
19950.0 0.2749388814538257
20050.0 0.27292020990398186
20150.0 0.27131066727698805
20250.0 0.26971750104115716
20350.0 0.26815414950975247
20450.0 0.2666362751735083
20550.0 0.26516425282528094
20650.0 0.2636834145500115
20750.0 0.26219384262305495
20850.0 0.2607261779231838
20950.0 0.2593435753641865
21050.0 0.2580159015551368
21150.0 0.25668044881339613
21250.0 0.25533732323924585
21350.0 0.25398660368561116
21450.0 0.2527017982115144
21550.0 0.2515018175589092
21650.0 0.2503134764462678
21750.0 0.24911837122362407
21850.0 0.24791660691066225
21950.0 0.24671846437006462
22050.0 0.2455957173546126
22150.0 0.24453850199830526
22250.0 0.24347531036832212
22350.0 0.2424062500261128
22450.0 0.24133138835619847
22550.0 0.24027229923540963
22650.0 0.23927945242324572
22750.0 0.23833157518552794
22850.0 0.23737849022915328
22950.0 0.2364202692782764
23050.0 0.23545694362381553
23150.0 0.23450901680692832
23250.0 0.23361966315959
23350.0 0.23276866372336397
23450.0 0.23191308639614552
23550.0 0.23105299481345348
23650.0 0.2301884253379037
23750.0 0.22932966739632596
23850.0 0.22852231695203853
23950.0 0.2277563290171481
24050.0 0.2269862979371455
24150.0 0.22621226724535348
24250.0 0.22543427985733547
24350.0 0.22465237808171173
24450.0 0.22391013166852666
24550.0 0.22321342726420026
24650.0 0.22251883920205823
24750.0 0.22182068918512896
24850.0 0.2211190144651576
24950.0 0.2204138922396834
25050.0 0.21972358512112777
25150.0 0.2190736041893736
25250.0 0.21844583814463062
25350.0 0.2178149247681573
25450.0 0.21718088309518713
25550.0 0.2165437180982843
25650.0 0.21590350211326548
25750.0 0.21529030781713743
25850.0 0.21471271434271558
25950.0 0.2141407619952729
26050.0 0.21356602426607604
26150.0 0.2129885020658363
26250.0 0.21240823680101556
26350.0 0.2118252695603961
26450.0 0.21127238103516566
26550.0 0.21075086366517662
26650.0 0.21022799434524994
26750.0 0.2097026349579968
26850.0 0.20917479626317986
26950.0 0.20864451613876342
27050.0 0.2081118321976417
27150.0 0.20760610265593077
27250.0 0.20712827983151158
27350.0 0.20664909216996302
27450.0 0.20616768033823582
27550.0 0.20568405191750538
27650.0 0.20519825564178298
27750.0 0.20471029856426332
27850.0 0.20424123341295733
27950.0 0.20379664669470735
28050.0 0.20335555608605407
28150.0 0.2029124698804556
28250.0 0.2024674207491487
28350.0 0.2020204272721037
28450.0 0.20157146606244736
28550.0 0.20113048218337914
28650.0 0.2007111294935858
28750.0 0.2003035231876134
28850.0 0.1998941191139426
28950.0 0.19948294779959988
29050.0 0.19906999768426306
29150.0 0.198655298884019
29250.0 0.19823888136091297
29350.0 0.19783864755081676
29450.0 0.19745762371729497
29550.0 0.1970779577234834
29650.0 0.1966966807951006
29750.0 0.19631382146988186
29850.0 0.1959293940958318
29950.0 0.1955433847166984
30050.0 0.1951574824283538
30150.0 0.1947882281141344
30250.0 0.19443403786414873
30350.0 0.19407839853661762
30450.0 0.1937213089398708
30550.0 0.1933627818184891
30650.0 0.19300281563422045
30750.0 0.19264145109722597
30850.0 0.19228062541143384
30950.0 0.1919346164891593
31050.0 0.1916015265814686
31150.0 0.1912667968594093
31250.0 0.19080773586502295
31350.0 0.19034867487063664
31450.0 0.18988962805749254
31550.0 0.1894305812443485
31650.0 0.18897154861244678
31750.0 0.18852570453588097
31850.0 0.18809392825167345
31950.0 0.18766303120448835
32100.0 0.1870167210868164
32300.0 0.18615492699244618
32500.0 0.18529313289807597
32700.0 0.1844696281579068
32900.0 0.1836575818615134
33100.0 0.18284550720263543
33300.0 0.182033460906242
33500.0 0.18124087127427968
33700.0 0.1804713687047763
33900.0 0.1797018094103038
34100.0 0.1789322501158313
34300.0 0.17816396713316549
34500.0 0.1774318463183563
34700.0 0.17669978222851623
34900.0 0.17596763305122243
35100.0 0.1752355405988978
35300.0 0.17451930277546085
35500.0 0.17381940174314972
35700.0 0.17311955743580776
35900.0 0.17241971312846582
36100.0 0.17171984045863928
36300.0 0.17104487005028574
36500.0 0.17037506161412816
36700.0 0.1697052531779706
36900.0 0.16903541637932848
37100.0 0.16836679916752387
37300.0 0.1677252681285059
37500.0 0.1670836803645188
37700.0 0.16644212096301628
37900.0 0.16580056156151374
38100.0 0.1651624907456162
38300.0 0.16454813096683873
38500.0 0.16393377118806127
38700.0 0.1633194114092838
38900.0 0.16270505163050633
39100.0 0.16209281903807338
39300.0 0.16150353169567647
39500.0 0.16091424435327956
39700.0 0.16032495701088265
39900.0 0.15973564130600115
40100.0 0.15914635396360424
40300.0 0.15857972824639746
40500.0 0.15801534316547355
40700.0 0.15745098644703423
40900.0 0.15688660136611032
41100.0 0.1563221879227018
41300.0 0.155771189934506
41500.0 0.15522923957889545
41700.0 0.1546872608608003
41900.0 0.1541453105051898
42100.0 0.15360336014957926
42300.0 0.1530645580297586
42500.0 0.1525451274869152
42700.0 0.1520256969440718
42900.0 0.15150626640122844
43100.0 0.15098680749590046
43300.0 0.15046734859057248
43500.0 0.1499591495916281
43700.0 0.14946039530005328
43900.0 0.14896166937096306
44100.0 0.14846291507938827
44300.0 0.14796416078781346
44500.0 0.14746540649623865
44700.0 0.14698253519603618
44900.0 0.14650371973113052
45100.0 0.1460249042662249
45300.0 0.14554608880131922
45500.0 0.1450672733364136
45700.0 0.14458848623399254
45900.0 0.14412657480990457
46100.0 0.1436666487597381
46300.0 0.14320669434708708
46500.0 0.14274679665940523
46700.0 0.14228684224675417
46900.0 0.14182694455907233
47100.0 0.14138210735070958
47300.0 0.14094016311577534
47500.0 0.1404982188808411
47700.0 0.14005627464590686
47900.0 0.13961433041097263
48100.0 0.1391723861760384
48300.0 0.13874119132276505
48500.0 0.1383164914784636
48700.0 0.13789176327167754
48900.0 0.13746706342737608
49100.0 0.13704236358307464
49300.0 0.13661763537628857
49500.0 0.1361969630047994
49700.0 0.13578885521398507
49900.0 0.13538074742317077
50100.0 0.13497266799484103
50300.0 0.1345645602040267
50500.0 0.13415645241321242
50700.0 0.1337483446223981
50900.0 0.1333508727633063
51100.0 0.132958109076657
51300.0 0.13256531702752308
51500.0 0.1321725533408738
51700.0 0.13177976129173993
51900.0 0.13138699760509062
52100.0 0.13099423391844134
52300.0 0.13061596346141927
52500.0 0.13023817516663527
52700.0 0.1298603868718513
52900.0 0.12948259857706731
53100.0 0.12910478191979874
53300.0 0.12872699362501475
53500.0 0.12835016965470694
53700.0 0.1279868462270656
53900.0 0.12762352279942424
54100.0 0.12726022773426748
54300.0 0.12689690430662612
54500.0 0.12653358087898478
54700.0 0.12617025745134344
54900.0 0.12580696238618666
55100.0 0.12545671406394288
55300.0 0.1251067210040604
55500.0 0.12475669958169336
55700.0 0.12440670652181089
55900.0 0.12405668509944384
56100.0 0.12370669203956138
56300.0 0.12335667061719434
56500.0 0.12301595208977391
56700.0 0.12267897741031983
56900.0 0.12234203109335032
57100.0 0.12200508477638082
57300.0 0.12166811009692673
57500.0 0.12133113541747265
57700.0 0.12099418910050315
57900.0 0.12066027756938513
58100.0 0.12033575402066754
58300.0 0.12001120210946536
58500.0 0.11968665019826318
58700.0 0.11936209828706099
58900.0 0.1190375463758588
59100.0 0.11871299446465662
59300.0 0.11838844255345443
59500.0 0.11807075436352384
59700.0 0.11775797288342792
59900.0 0.11744519140333198
60100.0 0.11713240992323606
60300.0 0.11681962844314014
60500.0 0.1165068469630442
60700.0 0.11619406548294828
60900.0 0.11588128400285236
61100.0 0.11557658583086552
61300.0 0.11527512098212238
61500.0 0.11497362777089461
61700.0 0.11467213455966686
61900.0 0.11437064134843909
62100.0 0.11406917649969593
62300.0 0.11376768328846817
62500.0 0.11346619007724043
62700.0 0.11317167403722264
62900.0 0.11288101529510955
63100.0 0.11259035655299647
63300.0 0.11229969781088339
63500.0 0.11200903906877031
63700.0 0.11171838032665722
63900.0 0.11142774994702873
64200.0 0.11099173347137452
64600.0 0.1104295323017643
65000.0 0.10986880598135294
65400.0 0.109308051298457
65800.0 0.10874732497804562
66200.0 0.10819995738787774
66600.0 0.10765905644419717
67000.0 0.107118127138032
67400.0 0.10657722619435141
67800.0 0.10604211119752788
68200.0 0.1055200996685865
68600.0 0.10499808813964512
69000.0 0.10447604824821914
69400.0 0.10395403671927778
69800.0 0.10344697221971709
70200.0 0.1029430275934617
70600.0 0.10243911132969091
71000.0 0.10193516670343553
71400.0 0.10143516446253861
71800.0 0.10094863440182357
72200.0 0.10046204761613933
72600.0 0.09997548919293969
73000.0 0.09948893076974005
73400.0 0.09901073927949544
73800.0 0.09854082963475214
74200.0 0.09807089162752422
74600.0 0.09760098198278089
75000.0 0.09713104397555299
75400.0 0.09667157172514003
75800.0 0.0962175734342536
76200.0 0.09576357514336718
76600.0 0.09530957685248075
77000.0 0.09485560692407892
77400.0 0.09441198930255366
77800.0 0.09397330675334768
78200.0 0.09353462420414169
78600.0 0.09309594165493568
79000.0 0.0926572591057297
79400.0 0.09222697185196335
79800.0 0.09180298106977672
80200.0 0.0913789619251055
80600.0 0.0909549711429189
81000.0 0.09053098036073227
81400.0 0.09011158430104978
81800.0 0.0897016613112215
82200.0 0.0892917099589086
82600.0 0.08888178696908029
83000.0 0.08847183561676741
83400.0 0.08806191262693912
83800.0 0.08766478111766243
84200.0 0.08726844375795438
84600.0 0.08687207803576172
85000.0 0.08647571231356907
85400.0 0.08607934659137641
85800.0 0.08568848319119488
86200.0 0.08530516421191518
86600.0 0.08492184523263549
87000.0 0.0845385262533558
87400.0 0.08415520727407609
87800.0 0.08377185993231182
88200.0 0.08339795729791713
88600.0 0.0830271745368277
89000.0 0.08265639177573829
89400.0 0.08228560901464888
89800.0 0.08191485461604406
90200.0 0.08154407185495464
90600.0 0.08118449227527962
91000.0 0.08082579193262698
91400.0 0.08046709158997437
91800.0 0.08010836288483714
92200.0 0.0797496625421845
92600.0 0.07939096219953187
93000.0 0.07904337995083985
93400.0 0.07869633658935511
93800.0 0.07834929322787036
94200.0 0.07800227822887021
94600.0 0.07765523486738547
95000.0 0.07730819150590071
95400.0 0.07697033758942423
95800.0 0.07663449740935388
96200.0 0.07629868559176811
96600.0 0.07596284541169775
97000.0 0.07562703359411199
97400.0 0.07529122177652624
97800.0 0.07496108245585915
98200.0 0.07463610510738806
98600.0 0.07431112775891698
99000.0 0.07398617877293048
99400.0 0.0736612014244594
99800.0 0.07333622407598832
100200.0 0.07301189906466286
100400.00000000009 0.07285465745007703
100748.43066198383 0.07258074681325408
101098.07052641988 0.07230585712921671
101448.92378975474 0.07203004182365401
101800.9946629978 0.07175324086086722
102154.28737177301 0.07147550764360584
102508.80615636887 0.07119678211315167
102864.55527178946 0.07091825283685425
103221.53898780573 0.07064635748993171
103579.76158900595 0.07037379082532384
103939.22737484834 0.070100289265999
104299.94065971187 0.06982584449694354
104661.9057729482 0.06955041912229752
105025.12705893395 0.06927405943568352
105389.60887712192 0.06899672677595042
105755.35560209466 0.06872344947795332
106122.37162361621 0.06845332330961186
106490.66134668495 0.06818225968868419
106860.22919158668 0.06791028372429594
107231.07959394684 0.0676373354268289
107603.217004785 0.0673634398827884
107976.64589056744 0.06708859380482635
108351.370733261 0.06681347790740452
108727.39603038708 0.06654588441863254
109104.72629507471 0.06627801276244741
109483.36605611602 0.06600921147779124
109863.31985801981 0.06573944897597364
110244.59226106624 0.06546877874456168
110627.1878413618 0.0651971691724333
111011.11119089334 0.06492458863719285
111396.36691758451 0.06465589838090496
111782.95964535022 0.06439197732294087
112170.89401415233 0.0641271320915795
112560.17468005554 0.06386135591125298
112950.80631528242 0.06359467755173193
113342.79360827077 0.06332707370498636
113736.1412637291 0.0630585127966977
114130.85400269323 0.06278934586155466
114526.93656258319 0.06252885740001833
114924.39369725919 0.06226876388375164
115323.23017708007 0.06200776783089439
115723.45078895958 0.06174585945803472
116125.06033642414 0.061483027213311746
116528.06363967061 0.061219304714052056
116932.46553562334 0.06095466708408898
117338.27087799355 0.06069325975305347
117745.48453733666 0.06043829065109421
118154.11140111096 0.06018244739339175
118564.15637373661 0.05992568769152761
118975.62437665339 0.059668058274918084
119388.52034838134 0.05940952006647439
119802.84924457902 0.05915010675523524
120218.61603810318 0.05888979467101984
120635.82571906883 0.05863843032236863
121054.48329490799 0.0583884170472576
121474.59379043133 0.05813755707963882
121896.16224788758 0.057885811211752736
122319.19372702412 0.057633191875592946
122743.69330514787 0.05737969603985338
123169.6660771864 0.05712532066270789
123597.11715574806 0.056873356062815315
124026.0516711849 0.05662947056005882
124456.47477165324 0.05638475213158553
124888.39162317566 0.056139163281379155
125321.80740970328 0.0558927503975615
125756.72733317701 0.055645469886268124
126193.15661359143 0.0553973272361819
126631.1004890565 0.05514831983230391
127070.56421586059 0.054907542507539715
127511.55306853396 0.0546694273171864
127954.0723399109 0.054430472641287364
128398.12734119488 0.0541906863278694
128843.72340202122 0.05395009554614955
129290.86587052139 0.05370864486863218
129739.56011338736 0.05346636860031658
130189.81151593504 0.05322549303638071
130641.62548217046 0.0529941465154317
131095.00743485359 0.05276202431137352
131549.96281556363 0.05252911315855548
132006.49708476473 0.052295365342583756
132464.61572187033 0.05206083478328105
132924.3242253105 0.051825483404326175
133385.628112597 0.05158930071544779
133848.53292038973 0.05136037703792698
134313.04420456337 0.05113540998697077
134779.167540273 0.050909662007895096
135246.90852202274 0.050683130390547414
135716.27276373174 0.050455817030730044
136187.2658988018 0.050227705353366854
136659.8935801853 0.04999882345337891
137134.16148045196 0.0497701752771766
137610.07529185852 0.04955253604157087
138087.64072641605 0.04933411284756407
138566.86351595866 0.049114950399556316
139047.7494122127 0.04889503107914933
139530.30418686455 0.04867434014709194
140014.53363163173 0.048452896618354
140500.44355833106 0.04823065605450551
140988.03979894897 0.04801450400561664
141477.32820571162 0.04780351670047394
141968.3146511539 0.04759181285618999
142461.00502819192 0.047379380860638975
142955.40525019236 0.04716621173422664
143451.52125104374 0.046952302918795666
143949.35898522806 0.046737651847310734
144448.924427891 0.04652281099116109
144950.2235749154 0.0463186970289962
145453.2624429921 0.04611460190651257
145958.04706969234 0.04590979638732411
146464.58351354074 0.04570428492465116
146972.87785408652 0.04549805171695411
147482.9361919785 0.04529111603844272
147994.76464903704 0.045083443243657255
148508.36936832778 0.044880609335671146
149023.7565142358 0.04468408689632065
149540.9322725382 0.04448688214530976
150059.90285048028 0.04428899271472697
150580.6744768489 0.04409041622844323
151103.25340204738 0.04389115122482896
151627.64589817091 0.043691200384060686
152153.85825908065 0.04349055582577166
152681.89680048096 0.04330033250877123
153211.76785999417 0.043110795268688724
153743.47779723676 0.042920571989790234
154277.0329938962 0.042729717114628474
154812.43985380605 0.042538196462130196
155349.70480302497 0.04234598995627981
155888.8342899124 0.04215314143102989
156429.8347852063 0.041963865899963024
156972.71278210124 0.04178195408792866
157517.47479632485 0.04159943903180363
158064.1273662182 0.041416280002789796
158612.67705281274 0.041232480557490236
159163.1304399096 0.04104804344687513
159715.49413415877 0.0408629664579748
160269.77476513712 0.04067724737013988
160825.97898542997 0.040500576664769465
161384.11347070962 0.04032571099756403
161944.18491981577 0.04015026663781429
162506.2000548363 0.039974186512301654
163070.1656211866 0.03979751149470545
163636.0883876925 0.039620213399451626
164203.97514667013 0.03944229244392332
164773.83271400793 0.03926674767673621
165345.66792924836 0.039099419765056195
165919.48765567035 0.03893150602095769
166495.29878037024 0.03876302234546788
167073.10821434658 0.03859394613599369
167652.9228925817 0.03842428489195833
168234.74977412526 0.03825402538913384
168818.59584217807 0.03808318987896721
169404.46810417465 0.037919933316813384
169992.37359186928 0.03775955337085498
170582.3193614191 0.037598588377420965
171174.31249346913 0.03743709312954705
171768.3600932375 0.03727500896362587
172364.46929059955 0.03711239065926081
172962.64724017525 0.03694917953936532
173562.90112141386 0.03678724964617606
174165.23813868032 0.0366343029999028
174769.6655213422 0.03648084297386176
175376.19052385495 0.03632684313121382
175984.8204258511 0.03617231757557415
176595.5625322263 0.03601725584902527
177208.42417322725 0.035861653701521445
177823.4127045401 0.03570548807129406
178440.53550737724 0.03555557215419114
179059.79998856818 0.03540946904084138
179681.21358064678 0.035262830426691684
180304.7837419411 0.035115682914241185
180930.51795666298 0.03496802473739644
181558.42373499667 0.03481985412393521
182188.508613191 0.03467119765796917
182820.7801536484 0.03452269080587238
183455.24594501613 0.034383753534233286
184091.9136022776 0.03424433712136347
184730.79076684228 0.03410444961171356
185371.88510663982 0.03396407663296413
186015.20431621035 0.03382321650033112
186660.7561167974 0.03368183916069899
187308.54825644082 0.033539999642538634
187958.58851006837 0.03340315305647189
188610.8846795912 0.03327093257718894
189265.44459399607 0.033138275217239666
189922.27610943964 0.033005131919987704
190581.38710934314 0.03287152636205919
191242.78550448545 0.03273746907424542
191906.4792331004 0.03260295040412619
192572.47626097052 0.03246805119677533
193240.7845815229 0.03234244518868587
193911.41221592567 0.0322167953434864
194584.36721318262 0.032090714267499244
195259.65765023217 0.031964198589335434
195937.29163204285 0.0318372435527197
196617.27729171072 0.03170984763289154
197299.62279055765 0.031582009299798784
197984.33631822755 0.031457948912475595
198671.42609278703 0.03133921286705202
199360.90036082253 0.031220047681101766
200052.7673975396 0.031100488777690397
200747.03550686277 0.030980499439885553
201443.7130215334 0.03086010732778304
202142.80830321225 0.03073929760075424
202844.3297425782 0.030618056236481502
203548.28575942936 0.03050493326988727
204254.6848027845 0.03039262070591111
204963.53535098286 0.030279907732044056
205674.84591178835 0.030166795658942494
206388.62502249 0.030053305600109707
207104.88125000495 0.02993940087286698
207823.62319098154 0.029825123002330298
208544.8594719008 0.029713559164108637
209268.59874918268 0.02960794943074915
209994.84970928813 0.02950196081304277
210723.62106882382 0.029395604763515742
211454.9215746472 0.0292888927923849
212188.76000396966 0.02918178845193834
212925.1451644646 0.029074340481114614
213664.08589437135 0.02896649086397123
214405.5910626017 0.028865512149769224
215149.66956884676 0.028766155159328583
215896.33034368197 0.028666453398029784
216645.5823486771 0.02856641956880775
217397.43457650184 0.02846603765521433
218151.8960510343 0.028365280272142936
218908.9758274697 0.028264200752050123
219668.68299242735 0.028164864726550984
220431.02666406232 0.02807199306546007
221196.01599217302 0.02797879949396163
221963.66015831166 0.027885282894889764
222733.96837589474 0.027791442147201462
223506.94989031187 0.027697274154801832
224282.61397903945 0.027602783702338096
225060.96995175022 0.027507963743570576
225842.02715042542 0.027418810675288938
226625.79494946744 0.027332079548427788
227412.28275581042 0.02724503382121502
228201.50000903595 0.027157678863722588
228993.45618148448 0.02707002280025804
229788.16077836952 0.02698208737393067
230585.62333789226 0.026893820372684226
231385.85343135396 0.02680646018777827
232188.8606632739 0.02672603508603337
232994.65467150253 0.026645330973441055
233803.24512733784 0.02656431851923051
234614.64173564175 0.026483077686448902
235428.8542349548 0.026401526687126056
236245.89239761574 0.0263196766359134
237065.76602987712 0.026237562877408502
237888.48497202326 0.026160098461776044
238714.05909848903 0.026085694426397802
239542.4983179762 0.026011044034120214
240373.81257357553 0.0259361311624922
241208.01184288395 0.02586095662958919
242045.10613812497 0.02578551355907305
242885.10550626923 0.025709808472185146
243728.0200291531 0.02563423658168684
244573.85982360275 0.025565624843810565
245422.63504155353 0.025496753051424938
246274.3558701723 0.025427665116881562
247129.0325319802 0.025358329288122018
247986.67528497343 0.025288760133128377
248847.29442274923 0.025218949543605575
249710.90027462755 0.025148896681673204
250577.5032057754 0.02508208080886131
251447.1136173319 0.025018475246643843
252319.741946531 0.024954648847668355
253195.39866682977 0.024890600845537424
254074.09428803218 0.02482635148617497
254955.83935641564 0.02476186531539643
255840.64445485763 0.024697147878771416
256728.52020296326 0.024632270459017034
257619.47725719062 0.024572956667903326
258513.52631098175 0.024513762041443794
259410.67809488898 0.024454364520901113
260310.94337670426 0.024394782668401702
261214.33296158884 0.02433497219276019
262120.8576922009 0.024274951428487974
263030.5284488288 0.024214742464237184
263943.3561495196 0.024156585800315693
264859.35175021074 0.024101565113726985
265778.5262448618 0.024046324922632034
266700.8906655845 0.02399092128865607
267626.45608277834 0.02393530432478615
268555.23360526125 0.023879507577228058
269487.23438040353 0.02382352452403012
270422.46959426196 0.02376731862650489
271360.9504717122 0.023715262423893036
272302.6882765867 0.023663694790540073
273247.69431180746 0.023611965542648876
274195.97991952254 0.023560056772286696
275147.55648124265 0.023507967856434237
276102.4354179754 0.023455698169910177
277060.6281903659 0.023403218722878847
278022.1462988321 0.023351990784922002
278987.001283703 0.023303663286282902
279955.20472535834 0.02325514670079651
280926.7682443648 0.023206465339438875
281901.7035016192 0.023157627889640285
282880.0221984859 0.02310862251170565
283861.73607693805 0.023059429660147995
284846.856919699 0.023010073397124384
285835.39655038144 0.022963647576911085
286827.3668336328 0.02291801257010307
287822.7796752752 0.022872219387289942
288821.64702244906 0.02282626747953376
289823.9808637571 0.0227801494944227
290829.79322940577 0.02273385692142393
291839.0961913531 0.0226874255261273
292851.90186345164 0.022641633813576457
293868.22240159387 0.02259847182470628
294888.0700038592 0.022555149444731633
295911.45691065746 0.022511699088584212
296938.39540488017 0.022468102025633135
297968.8978120446 0.022424334810226144
299002.9765004432 0.022380426336377827
300040.643881292 0.022336365186178025
301081.9124088775 0.022294278310095953
302126.7945807098 0.02225311339082485
303175.3029376698 0.022211777150877608
304227.45006416074 0.022170297456613138
305283.2485882598 0.022128673810183994
306342.71118186694 0.022086905712015038
307405.8505608609 0.022045021023281923
308472.6794852493 0.02200331821424461
309543.21075932245 0.021963959859385044
310617.4572318076 0.021924469471895122
311695.4317960206 0.021884831722468388
312777.1473900245 0.021845082868893192
313862.6169967824 0.0218051802009018
314951.8536443137 0.021765132155915762
316044.87040585116 0.021724944733476883
317141.68039999536 0.021686073421922927
318242.2967908759 0.021648115085458
319346.7327883069 0.021610028951727114
320455.0016479461 0.0
321567.116671454 0.0
322683.09120665427 0.0
323802.93864769104 0.0
324926.672435194 0.0
326054.30605643673 0.0
327185.8530454994 0.0
328321.326983432 0.0
329460.74149841425 0.0
330604.11026592366 0.0
331751.4470088968 0.0
332902.76549789455 0.0
334058.07955126825 0.0
335217.40303532267 0.0
336380.74986448674 0.0
337548.13400147745 0.0
338719.56945746863 0.0
339895.07029225933 0.0
341074.65061444003 0.0
342258.32458156615 0.0
343446.10640032514 0.0
344638.0103267076 0.0
345834.0506661794 0.0
347034.2417738501 0.0
348238.5980546498 0.0
349447.1339634991 0.0
350659.8640054834 0.0
351876.8027360276 0.0
353097.96476106776 0.0
354323.3647372312 0.0
355553.01737200917 0.0
356786.93742393394 0.0
358025.13970275706 0.0
359267.6390696242 0.0
360514.4504372573 0.0
361765.5887701314 0.0
363021.06908465445 0.0
364280.90644934855 0.0
365545.1159850277 0.0
366813.7128649837 0.0
368086.7123151656 0.0
369364.1296143627 0.0
370645.98009438923 0.0
371932.2791402647 0.0
373223.04219040385 0.0
374518.28473679814 0.0
375818.0223252031 0.0
377122.2705553253 0.0
378431.04508100665 0.0
379744.36161041673 0.0
381062.23590623855 0.0
382384.6837858583 0.0
383711.7211215558 0.0
385043.36384069227 0.0
386379.62792590604 0.0
387720.529415301 0.0
389066.08440264023 0.0
390416.3090375398 0.0
391771.21952565934 0.0
393130.8321289014 0.0
394495.16316560353 0.0
395864.22901073477 0.0
397238.0460960931 0.0
398616.63091049937 0.0
400000.0000000001 0.0
