91.0 0.0
94.0 0.0
96.0 0.0
98.0 0.0
100.0 0.0
102.0 0.0
104.0 0.0
106.0 0.0
108.0 0.0
110.0 0.0
114.0 0.0
118.0 0.0
121.0 0.0
125.0 0.0
127.0 0.0
128.0 0.0
131.0 0.0
132.0 0.0
134.0 0.0
137.0 0.0
140.0 0.0
143.0 0.0
147.0 0.0
151.0 0.0
155.0 0.0
159.0 0.0
162.0 0.0
166.0 0.0
170.0 0.0
173.0 0.0
177.0 0.0
180.0 0.0
182.0 0.0
186.0 0.0
191.0 0.0
194.0 0.0
198.0 0.0
202.0 0.0
205.0 0.0
210.0 0.0
216.0 0.0
220.0 0.0
223.0 0.0
227.0 0.0
230.0 0.0
234.0 2.12886114581133e-10
240.0 5.372336733889453e-10
246.0 8.67679007858964e-10
252.0 6.021541374303479e-09
257.0 1.8482314871245653e-08
260.0 2.6052377143041913e-08
264.0 7.195425209427386e-08
269.0 1.3014105306214086e-07
274.0 1.7450609726629556e-07
279.0 2.1584811351630372e-07
284.0 2.1178775380190578e-07
290.0 1.9287102614028427e-07
296.0 1.6935654221641666e-07
301.0 1.9249485041057772e-07
308.0 4.6941615026396727e-07
318.0 1.0387265121207917e-06
328.0 1.6293227565628932e-06
338.0 2.147478262607075e-06
348.0 2.4004074219377574e-06
357.0 2.4263743200130682e-06
366.0 2.329068928741851e-06
375.0 2.210269334397579e-06
385.0 2.360705684441924e-06
395.0 2.9942355954670367e-06
405.0 3.7226072405969703e-06
414.0 4.315348351109113e-06
422.0 4.943018713082063e-06
430.0 5.706434785000651e-06
441.0 7.04690204031488e-06
451.0 8.333805745540445e-06
460.0 9.521504643284435e-06
470.0 1.1051947409886372e-05
480.0 1.2884769033193027e-05
490.0 1.5036343778353737e-05
500.0 1.802146819579254e-05
506.0 2.0513047965873672e-05
512.0 2.306629088075726e-05
520.0 2.658674435376326e-05
530.0 2.9874147594554517e-05
540.0 3.354289899692611e-05
550.0 3.9737513813594213e-05
560.0 4.7054071869151405e-05
570.0 5.459054125005981e-05
580.0 6.248552353917686e-05
590.0 7.169884615635141e-05
600.0 8.275796509762121e-05
610.0 9.552218016580853e-05
620.0 0.00010918905913569683
630.0 0.0001244743519959765
640.0 0.0001418796720287172
650.0 0.00016389278650929032
658.0 0.00018417601663314962
665.0 0.0002039019636007653
675.0 0.0002336940242533012
685.0 0.00026569210494593865
695.0 0.0003017206146709475
705.0 0.0003449442048518694
716.0 0.0004057522758956325
726.0 0.00047299109007515656
735.0 0.0005505506110217282
745.0 0.0006721104951639717
755.0 0.000834282030679705
765.0 0.0010345308767132513
775.0 0.0013246600468341842
785.0 0.001740619673961673
795.0 0.002287146376240135
805.0 0.0030052811297680525
815.0 0.003777574326198673
825.0 0.004580400368901584
835.0 0.005550542098555566
845.0 0.0067218760417888
855.0 0.008039644833622715
865.0 0.00951693471222158
875.0 0.011265465611979464
885.0 0.01333520466218411
895.0 0.01610782951965101
905.0 0.01975364797622493
915.0 0.024143785517405543
925.0 0.033378482753149134
935.0 0.0487096686335514
945.0 0.06402258015802288
955.0 0.07891154644568768
965.0 0.09312578950904007
975.0 0.10530212798194229
985.0 0.11777843251345615
995.0 0.13043485841918856
1005.0 0.14347106120047354
1015.0 0.15730794793468594
1025.0 0.17192726966982352
1035.0 0.18756114833201634
1045.0 0.20348067387929458
1055.0 0.2197945614545879
1065.0 0.2351740750547906
1075.0 0.2488636615035546
1085.0 0.26263790224727973
1095.0 0.27687882413007164
1105.0 0.2916735757664057
1115.0 0.31012739855046234
1125.0 0.3284543584314159
1135.0 0.3435270097283829
1145.0 0.3592875311633458
1155.0 0.37583898232737767
1165.0 0.3857695250666785
1175.0 0.38817386749594635
1185.0 0.3785813617058623
1195.0 0.355726720471964
1205.0 0.3316223310492194
1208.72 0.32044792401705885
1208.8 0.3202056832019734
1208.87 0.3199936560606638
1208.94 0.31978156693392107
1209.02 0.3195391034772774
1209.09 0.31932688157003325
1209.16 0.3191145977197468
1209.23 0.3189022519399028
1209.31 0.3186594952338322
1209.38 0.31844701679317927
1209.45 0.31823447646532604
1209.53 0.3179914974705294
1209.6 0.3177788245726074
1209.67 0.31756608982981555
1209.75 0.3173228886983428
1209.82 0.31711002147616585
1209.89 0.3168970924514258
1209.96 0.3166841016375789
1210.04 0.3164307928146371
1210.11 0.3162004901437576
1210.18 0.31597012183264994
1210.26 0.3157067634053816
1210.33 0.31547625448482697
1210.4 0.31524567996900776
1210.47 0.31501503987222607
1210.55 0.3147513709053114
1210.62 0.31452059032603685
1210.69 0.31428974421072514
1210.77 0.3140258398490635
1210.84 0.3137948533475008
1210.91 0.3135638013547997
1210.99 0.31329966175965945
1211.06 0.3130684694768894
1211.13 0.3128372117478514
1211.2 0.31260588858681876
1211.28 0.3123414391574161
1211.35 0.3121099758330066
1211.42 0.3118784471214347
1211.5 0.3116137628320179
1211.57 0.3113820940531124
1211.64 0.31115035993185
1211.72 0.31088544094335463
1211.79 0.3106535668507415
1211.86 0.3104216274605498
1211.93 0.3101896227870203
1212.01 0.3099243946681876
1212.08 0.3096922501497377
1212.15 0.30946004039269087
1212.23 0.3091945779474677
1212.3 0.3089622284413427
1212.37 0.308729813741334
1212.44 0.30849733386166095
1212.52 0.3082315627770144
1212.59 0.30799894327450916
1212.66 0.30776625863701534
1212.74 0.3075002535981226
1212.81 0.3072674294334987
1212.88 0.3070345401785329
1212.96 0.30676830134575905
1213.03 0.3065352726593045
1213.1 0.30630217892712813
1213.17 0.30606902016341964
1213.25 0.3058024733926498
1213.32 0.30556917532343225
1213.39 0.305335812267264
1213.47 0.30506903207397507
1213.54 0.30483552980779927
1213.61 0.3046019625992256
1213.69 0.30433494914344283
1213.76 0.3041012428203
1213.83 0.30386747159928423
1213.9 0.30363363549455497
1213.98 0.30336631480072584
1214.05 0.30313233970714193
1214.12 0.3028982997743318
1214.2 0.3026307461885854
1214.27 0.302396567362218
1214.34 0.3021623237410827
1214.41 0.3019280153393186
1214.49 0.30166015500364907
1214.56 0.3014257078338546
1214.63 0.3011911959278517
1214.71 0.30092310307028974
1214.78 0.3006884524914115
1214.85 0.30045373722071794
1214.93 0.3001854120007099
1215.0 0.29995055815223504
1215.07 0.299715639656307
1215.14 0.299480656527035
1215.22 0.29921202525452273
1215.29 0.29897690367272733
1215.36 0.29874171750191386
1215.44 0.2984728542361871
1215.51 0.29823752970780126
1215.58 0.29800214063469227
1215.66 0.29773304553485774
1215.73 0.29749751819906656
1215.8 0.2972619263628205
1215.87 0.2970262700401988
1215.95 0.2967568695837782
1216.02 0.29652107512346104
1216.09 0.2962852162209972
1216.17 0.29601558429890357
1216.24 0.29577958735349064
1216.31 0.2955435260101316
1216.38 0.2953074002828832
1216.46 0.295037463489501
1216.53 0.2948011998441023
1216.6 0.29456487185897734
1216.68 0.29429470396779855
1216.75 0.29405823815912363
1216.82 0.2938217080548559
1216.9 0.2935513092243999
1216.97 0.2933146413911231
1217.04 0.2930779093063569
1217.11 0.2928411129841296
1217.19 0.2925704099757415
1217.26 0.2923334760490297
1217.33 0.29209647792892185
1217.41 0.2918255443483315
1217.48 0.291588408718135
1217.55 0.29135120893857896
1217.63 0.2910800449439577
1217.7 0.29084270774864596
1217.77 0.2906053064479815
1217.84 0.2903678410559615
1217.92 0.29009637357524787
1217.99 0.2898587708917236
1218.06 0.2896211041608127
1218.14 0.2893494066323369
1218.21 0.28911160270410985
1218.28 0.28887373477243466
1218.35 0.28863580285128665
1218.43 0.2883638023191543
1218.5 0.2881257333247506
1218.57 0.2878876003847748
1218.65 0.28761537017058364
1218.72 0.28737710025139346
1218.79 0.2871387664305031
1218.87 0.28686630669183294
1218.94 0.2866278359857068
1219.01 0.2863893014217234
1219.08 0.28615070301382445
1219.16 0.28587794096074315
1219.23 0.2856392057913948
1219.3 0.2854004068219346
1219.38 0.2851274156092647
1219.45 0.2848884799721869
1219.52 0.2846494805787721
1219.6 0.2843762603637427
1219.67 0.28413712439647903
1219.74 0.28389792471662223
1219.81 0.28365866133808476
1219.89 0.2833851394963561
1219.96 0.2831457396674789
1220.03 0.2832404437887482
1220.11 0.28385795989473467
1220.18 0.28439840080612677
1220.25 0.2849389483900159
1220.32 0.2854796026226319
1220.4 0.28609762373398706
1220.47 0.28663850641957095
1220.54 0.28717949567921136
1220.62 0.28779789958718366
1220.69 0.2883391171398506
1220.76 0.28888044119196205
1220.84 0.2894992276285672
1220.91 0.2900407798138918
1220.98 0.2905824384241118
1221.05 0.291124203435522
1221.13 0.29174349370533176
1221.2 0.2922854866394894
1221.27 0.29282758590036767
1221.35 0.2934472580784062
1221.42 0.2939895851025227
1221.49 0.2945320183789502
1221.57 0.2951520721979576
1221.64 0.2956947330782423
1221.71 0.29623750013649036
1221.78 0.2967803733490606
1221.86 0.2974009298322761
1221.93 0.29794403043881035
1222.0 0.29848723712539776
1222.08 0.29910817463086126
1222.15 0.2996516085523341
1222.22 0.30019514847965434
1222.29 0.300738794389226
1222.37 0.3013602337440858
1222.44 0.3019041066790481
1222.51 0.3024480855221336
1222.59 0.30306990528169697
1222.66 0.30361411099139857
1222.73 0.30415842253515857
1222.81 0.304780622433398
1222.88 0.30532516068512894
1222.95 0.305869804696915
1223.02 0.3064145544452249
1223.1 0.3070372550292633
1223.17 0.30758223127662193
1223.24 0.3081273131865787
1225.0 0.32186688632594923
1235.0 0.40318060647179865
1245.0 0.45721863317858025
1255.0 0.4807884280239675
1265.0 0.5029800788014975
1275.0 0.5238129285641175
1285.0 0.5302156993231365
1295.0 0.5207840539298497
1305.0 0.5261363579592726
1315.0 0.5479828403280376
1325.0 0.5600064754002975
1335.0 0.5611004554081775
1345.0 0.5645682078184893
1355.0 0.5708198504281625
1365.0 0.5745073281761445
1375.0 0.5747491132339924
1385.0 0.5699141964935808
1395.0 0.5604671921464651
1405.0 0.5674704275894656
1415.0 0.5912952217352286
1425.0 0.611696569256446
1435.0 0.628692477607892
1442.0 0.6396957726843053
1447.0 0.6459289080133571
1455.0 0.6558071605197514
1465.0 0.6632358000451329
1475.0 0.6656183245908839
1485.0 0.6674370998001029
1495.0 0.6688574527209998
1505.0 0.6700152439362128
1512.0 0.6705922850550213
1517.0 0.6709417794616285
1525.0 0.666160824461148
1535.0 0.6560671526183102
1545.0 0.6437917900736969
1555.0 0.6289736571762339
1565.0 0.6329113033489067
1575.0 0.6565617257632469
1585.0 0.6645173119167123
1595.0 0.655549355547684
1605.0 0.6509948260306515
1615.0 0.6505755732818672
1625.0 0.6519991971271151
1635.0 0.6564420365041681
1645.0 0.6557059826740526
1655.0 0.6497034742314175
1665.0 0.6530859212876257
1672.0 0.6620650749758699
1677.0 0.6685601221770933
1685.0 0.6706431690303442
1695.0 0.667276799830839
1705.0 0.6655973954872572
1715.0 0.665246217909101
1725.0 0.6668006364778954
1735.0 0.6698704269525878
1745.0 0.6699337194081803
1755.0 0.6676031638275641
1765.0 0.6664755036263476
1775.0 0.6667257017112818
1785.0 0.6643988978856341
1795.0 0.6587608321605688
1805.0 0.6533773849520134
1815.0 0.6492034639584756
1825.0 0.644124736305514
1835.0 0.6372127137008912
1845.0 0.6369267005995247
1855.0 0.6432963640396638
1865.0 0.6421885851157638
1875.0 0.6330968704692571
1885.0 0.6278327199762431
1895.0 0.6273933938067721
1905.0 0.6255597458837379
1915.0 0.6209913064408304
1925.0 0.615941061136838
1935.0 0.6125981185659277
1945.0 0.6136262806657031
1955.0 0.6173944908730477
1967.0 0.6136488611690347
1976.0 0.6061125901403086
1984.0 0.6045392630011701
1995.0 0.6099115131627298
2005.0 0.6092616518113262
2015.0 0.6032589421783341
2025.0 0.5983869706550708
2035.0 0.5948348554684192
2045.0 0.5939990015991393
2055.0 0.5953465869627949
2065.0 0.5938105146275131
2074.0 0.5904268521322549
2078.0 0.5891896726585631
2085.0 0.5893270294195675
2095.0 0.5907128272351048
2105.0 0.5925860442274075
2115.0 0.5950412160623845
2125.0 0.5947331074345817
2135.0 0.5919264559424413
2145.0 0.5912147117206954
2155.0 0.5917973877253485
2165.0 0.5916914979739135
2175.0 0.5906391207095528
2185.0 0.5893803681554435
2195.0 0.5885901651491023
2205.0 0.5873936532328752
2215.0 0.5862593030626576
2225.0 0.5866156059495572
2235.0 0.5882232992061339
2245.0 0.5884548352150836
2255.0 0.5868369407289632
2265.0 0.5851412794732829
2275.0 0.5836207345597554
2285.0 0.5826041956727938
2295.0 0.5828097847138612
2305.0 0.5848242680615958
2315.0 0.5880100627244784
2325.0 0.5894435253919912
2335.0 0.5893996901540886
2345.0 0.5909397176895345
2355.0 0.5936151115628682
2365.0 0.5932739536875821
2375.0 0.589559477499897
2385.0 0.5871389522677879
2395.0 0.5876020905067445
2405.0 0.5916359941176571
2415.0 0.5989935496609204
2425.0 0.6040334660023803
2435.0 0.6055891944844589
2445.0 0.6066773541113035
2455.0 0.6078233674964589
2465.0 0.6049715978043065
2475.0 0.5995645059183855
2485.0 0.596386613268112
2495.0 0.5969229588307248
2505.0 0.5979562451308558
2513.0 0.595960129473567
2518.0 0.5939120255749192
2525.0 0.5934274133131846
2535.0 0.5944264928330699
2545.0 0.5959940859949027
2555.0 0.5968912933152567
2565.0 0.5979646864491182
2575.0 0.5999046568642039
2585.0 0.6009375258261023
2595.0 0.6011883737231151
2605.0 0.6019952423831464
2615.0 0.6049669713167761
2625.0 0.6073702722200577
2635.0 0.6088992802785962
2645.0 0.611348162237411
2655.0 0.6111153858945378
2665.0 0.6112627775248364
2675.0 0.6146006352106143
2685.0 0.616441486751627
2695.0 0.6168122011082178
2705.0 0.6185248676679038
2715.0 0.6211852151111443
2725.0 0.6217050366817608
2735.0 0.6177841690137651
2745.0 0.6138477175834888
2755.0 0.6123962886465849
2765.0 0.6160489441404292
2775.0 0.6220509895064198
2785.0 0.6218558442545129
2795.0 0.6169398170684508
2805.0 0.6156524394991536
2815.0 0.6191031421620664
2825.0 0.622339534757277
2835.0 0.6239546226629805
2845.0 0.6203379807309555
2855.0 0.6168794384257377
2865.0 0.6229359943709255
2875.0 0.6299513135170925
2885.0 0.6318246839176028
2895.0 0.6344803803570946
2910.0 0.6381330282811677
2930.0 0.6359221975070309
2950.0 0.6362582760021818
2970.0 0.6323038495840957
2990.0 0.6318100470046722
3010.0 0.6274449958019226
3030.0 0.6396812017408883
3050.0 0.6417245438064453
3070.0 0.6511936587295016
3090.0 0.6464571172485551
3110.0 0.6709794219870249
3130.0 0.6725701980318544
3150.0 0.6687160932632343
3170.0 0.6791302985683006
3190.0 0.6809984094383617
3210.0 0.6717175974378692
3230.0 0.6499726942541416
3250.0 0.6978648930558784
3270.0 0.7003714952859471
3290.0 0.7002330415917847
3310.0 0.6937677211290711
3330.0 0.7065915676999693
3350.0 0.7022937061703034
3370.0 0.6956035518414241
3390.0 0.696483523361911
3410.0 0.7018465198380154
3430.0 0.6994380460462293
3450.0 0.698151542934334
3470.0 0.7027423745659812
3490.0 0.7055668515909073
3510.0 0.7079828268607948
3530.0 0.7180717286657153
3550.0 0.7195565297829039
3570.0 0.7088082063885177
3590.0 0.70379343313655
3610.0 0.7107642088259855
3630.0 0.7216034298218008
3640.0 0.7274346478737683
3650.0 0.7425775860679026
3670.0 0.7225747169467561
3690.0 0.7165749251824881
3704.66 0.7117525468234335
3704.88 0.7119252925673695
3705.11 0.7121059050550061
3705.33 0.7122786788522097
3705.55 0.7124514663637215
3705.78 0.7126321225161265
3706.0 0.7128049380783562
3706.22 0.7129777673536468
3706.45 0.7131584671668512
3706.67 0.7133313244903098
3706.89 0.7135041955255814
3707.12 0.7136849389956146
3707.34 0.7138578380765024
3707.56 0.7140307508679558
3707.79 0.7142115379908449
3708.01 0.7143844788253625
3708.24 0.7145652952651027
3708.46 0.714738264140968
3708.68 0.714911246725313
3708.91 0.7150921068112656
3709.13 0.7152651174344048
3709.35 0.715438141764774
3709.58 0.7156190454929624
3709.8 0.7157920978595711
3710.0 0.7159494300864827
3710.02 0.7160034070286617
3710.25 0.7166241763347126
3710.47 0.7172180150199652
3710.7 0.7178389084179104
3710.92 0.7184328657968478
3711.14 0.719026881201687
3711.37 0.7196479593473948
3711.59 0.7202420934372464
3711.81 0.7208362855487583
3712.04 0.7214575484287246
3712.26 0.7220518592165706
3712.48 0.7226462280218334
3712.71 0.723267675622546
3712.93 0.7238621630954583
3713.16 0.7244837347547542
3713.38 0.7250783408894823
3713.6 0.7256730050345271
3713.83 0.7262947613919649
3714.05 0.7268895441901329
3714.27 0.7274843849943684
3714.5 0.7281063260364131
3714.72 0.7287012854850735
3714.94 0.7292963029355505
3715.17 0.7299184286486616
3715.39 0.7305135647348601
3715.62 0.7311358144731711
3715.84 0.7317310691892467
3716.06 0.7323263819000201
3716.29 0.7329488162867437
3716.51 0.7335442476186832
3716.73 0.7341397369410612
3716.96 0.7347623559626335
3717.18 0.7353579638974611
3717.4 0.7359536298184665
3717.63 0.7365764334613171
3717.85 0.7371722179860495
3718.08 0.7377951456206439
3718.3 0.7383910487432457
3718.52 0.7389870098448931
3718.75 0.7396101220780626
3718.97 0.7402062017688484
3719.19 0.7408023394344122
3719.42 0.7414256362525651
3719.64 0.742021892498532
3719.86 0.7426182067150061
3720.09 0.7428110183537423
3720.31 0.7423546249502997
3720.53 0.741898178930509
3720.76 0.7414209291073391
3720.98 0.740964375466519
3721.21 0.740487013132783
3721.43 0.7400303518753887
3721.65 0.7395736380070689
3721.88 0.7390961081662349
3722.1 0.7386392866879806
3722.32 0.7381824126020472
3722.55 0.7377047152644545
3722.77 0.737247733575231
3722.99 0.7367906992815794
3723.22 0.7363128344575735
3723.44 0.7358556925672795
3723.67 0.7353777152582122
3723.89 0.7349204657757468
3724.11 0.7344631636942903
3724.34 0.7339850189161243
3724.56 0.7335276092491552
3724.78 0.7330701469864516
3725.01 0.7325918347495552
3725.23 0.7321342649080028
3725.45 0.7316766424739762
3725.68 0.731198162788727
3725.9 0.7307404327825187
3726.13 0.7302618406377867
3726.35 0.7298040030638812
3726.57 0.7293461129029543
3726.8 0.7288673533272338
3727.02 0.7284093556052877
3727.24 0.7279513052995871
3727.47 0.7274723783032774
3727.69 0.7270142204432394
3727.91 0.7265560100027162
3728.14 0.7260769155962247
3728.36 0.7256185976080524
3728.59 0.7251393907677323
3728.81 0.7246809652364086
3729.03 0.7242224871300678
3729.26 0.7237431128969815
3729.48 0.7232845272541865
3729.7 0.722825889039651
3729.93 0.722346347424227
3730.0 0.722200388571449
3730.15 0.7224301629515412
3730.37 0.7227671912451518
3730.6 0.7231195718988858
3730.82 0.7234566631159368
3731.05 0.7238091095515201
3731.27 0.7241462636886694
3731.49 0.7244834485855401
3731.72 0.724835992956517
3731.94 0.7251732407685113
3732.16 0.7255105193377933
3732.39 0.7258631616364165
3732.61 0.726200503115844
3732.83 0.7265378753501246
3733.06 0.7268906155686428
3733.28 0.7272280507080888
3733.51 0.7275808566893477
3733.73 0.7279183547306103
3733.95 0.7282558835226542
3734.18 0.7286087874108432
3734.4 0.7289463790997212
3734.62 0.7292840015369416
3734.85 0.729637003324299
3735.07 0.729974688653366
3735.29 0.730312404728337
3735.52 0.7306655044070977
3735.74 0.7310032833689241
3735.96 0.7313410930742161
3736.19 0.7316942906366117
3736.41 0.7320321632237657
3736.64 0.7323854265245374
3736.86 0.732723361990201
3737.08 0.7330613281952467
3737.31 0.7334146893666571
3737.53 0.7337527184452158
3737.75 0.7340907782607137
3737.98 0.7344442372949833
3738.2 0.734782359978994
3738.42 0.7351205133975003
3738.65 0.735474070286846
3738.87 0.7358122865688632
3739.1 0.7361659091773962
3739.32 0.7365041883195652
3739.54 0.7368424981921392
3739.77 0.7371962186427293
3739.99 0.7375345913704482
3740.21 0.7380632339752091
3740.44 0.738625431175523
3740.66 0.7391632377227761
3740.88 0.7397010958010211
3741.11 0.7402634570700473
3741.33 0.7408014205486135
3741.56 0.7413638920060933
3741.78 0.7419019608796406
3742.0 0.7424400812776754
3742.23 0.7430027167831668
3742.45 0.7435409425682222
3742.67 0.744079219873875
3742.9 0.7446420194149856
3743.12 0.745180402099694
3743.34 0.745718836301106
3743.57 0.7462817998654357
3743.79 0.7468203394379354
3744.02 0.7473834131601506
3744.24 0.7479220580983841
3744.46 0.7484607545468065
3744.69 0.7490239922714984
3744.91 0.7495627940776787
3745.13 0.7501016473901476
3745.36 0.7506650491048993
3745.58 0.7512040077671462
3745.8 0.7517430179317798
3746.03 0.7523065836241661
3746.25 0.7528456991305937
3746.48 0.7534093749502349
3746.7 0.7539485957930929
3746.92 0.7544878681318089
3747.15 0.755051707908301
3747.37 0.7555910855754546
3747.59 0.7561305147345593
3747.82 0.7566945184554598
3748.04 0.7572340529350062
3748.26 0.7577736389025929
3748.49 0.7583378065554515
3748.71 0.7588774978354811
3748.93 0.7594172405996369
3749.16 0.7599815721719995
3750.0 0.7620430872199493
3770.0 0.8058869363708364
3790.0 0.8355832589670669
3810.0 0.8569996447352496
3830.0 0.7885555414402133
3850.0 0.8867525434657548
3870.0 0.9007170916793523
3890.0 0.8037179489387644
3910.0 0.9094598586420424
3930.0 0.8623290270197689
3950.0 0.91225910375722
3970.0 0.7969810841764126
3990.0 1.0
4010.0 1.0242809172994007
4030.0 1.0097985489718138
4050.0 1.0307162198577897
4070.0 1.0191510804778625
4078.2 1.0156512712306447
4078.45 1.0155442580083518
4078.7 1.0154372263460592
4078.94 1.0153344586023105
4079.19 1.0152273907988785
4079.43 1.0151245883604363
4079.68 1.0150174844175333
4079.93 1.0149103620367665
4080.17 1.0142725313835244
4080.42 1.0133785729835945
4080.66 1.0125202763562915
4080.91 1.0116261167856906
4081.16 1.0107318545816146
4081.4 1.009873266311027
4081.65 1.0089788029544027
4081.9 1.00808423697355
4082.14 1.0072253570859615
4082.39 1.0063305899706911
4082.63 1.0054715169998232
4082.88 1.004576548762144
4083.13 1.003681477915619
4083.37 1.0028221133714563
4083.62 1.0019268414206663
4083.86 1.0010672838221761
4084.11 1.0001718107791397
4084.36 0.9992762351426497
4084.6 0.998416386014605
4084.85 0.997520609304026
4085.1 0.99662473000926
4085.34 0.9957645893779868
4085.59 0.9948685090272974
4085.83 0.9940081753881147
4086.08 0.993111893993535
4086.33 0.9922155100301786
4086.57 0.9913548849315593
4086.82 0.9904582999424916
4087.06 0.9895974818649709
4087.31 0.9887006958622335
4087.56 0.9878038073061417
4087.8 0.9869426978130083
4088.05 0.9860456082614392
4088.3 0.9851484161658001
4088.54 0.9842870152834376
4088.79 0.9833896222105216
4089.03 0.9825280283957593
4089.28 0.9816304343576222
4089.53 0.980732737790856
4089.77 0.9798708526307403
4090.0 0.9790447906908217
4090.02 0.9789253544426476
4090.26 0.9774920365892508
4090.51 0.9759988344661822
4090.76 0.9745054663355205
4091.0 0.9730716767549498
4091.25 0.9715779832644282
4091.5 0.9700841237816457
4091.74 0.9686498625174654
4091.99 0.9671556777048802
4092.23 0.9657211041336434
4092.48 0.9642265940111658
4092.73 0.962731917921926
4092.97 0.9612968727395389
4093.22 0.9598018713704844
4093.47 0.9583067040500165
4093.71 0.9568711873000905
4093.96 0.955375694729899
4094.2 0.9539398657498078
4094.45 0.9524440479498246
4094.7 0.950948064223955
4094.94 0.9495117637488626
4095.19 0.9480154548233131
4095.43 0.9465788421661042
4095.68 0.9450822080608203
4095.93 0.9435854080551952
4096.17 0.9421483239755731
4096.42 0.9406511988203461
4096.67 0.9391539077801546
4096.91 0.9377163523218205
4097.16 0.9362187361621724
4097.4 0.9347808685987443
4097.65 0.933282927339608
4097.9 0.9317848202210798
4098.14 0.9303464813515998
4098.39 0.9288480491637494
4098.63 0.9274093982373165
4098.88 0.9259106410001252
4099.13 0.924411717929133
4099.37 0.9229725957693722
4099.62 0.9214733476792265
4099.87 0.9199739337706844
4100.11 0.9196421850230286
4100.36 0.9206604676444957
4100.6 0.9216381149954247
4100.85 0.922656597685074
4101.1 0.9236751824452549
4101.34 0.9246531198398016
4101.59 0.9256719046482806
4101.83 0.9266500340828728
4102.08 0.9276690189264797
4102.33 0.928688105823751
4102.57 0.929666525254034
4102.82 0.9306858121665376
4103.07 0.9317052011225525
4103.31 0.9326839105196812
4103.56 0.9337034994710259
4103.8 0.9346824008573403
4104.05 0.9357021897908337
4104.3 0.9367220807509555
4104.54 0.9377012720561373
4104.79 0.9387213629784931
4105.03 0.9397007462410891
4105.28 0.9407210371124893
4105.53 0.9417414299936259
4105.77 0.9427211031270912
4106.02 0.9437416959373475
4106.27 0.9447623907471717
4106.51 0.9457423537226076
4106.76 0.9467632484416196
4107.0 0.9477434033235392
4107.25 0.9487644979385377
4107.5 0.9497856945361965
4107.74 0.9507661392120449
4107.99 0.9517875356857473
4108.23 0.9527681722362568
4108.48 0.9537897685727923
4108.73 0.9548114668750719
4108.97 0.9557923931714419
4109.22 0.9568142913166011
4109.47 0.9578362914173214
4109.71 0.9588175074306101
4109.96 0.9598397073542491
4110.0 0.9600032688026512
4110.2 0.9613681230472584
4110.45 0.963074347878161
4110.7 0.9647807471760382
4110.94 0.9664190546351522
4111.19 0.9681257958714982
4111.44 0.9698327115576739
4111.68 0.9714715147334281
4111.93 0.9731787723244614
4112.17 0.9748179037181874
4112.42 0.9765255031918154
4112.67 0.9782332770867603
4112.91 0.9798729041161
4113.16 0.9815810198600087
4113.4 0.9832209750536619
4113.65 0.9849294326242589
4113.9 0.9866380645876439
4114.14 0.9882785153358483
4114.39 0.9899874890922709
4114.64 0.9916966372243093
4114.88 0.9933375834782578
4115.13 0.995047073369671
4115.37 0.9966883477019178
4115.62 0.9983981793304091
4115.87 1.000108185305961
4116.11 1.0017499550628144
4116.36 1.0034603027417621
4116.6 1.0051024005231737
4116.85 1.0068130898832082
4117.1 1.0085239535617303
4117.34 1.0101665466865515
4117.59 1.0118777520124584
4117.84 1.0135891316396561
4118.08 1.015232220059024
4118.33 1.0169439412998924
4118.57 1.0185873576576665
4118.82 1.0202994204898759
4119.07 1.0220116575947766
4119.31 1.0236555691658376
4119.56 1.0253681478283465
4119.81 1.0270809007463335
4120.05 1.028475693972166
4120.3 1.028940641665168
4120.54 1.02938703118975
4120.79 1.0298520616714884
4121.04 1.0303171343901218
4121.28 1.0307636439350665
4121.53 1.0312287994335931
4121.77 1.0316753884444254
4122.02 1.032140626716989
4122.27 1.0326059072189469
4122.51 1.0330526162288245
4122.76 1.033517979495972
4123.01 1.0339833849879991
4123.25 1.0344302139840962
4123.5 1.0348957022324634
4123.74 1.0353426106718335
4123.99 1.03580818167068
4124.24 1.0362737948868992
4124.48 1.0367208232911587
4124.73 1.0371865192490042
4124.97 1.037633627082411
4125.22 1.0380994057760178
4125.47 1.038565226679489
4125.71 1.0390124544564432
4125.96 1.0394783580868192
4126.21 1.0399443039225384
4126.45 1.0403916516301996
4126.7 1.040857680183964
4126.94 1.0413051072981307
4127.19 1.041771218564072
4130.0 1.0470132115724626
4150.0 1.0382523701524955
4170.0 1.0387255949612553
4190.0 1.036950523556157
4210.0 1.0449798382217261
4230.0 1.0344117424399
4250.0 1.04121644661333
4270.0 1.0311313004400864
4290.0 1.0072580370303745
4310.0 0.9995731629748986
4315.65 1.00277716553252
4315.91 1.0029247045941354
4316.17 1.0030722522956104
4316.43 1.003219808636493
4316.69 1.0033673736163304
4316.95 1.0035149472346723
4317.21 1.003662529491066
4317.47 1.0038101203850591
4317.73 1.0039577199161998
4317.99 1.0041053280840369
4318.25 1.0042529448881186
4318.52 1.0044062484019798
4318.78 1.0045538828093126
4319.04 1.004701525851517
4319.3 1.0048491775281407
4319.56 1.004996837838731
4319.82 1.0051445067828368
4320.08 1.004826362777636
4320.34 1.0034600262218192
4320.6 1.0020935413499377
4320.86 1.000726908167308
4321.12 0.9993601266792336
4321.38 0.9979931968910312
4321.64 0.9966261188080151
4321.9 0.9952588924355038
4322.16 0.9938915177788018
4322.42 0.9925239948432295
4322.68 0.9911563236341018
4322.94 0.9897885041567407
4323.2 0.988420536416452
4323.46 0.9870524204185583
4323.73 0.9856315276597094
4323.99 0.9842631094608588
4324.25 0.9828945430205621
4324.51 0.9815258283441389
4324.77 0.9801569654369087
4325.03 0.9787879543041971
4325.29 0.9774187949513148
4325.55 0.9760494873835883
4325.81 0.97468003160634
4326.07 0.9733104276248961
4326.33 0.9719406754445707
4326.59 0.970570775070692
4326.85 0.969200726508584
4327.11 0.9678305297635759
4327.37 0.9664601848409835
4327.63 0.9650896917461369
4327.89 0.9637190504843626
4328.15 0.9623482610609913
4328.41 0.9609773234813417
4328.67 0.9596062377507455
4328.94 0.9581822611516079
4329.2 0.9568108734375071
4329.46 0.9554393375886513
4329.72 0.9540676536103699
4329.98 0.9526958215079986
4330.0 0.9525902898264955
4330.24 0.9515946737777857
4330.5 0.9505159764692649
4330.76 0.9494371613788705
4331.02 0.9483582285108164
4331.28 0.947279177869322
4331.54 0.9462000094585958
4331.8 0.9451207232828562
4332.06 0.9440413193463207
4332.32 0.9429617976532095
4332.58 0.9418821582077318
4332.84 0.9408024010141096
4333.1 0.939722526076561
4333.36 0.9386425333993074
4333.62 0.9375624229865609
4333.88 0.9364821948425445
4334.15 0.9353602948562082
4334.41 0.9342798267345939
4334.67 0.9331992408945325
4334.93 0.9321185373402446
4335.19 0.9310377160759554
4335.45 0.9299567771058795
4335.71 0.9288757204342425
4335.97 0.9277945460652675
4336.23 0.9267132540031808
4336.49 0.9256318442521987
4336.75 0.9245503168165491
4337.01 0.9234686717004554
4337.27 0.9223869089081437
4337.53 0.9213050284438413
4337.79 0.9202230303117673
4338.05 0.9191409145161519
4338.31 0.9180586810612201
4338.57 0.9169763299512035
4338.83 0.9158938611903216
4339.09 0.9148112747828056
4339.35 0.9137285707328838
4339.62 0.9126040997075577
4339.88 0.9115211558612115
4340.14 0.9119485331130409
4340.4 0.9136706768964254
4340.66 0.9153929921570155
4340.92 0.9171154788883441
4341.18 0.9188381370839477
4341.44 0.9205609667373578
4341.7 0.9222839678421211
4341.96 0.9240071403917688
4342.22 0.9257304843798356
4342.48 0.92745399979985
4342.74 0.9291776866453577
4343.0 0.9309015449098869
4343.26 0.9326255745869698
4343.52 0.9343497756701403
4343.78 0.9360741481529221
4344.04 0.9377986920288608
4344.3 0.9395234072914795
4344.57 0.9413146391507065
4344.83 0.9430397037584461
4345.09 0.9447649397332076
4345.35 0.946490347068519
4345.61 0.9482159257579023
4345.87 0.9499416757948977
4346.13 0.9516675971730265
4346.39 0.9533936898858147
4346.65 0.9551199539267831
4346.91 0.9568463892894681
4347.17 0.9585729959673898
4347.43 0.9602997739540725
4347.69 0.9620267232430336
4347.95 0.963753843827809
4348.21 0.9654811357019157
4348.47 0.9672085988588758
4348.73 0.9689362332922052
4348.99 0.9706640389954376
4349.25 0.9723920159620872
4349.51 0.9741201641856748
4349.78 0.9759149609054945
4350.0 0.9773775244017276
4350.04 0.9776493324696016
4350.3 0.9794161859642369
4350.56 0.9811832146134314
4350.82 0.9829504184105509
4351.08 0.9847177973489791
4351.34 0.9864853514220813
4351.6 0.988253080623227
4351.86 0.9900209849457802
4352.12 0.9917890643831232
4352.38 0.9935573189286176
4352.64 0.9953257485756326
4352.9 0.9970943533175289
4353.16 0.9988631331476868
4353.42 1.0006320880594664
4353.68 1.0024012180462338
4353.94 1.0041705231013478
4354.2 1.0059400032181873
4354.46 1.0077096583901095
4354.72 1.009479488610478
4354.99 1.0113175744936889
4355.25 1.0130877615230305
4355.51 1.0148581235806533
4355.77 1.0166286606599177
4356.03 1.0183993727541798
4356.29 1.020170259856812
4356.55 1.0219413219611693
4356.81 1.0237125590606102
4357.07 1.0254839711484882
4357.33 1.0272555582181746
4357.59 1.0290273202630216
4357.85 1.030799257276386
4358.11 1.032571369251619
4358.37 1.034343656182089
4358.63 1.036116118061147
4358.89 1.0378887548821472
4359.15 1.039661566638439
4359.41 1.0414345533233893
4359.67 1.0432077149303454
4359.93 1.044981051452661
4360.2 1.0456433885868872
4360.46 1.0458837359805448
4360.72 1.0461241011803515
4360.98 1.0463644841855095
4361.24 1.0466048849952214
4361.5 1.0468453036086898
4361.76 1.047085740025115
4362.02 1.0473261942437
4362.28 1.047566666263645
4362.54 1.0478071560841538
4362.8 1.0480476637044276
4363.06 1.048288189123668
4363.32 1.0485287323410761
4363.58 1.0487692933558546
4363.84 1.0490098721672052
4364.1 1.049250468774329
4364.36 1.0494910831764273
4364.62 1.0497317153727033
4364.88 1.0499723653623572
4365.15 1.0502222899530678
4365.41 1.0504629762113664
4365.67 1.0507036802606171
4365.93 1.0509444021000216
4366.19 1.0511851417287805
4366.45 1.051425899146097
4366.71 1.0516666743511711
4366.97 1.051907467343205
4367.23 1.0521482781213987
4367.49 1.0523891066849553
4370.0 1.0547149430449299
4390.0 1.024973454226189
4410.0 1.0470956583164004
4430.0 1.0544946638824928
4450.0 1.0518982618661405
4470.0 1.042866351752122
4490.0 1.075083308964362
4510.0 1.0965840119171342
4530.0 1.073680014871633
4550.0 1.0804988002950506
4570.0 1.1004181602400789
4590.0 1.089553149599969
4610.0 1.102373422970481
4630.0 1.1009659200327047
4650.0 1.094117226847296
4670.0 1.0961086698656737
4690.0 1.0996115417386767
4710.0 1.0938881174082944
4730.0 1.1033838333424797
4750.0 1.1126853639891359
4770.0 1.116869591547119
4790.0 1.1237374379290945
4810.0 1.1373557344828675
4830.0 1.1367536085700205
4834.84 1.1264710556917452
4835.13 1.1258543428846743
4835.42 1.1252375611943277
4835.71 1.1246207106238157
4836.0 1.1240037911762504
4836.29 1.123386802854745
4836.59 1.122748466599855
4836.88 1.1221313381651115
4837.17 1.1215141408658709
4837.46 1.1208968747052466
4837.75 1.1202795396863514
4838.05 1.1196408447954802
4838.34 1.1190233696952288
4838.63 1.118405825746153
4838.92 1.1177882129513663
4839.21 1.1171705313139813
4839.5 1.1165527808371125
4839.8 1.1159136561819019
4840.09 1.114934031163457
4840.38 1.113150406804442
4840.67 1.1113665975165616
4840.96 1.1095826033083953
4841.26 1.1077368974726314
4841.55 1.1059525270738186
4841.84 1.104167971780758
4842.13 1.102383231602031
4842.42 1.100598306546219
4842.72 1.0987516378100772
4843.01 1.0969663366515146
4843.3 1.0951808506419092
4843.59 1.0933951797898451
4843.88 1.0916093241039044
4844.17 1.0898232835926707
4844.47 1.0879754609916314
4844.76 1.086189044483024
4845.05 1.084402443175172
4845.34 1.082615657076661
4845.63 1.0808286861960752
4845.93 1.0789799011894636
4846.22 1.077192554399436
4846.51 1.0754050228533876
4846.8 1.0736173065599044
4847.09 1.0718294055275737
4847.38 1.0700413197649827
4847.68 1.0681913814866837
4847.97 1.0664029199200702
4848.26 1.0646142736492548
4848.55 1.062825442682826
4848.84 1.0610364270293728
4849.14 1.0591855268405101
4849.43 1.0573961354710024
4849.72 1.0556065594405342
4850.0 1.0538785177170977
4850.01 1.0538452236354687
4850.3 1.05287964211824
4850.59 1.051913957847547
4850.89 1.0509148659948888
4851.18 1.0499489726886424
4851.47 1.0489829766432823
4851.76 1.048016877863537
4852.05 1.0470506763541374
4852.35 1.04605104945201
4852.64 1.045084638955498
4852.93 1.044118125743684
4853.22 1.043151509821298
4853.51 1.0421847911930706
4853.81 1.041184629365492
4854.1 1.0402177017986036
4854.39 1.03925067154023
4854.68 1.038283538595101
4854.97 1.0373163029679493
4855.26 1.0363489646635058
4855.56 1.035348161821611
4855.85 1.034380614636594
4856.14 1.033412964788645
4856.43 1.0324452122824959
4856.72 1.0314773571228788
4857.02 1.030476019628289
4857.31 1.029507955636571
4857.6 1.028539789005747
4857.89 1.0275715197405506
4858.18 1.0266031478457152
4858.47 1.0256346733259738
4858.77 1.0246326951440725
4859.06 1.0236640118503428
4859.35 1.022695225946073
4859.64 1.021726337435997
4859.93 1.02075734632485
4860.23 1.021720985938596
4860.52 1.0232310676943597
4860.81 1.0247412924087371
4861.1 1.0262516600748635
4861.39 1.0277621706858693
4861.68 1.0292728242348859
4861.98 1.0308357196946136
4862.27 1.032346664027347
4862.56 1.0338577512772398
4862.85 1.0353689814374265
4863.14 1.036880354501037
4863.44 1.0384439942498094
4863.73 1.039955658026763
4864.02 1.041467464686296
4864.31 1.0429794142215272
4864.6 1.0444915066255909
4864.9 1.0460558904832573
4865.19 1.047568273530286
4865.48 1.0490807994252946
4865.77 1.050593468161416
4866.06 1.0521062797317693
4866.35 1.053619234129486
4866.65 1.055184509661086
4866.94 1.0566977546173972
4867.23 1.0582111423802174
4867.52 1.0597246729426772
4867.81 1.061238346297895
4868.11 1.062804365542221
4868.4 1.0643183293856342
4868.69 1.0658324360009517
4868.98 1.0673466853812996
4869.27 1.0688610775198086
4869.56 1.0703756124095947
4869.86 1.0719425228529254
4870.0 1.0726738000017229
4870.15 1.0733497178640599
4870.44 1.0746565850824505
4870.73 1.0759635744709604
4871.02 1.0772706860236894
4871.32 1.0786229989379783
4871.61 1.0799303590134763
4871.9 1.0812378412352803
4872.19 1.0825454455974872
4872.48 1.083853172094194
4872.77 1.0851610207195022
4873.07 1.0865140960851816
4873.36 1.0878221931607892
4873.65 1.0891304123470802
4873.94 1.0904387536381521
4874.23 1.0917472170281006
4874.53 1.0931009283259323
4874.82 1.0944096401057155
4875.11 1.09571847396646
4875.4 1.097027429902261
4875.69 1.0983365079072145
4875.98 1.0996457079754156
4876.28 1.1010001813167047
4876.57 1.1023096297022519
4876.86 1.1036192001331284
4877.15 1.10492889260343
4877.44 1.10623870710725
4877.74 1.1075938160403087
4878.03 1.1089038788009902
4878.32 1.1102140635772704
4878.61 1.1115243703632434
4878.9 1.1128347991530032
4879.2 1.1141905435229866
4879.49 1.115501220509116
4879.78 1.116812019481109
4880.07 1.1179020622080145
4880.36 1.1182979822535466
4880.65 1.1186939341317557
4880.95 1.1191035730193908
4881.24 1.1194995896555973
4881.53 1.1198956381195302
4881.82 1.1202917184095582
4882.11 1.1206878305240502
4882.41 1.1210976351647142
4882.7 1.1214938120204927
4882.99 1.1218900206957851
4883.28 1.1222862611889586
4883.57 1.1226825334983823
4883.86 1.1230788376224248
4884.16 1.123488840883297
4884.45 1.1238852097285958
4884.74 1.1242816103835622
4885.03 1.1246780428465646
4885.32 1.125074507115971
4885.62 1.1254846760358177
4885.91 1.1258812050097693
4886.2 1.126277765785174
4886.49 1.1266743583603998
4886.78 1.127070982733816
4887.07 1.1274676389037896
4887.37 1.1278780063311036
4887.66 1.12827472718559
4887.95 1.1286714798316833
4888.24 1.1290682642677514
4888.53 1.129465080492163
4888.83 1.1298756134843884
4889.12 1.1302724943765994
4889.41 1.1306694070522016
4889.7 1.1310663515095634
4890.0 1.1314770171496373
4890.29 1.1311938553340033
4890.58 1.1309106584855382
4890.87 1.1306274266057856
4891.16 1.1303441596962884
4891.45 1.1300608577585904
4891.74 1.1297775207942347
4892.04 1.1294843767321652
4892.33 1.129200968511442
4892.62 1.128917525268745
4892.91 1.128634047005617
4910.0 1.1029565568819444
4928.77 1.0958942115367574
4929.07 1.095971545961879
4929.36 1.096046302970756
4929.66 1.0961236382190296
4929.96 1.0962009738856378
4930.0 1.096211285339452
4930.26 1.096659930978469
4930.55 1.0971603830014283
4930.85 1.0976781359105376
4931.15 1.098195933481579
4931.45 1.098713775712218
4931.74 1.0992143989843985
4932.04 1.0997323290387573
4932.34 1.1002503037457771
4932.64 1.1007683231031202
4932.93 1.1012691175889675
4933.23 1.101787224751793
4933.53 1.102305376558008
4933.83 1.1028235730052738
4934.12 1.1033245386692314
4934.42 1.1038428229037438
4934.72 1.104361151772371
4935.02 1.1048795252727757
4935.31 1.1053806620792863
4935.61 1.105899123348698
4935.91 1.1064176292429533
4936.21 1.106936179759712
4936.5 1.107437487673216
4936.8 1.1079561259407453
4937.1 1.1084748088238419
4937.4 1.1089935363201666
4937.69 1.1094950153051042
4937.99 1.1100138305339615
4938.29 1.110532690369112
4938.59 1.1110515948082178
4938.88 1.1115532448290264
4939.18 1.1120722369824232
4939.48 1.1125912737328374
4939.78 1.1131103550779338
4940.07 1.1135219264466214
4940.37 1.113654287359945
4940.67 1.1137866541006116
4940.97 1.1139190266682062
4941.26 1.114046992355308
4941.56 1.1141793763813141
4941.86 1.1143117662330146
4942.16 1.114444161909994
4942.45 1.1145721499346013
4942.75 1.1147045570667506
4943.05 1.114836970022946
4943.35 1.1149693888027723
4943.64 1.115097399158565
4943.94 1.1152298293903198
4944.24 1.115362265444473
4944.54 1.1154947073206094
4944.83 1.115622740001269
4945.13 1.1157551933260943
4945.43 1.1158876524716703
4945.73 1.1160201174375808
4946.02 1.1161481724367912
4946.32 1.1162806488481511
4946.62 1.1164131310786154
4946.92 1.1165456191277683
4947.21 1.116673696439213
4947.51 1.1168061959305764
4947.81 1.1169387012393968
4948.11 1.1170712123652595
4948.4 1.1171993119826247
4948.7 1.1173318345474597
4949.0 1.117464362928106
4949.3 1.1175968971241483
4949.59 1.1177250190411228
4949.89 1.1178575646728999
4950.0 1.1179061661946779
4950.19 1.117744249038277
4950.49 1.117488563434824
4950.78 1.1172413693346679
4951.08 1.1169856188703033
4951.38 1.1167298354280577
4951.68 1.1164740190094447
4951.97 1.1162266984603386
4952.27 1.115970817192617
4952.57 1.1157149029530176
4952.87 1.1154589557430523
4953.16 1.1152115087680121
4953.46 1.114955496720744
4953.76 1.114699451707601
4954.06 1.1144433737300958
4954.35 1.1141958003521408
4954.65 1.1139396575491418
4954.95 1.1136834817862709
4955.25 1.1134272730650434
4955.54 1.1131795733071979
4955.84 1.1129232997722858
4956.14 1.1126669932835083
4956.44 1.1124106538423808
4956.73 1.1121628277276732
4957.03 1.111906423484672
4957.33 1.1116499862938123
4957.63 1.111393516156609
4957.92 1.1111455637080727
4958.22 1.1108890287808115
4958.52 1.1106324609116998
4958.82 1.1103758601022524
4959.11 1.1101277813429244
4959.41 1.1098711157552352
4959.71 1.1096144172317044
4960.01 1.1093561440920028
4960.3 1.109063228043518
4960.6 1.1087601745266449
4960.9 1.1084570834708272
4961.2 1.108153954877809
4961.49 1.1078608948916704
4961.79 1.107557692480581
4962.09 1.1072544525374681
4962.39 1.1069511750640766
4962.68 1.1066579711668234
4962.98 1.106354619888975
4963.28 1.1060512310860253
4963.58 1.1057478047597191
4963.87 1.1054544569778961
4964.17 1.1051509568607487
4964.47 1.1048474192254234
4964.77 1.1045438440736663
4965.06 1.1042503524338223
4965.36 1.1039467035048425
4965.66 1.103643017064609
4965.96 1.1033392931148684
4966.25 1.1030456576435579
4966.55 1.1027418599302141
4966.85 1.1024380247125443
4967.15 1.1021341519922943
4967.44 1.1018403727160744
4967.74 1.1015364262458434
4968.04 1.1012324422782125
4968.34 1.100928420814929
4968.63 1.1006344977603626
4968.93 1.1003304025607235
4969.23 1.1000262698706145
4969.53 1.0997220996917807
4969.82 1.0994280328854347
4970.0 1.0992454910426197
4970.12 1.0991662814017382
4970.42 1.09896823845177
4970.72 1.0987701685774012
4971.02 1.0985720717798528
4971.31 1.098380552618059
4971.61 1.098182402875153
4971.91 1.0979842262126887
4972.21 1.0977860226318883
4972.5 1.097594400250888
4972.8 1.097396143734255
4973.1 1.0971978603029082
4973.4 1.09699954995807
4973.69 1.0968078243764383
4973.99 1.0966094611052946
4974.29 1.096411070924283
4974.58 1.0962192681711282
4974.88 1.0960208250709387
4975.18 1.0958223550645048
4975.48 1.095623858153049
4975.78 1.0954253343377918
4976.07 1.095233402410635
4976.37 1.0950348256881344
4976.48 1.0949620074831645
4976.67 1.0948362220654577
4976.78 1.0947633939973969
4976.97 1.0946375915438284
4977.08 1.0945647536131233
4977.26 1.0944455564717852
4977.38 1.0943660863315672
4977.56 1.0942468730524453
4977.68 1.0941673921539496
4977.86 1.0940481627377785
4977.98 1.093968671081494
4978.16 1.0938494255290057
4978.28 1.0937699231154208
4978.45 1.0936572873306663
4978.58 1.0935711482569537
4978.75 1.0934584972337185
4978.88 1.0933723465073153
4979.05 1.093259680246292
4979.18 1.093173517867727
4979.35 1.093060836369609
4979.48 1.0929746623394136
4979.64 1.0928685950635664
4979.78 1.0927757799235955
4979.94 1.0926696983082465
4980.08 1.0926801178638947
4980.24 1.0927805245810127
4980.39 1.0928746588463176
4980.54 1.0929687959837973
4980.69 1.0930629359933655
4980.83 1.0931508025934824
4980.99 1.093251224628423
4981.13 1.0933390965893734
4981.29 1.0934395247507962
4981.43 1.093527402072256
4981.59 1.0936278363597904
4981.73 1.0937157190414362
4981.89 1.0938161594547136
4982.02 1.0938977696960246
4982.19 1.094004494034871
4982.32 1.0940861092529017
4982.49 1.0941928400995706
4982.62 1.0942744602940206
4982.79 1.0943811976481184
4982.92 1.0944628228186877
4983.09 1.0945695666798212
4983.21 1.0946449175076305
4983.39 1.0947579471939857
4983.51 1.0948333026145851
4983.69 1.0949463391899175
4983.81 1.095021699203031
4983.99 1.095134742666925
4984.11 1.0952101072722735
4984.29 1.095323157624314
4984.4 1.0953922459850258
4984.59 1.0955115840613914
4984.7 1.0955806766311487
4984.89 1.0957000219774637
4985.0 1.0957691187560121
4985.19 1.0958884713718375
4985.3 1.0959575723589237
4985.49 1.0960769322438202
4985.59 1.0961397550849414
4985.79 1.096265404592719
4985.89 1.096328231259324
4986.09 1.0964538884178394
4986.19 1.0965167189096978
4986.39 1.0966423837184893
4986.49 1.09670521803537
4986.69 1.096830890493975
4986.78 1.09688744476411
4986.99 1.0970194087436034
4987.08 1.0970759664558463
4987.29 1.0972079384666822
4987.38 1.097264499620825
4987.59 1.097396479662517
4987.68 1.0974530442583519
4987.9 1.0975913176169123
4987.97 1.097635314979272
4988.2 1.0977798821385487
4988.5 1.0979684581308404
4988.8 1.0981570455930931
4989.1 1.098345644524614
4989.4 1.0985342549247104
4989.7 1.0987228767926893
4990.0 1.0989115101278586
4990.3 1.0990816634187126
4990.6 1.0992518263477975
4990.9 1.0994219989145113
4991.2 1.0995921811182539
4991.5 1.0997623729584232
4991.8 1.099932574434417
4992.1 1.100102785545636
4992.4 1.1002730062914765
4992.7 1.100443236671339
4993.0 1.1006134766846214
4993.3 1.1007837263307219
4993.6 1.1009539856090405
4993.9 1.101124254518975
4994.2 1.1012945330599244
4994.5 1.1014648212312874
4994.8 1.1016351190324638
4995.1 1.1018054264628512
4995.41 1.1019814209229675
4995.71 1.1021517479308973
4996.01 1.1023220845662158
4996.31 1.1024924308283208
4996.61 1.1026627867166112
4996.91 1.102833152230488
4997.21 1.1030035273693475
4997.51 1.10317391213259
4997.81 1.1033443065196153
4998.11 1.1035147105298206
4998.41 1.1036851241626062
4998.71 1.1038555474173715
4999.01 1.1040259802935148
4999.31 1.104196422790435
4999.61 1.1043668749075322
4999.91 1.1045373366442048
5000.21 1.1044415985503238
5000.51 1.1042317484496975
5000.81 1.104021870484965
5001.11 1.103811964657404
5001.41 1.10360203096829
5001.71 1.1033920694189017
5002.01 1.1031820800105163
5002.31 1.1029720627444124
5002.61 1.102762017621867
5002.92 1.102544941731854
5003.22 1.1023348399718174
5003.52 1.1021247103592149
5003.82 1.1019145528953256
5004.12 1.1017043675814258
5004.42 1.1014941544187942
5004.72 1.1012839134087085
5005.02 1.1010736445524474
5005.32 1.1008633478512893
5005.62 1.1006530233065117
5005.92 1.1004426709193935
5006.22 1.100232290691212
5006.52 1.100021882623247
5006.82 1.0998114467167766
5007.12 1.0996009829730784
5007.42 1.0993904913934325
5007.72 1.0991799719791162
5008.02 1.0989694247314092
5008.32 1.0987588496515899
5008.62 1.0985482467409369
5008.92 1.0983376160007285
5009.22 1.098126957432245
5009.52 1.0979162710367647
5009.82 1.0977055568155678
5010.0 1.0975791149270364
5010.12 1.0973515728823522
5010.42 1.0967826736547635
5010.73 1.0961947449133558
5011.03 1.0956257175478
5011.33 1.0950566271681912
5011.63 1.0944874737775754
5011.93 1.0939182573789985
5012.23 1.0933489779755088
5012.53 1.092779635570149
5012.83 1.092210230165967
5013.13 1.091640761766009
5013.43 1.091071230373322
5013.73 1.090501635990954
5014.03 1.0899319786219481
5014.33 1.0893622582693536
5014.63 1.0887924749362163
5014.93 1.0882226286255838
5015.23 1.087652719340505
5015.53 1.0870827470840232
5015.83 1.0865127118591873
5016.13 1.0859426136690449
5016.43 1.0853724525166437
5016.73 1.084802228405032
5017.03 1.0842319413372556
5017.33 1.083661591316362
5017.63 1.0830911783454
5017.93 1.0825207024274175
5018.23 1.0819501635654634
5018.54 1.0813605406185405
5018.84 1.0807898737799069
5019.14 1.0802191440065474
5019.44 1.0796483513015103
5019.74 1.0790774956678422
5020.04 1.0785941668983121
5020.34 1.078680145330502
5020.64 1.0787661252369192
5020.94 1.078852106617375
5021.24 1.0789380894716827
5021.54 1.0790240737996528
5021.84 1.0791100596010985
5022.14 1.0791960468758306
5022.44 1.079282035623662
5022.74 1.0793680258444052
5023.04 1.0794540175378724
5023.34 1.0795400107038753
5023.64 1.079626005342226
5023.94 1.0797120014527368
5024.24 1.0797979990352204
5024.54 1.079883998089489
5024.84 1.0799699986153548
5025.14 1.0800560006126299
5025.44 1.0801420040811271
5025.74 1.080228009020659
5026.04 1.0803140154310378
5026.35 1.08040289026677
5026.65 1.080488899667292
5026.95 1.0805749105380924
5027.25 1.0806609228789839
5027.55 1.0807469366897784
5027.85 1.080832951970289
5028.15 1.0809189687203278
5028.45 1.0810049869397085
5028.75 1.081091006628243
5029.05 1.0811770277857442
5029.35 1.0812630504120244
5029.65 1.0813490745068974
5029.95 1.0814351000701752
5030.0 1.0814494378068036
5030.25 1.0813276940916128
5030.55 1.081181582179784
5030.85 1.0810354490467495
5031.15 1.0808892946934643
5031.45 1.0807431191208834
5031.75 1.0805969223299623
5032.05 1.080450704321656
5032.35 1.0803044650969207
5032.65 1.0801582046567124
5032.95 1.080011923001985
5033.25 1.0798656201336951
5033.55 1.0797192960527977
5033.85 1.0795729507602496
5034.16 1.0794217050082808
5034.46 1.0792753165883222
5034.76 1.079128906959612
5035.06 1.0789824761231048
5035.36 1.0788360240797585
5035.66 1.0786895508305274
5035.96 1.0785430563763683
5036.26 1.0783965407182368
5050.0 1.0694627105078438
5070.0 1.068225392518673
5090.0 1.0524229316018383
5110.0 1.0546009323446153
5130.0 1.0465487903666073
5150.0 1.0473173952944999
5170.0 1.0333380447170792
5190.0 1.048421419472606
5210.0 1.0558915870144896
5230.0 1.0674175020210508
5250.0 1.066552807856533
5270.0 1.0416222108004483
5290.0 1.0773648231439434
5310.0 1.077373838917622
5330.0 1.058796966957517
5350.0 1.0671393008065682
5370.0 1.0636294919887033
5390.0 1.0487824248870214
5410.0 1.050959139243555
5430.0 1.061958600342064
5450.0 1.0683545472169764
5470.0 1.0548600397885417
5490.0 1.0574975475621167
5510.0 1.0544447873178007
5530.0 1.0662130477213638
5550.0 1.0656914358808274
5570.0 1.056150588644617
5590.0 1.0484587304747557
5610.0 1.0556797231585677
5630.0 1.048673723152583
5650.0 1.0480904757682403
5670.0 1.0392703026241736
5690.0 1.0483989347553553
5710.0 1.040086505372864
5730.0 1.0613738510766495
5750.0 1.0502026848321329
5770.0 1.0523308362816546
5790.0 1.0496584888978837
5810.0 1.0648239653860092
5830.0 1.0727515174929956
5850.0 1.0605618951436002
5870.0 1.0548108994803196
5890.0 1.0332657483270333
5910.0 1.0573866013003128
5930.0 1.0561170389372219
5950.0 1.0561213509812872
5970.0 1.0417954081989451
5990.0 1.0487356741448277
6010.0 1.0506992066888747
6030.0 1.056079546677484
6050.0 1.0674829978932001
6070.0 1.0596091630626163
6090.0 1.056576870073598
6110.0 1.0512225846682792
6130.0 1.0363967949070092
6150.0 1.0395475456476408
6170.0 1.0321123576517957
6190.0 1.0475859059552783
6210.0 1.0466523877495315
6230.0 1.0455185721291427
6250.0 1.0281290626743806
6270.0 1.040004701249911
6290.0 1.0471251083176358
6310.0 1.0409285032632498
6330.0 1.0477775367036473
6350.0 1.0516731163969841
6370.0 1.057033635523178
6390.0 1.065000774324752
6410.0 1.0594817251994082
6430.0 1.068004978176258
6450.0 1.082937759995778
6470.0 1.0982043988462469
6490.0 1.1273980457590347
6510.0 1.1796293129303614
6523.64 1.2234149146122564
6524.04 1.2249075530220477
6524.43 1.2263630019022964
6524.82 1.2278185755989204
6525.22 1.229311601341596
6525.61 1.2307674278290741
6526.0 1.2322233790911488
6526.4 1.2337167920370342
6526.79 1.235172996005338
6527.19 1.2366666681080518
6527.58 1.238123124725947
6527.97 1.239579706048713
6528.37 1.2410737651382717
6528.76 1.2425305990260591
6529.15 1.2439875575769719
6529.55 1.2454820035238465
6529.94 1.2469392145552436
6530.0 1.2471634119291846
6530.34 1.2485844920798945
6530.73 1.2502146860988288
6531.12 1.2518450206023977
6531.52 1.2535173044725694
6531.91 1.255147923499965
6532.3 1.2567786829650014
6532.7 1.2584514026442752
6533.09 1.2600824465379696
6533.49 1.261755457906277
6533.88 1.263386786164933
6534.27 1.2650182547828124
6534.67 1.26669170171689
6535.06 1.2683234546046196
6535.46 1.2699971930648726
6535.85 1.2716292301587977
6536.24 1.273261407533579
6536.64 1.2749355813164287
6537.03 1.2765680428023563
6537.42 1.2782006445222347
6537.82 1.279875253482089
6538.21 1.2815081392181011
6538.6 1.2831411651411644
6539.0 1.2848162091325008
6539.39 1.286449518976723
6539.79 1.288124854136649
6540.18 1.28976607751601
6540.57 1.2914163434028916
6540.97 1.2931090709023774
6541.36 1.2947596236234975
6541.76 1.296452645279017
6542.15 1.2981034847701682
6542.54 1.29975446580767
6542.94 1.3014479267128658
6543.33 1.303099194424525
6543.72 1.3047506036352103
6544.12 1.3064445036432377
6544.51 1.3080961994322426
6544.91 1.309790393333857
6545.3 1.3114423756370408
6545.69 1.3130944993602853
6546.09 1.314789132119702
6546.48 1.316441542261351
6546.87 1.3180940937757968
6547.27 1.3197891652463163
6547.66 1.3214420030834244
6548.06 1.3231373681853562
6548.45 1.3247904922810572
6548.84 1.3264437576706756
6549.24 1.3281395612389273
6549.63 1.3297931127914624
6550.0 1.3313619973960182
6550.02 1.3314060030168864
6550.42 1.3322861532379862
6550.81 1.3331443690276314
6551.21 1.3340246614439313
6551.6 1.3348830158583191
6551.99 1.3357414386962176
6552.39 1.3366219434458442
6552.78 1.3374805048619594
6553.17 1.3383391346786258
6553.57 1.339219851690312
6553.96 1.3400786200386867
6554.36 1.340959479118213
6554.75 1.3418183859671697
6555.14 1.342677361178358
6555.54 1.3435584324010357
6555.93 1.3444175460663286
6556.33 1.3452987592772632
6556.72 1.3461580113655547
6557.11 1.3470173317777825
6557.51 1.3478987570130396
6557.9 1.3487582158018192
6558.29 1.3496177428916145
6558.69 1.3504993800800487
6559.08 1.3513590454999673
6559.48 1.352240824549515
6559.87 1.3531006282684837
6560.26 1.353845642085351
6560.66 1.3545509144671999
6561.05 1.355238608253023
6561.44 1.3559263545728848
6561.84 1.356631789979501
6562.23 1.357319642696574
6562.63 1.3580251872162488
6563.02 1.3587131463065765
6563.41 1.3594011579014507
6563.81 1.360106865354371
6564.2 1.3607949832867274
6564.59 1.3614831537059762
6564.99 1.3621890240373493
6565.38 1.3628773007583226
6565.78 1.3635832801048315
6566.17 1.364271663103597
6566.56 1.364960098559792
6566.96 1.3656662406933313
6567.35 1.3663547823915843
6567.75 1.3670610334790707
6568.14 1.367749681395466
6568.53 1.368438381739848
6568.93 1.3691447955230016
6569.32 1.369833602049814
6569.71 1.3705224609869915
6570.0 1.3710347233994256
6570.11 1.371128515862323
6570.5 1.3714610655958033
6570.9 1.3718021630179957
6571.29 1.372134753255482
6571.68 1.3724673634851954
6572.08 1.3728085229476996
6572.47 1.3731411736675603
6572.86 1.3734738443728072
6573.26 1.3738150658543953
6573.65 1.3741477770359356
6574.05 1.3744890400269163
6574.44 1.3748217916754788
6574.83 1.3751545632980147
6575.23 1.3754958882726587
6575.62 1.3758287003483722
6576.01 1.3761615323912262
6576.41 1.3765029193283298
6576.8 1.3768357918105227
6577.2 1.377177220219122
6577.59 1.377510133131393
6577.98 1.3778430659994019
6578.38 1.3781845563350807
6578.77 1.378517529619339
6579.16 1.37885052285251
6579.56 1.3791920750940851
6579.95 1.379525108729682
6580.35 1.3789608486370262
6580.74 1.3782844559699976
6581.13 1.3776079917761892
6581.53 1.3769141080534846
6581.92 1.376237498995974
6582.31 1.3755608184352552
6582.71 1.3748667128222525
6583.1 1.3741898874455671
6583.5 1.3734956333197526
6583.89 1.3728186631590493
6584.28 1.3721416215344702
6584.68 1.3714471456404063
6585.07 1.3707699592795142
6585.46 1.3700927014782887
6585.86 1.369398003889048
6586.25 1.3687206013991975
6586.65 1.3680257554277344
6587.04 1.3673482082811748
6587.43 1.3666705897335736
6587.83 1.365975522188859
6588.22 1.3652977590322057
6588.62 1.364602543186872
6589.01 1.3639246354530623
6589.4 1.3632466563574783
6589.8 1.3625512190607407
6590.0 1.3622034722674559
6590.19 1.3613850973014578
6590.58 1.3597051546585461
6590.98 1.3579819684584438
6591.37 1.3563016980292297
6591.77 1.3545781756752857
6592.16 1.3528975775323893
6592.55 1.3512168176335495
6592.95 1.3494927933150878
6593.34 1.3478117058109902
6593.73 1.3461304566044756
6594.13 1.3444059304875668
6594.52 1.3427243537841766
6594.92 1.3409994918102484
6595.31 1.339317587682528
6595.7 1.3376355219416924
6596.1 1.33591015844644
6596.49 1.3342277653895922
6596.88 1.3325452107730837
6597.28 1.3308193459224225
6597.67 1.3291364640981775
6598.07 1.327410263687003
6598.46 1.3257270547274886
6598.85 1.324043684297528
6599.25 1.3223169828077797
6599.64 1.3206332853507563
6600.04 1.3188367027494587
6600.43 1.3164745737345191
6600.82 1.3141122222596124
6601.22 1.311689066606206
6601.61 1.309326264581846
6602.0 1.306963240171151
6610.0 1.2584419165544187
6630.0 1.1619030943398012
6650.0 1.1042683379995946
6670.0 1.0669579544466528
6690.0 1.0600204694916922
6710.0 1.0422726782915572
6730.0 1.0409929361948516
6750.0 1.0302641774962351
6770.0 1.024143077278333
6790.0 1.0231590913201891
6810.0 1.0250062886316027
6830.0 1.0280728542478834
6850.0 1.0108017056855823
6870.0 1.0004638611219228
6890.0 1.009449417630509
6910.0 1.0170080002796946
6930.0 1.0099976881028738
6950.0 1.0042432557293979
6970.0 1.0009514718728094
6990.0 0.9970517076506797
7010.0 0.9952924349838235
7030.0 1.0033067214624172
7050.0 1.0045973453421138
7070.0 0.9985986322331737
7090.0 0.9933144166993733
7110.0 0.9848351994990242
7130.0 0.969994087509321
7150.0 0.9573262220469093
7170.0 0.9570248928345283
7190.0 0.9559311045743332
7210.0 0.9631342681853883
7230.0 0.9625754249897982
7250.0 0.959059159331356
7270.0 0.9607461587458628
7290.0 0.9627851498515058
7310.0 0.9732266442791211
7330.0 0.9718656090104406
7350.0 0.9670222802114066
7370.0 0.9688356995500637
7390.0 0.9617016410267715
7410.0 0.9573661514528993
7430.0 0.9619357040995717
7450.0 0.9617575985618696
7470.0 0.9577798166746303
7490.0 0.9543983237658085
7510.0 0.9633838463743492
7530.0 0.9726724429404419
7550.0 0.9646716723556203
7570.0 0.918917941153278
7590.0 0.8630551085403986
7610.0 0.8837295996435531
7630.0 0.9441585886257974
7650.0 0.9631826783741873
7670.0 0.941783860056065
7690.0 0.9360722874145498
7710.0 0.937083234531042
7730.0 0.9391967053676735
7750.0 0.9346566788882396
7770.0 0.9384739531399122
7790.0 0.9402218372134582
7810.0 0.9424384433114166
7830.0 0.9399231386926864
7850.0 0.9339521918864094
7870.0 0.932947373478265
7890.0 0.9240936237310999
7910.0 0.9171808208203824
7930.0 0.9159029315833962
7950.0 0.9122361549509093
7970.0 0.9196795793070816
7990.0 0.9201996187730772
8010.0 0.9197351412378708
8030.0 0.9197417627023279
8050.0 0.922294074575066
8070.0 0.9214328418373899
8090.0 0.9107343058749436
8110.0 0.9116595511612513
8130.0 0.9165494969487917
8150.0 0.9098392164021412
8170.0 0.909115027638966
8190.0 0.9078919586569452
8210.0 0.904917866488597
8230.0 0.9071644964607033
8250.0 0.9118595660063206
8270.0 0.912648212466167
8290.0 0.9043097358516008
8310.0 0.8919286639654357
8330.0 0.8868386929094255
8350.0 0.8864589201036192
8370.0 0.8920026501003023
8390.0 0.8873556777094844
8410.0 0.8964517196565761
8430.0 0.8822036215785153
8450.0 0.8771338212634993
8470.0 0.8754685474183318
8490.0 0.8730139639364302
8510.0 0.8594295559499352
8530.0 0.8656650122221388
8550.0 0.8337306333582073
8570.0 0.8775761598677466
8590.0 0.8744643860359276
8610.0 0.8806312557667502
8630.0 0.8835361921285441
8650.0 0.8723581516758118
8670.0 0.840746573413738
8690.0 0.8809875067207521
8710.0 0.8851600200538627
8730.0 0.8759531951572203
8750.0 0.870266772098777
8770.0 0.8838502811983308
8790.0 0.8889787619754008
8810.0 0.8820138064405865
8830.0 0.8745625796424839
8850.0 0.8648625115009849
8870.0 0.8634782458773655
8890.0 0.8806070498602342
8910.0 0.8880021819628983
8930.0 0.8774584288253259
8950.0 0.8640550898191308
8970.0 0.8477359995740318
8990.0 0.8329309126362946
9010.0 0.8340148817277123
9030.0 0.8713894120178521
9050.0 0.8785336304552228
9070.0 0.8627034939323612
9090.0 0.8591946492643886
9110.0 0.8662816733198008
9130.0 0.8609534020439592
9150.0 0.8543055167099424
9170.0 0.8616400372043725
9190.0 0.8663171381448104
9210.0 0.8468103586955033
9230.0 0.8399680546377906
9250.0 0.8430490771299068
9270.0 0.8463475268284179
9290.0 0.8241093611631342
9310.0 0.7902062094848574
9330.0 0.7904469732506944
9350.0 0.8137086750274973
9370.0 0.8355462436676263
9390.0 0.8603931560712436
9410.0 0.8301014255483055
9430.0 0.8107022390637214
9450.0 0.8209050406980937
9470.0 0.8343219464970573
9490.0 0.8198258597900683
9510.0 0.8080423589674066
9530.0 0.805339108724993
9550.0 0.8029391852322483
9570.0 0.8152814544807895
9590.0 0.8194067175180947
9610.0 0.8094429560445716
9630.0 0.8098021518947152
9650.0 0.8169597492891553
9670.0 0.8329080438072006
9690.0 0.8334851047380792
9710.0 0.8176936139290681
9730.0 0.8083155879404172
9750.0 0.8050078741465019
9770.0 0.8055077043020406
9790.0 0.800341035974092
9810.0 0.8032655526946347
9830.0 0.8018994416618547
9850.0 0.803088524433996
9870.0 0.7966930571973466
9890.0 0.7938362806998053
9910.0 0.7947685958633767
9930.0 0.7940367402896837
9950.0 0.7907881975096852
9970.0 0.7894983818110745
9990.0 0.7843712426780892
10025.0 0.7586263041910566
10075.0 0.7645197490424966
10125.0 0.7631855868206486
10175.0 0.7555054571181034
10225.0 0.7522728400790674
10275.0 0.7503922097877066
10325.0 0.7371110905410354
10375.0 0.7295719895392367
10425.0 0.7351861464923696
10475.0 0.7343502497680506
10525.0 0.7277601645555448
10575.0 0.7206542006170034
10625.0 0.7144456793687064
10675.0 0.7078701735476893
10725.0 0.7040678297065915
10775.0 0.6986765015853981
10825.0 0.6920612967251228
10875.0 0.6883030549506849
10925.0 0.6848604148435893
10975.0 0.6791064189345773
11025.0 0.6758245259530636
11075.0 0.6717304343703234
11125.0 0.6661278733417764
11175.0 0.6605973683513717
11225.0 0.6563426319974445
11275.0 0.6500111593288557
11325.0 0.6449161873200099
11375.0 0.6396341478629525
11425.0 0.6336351757922877
11475.0 0.6314526444715294
11525.0 0.6268523661858697
11575.0 0.6209255749499458
11625.0 0.6140954436884959
11675.0 0.6105457827199697
11725.0 0.6078259625483335
11775.0 0.6012435759832834
11825.0 0.5958880286700644
11875.0 0.590198281232633
11925.0 0.588738578389155
11975.0 0.5797625388845707
12025.0 0.5786597675908304
12075.0 0.5736143102835257
12125.0 0.5701065728057475
12175.0 0.5669981258487852
12225.0 0.5622001050095468
12275.0 0.5579574498381402
12325.0 0.553726709934335
12375.0 0.5499536462216931
12425.0 0.5455124649179004
12475.0 0.54236822244165
12525.0 0.5375193149776984
12575.0 0.5341752897102434
12625.0 0.5299845777148542
12675.0 0.5257191619468928
12725.0 0.5225100803161434
12775.0 0.5194386412416674
12825.0 0.5110832126086823
12875.0 0.5114507263651104
12925.0 0.5078228956887195
12975.0 0.5072364923819549
13025.0 0.5032168824702673
13075.0 0.501539106687421
13125.0 0.4966803245630545
13175.0 0.49419035191682364
13225.0 0.49205824408826415
13275.0 0.48772594436398103
13325.0 0.48626577954458716
13375.0 0.48299299512318167
13425.0 0.48143538294385974
13475.0 0.4783529039083055
13525.0 0.4752103565588215
13575.0 0.47095495706951324
13625.0 0.4678555602155298
13675.0 0.4662108037137788
13725.0 0.4642529016103083
13775.0 0.4613644244946468
13825.0 0.45913577539392414
13875.0 0.4559456418739519
13925.0 0.45435901444732596
13975.0 0.4523284122949858
14025.0 0.4481107931358586
14075.0 0.44751339355770414
14125.0 0.4441848104279409
14175.0 0.4433971605591793
14225.0 0.4390837495718435
14275.0 0.43551010659386846
14325.0 0.4361883717408992
14375.0 0.4347894210008329
14425.0 0.42922879982033707
14475.0 0.4300282242590385
14525.0 0.4264805130403291
14570.0 0.4256594182652546
14620.0 0.42395164938069135
14675.0 0.4218982333114631
14725.0 0.4177895576975158
14775.0 0.416752255291923
14825.0 0.4147737401570164
14875.0 0.4117199862367289
14925.0 0.41234541714084927
14975.0 0.4090263740122215
15025.0 0.40555400359635724
15075.0 0.4029726492347613
15125.0 0.4035102667416886
15175.0 0.40184685594935377
15225.0 0.39970003453541597
15275.0 0.39875300319087964
15325.0 0.3960611875831086
15375.0 0.3952244722694127
15425.0 0.3935119679599959
15475.0 0.3919172201934393
15525.0 0.38820622145619116
15575.0 0.38343806222100707
15625.0 0.3843076119456656
15675.0 0.3815847967806327
15725.0 0.3812560538260196
15775.0 0.37336654718432477
15825.0 0.37394942084327265
15875.0 0.3709376666259599
15925.0 0.37321547253524123
15975.0 0.37013352356175583
16050.0 0.3689349996328121
16150.0 0.3658348835341941
16250.0 0.36229672895562914
16350.0 0.3612307738105644
16450.0 0.35134198345555134
16550.0 0.3515658161297046
16650.0 0.3431040203498189
16750.0 0.34039654841655104
16850.0 0.3328703300863992
16950.0 0.33249990313557726
17050.0 0.325631765721863
17150.0 0.32219342822437264
17250.0 0.31679431764464894
17350.0 0.31017913321078555
17450.0 0.30772636188456587
17550.0 0.3029282203291984
17650.0 0.2993443850656199
17750.0 0.2945441446117578
17850.0 0.29116376224501295
17950.0 0.28689031507486806
18050.0 0.281835172629903
18150.0 0.27772367620280936
18250.0 0.2741579420534851
18350.0 0.27064248566991955
18450.0 0.26673649856528964
18550.0 0.26388577967708327
18650.0 0.25928046125951204
18750.0 0.2548255323462682
18850.0 0.2527044384850901
18950.0 0.2474993897082092
19050.0 0.24687611526172581
19150.0 0.243030987966159
19250.0 0.23996161875285496
19350.0 0.23572141124560048
19450.0 0.23201186590060408
19550.0 0.23036784495983606
19650.0 0.2273055884238365
19750.0 0.22390919303243464
19850.0 0.22145321437067214
19950.0 0.21873005112185967
20050.0 0.21705581626845566
20150.0 0.215708567265532
20250.0 0.2143758113059371
20350.0 0.2130681917603054
20450.0 0.2117981065235039
20550.0 0.21056579957209912
20650.0 0.2093278193746464
20750.0 0.2080842176494137
20850.0 0.2068592914022915
20950.0 0.20570309900693895
21050.0 0.20459167014067337
21150.0 0.2034752407331213
21250.0 0.20235388309945146
21350.0 0.20122764810101368
21450.0 0.20015474702074817
21550.0 0.19915009546503512
21650.0 0.19815568802530678
21750.0 0.1971569377119399
21850.0 0.19615391759764605
21950.0 0.19515474996585497
22050.0 0.19421617718047476
22150.0 0.19333034134297938
22250.0 0.1924406707065701
22350.0 0.191547241584906
22450.0 0.1906500986258528
22550.0 0.18976627233778492
22650.0 0.18893559285477296
22750.0 0.18814121757554678
22850.0 0.18734350902908076
22950.0 0.18654251633420266
23050.0 0.18573825679366543
23150.0 0.18494689337651998
23250.0 0.18420244933979285
23350.0 0.18348894449704412
23450.0 0.1827725136310947
23550.0 0.1820532004302507
23650.0 0.18133102716526095
23750.0 0.18061409123850278
23850.0 0.17993828330118997
23950.0 0.17929566059140375
24050.0 0.17865045710077476
24150.0 0.17800270148778935
24250.0 0.17735242199018342
24350.0 0.17669964643259445
24450.0 0.1760786318478727
24550.0 0.17549397958310023
24650.0 0.17491152550956915
24750.0 0.1743267994338759
24850.0 0.1737398258168909
24950.0 0.17315066055498105
25050.0 0.1725736426249142
25150.0 0.1720287915269969
25250.0 0.17150186316937033
25350.0 0.17097293345895764
25450.0 0.17044201311320858
25550.0 0.1699091018715523
25650.0 0.16937425238272905
25750.0 0.1688610478195821
25850.0 0.16837619850709984
25950.0 0.16789619378810952
26050.0 0.1674144206802864
26150.0 0.1669308762309615
26250.0 0.16644558927707442
26350.0 0.16595858843915562
26450.0 0.1654955482134048
26550.0 0.1650574635476461
26650.0 0.16461869311754057
26750.0 0.16417834215996277
26850.0 0.16373641590277377
26950.0 0.1632929408401936
27050.0 0.16284794328622038
27150.0 0.16242438908588835
27250.0 0.16202300842206868
27350.0 0.16162089301167923
27450.0 0.16121736769779546
27550.0 0.1608124356077195
27650.0 0.1604061320759563
27750.0 0.1599984598756335
27850.0 0.1596058681194602
27950.0 0.15923271108358797
28050.0 0.1588625846682161
28150.0 0.15849119483527416
28250.0 0.15811856463368534
28350.0 0.1577447061289386
28450.0 0.1573695986484726
28550.0 0.15700100286577734
28650.0 0.15664956932748872
28750.0 0.15630757367479112
28850.0 0.15596444122829792
28950.0 0.1556201936214518
29050.0 0.15527481967594567
29150.0 0.15492834075193396
29250.0 0.15458077810529844
29350.0 0.1542460873889051
29450.0 0.15392661955161324
29550.0 0.1536084510418617
29650.0 0.15328926529483933
29750.0 0.152969082631855
29850.0 0.15264791233265146
29950.0 0.15232574164791862
30050.0 0.15200388432989254
30150.0 0.1516952195511654
30250.0 0.15139850631297994
30350.0 0.15110088115404943
30450.0 0.1508023414328059
30550.0 0.1505028953782862
30650.0 0.15020254012123382
30750.0 0.14990130569024473
30850.0 0.14960069765392228
30950.0 0.1493118210236644
31050.0 0.1490331931295777
31150.0 0.14875353251284465
31250.0 0.14839650794990378
31350.0 0.14803948338696296
31450.0 0.14768246985317046
31550.0 0.14732545631937802
31650.0 0.14696845381473397
31750.0 0.14662170841810437
31850.0 0.14628590393669014
31950.0 0.14595078326247685
32100.0 0.14544812982402794
32300.0 0.14477788847560139
32500.0 0.14410764712717483
32700.0 0.1434671844794353
32900.0 0.1428356333836051
33100.0 0.14220406022947812
33300.0 0.14157250913364794
33500.0 0.1409560900294261
33700.0 0.14035762637880372
33900.0 0.13975911861158774
34100.0 0.13916061084437176
34300.0 0.138563095700512
34500.0 0.13799370488507892
34700.0 0.13742435818623944
34900.0 0.13685494531250952
35100.0 0.13628557655537324
35300.0 0.13572853838615107
35500.0 0.1351842057958887
35700.0 0.13463991732221994
35900.0 0.1340956288485512
36100.0 0.13355131831658562
36300.0 0.13302637496921504
36500.0 0.132505446231863
36700.0 0.13198451749451098
36900.0 0.13146356669886214
37100.0 0.13094356440997593
37300.0 0.1304446277945387
37500.0 0.12994564706250786
37700.0 0.12944668838877382
37900.0 0.12894772971503982
38100.0 0.12845148421181282
38300.0 0.12797367944471497
38500.0 0.12749587467761714
38700.0 0.1270180699105193
38900.0 0.12654026514342148
39100.0 0.12606411474858406
39300.0 0.12560580951586203
39500.0 0.12514750428314003
39700.0 0.124689199050418
39900.0 0.12423087175939919
40100.0 0.12377256652667716
40300.0 0.12333188587310252
40500.0 0.1228929478249755
40700.0 0.12245403183514525
40900.0 0.12201509378701823
41100.0 0.12157613368059438
41300.0 0.12114760714855942
41500.0 0.1207261172132053
41700.0 0.12030460521955438
41900.0 0.11988311528420027
42100.0 0.11946162534884618
42300.0 0.11904258388443745
42500.0 0.11863860823674668
42700.0 0.11823463258905592
42900.0 0.11783065694136516
43100.0 0.11742665923537758
43300.0 0.11702266152939002
43500.0 0.11662742096723412
43700.0 0.11623952581791436
43900.0 0.1158516527268914
44100.0 0.11546375757757164
44300.0 0.11507586242825188
44500.0 0.11468796727893212
44700.0 0.11431242477582328
44900.0 0.1139400366091576
45100.0 0.1135676484424919
45300.0 0.1131952602758262
45500.0 0.11282287210916052
45700.0 0.11245050600079164
45900.0 0.11209126457902185
46100.0 0.11173356723802842
46300.0 0.11137584783873822
46500.0 0.1110181725560416
46700.0 0.11066045315675137
46900.0 0.11030277787405476
47100.0 0.10995681554696173
47300.0 0.10961310316614281
47500.0 0.10926939078532391
47700.0 0.108925678404505
47900.0 0.10858196602368608
48100.0 0.10823825364286717
48300.0 0.10790290135653745
48500.0 0.1075726004201761
48700.0 0.10724227742551798
48900.0 0.10691197648915664
49100.0 0.10658167555279531
49300.0 0.10625135255813715
49500.0 0.10592418389992216
49700.0 0.10560678706719187
49900.0 0.1052893902344616
50100.0 0.10497201546002811
50300.0 0.10465461862729783
50500.0 0.10433722179456756
50700.0 0.10401982496183727
50900.0 0.10371069999040894
51100.0 0.10340523669625029
51300.0 0.10309975134379482
51500.0 0.10279428804963615
51700.0 0.1024888026971807
51900.0 0.10218333940302203
52100.0 0.10187787610886338
52300.0 0.10158368460437218
52500.0 0.10128986809092667
52700.0 0.10099605157748118
52900.0 0.10070223506403567
53100.0 0.10040839649229336
53300.0 0.10011457997884785
53500.0 0.09982151344749372
53700.0 0.09953894666541889
53900.0 0.09925637988334403
54100.0 0.098973835159566
54300.0 0.09869126837749115
54500.0 0.09840870159541631
54700.0 0.09812613481334147
54900.0 0.09784359008956342
55100.0 0.09757119218231579
55300.0 0.09729899279973939
55500.0 0.0970267713588662
55700.0 0.09675457197628981
55900.0 0.09648235053541661
56100.0 0.09621015115284022
56300.0 0.09593792971196702
56500.0 0.09567294339244593
56700.0 0.09541086876810315
56900.0 0.09514881620205715
57100.0 0.09488676363601115
57300.0 0.09462468901166836
57500.0 0.09436261438732557
57700.0 0.09410056182127957
57900.0 0.09384086949299174
58100.0 0.09358847846094644
58300.0 0.09333606537060433
58500.0 0.09308365228026222
58700.0 0.0928312391899201
58900.0 0.09257882609957799
59100.0 0.09232641300923589
59300.0 0.09207399991889377
59500.0 0.09182692493637852
59700.0 0.09158366603921059
59900.0 0.09134040714204263
60100.0 0.09109714824487469
60300.0 0.09085388934770675
60500.0 0.0906106304505388
60700.0 0.09036737155337085
60900.0 0.09012411265620292
61100.0 0.08988714037362444
61300.0 0.08965268273688179
61500.0 0.08941820304184232
61700.0 0.08918372334680286
61900.0 0.08894924365176338
62100.0 0.08871478601502071
62300.0 0.08848030631998124
62500.0 0.08824582662494179
62700.0 0.0880167732709164
62900.0 0.08779071984525652
63100.0 0.08756466641959665
63300.0 0.08733861299393678
63500.0 0.0871125595682769
63700.0 0.08688650614261702
63900.0 0.08666047477525395
64200.0 0.08632137257846734
64600.0 0.0858841330191943
65000.0 0.08544804049135514
65400.0 0.08501192590521918
65800.0 0.08457583337738002
66200.0 0.0841501303073361
66600.0 0.0837294565289638
67000.0 0.08330876069229468
67400.0 0.08288808691392235
67800.0 0.0824719130280983
68200.0 0.08206593007539827
68600.0 0.08165994712269824
69000.0 0.0812539421117014
69400.0 0.08084795915900135
69800.0 0.08045360092871766
70200.0 0.08006166911108255
70600.0 0.07966975935174424
71000.0 0.07927782753410913
71400.0 0.07888896181972993
71800.0 0.07851057379633322
72200.0 0.0781321416563429
72600.0 0.07775373157464938
73000.0 0.07737532149295587
73400.0 0.07700341860881987
73800.0 0.07663795674735104
74200.0 0.07627247282758537
74600.0 0.07590701096611652
75000.0 0.07554152704635086
75400.0 0.07518418263810633
75800.0 0.07483109548114521
76200.0 0.07447800832418408
76600.0 0.07412492116722294
77000.0 0.07377185606855863
77400.0 0.07342684224822821
77800.0 0.0730856665715419
78200.0 0.0727444908948556
78600.0 0.07240331521816928
79000.0 0.07206213954148298
79400.0 0.07172749312065102
79800.0 0.07139774364170981
80200.0 0.0710679721044718
80600.0 0.0707382226255306
81000.0 0.07040847314658939
81400.0 0.07008229711173063
81800.0 0.06976348854800482
82200.0 0.0694446579259822
82600.0 0.06912584936225637
83000.0 0.06880701874023375
83400.0 0.06848821017650793
83800.0 0.06817934990464126
84200.0 0.06787110726508515
84600.0 0.06756284256723223
85000.0 0.06725457786937931
85400.0 0.06694631317152638
85800.0 0.06664232778325367
86200.0 0.06634420990193116
86600.0 0.06604609202060863
87000.0 0.0657479741392861
87400.0 0.06544985625796358
87800.0 0.06515171631834425
88200.0 0.06486092179156107
88600.0 0.06457255367742644
89000.0 0.06428418556329182
89400.0 0.06399581744915722
89800.0 0.0637074713933194
90200.0 0.06341910327918479
90600.0 0.06313944819228823
91000.0 0.06286047691259264
91400.0 0.06258150563289705
91800.0 0.06230251229490465
92200.0 0.06202354101520905
92600.0 0.061744569735513455
93000.0 0.06147424530816551
93400.0 0.06120433998845687
93800.0 0.06093443466874821
94200.0 0.06066455140733637
94600.0 0.06039464608762773
95000.0 0.06012474076791907
95400.0 0.05986198233637531
95800.0 0.05960079004390473
96200.0 0.05933961980973095
96600.0 0.059078427517260355
97000.0 0.05881725728308658
97400.0 0.0585560870489128
97800.0 0.058299328474100055
98200.0 0.05804658450930587
98600.0 0.057793840544511685
99000.0 0.057541118638014296
99400.0 0.05728837467322011
99800.0 0.05703563070842592
100200.0 0.05678339408445825
100400.00000000009 0.05666110288697007
100748.43066198383 0.056448074930789
101098.07052641988 0.05623428554223164
101448.92378975474 0.056019776271949255
101800.9946629978 0.05580450042850134
102154.28737177301 0.05558849954469841
102508.80615636887 0.05537172691119709
102864.55527178946 0.05515510691003746
103221.53898780573 0.05494364630112548
103579.76158900595 0.0547316635896909
103939.22737484834 0.05451895378451103
104299.94065971187 0.05430551041876743
104661.9057729482 0.05409130440865484
105025.12705893395 0.053876371758017134
105389.60887712192 0.053660682398996795
105755.35560209466 0.05344814700811808
106122.37162361621 0.05323806233882501
106490.66134668495 0.053027248586460296
106860.22919158668 0.05281572527909254
107231.07959394684 0.052603445761119354
107603.217004785 0.05239042954301695
107976.64589056744 0.05217667406812286
108351.370733261 0.05196270874709529
108727.39603038708 0.05175459381347445
109104.72629507471 0.05154626254128351
109483.36605611602 0.05133720827105392
109863.31985801981 0.05112740643537845
110244.59226106624 0.050916898633032635
110627.1878413618 0.05070566027916353
111011.11119089334 0.050493666780150395
111396.36691758451 0.05028469885978531
111782.95964535022 0.05007944007822301
112170.89401415233 0.04987346254118533
112560.17468005554 0.04966676097912383
112950.80631528242 0.04945935776709301
113342.79360827077 0.049251234777786666
113736.1412637291 0.049042367454974964
114130.85400269323 0.0488330288081443
114526.93656258319 0.0486304396527414
114924.39369725919 0.04842815765731071
115323.23017708007 0.048225173733953845
115723.45078895958 0.048021480273838
116125.06033642414 0.04781706829275818
116528.06363967061 0.047611963935848656
116932.46553562334 0.04740614785621947
117338.27087799355 0.047202844070330964
117745.48453733666 0.047004547475099405
118154.11140111096 0.046805571024519696
118564.15637373661 0.046605881829707124
118975.62437665339 0.046405516233434495
119388.52034838134 0.046204443844357936
119802.84924457902 0.04600269086338424
120218.61603810318 0.04580023888155236
120635.82571906883 0.045604745803696604
121054.48329490799 0.045410303493486286
121474.59379043133 0.045215202686853445
121896.16224788758 0.04501941289082788
122319.19372702412 0.044822943774118405
122743.69330514787 0.044625792979193585
123169.6660771864 0.04442795814034022
123597.11715574806 0.04423199823032115
124026.0516711849 0.04404232165990017
124456.47477165324 0.04385199729987467
124888.39162317566 0.04366099598854504
125321.80740970328 0.04346935380324982
125756.72733317701 0.0432770368398225
126193.15661359143 0.04308404936696511
126631.1004890565 0.042890389350919926
127070.56421586059 0.04270313009737582
127511.55306853396 0.04251794126015145
127954.0723399109 0.04233209953156031
128398.12734119488 0.04214561101523213
128843.72340202122 0.041958496841426204
129290.86587052139 0.04177071390263035
129739.56011338736 0.04158228887880112
130189.81151593504 0.04139495322190808
130641.62548217046 0.041215028568017335
131095.00743485359 0.041034500643697555
131549.96281556363 0.04085335913188152
132006.49708476473 0.04067156692375189
132464.61572187033 0.04048916595426143
132924.3242253105 0.040306126610391194
133385.628112597 0.04012244073356404
133848.53292038973 0.03994440039270926
134313.04420456337 0.039769437230894336
134779.167540273 0.03959386671945933
135246.90852202274 0.03941768675064287
135716.27276373174 0.03924089879886339
136187.2658988018 0.039063489973221024
136659.8935801853 0.03888548212392094
137134.16148045196 0.03870765604813993
137610.07529185852 0.03853839193308527
138087.64072641605 0.03836851811167583
138566.86351595866 0.03819806935177278
139047.7494122127 0.038027031951055446
139530.30418686455 0.03785539444639634
140014.53363163173 0.037683171626268865
140500.44355833106 0.03751032892966423
140988.03979894897 0.03734222144127594
141477.32820571162 0.03717813071841822
141968.3146511539 0.03701348272304799
142461.00502819192 0.03684826842409053
142955.40525019236 0.03668248083786446
143451.52125104374 0.03651611797481937
143949.35898522806 0.036349177838500155
144448.924427891 0.036182090101344
144950.2235749154 0.03602334496938292
145453.2624429921 0.035864614489568396
145958.04706969234 0.035705331514385805
146464.58351354074 0.035545499507229045
146972.87785408652 0.035385106178799225
147482.9361919785 0.035224166519187854
147994.76464903704 0.03506265358365278
148508.36936832778 0.03490490398559527
149023.7565142358 0.03475206299305794
149540.9322725382 0.034598691347676395
150059.90285048028 0.03444478720785968
150580.6744768489 0.03429034872562584
151103.25340204738 0.034135374764224714
151627.64589817091 0.03397986740810447
152153.85825908065 0.0338238205284837
152681.89680048096 0.03367587853941529
153211.76785999417 0.03352847013153709
153743.47779723676 0.033380528172101624
154277.0329938962 0.03323209500260343
154812.43985380605 0.03308314403946671
155349.70480302497 0.03293365966901316
155888.8342899124 0.03278367598213256
156429.8347852063 0.0326364711126688
156972.71278210124 0.03249499321326206
157517.47479632485 0.032353046154069476
158064.1273662182 0.03221059825916664
158612.67705281274 0.03206765229462316
159163.1304399096 0.031924210399945405
159715.49413415877 0.031780270854045015
160269.77476513712 0.03163583192986094
160825.97898542997 0.03149843018555974
161384.11347070962 0.03136243226987789
161944.18491981577 0.031225984288833847
162506.2000548363 0.031089041854990705
163070.1656211866 0.030951636756951013
163636.0883876925 0.030813747074006245
164203.97514667013 0.030675372975221337
164773.83271400793 0.030538846904507554
165345.66792924836 0.030408711311926392
165919.48765567035 0.030278120101103378
166495.29878037024 0.030147085638711664
167073.10821434658 0.030015590346083042
167652.9228925817 0.029883640055728494
168234.74977412526 0.02975122448279641
168818.59584217807 0.029618360932858884
169404.46810417465 0.02949139174257054
169992.37359186928 0.02936665977707907
170582.3193614191 0.029241472803817753
171174.31249346913 0.02911587343686155
171768.3600932375 0.028989816051883773
172364.46929059955 0.028863343252512677
172962.64724017525 0.028736409403938446
173562.90112141386 0.028610472001175138
174165.23813868032 0.02849152112055856
174769.6655213422 0.02837217097015113
175376.19052385495 0.02825240098928434
175984.8204258511 0.028132222146733814
176595.5625322263 0.028011626309084887
177208.42417322725 0.027890610170958247
177823.4127045401 0.027769155796572013
178440.53550737724 0.027652561998719297
179059.79998856818 0.027538933524887135
179681.21358064678 0.027424888577119284
180304.7837419411 0.02731044784492268
180930.51795666298 0.02719560995475711
181558.42373499667 0.0270803735283158
182188.508613191 0.026964759240805262
182820.7801536484 0.02684926131218152
183455.24594501613 0.026741205913683872
184091.9136022776 0.026632777873662382
184730.79076684228 0.026523983448511083
185371.88510663982 0.02641481146047556
186015.20431621035 0.026305260599252176
186660.7561167974 0.026195307491693173
187308.54825644082 0.026084994934978054
187958.58851006837 0.02597856552107035
188610.8846795912 0.025875733959676357
189265.44459399607 0.02577256262398035
189922.27610943964 0.025669013361265428
190581.38710934314 0.025565104585505337
191242.78550448545 0.025460844486790722
191906.4792331004 0.025356225558164684
192572.47626097052 0.0252513106751002
193240.7845815229 0.025153623372782496
193911.41221592567 0.025055901977119387
194584.36721318262 0.024957845201222757
195259.65765023217 0.02485945042306919
195937.29163204285 0.024760713943570507
196617.27729171072 0.024661634576877853
197299.62279055765 0.024562211133026913
197984.33631822755 0.02446572590316864
198671.42609278703 0.024373381562784534
199360.90036082253 0.0242807034678213
200052.7673975396 0.024187719167786854
200747.03550686277 0.024094400106896906
201443.7130215334 0.02400076779718089
202142.80830321225 0.023906810696667224
202844.3297425782 0.023812517899807647
203548.28575942936 0.023724539007676182
204254.6848027845 0.023637190388305987
204963.53535098286 0.023549530358974936
205674.84591178835 0.02346155993901712
206388.62502249 0.023373295548994023
207104.88125000495 0.02328470865976138
207823.62319098154 0.023195831566562224
208544.8594719008 0.023109065252133052
209268.59874918268 0.023026929611431594
209994.84970928813 0.02294449930178634
210723.62106882382 0.022861783230146964
211454.9215746472 0.02277879034833074
212188.76000396966 0.022695492309933642
212925.1451644646 0.022611927020590113
213664.08589437135 0.02252804935968053
214405.5910626017 0.02244951539198307
215149.66956884676 0.022372242684170884
215896.33034368197 0.022294701838428323
216645.5823486771 0.022216902734182843
217397.43457650184 0.022138832914995167
218151.8960510343 0.022060471082702673
218908.9758274697 0.021981858715447097
219668.68299242735 0.02190460231265574
220431.02666406232 0.021832373426699317
221196.01599217302 0.02175989418202377
221963.66015831166 0.021687163709777964
222733.96837589474 0.021614181138095424
223506.94989031187 0.02154094405905664
224282.61397903945 0.021467456193815453
225060.96995175022 0.02139371206231437
225842.02715042542 0.021324375229894884
226625.79494946744 0.021256922008994768
227412.28275581042 0.021189224114610276
228201.50000903595 0.02112128572319642
228993.45618148448 0.021053113153254203
229788.16077836952 0.0209847233150073
230585.62333789226 0.02091607560168058
231385.85343135396 0.020848133144761156
232188.8606632739 0.020785584295804103
232994.65467150253 0.02072281845231457
233803.24512733784 0.020659812802932515
234614.64173564175 0.02059662953715412
235428.8542349548 0.020533205046189586
236245.89239761574 0.02046954797421389
237065.76602987712 0.02040568580970821
237888.48497202326 0.020345439569071675
238714.05909848903 0.020287573471675483
239542.4983179762 0.02022951577563468
240373.81257357553 0.020171253942068562
241208.01184288395 0.020112788607217234
242045.10613812497 0.020054114423160397
242885.10550626923 0.01999523646164967
243728.0200291531 0.019936462090693063
244573.85982360275 0.019883100824919144
245422.63504155353 0.019829537307486562
246274.3558701723 0.019775805690258205
247129.0325319802 0.019721881278770993
247986.67528497343 0.019667775402951657
248847.29442274923 0.01961348175675255
249710.90027462755 0.01955899968853067
250577.5032057754 0.019507035117199433
251447.1136173319 0.019457567294123644
252319.741946531 0.019407927720130273
253195.39866682977 0.019358115799170624
254074.09428803218 0.019308147277065466
254955.83935641564 0.019257994580104763
255840.64445485763 0.019207662021232964
256728.52020296326 0.01915720503901102
257619.47725719062 0.019111075046248198
258513.52631098175 0.01906503773116676
259410.67809488898 0.019018842619687358
260310.94337670426 0.018972504148094396
261214.33296158884 0.018925987869895373
262120.8576922009 0.018879308044352127
263030.5284488288 0.018832481850426647
263943.3561495196 0.018787251787814978
264859.35175021074 0.018744460662404077
265778.5262448618 0.018701498822205027
266700.8906655845 0.0186584098679103
267626.45608277834 0.01861515500099594
268555.23360526125 0.018571760311283568
269487.23438040353 0.01852822072646912
270422.46959426196 0.018484507829394366
271360.9504717122 0.01844402226600926
272302.6882765867 0.018403916676588958
273247.69431180746 0.01836368539502625
274195.97991952254 0.018323314493821435
275147.55648124265 0.018282803488435
276102.4354179754 0.018242151892645962
277060.6281903659 0.01820133716024905
278022.1462988321 0.018161495761430464
278987.001283703 0.018123910115316673
279955.20472535834 0.018086177411078066
280926.7682443648 0.018048316556040035
281901.7035016192 0.018010334306659874
282880.0221984859 0.017972221454875866
283861.73607693805 0.017933962799616638
284846.856919699 0.017895577054694106
285835.39655038144 0.01785947039703093
286827.3668336328 0.01782397877705086
287822.7796752752 0.017788364139171675
288821.64702244906 0.017752626056469004
289823.9808637571 0.01771675881076672
290829.79322940577 0.017680755783185634
291839.0961913531 0.017644644789624367
292851.90186345164 0.01760903129520925
293868.22240159387 0.017575463010383322
294888.0700038592 0.017541769984913618
295911.45691065746 0.017507977428798296
296938.39540488017 0.017474070774702317
297968.8978120446 0.01744003178828678
299002.9765004432 0.01740588294123422
300040.643881292 0.017371615353516855
301081.9124088775 0.017338883213948268
302126.7945807098 0.017306868105953943
303175.3029376698 0.017274719757082547
304227.45006416074 0.017242459839780077
305283.2485882598 0.017210087966856667
306342.71118186694 0.017177603749778766
307405.8505608609 0.017145028856961217
308472.6794852493 0.017112595417065377
309543.21075932245 0.01708198532469499
310617.4572318076 0.01705127254685857
311695.4317960206 0.017020445161526135
312777.1473900245 0.01698953136739284
313862.6169967824 0.016958497947490013
314951.8536443137 0.01692735146383616
316044.87040585116 0.01689609658244259
317141.68039999536 0.016865865277260497
318242.2967908759 0.016836344018316532
319346.7327883069 0.016806723367867777
320455.0016479461 0.0
321567.116671454 0.0
322683.09120665427 0.0
323802.93864769104 0.0
324926.672435194 0.0
326054.30605643673 0.0
327185.8530454994 0.0
328321.326983432 0.0
329460.74149841425 0.0
330604.11026592366 0.0
331751.4470088968 0.0
332902.76549789455 0.0
334058.07955126825 0.0
335217.40303532267 0.0
336380.74986448674 0.0
337548.13400147745 0.0
338719.56945746863 0.0
339895.07029225933 0.0
341074.65061444003 0.0
342258.32458156615 0.0
343446.10640032514 0.0
344638.0103267076 0.0
345834.0506661794 0.0
347034.2417738501 0.0
348238.5980546498 0.0
349447.1339634991 0.0
350659.8640054834 0.0
351876.8027360276 0.0
353097.96476106776 0.0
354323.3647372312 0.0
355553.01737200917 0.0
356786.93742393394 0.0
358025.13970275706 0.0
359267.6390696242 0.0
360514.4504372573 0.0
361765.5887701314 0.0
363021.06908465445 0.0
364280.90644934855 0.0
365545.1159850277 0.0
366813.7128649837 0.0
368086.7123151656 0.0
369364.1296143627 0.0
370645.98009438923 0.0
371932.2791402647 0.0
373223.04219040385 0.0
374518.28473679814 0.0
375818.0223252031 0.0
377122.2705553253 0.0
378431.04508100665 0.0
379744.36161041673 0.0
381062.23590623855 0.0
382384.6837858583 0.0
383711.7211215558 0.0
385043.36384069227 0.0
386379.62792590604 0.0
387720.529415301 0.0
389066.08440264023 0.0
390416.3090375398 0.0
391771.21952565934 0.0
393130.8321289014 0.0
394495.16316560353 0.0
395864.22901073477 0.0
397238.0460960931 0.0
398616.63091049937 0.0
400000.0000000001 0.0
