91.0 0.0
94.0 0.0
96.0 0.0
98.0 0.0
100.0 0.0
102.0 0.0
104.0 0.0
106.0 0.0
108.0 0.0
110.0 0.0
114.0 0.0
118.0 0.0
121.0 0.0
125.0 0.0
127.0 0.0
128.0 0.0
131.0 0.0
132.0 0.0
134.0 0.0
137.0 0.0
140.0 0.0
143.0 0.0
147.0 0.0
151.0 0.0
155.0 0.0
159.0 0.0
162.0 0.0
166.0 0.0
170.0 0.0
173.0 0.0
177.0 0.0
180.0 0.0
182.0 0.0
186.0 0.0
191.0 0.0
194.0 0.0
198.0 0.0
202.0 1.9543540853950215e-07
205.0 2.2623684350378907e-07
210.0 2.778919910659886e-07
216.0 3.6376417627888e-07
220.0 4.2145731997053647e-07
223.0 5.180041086614403e-07
227.0 6.47435387088298e-07
230.0 7.450375746961648e-07
234.0 1.2625004760840486e-06
240.0 2.0447658934591064e-06
246.0 4.897265666755598e-06
252.0 9.288623380016701e-06
257.0 1.5509539027739673e-05
260.0 1.9265400938654726e-05
264.0 5.1487336998328525e-05
269.0 9.204855064355942e-05
274.0 9.934803959112278e-05
279.0 9.827572944734175e-05
284.0 0.00012833944005740292
290.0 0.00017411272814906012
296.0 0.0001504868555671981
301.0 0.0001435731079090096
308.0 0.00020670083111894852
318.0 0.0002848781056919737
328.0 0.00036191454038944594
338.0 0.00040883261153783006
348.0 0.000453877007944522
357.0 0.0006368544989260346
366.0 0.0008463648090881922
375.0 0.0008938540891029691
385.0 0.0009269273517033471
395.0 0.001215434425050407
405.0 0.0015349810569322577
414.0 0.0016307598583042942
422.0 0.0016096561623744616
430.0 0.0015936798788730882
441.0 0.0019221777070887421
451.0 0.0020551544253587226
460.0 0.0019533603484295477
470.0 0.002082476887863191
480.0 0.0024090500386647414
490.0 0.002215471390255316
500.0 0.0027662292940169707
506.0 0.003313509613944309
512.0 0.0037865415900420543
520.0 0.0042111750809120715
530.0 0.004138068787618627
540.0 0.0037915610099079943
550.0 0.004089403192499006
560.0 0.005214854731948525
570.0 0.005925914356807284
580.0 0.00605597919107874
590.0 0.006562759602948089
600.0 0.006295417324435511
610.0 0.006736039466472787
620.0 0.008079353523864772
630.0 0.008310872381536945
640.0 0.009111993631584103
650.0 0.009591298716632963
658.0 0.009939610684312926
665.0 0.010600713424387119
675.0 0.011334612206326663
685.0 0.011892219420287101
695.0 0.012622237337349504
705.0 0.013402627466488869
716.0 0.014970684399999958
726.0 0.016429712372427532
735.0 0.01764831834781797
745.0 0.019363541563314653
755.0 0.021332863194461513
765.0 0.02367383913213776
775.0 0.0270004678562185
785.0 0.0312717010950231
795.0 0.036429393198193875
805.0 0.04255460587831058
815.0 0.048573758357058426
825.0 0.053576157945993554
835.0 0.0589707953229631
845.0 0.06640602658322135
855.0 0.07460043180327358
865.0 0.08297514862324423
875.0 0.09232480851217466
885.0 0.1026087324105916
895.0 0.1161204232612252
905.0 0.1343940867151352
915.0 0.18076396584667995
925.0 0.30939665322813864
935.0 0.5278246421184095
945.0 0.776123849654679
955.0 0.9962762853711682
965.0 0.9915675209144852
975.0 0.8749698419688485
985.0 1.0064826910161895
995.0 1.2373754776730272
1005.0 1.40251460352492
1015.0 1.3854091537340154
1025.0 1.25495034561565
1035.0 1.4222092735532872
1045.0 1.7533816418281543
1055.0 1.8421399119540949
1065.0 1.7997792694310986
1075.0 1.8061407900382447
1085.0 1.8387276832437558
1095.0 1.9184975401331872
1105.0 1.9606207577205383
1115.0 1.9338663936609153
1125.0 1.9574628818888549
1135.0 2.0418361561661627
1145.0 2.089933318571221
1155.0 2.1222028233063917
1165.0 2.0655588593125267
1175.0 1.9660597367622825
1185.0 1.946404040176332
1195.0 1.7921668777615716
1205.0 1.5057730412550554
1208.72 1.3962398369268576
1208.8 1.3938761450869492
1208.87 1.3918076351966495
1208.94 1.3897388644951496
1209.02 1.3873742358639707
1209.09 1.385304906550643
1209.16 1.3832353166773916
1209.23 1.3811654663241186
1209.31 1.378799604210539
1209.38 1.3767291959546388
1209.45 1.3746585274695975
1209.53 1.3722917306553581
1209.6 1.3702205048049745
1209.67 1.3681490189760137
1209.75 1.3657812883611538
1209.82 1.3637092457034878
1209.89 1.361636943317524
1209.96 1.3595643812828444
1210.04 1.3583206263224232
1210.11 1.3582167926414832
1210.18 1.3581129227086064
1210.26 1.3579941698377802
1210.33 1.357890222258969
1210.4 1.357786238462546
1210.47 1.3576822184594257
1210.55 1.3575632941351252
1210.62 1.35745919658296
1210.69 1.3573550628583761
1210.77 1.3572360086086475
1210.84 1.3571317974084347
1210.91 1.357027550070046
1210.99 1.3569083660178858
1211.06 1.3568040412772109
1211.13 1.3566996804325686
1211.2 1.3565952834948378
1211.28 1.356475928527188
1211.35 1.3563714542837337
1211.42 1.3562669439813535
1211.5 1.356147459495922
1211.57 1.3560428719609865
1211.64 1.355938248401253
1211.72 1.355818634520623
1211.79 1.3557139338014301
1211.86 1.3556091970915318
1211.93 1.3555044244017682
1212.01 1.3553846401418217
1212.08 1.355279790388838
1212.15 1.3551749046900368
1212.23 1.3550549913185799
1212.3 1.3549500286294798
1212.37 1.354845030028576
1212.44 1.354739995526682
1212.52 1.354619912149423
1212.59 1.3545148007532415
1212.66 1.3544096534900383
1212.74 1.3542894412842885
1212.81 1.3541842171995475
1212.88 1.3540789572817167
1212.96 1.3539586163693575
1213.03 1.3538532797026643
1213.1 1.353747907236781
1213.17 1.3536424989824856
1213.25 1.3535219885974235
1213.32 1.3534165036899506
1213.39 1.3533109830279177
1213.47 1.3531903442183095
1213.54 1.3530847469756058
1213.61 1.3529791140121588
1213.69 1.3528583468994715
1213.76 1.3527526374277818
1213.83 1.3526468922691344
1213.9 1.3525411114342691
1213.98 1.3524201753801777
1214.05 1.352314318132433
1214.12 1.3522084252422084
1214.2 1.3520873611661473
1214.27 1.3519813919353019
1214.34 1.3518753870956803
1214.41 1.3517693466579987
1214.49 1.3516481140106467
1214.56 1.351541997327481
1214.63 1.351435845079913
1214.71 1.3513144846910334
1214.78 1.3512082562700671
1214.85 1.351101992318324
1214.93 1.3509805043086847
1215.0 1.3508741642555564
1215.07 1.3507677887052387
1215.14 1.3506613776684129
1215.22 1.3505397216157262
1215.29 1.3504332345723287
1215.36 1.350326712075967
1215.44 1.350204928682011
1215.51 1.3500983302509206
1215.58 1.3499916964003722
1215.66 1.3498697857855093
1215.73 1.3497630760720019
1215.8 1.3496563309725134
1215.87 1.3495495504976875
1215.95 1.3494274723662252
1216.02 1.349320616122931
1216.09 1.3492137245377285
1216.17 1.3490915194638988
1216.24 1.3489845521818264
1216.31 1.3488775495912415
1216.38 1.3487705117027617
1216.46 1.348648139479063
1216.53 1.3485410259879813
1216.6 1.3484338772323556
1216.68 1.3483113783441687
1216.75 1.348204154057366
1216.82 1.3480968945393355
1216.9 1.3479742691063243
1216.97 1.347866934128473
1217.04 1.3477595639526747
1217.11 1.3476521585895138
1217.19 1.3475293665300447
1217.26 1.347421885801007
1217.33 1.347314369917842
1217.41 1.3471914515904817
1217.48 1.3470838604126254
1217.55 1.3469762341138436
1217.63 1.3468531896378482
1217.7 1.3467454881154866
1217.77 1.3466377515053662
1217.84 1.3465299798180363
1217.92 1.3464067692372101
1217.99 1.346298922419924
1218.06 1.3461910405585518
1218.14 1.3460677041050784
1218.21 1.3459597471846922
1218.28 1.3458517552533065
1218.35 1.345743728321443
1218.43 1.3456202261265062
1218.5 1.3455121242290318
1218.57 1.3454039873641233
1218.65 1.3452803595718694
1218.72 1.3451721478121204
1218.79 1.3450639011179488
1218.87 1.3449401478469432
1218.94 1.3448318263286305
1219.01 1.3447234699088713
1219.08 1.3446150785981472
1219.16 1.3444911601042817
1219.23 1.3443826940625017
1219.3 1.3442741931626891
1219.38 1.3441501494644592
1219.45 1.3440415739041187
1219.52 1.3439329635186448
1219.6 1.3438087947342123
1219.67 1.343700109758667
1219.74 1.3435913899908494
1219.81 1.3434826354412102
1219.89 1.3433583019507485
1219.96 1.3432494729038025
1220.03 1.3447063216697703
1220.11 1.3487574552229575
1220.18 1.3523025873494705
1220.25 1.355848083609859
1220.32 1.3593939438936964
1220.4 1.3634468012480534
1220.47 1.3669934412104618
1220.54 1.370540444849518
1220.62 1.3745946084710645
1220.69 1.378142391046026
1220.76 1.3816905369512589
1220.84 1.3857460055959243
1220.91 1.3892949296953228
1220.98 1.392844216779066
1221.05 1.3963938667371893
1221.13 1.4004510537414439
1221.2 1.404001480917405
1221.27 1.4075522706223955
1221.35 1.411610759771786
1221.42 1.415162325955056
1221.49 1.4187142543224307
1221.57 1.4227740443780932
1221.64 1.4263267484851119
1221.71 1.4298798144317562
1221.78 1.433433242108521
1221.86 1.437494745104956
1221.93 1.4410489475491381
1222.0 1.4446035113795261
1222.08 1.4486663124163135
1222.15 1.452221650277646
1222.22 1.4557773491817159
1222.29 1.4593334090193397
1222.37 1.4633979192246325
1222.44 1.466954752123821
1222.51 1.4705119456136546
1222.59 1.4745777510017768
1222.66 1.4781357168188636
1222.73 1.4816940428841323
1222.81 1.4857611422250165
1222.88 1.4893202398841532
1222.95 1.4928796974494445
1223.02 1.4964395148121665
1223.1 1.5005083179412715
1223.17 1.5040689059325478
1223.24 1.5076298533797836
1225.0 1.5972800606380897
1235.0 2.0345482909751618
1245.0 2.2390425080545873
1255.0 2.25026818670532
1265.0 2.2748812188182854
1275.0 2.3719474501750843
1285.0 2.3643939095453907
1295.0 2.1104480446073635
1305.0 2.193690190759157
1315.0 2.3592533147815185
1325.0 2.2298642912639552
1335.0 2.221635267401892
1345.0 2.331012504867998
1355.0 2.3887079561989086
1365.0 2.3044969531546604
1375.0 2.1918822769054866
1385.0 1.976551832904379
1395.0 1.9187624896819344
1405.0 2.0833225084211984
1415.0 2.189738030267961
1425.0 2.2511873306578547
1435.0 2.2416598979725095
1442.0 2.2374745070310937
1447.0 2.316010195384867
1455.0 2.3440392039874
1465.0 2.372655025808693
1475.0 2.4342994939733456
1485.0 2.4048372007861536
1495.0 2.2712100669782482
1505.0 2.150931322015698
1512.0 2.11262267747198
1517.0 2.0908749700396227
1525.0 2.0075662828486864
1535.0 1.80425132767688
1545.0 1.720216182536731
1555.0 1.9014733373909363
1565.0 2.0383528509137254
1575.0 1.9792918304300036
1585.0 1.9201058498223502
1595.0 1.900856366625152
1605.0 1.8120771741479547
1615.0 1.769763555400858
1625.0 1.8037968877512358
1635.0 1.8902372712091011
1645.0 1.9747879737887868
1655.0 1.9409623699295313
1665.0 1.82088447625944
1672.0 1.7756239738721897
1677.0 1.855239392092128
1685.0 1.8423255831045486
1695.0 1.805218190003938
1705.0 1.8053638933890581
1715.0 1.8183122149163473
1725.0 1.906798352822757
1735.0 1.8953146831980787
1745.0 1.8599565918340653
1755.0 1.855891232617369
1765.0 1.7901435553289966
1775.0 1.748139338243031
1785.0 1.7463902370104125
1795.0 1.7661530025868881
1805.0 1.7663386978022837
1815.0 1.7337400354516364
1825.0 1.7062830729798988
1835.0 1.6712726557549673
1845.0 1.5988391435467901
1855.0 1.551973699120395
1865.0 1.5731850111861962
1875.0 1.6177516917080261
1885.0 1.5830411166266727
1895.0 1.5601141574480173
1905.0 1.6647113762681862
1915.0 1.566522109817012
1925.0 1.3790528683342573
1935.0 1.4579037058845552
1945.0 1.5322028102519114
1955.0 1.4575518207714695
1967.0 1.149498946274887
1976.0 1.2911712042917232
1984.0 1.5052956395936756
1995.0 1.520262262403962
2005.0 1.4498921077954319
2015.0 1.4125169607094703
2025.0 1.3726708310264835
2035.0 1.4508908255436948
2045.0 1.513652465675229
2055.0 1.528878655171351
2065.0 1.4766337038097492
2074.0 1.466637629736691
2078.0 1.558858518639388
2085.0 1.5080618435375124
2095.0 1.4363295283443325
2105.0 1.479854780314613
2115.0 1.42487062981118
2125.0 1.3760687392006132
2135.0 1.3605494894669963
2145.0 1.3495414412221776
2155.0 1.3037253323947717
2165.0 1.2407442612654958
2175.0 1.356896559429652
2185.0 1.331950243701861
2195.0 1.3439199239742599
2205.0 1.4327837405818196
2215.0 1.3218077397149903
2225.0 1.3446301678322725
2235.0 1.348261156186182
2245.0 1.2834031535702188
2255.0 1.3067310530418639
2265.0 1.2848404563720237
2275.0 1.2335195399864496
2285.0 1.2872522907763675
2295.0 1.3344172146913367
2305.0 1.3322625647142683
2315.0 1.305089063048733
2325.0 1.3265705454438437
2335.0 1.2368792263475432
2345.0 1.1393021518350577
2355.0 1.2019764466219032
2365.0 1.191126419770221
2375.0 1.1682154371049145
2385.0 1.1548123771172718
2395.0 1.1437350945655291
2405.0 1.147726514782526
2415.0 1.199185781605469
2425.0 1.2207378045373427
2435.0 1.20514944917969
2445.0 1.184239516092855
2455.0 1.1247059448616186
2465.0 1.1354472006489162
2475.0 1.1570239856866429
2485.0 1.1116809643356624
2495.0 1.0784615815436684
2505.0 1.0675544703577187
2513.0 1.0747824116155518
2518.0 1.075814302535799
2525.0 1.082586554842649
2535.0 1.0969797620091928
2545.0 1.0784111474392586
2555.0 1.027870050460843
2565.0 1.0113861933608503
2575.0 1.0048613250379623
2585.0 1.0086944540453278
2595.0 1.0120111770099243
2605.0 1.023623568290737
2615.0 1.0589296055429391
2625.0 1.052165365068141
2635.0 1.0157700780077632
2645.0 1.0232214119200393
2655.0 1.0263212435369622
2665.0 0.9929331728548046
2675.0 0.9974233403124985
2685.0 1.0037371925784317
2695.0 0.9839974092807
2705.0 0.9818350380685035
2715.0 0.9568164548302329
2725.0 0.9432870455718506
2735.0 0.9769539578234443
2745.0 0.9731894751313174
2755.0 0.9579455974512506
2765.0 0.9327144535980463
2775.0 0.8957291543713185
2785.0 0.9561858496628373
2795.0 1.0709959655831702
2805.0 1.0531953391812678
2815.0 0.9663150508472077
2825.0 0.9566048245853995
2835.0 0.9373577461541495
2845.0 0.9054323763282782
2855.0 0.9207255523536021
2865.0 0.9294964533557867
2875.0 0.9195360671012426
2885.0 0.876675316848221
2895.0 0.889671779973309
2910.0 0.8846400766865244
2930.0 0.9410953111830045
2950.0 0.9478308001588621
2970.0 0.9515954905137662
2990.0 0.9530609203409534
3010.0 0.9156340327954385
3030.0 0.8766564638119586
3050.0 0.8616521287562402
3070.0 0.9029229082609432
3090.0 0.8640961889733345
3110.0 0.8991063538829223
3130.0 0.9244456246817632
3150.0 0.8154425928654759
3170.0 0.9229409290792637
3190.0 1.191734430606226
3210.0 0.912459500359017
3230.0 0.8727780052668902
3250.0 0.90664644413552
3270.0 0.870338668621038
3290.0 0.7950647648503575
3310.0 0.8491651838489075
3330.0 0.8211479684929579
3350.0 0.8673919010483141
3370.0 0.7634036012753461
3390.0 0.8258241863101486
3410.0 0.9308704499472278
3430.0 0.7763309693746069
3450.0 0.8777633638609996
3470.0 0.8413584454753115
3490.0 0.821733623251954
3510.0 0.6922625275998588
3530.0 0.8240934712591784
3550.0 0.7496249671576645
3570.0 0.7974315596318388
3590.0 0.7819985976834826
3610.0 0.7768933725590467
3630.0 0.7325486627734612
3640.0 0.7958160235210406
3650.0 0.7840577170104944
3670.0 0.7413303848087641
3690.0 0.7351601196450732
3704.66 0.7768325544985876
3704.88 0.7774873784781946
3705.11 0.778172002072018
3705.33 0.7788268927915118
3705.55 0.7794818161362795
3705.78 0.7801665436051948
3706.0 0.7808215336770968
3706.22 0.7814765563680373
3706.45 0.7821613876921966
3706.67 0.7828164770975232
3706.89 0.7834715991156529
3707.12 0.784156534275209
3707.34 0.784811722994975
3707.56 0.7854669443213108
3707.79 0.7861519832964186
3708.01 0.7868072713116422
3708.24 0.7874923800024716
3708.46 0.7881477346980186
3708.68 0.7888031219897179
3708.91 0.7894883344629294
3709.13 0.7901437884222066
3709.35 0.7907992749714041
3709.58 0.7914845912071559
3709.8 0.7921401444111855
3710.0 0.7927361301445501
3710.02 0.7940287919938779
3710.25 0.8088948470816522
3710.47 0.823115316057738
3710.7 0.8379829687783067
3710.92 0.8522049658285009
3711.14 0.8664277098669214
3711.37 0.8812977409116698
3711.59 0.8955220127370941
3711.81 0.9097470314103877
3712.04 0.9246194403324349
3712.26 0.9388459865056485
3712.48 0.9530732793863848
3712.71 0.9679480657388831
3712.93 0.9821768858324473
3713.16 0.9970532687157599
3713.38 1.0112836158293907
3713.6 1.0255147094159573
3713.83 1.040393468982825
3714.05 1.0546260893024304
3714.27 1.0688594559546534
3714.5 1.0837405917583154
3714.72 1.0979754848565415
3714.94 1.1122111241471355
3715.17 1.127094635740865
3715.39 1.1413318011904485
3715.62 1.1562169082133107
3715.84 1.1704555996292036
3716.06 1.184695037002882
3716.29 1.1995825190691187
3716.51 1.2138234821221578
3716.73 1.2280651909927014
3716.96 1.2429550476556737
3717.18 1.2571982819186207
3717.4 1.2714422618588603
3717.63 1.2863344926719635
3717.85 1.300579997717671
3718.08 1.3154738228585248
3718.3 1.329720852817073
3718.52 1.343968628218397
3718.75 1.358864826762892
3718.97 1.3731141267901565
3719.19 1.3873641721200118
3719.42 1.402262743621633
3719.64 1.416514313290551
3719.86 1.430766628121829
3720.09 1.4628783415044704
3720.31 1.519204506727324
3720.53 1.575533626468276
3720.76 1.6344263195594622
3720.98 1.6907614820644783
3721.21 1.7496604921920849
3721.43 1.8060016966982564
3721.65 1.8623458547940837
3721.88 1.9212542688090488
3722.1 1.9776044677699238
3722.32 2.033957619765102
3722.55 2.09287543589925
3722.77 2.14923462762357
3722.99 2.2055967718267673
3723.22 2.264523988312051
3723.44 2.3208921711088033
3723.67 2.3798257002702967
3723.89 2.4361999208975544
3724.11 2.4925770930756186
3724.34 2.551520019633008
3724.56 2.6079032285059007
3724.78 2.6642893883743994
3725.01 2.7232417105599955
3725.23 2.779633905987732
3725.45 2.8360290518558013
3725.68 2.8949907679020486
3725.9 2.9513919481940825
3726.13 3.010359972557531
3726.35 3.0667671865106927
3726.57 3.1231773499763733
3726.8 3.1821547652460507
3727.02 3.238570961237496
3727.24 3.2949901061862987
3727.47 3.3539769105950072
3727.69 3.410402086934534
3727.91 3.4668302116762986
3728.14 3.525826403456974
3728.36 3.5822605584542724
3728.59 3.6412630541943547
3728.81 3.6977032386845625
3729.03 3.754146370649571
3729.26 3.813158250808024
3729.48 3.869607411130896
3729.7 3.926059518373562
3729.93 3.9850807811836817
3730.0 4.003044413452737
3730.15 3.9595786894249345
3730.37 3.8958261457291856
3730.6 3.8291721799151004
3730.82 3.765412789224477
3731.05 3.698751665640438
3731.27 3.634985428819547
3731.49 3.571215845316141
3731.72 3.504544066282181
3731.94 3.4407676379350782
3732.16 3.3769878635346857
3732.39 3.31030543105377
3732.61 3.2465188130964187
3732.83 3.182728849714824
3733.06 3.1160357657897664
3733.28 3.0522389601378523
3733.51 2.9855387233820228
3733.73 2.921735076324156
3733.95 2.8579280848933504
3734.18 2.791217200041026
3734.4 2.727403368490482
3734.62 2.663586193196047
3734.85 2.596864662249636
3735.07 2.5330406481218404
3735.29 2.4692132908790265
3735.52 2.4024811158407804
3735.74 2.3386469210510157
3735.96 2.2748093837747927
3736.19 2.208066566646815
3736.41 2.144222193109952
3736.64 2.0774722294336128
3736.86 2.013621020499644
3737.08 1.9497664701305402
3737.31 1.8830058677109198
3737.53 1.8191444832307255
3737.75 1.755279757944091
3737.98 1.6885085187828819
3738.2 1.6246369606712043
3738.42 1.5607620623814695
3738.65 1.4939801884802055
3738.87 1.4300984586513772
3739.1 1.3633094431377857
3739.32 1.2994208826331524
3739.54 1.2355289830014877
3739.77 1.1687293360933486
3739.99 1.1048306070716623
3740.21 1.0964005715147958
3740.44 1.090348549167186
3740.66 1.0845593464743295
3740.88 1.0787698389766884
3741.11 1.0727168461659486
3741.33 1.066926715262559
3741.56 1.0608730707505427
3741.78 1.0550823165200236
3742.0 1.0492912575804352
3742.23 1.0432366429099593
3742.45 1.0374449607603358
3742.67 1.0316529739588567
3742.9 1.0255973893121613
3743.12 1.0198047794177327
3743.34 1.014011864928683
3743.57 1.007955310487993
3743.79 1.002161773023058
3744.02 0.9961045673304826
3744.24 0.990310406968271
3744.46 0.9845159421071029
3744.69 0.978457766925118
3744.91 0.9726626792837347
3745.13 0.9668672872006169
3745.36 0.9608081427114111
3745.58 0.9550121279651188
3745.8 0.9492158088343096
3746.03 0.9431556952200572
3746.25 0.9373587535431053
3746.48 0.9312979891262315
3746.7 0.9255004249817227
3746.92 0.9197025565483348
3747.15 0.9136408233109132
3747.37 0.9078423325269969
3747.59 0.902043537511407
3747.82 0.895980835635575
3748.04 0.8901814183864643
3748.26 0.8843816969628814
3748.49 0.8783180266307731
3748.71 0.8725176830906557
3748.93 0.8667170354332873
3749.16 0.8606523968269874
3750.0 0.8385004586683589
3770.0 0.8341572806466906
3790.0 0.8894644032344576
3810.0 0.9742042907799441
3830.0 0.888906779034579
3850.0 0.9488443487075555
3870.0 1.4597393301246784
3890.0 1.0361807305148392
3910.0 0.9622124873153604
3930.0 0.9511306880386473
3950.0 0.9698393849515758
3970.0 1.0159597306218904
3990.0 1.0
4010.0 1.0548143781697001
4030.0 1.0613289825300225
4050.0 1.0445073685440251
4070.0 1.0576676170020893
4078.2 1.014910760401654
4078.45 1.0136059693647865
4078.7 1.0123011057054994
4078.94 1.0110483682742233
4079.19 1.0097433622900338
4079.43 1.008490488236413
4079.68 1.0071853399472357
4079.93 1.005880119061144
4080.17 1.0049251979813112
4080.42 1.0040583240384253
4080.66 1.0032260788428098
4080.91 1.0023591086315384
4081.16 1.0014920893089116
4081.4 1.0006597045584669
4081.65 0.999792588987712
4081.9 0.9989254243159361
4082.14 0.9980929000400327
4082.39 0.9972256391403833
4082.63 0.9963930224921567
4082.88 0.9955256653780443
4083.13 0.9946582591800862
4083.37 0.9938255030552051
4083.62 0.9929580006630344
4083.86 0.992125152198143
4084.11 0.9912575536251668
4084.36 0.9903899059855158
4084.6 0.9895569180927638
4084.85 0.9886891742925534
4085.1 0.9878213814359976
4085.34 0.986988254144732
4085.59 0.98612036514786
4085.83 0.9852871455683258
4086.08 0.9844191604445403
4086.33 0.9835511262815742
4086.57 0.9827177673523033
4086.82 0.9818496370826628
4087.06 0.9810161858974179
4087.31 0.9801479595345027
4087.56 0.9792796841495685
4087.8 0.9784460936633531
4088.05 0.9775777222053783
4088.3 0.9767093017357078
4088.54 0.9758755719778582
4088.79 0.9750070554553792
4089.03 0.9741732334932619
4089.28 0.9733046209313694
4089.53 0.9724359593749367
4089.77 0.9716019981899342
4090.0 0.9708027430230299
4090.02 0.9711101301391641
4090.26 0.9747988765673609
4090.51 0.9786415190987798
4090.76 0.9824843639988053
4091.0 0.9861736854776263
4091.25 0.9900169269776692
4091.5 0.9938603708030036
4091.74 0.9975502672093729
4091.99 1.001394107549834
4092.23 1.0050843845837532
4092.48 1.0089286213831368
4092.73 1.0127730604358292
4092.97 1.0164639121927446
4093.22 1.0203087476194885
4093.47 1.0241537852562435
4093.71 1.0278452116131327
4093.96 1.031690645539081
4094.2 1.0353824523066204
4094.45 1.0392282824655787
4094.7 1.0430743147625932
4094.94 1.0467666959256396
4095.19 1.0506131243708263
4095.43 1.054305885809149
4095.68 1.058152710346338
4095.93 1.0619997369496452
4096.17 1.0656930725790574
4096.42 1.0695404951895495
4096.67 1.0733881198228887
4096.91 1.0770820295204169
4097.16 1.0809300500761354
4097.4 1.084624339832196
4097.65 1.088472756254146
4097.9 1.092321374627033
4098.14 1.096016238246891
4098.39 1.0998652524012247
4098.63 1.1035604959443124
4098.88 1.1074099058239568
4099.13 1.111259517582646
4099.37 1.1149553347852272
4099.62 1.1188053421844637
4099.87 1.1226555514195002
4100.11 1.12400018453315
4100.36 1.1225056809085034
4100.6 1.1210708797887319
4100.85 1.119576214419569
4101.1 1.1180814665364252
4101.34 1.1166464309449322
4101.59 1.115151521351501
4101.83 1.113716330529011
4102.08 1.1122212592479548
4102.33 1.110726105481943
4102.57 1.1092906802702018
4102.82 1.1077953648507868
4103.07 1.1062999669638747
4103.31 1.1048643074124878
4103.56 1.103368747906389
4103.8 1.1019329332114631
4104.05 1.1004372121088317
4104.3 1.0989414085677176
4104.54 1.0975053596155975
4104.79 1.0960093945121598
4105.03 1.0945731904710814
4105.28 1.09307706382797
4105.53 1.0915808547753825
4105.77 1.0901444165595318
4106.02 1.0886480460014716
4106.27 1.0871515930513838
4106.51 1.0857149207103527
4106.76 1.0842183062889887
4107.0 1.0827814789464005
4107.25 1.0812847030764015
4107.5 1.0797878448433713
4107.74 1.0783507834579944
4107.99 1.0768537638105178
4108.23 1.0754165474781374
4108.48 1.0739193664388502
4108.73 1.0724221030655219
4108.97 1.0709846527727263
4109.22 1.0694872280417682
4109.47 1.0679897209942073
4109.71 1.0665520367905585
4109.96 1.065054368419544
4110.0 1.0648147338426661
4110.2 1.0628976264202588
4110.45 1.0605011251836691
4110.7 1.0581044940018096
4110.94 1.055803605823376
4111.19 1.053406719975847
4111.44 1.0510097042106592
4111.68 1.048708446858196
4111.93 1.0463111764814512
4112.17 1.0440096747191
4112.42 1.041612149766625
4112.67 1.0392144949423756
4112.91 1.036912624136388
4113.16 1.0345147147905087
4113.4 1.0322125996609501
4113.65 1.0298144358292596
4113.9 1.0274161421716677
4114.14 1.0251136581288187
4114.39 1.022715110039503
4114.64 1.0203164321518798
4114.88 1.018013579274168
4115.13 1.0156146470089005
4115.37 1.013311549945837
4115.62 1.0109123633387305
4115.87 1.0085130469791723
4116.11 1.0062095812115432
4116.36 1.0038100105642132
4116.6 1.0015063006974971
4116.85 0.999106475798192
4117.1 0.996706521192281
4117.34 0.9944024427512826
4117.59 0.9920022339474509
4117.84 0.9896018954645905
4118.08 0.9872974485276637
4118.33 0.9848968559009285
4118.57 0.9825921650030585
4118.82 0.9801913182682327
4119.07 0.9777903419002066
4119.31 0.9754852826366254
4119.56 0.9730840522145423
4119.81 0.9706826921868253
4120.05 0.9688842150176872
4120.3 0.969017433324095
4120.54 0.9691453270911455
4120.79 0.9692785541324068
4121.04 0.9694117856296856
4121.28 0.969539692058955
4121.53 0.9696729322889677
4121.77 0.9698008471009888
4122.02 0.9699340960623323
4122.27 0.9700673494778962
4122.51 0.9701952769470282
4122.76 0.970328539091804
4123.01 0.970461805689719
4123.25 0.9705897458128915
4123.5 0.9707230211379001
4123.74 0.9708509696384096
4123.99 0.9709842536891095
4124.24 0.9711175421911524
4124.48 0.9712455033405984
4124.73 0.9713788005662155
4124.97 0.9715067700896198
4125.22 0.9716400760374084
4125.47 0.971773386434745
4125.71 0.9719013686019834
4125.96 0.9720346877193753
4126.21 0.9721680112852347
4126.45 0.9722960060932397
4126.7 0.9724293383770384
4126.94 0.9725573415535922
4127.19 0.9726906825539287
4130.0 0.9741897411934556
4150.0 1.0246866744489185
4170.0 1.0089973663850598
4190.0 0.9964235779547252
4210.0 1.0183498189505271
4230.0 1.0096825658228101
4250.0 0.985047626000238
4270.0 0.9816308935878519
4290.0 0.9951759418100836
4310.0 0.9423253883514406
4315.65 0.9534244763253836
4315.91 0.9539355036501432
4316.17 0.9544465549659344
4316.43 0.9549576302709049
4316.69 0.9554687295631993
4316.95 0.9559798528409699
4317.21 0.9564910001023618
4317.47 0.9570021713455232
4317.73 0.9575133665686004
4317.99 0.9580245857697448
4318.25 0.9585358289471029
4318.52 0.9590667606987963
4318.78 0.9595780527450077
4319.04 0.9600893687618087
4319.3 0.9606007087473465
4319.56 0.961112072699769
4319.82 0.9616234606172243
4320.08 0.9616773467436324
4320.34 0.9607017734873621
4320.6 0.9597261471173124
4320.86 0.9587504676374622
4321.12 0.9577747350517802
4321.38 0.9567989493642453
4321.64 0.9558231105788323
4321.9 0.9548472186995189
4322.16 0.9538712737302738
4322.42 0.952895275675074
4322.68 0.9519192245378937
4322.94 0.9509431203227104
4323.2 0.9499669630334909
4323.46 0.9489907526742117
4323.73 0.9479769395958677
4323.99 0.9470006210676178
4324.25 0.9460242494813802
4324.51 0.9450478248411275
4324.77 0.9440713471508311
4325.03 0.943094816414468
4325.29 0.9421182326360019
4325.55 0.9411415958194085
4325.81 0.9401649059686589
4326.07 0.9391881630877276
4326.33 0.9382113671805792
4326.59 0.937234518251187
4326.85 0.936257616303522
4327.11 0.935280661341558
4327.37 0.934303653369258
4327.63 0.9333265923905951
4327.89 0.9323494784095393
4328.15 0.9313723114300624
4328.41 0.9303950914561279
4328.67 0.9294178184917072
4328.94 0.9284029020230119
4329.2 0.9274255210518143
4329.46 0.926448087102189
4329.72 0.9254706001781033
4329.98 0.9244930602835292
4330.0 0.9244178627130917
4330.24 0.9370014011232137
4330.5 0.9506342428232493
4330.76 0.9642677865641311
4331.02 0.9779020322927392
4331.28 0.9915369799559078
4331.54 1.0051726295006191
4331.8 1.0188089808737135
4332.06 1.0324460340220838
4332.32 1.0460837888925774
4332.58 1.059722245432188
4332.84 1.0733614035877694
4333.1 1.0870012633062272
4333.36 1.100641824534421
4333.62 1.1142830872193579
4333.88 1.1279250513079038
4334.15 1.1420924486539832
4334.41 1.155735842362422
4334.67 1.1693799373131912
4334.93 1.1830247334532173
4335.19 1.1966702307293828
4335.45 1.2103164290887174
4335.71 1.2239633284781088
4335.97 1.2376109288444974
4336.23 1.2512592301347782
4336.49 1.2649082322959935
4336.75 1.2785579352750436
4337.01 1.2922083390188819
4337.27 1.3058594434744637
4337.53 1.3195112485886997
4337.79 1.333163754308648
4338.05 1.3468169605812255
4338.31 1.360470867353401
4338.57 1.3741254745720974
4338.83 1.3877807821843857
4339.09 1.4014367901371954
4339.35 1.4150934983775074
4339.62 1.4292762057768618
4339.88 1.4429343413621327
4340.14 1.4444766084384233
4340.4 1.435633053345995
4340.66 1.4267890387698896
4340.92 1.4179445647448294
4341.18 1.409099631305505
4341.44 1.4002542384866357
4341.7 1.391408386322844
4341.96 1.382562074848846
4342.22 1.3737153040993229
4342.48 1.3648680741089856
4342.74 1.35602038491245
4343.0 1.347172236544422
4343.26 1.3383236290395752
4343.52 1.3294745624325823
4343.78 1.3206250367581422
4344.04 1.3117750520508609
4344.3 1.3029246083454349
4344.57 1.2937332771779109
4344.83 1.2848818979297663
4345.09 1.2760300597887932
4345.35 1.2671777627896488
4345.61 1.2583250069670189
4345.87 1.2494717923554943
4346.13 1.2406181189897565
4346.39 1.231763986904455
4346.65 1.2229093961342672
4346.91 1.2140543467137748
4347.17 1.2051988386776527
4347.43 1.196342872060541
4347.69 1.1874864468971082
4347.95 1.1786295632219295
4348.21 1.1697722210696704
4348.47 1.1609144204749624
4348.73 1.152056161472467
4348.99 1.1431974440967507
4349.25 1.1343382683824699
4349.51 1.1254786343642489
4349.78 1.1162777601450848
4350.0 1.1087803861537255
4350.04 1.1083040085195563
4350.3 1.1052074604335516
4350.56 1.1021107503522225
4350.82 1.0990138782877905
4351.08 1.095916844252443
4351.34 1.0928196482583994
4351.6 1.0897222903178674
4351.86 1.0866247704430652
4352.12 1.0835270886461774
4352.38 1.0804292449394206
4352.64 1.0773312393349996
4352.9 1.0742330718451296
4353.16 1.0711347424819926
4353.42 1.0680362512578023
4353.68 1.0649375981847606
4353.94 1.0618387832750793
4354.2 1.0587398065409381
4354.46 1.0556406679945474
4354.72 1.0525413676481061
4354.99 1.0493226922009287
4355.25 1.0462230620690844
4355.51 1.0431232701742525
4355.77 1.0400233165286288
4356.03 1.0369232011444198
4356.29 1.0338229240337984
4356.55 1.0307224852089698
4356.81 1.0276218846821275
4357.07 1.0245211224654742
4357.33 1.0214201985711813
4357.59 1.01831911301145
4357.85 1.015217865798471
4358.11 1.012116456944445
4358.37 1.0090148864615391
4358.63 1.0059131543619526
4358.89 1.0028112606578732
4359.15 0.9997092053614981
4359.41 0.9966069884849922
4359.67 0.9935046100405515
4359.93 0.990402070040361
4360.2 0.9898674676424891
4360.46 0.9902584248444369
4360.72 0.9906493994958191
4360.98 0.9910403915952755
4361.24 0.9914314011414496
4361.5 0.9918224281329814
4361.76 0.9922134725685118
4362.02 0.9926045344466821
4362.28 0.9929956137661323
4362.54 0.9933867105255066
4362.8 0.9937778247234457
4363.06 0.9941689563585904
4363.32 0.9945601054295813
4363.58 0.9949512719350633
4363.84 0.9953424558736764
4364.1 0.9957336572440629
4364.36 0.9961248760448638
4364.62 0.9965161122747234
4364.88 0.9969073659322828
4365.15 0.9973136862520189
4365.41 0.99770497543107
4365.67 0.9980962820336962
4365.93 0.99848760605854
4366.19 0.9988789475042429
4366.45 0.9992703063694504
4366.71 0.999661682652804
4366.97 1.0000530763529467
4367.23 1.0004444874685203
4367.49 1.0008359159981706
4370.0 1.0046156020566293
4390.0 0.92864561656996
4410.0 0.9323820775721879
4430.0 0.9510656084442828
4450.0 0.9321005807611337
4470.0 1.0024911883425829
4490.0 0.9279521485155185
4510.0 0.9739732946301408
4530.0 0.9352898760725415
4550.0 0.9264426749046424
4570.0 0.9482847001912258
4590.0 0.9706566225425363
4610.0 0.9585200779456561
4630.0 0.9329149106932328
4650.0 0.9251603742005647
4670.0 0.9494582547352379
4690.0 0.9556250206695878
4710.0 0.9167215143881348
4730.0 0.9404833722819611
4750.0 0.9456058532073839
4770.0 0.9094907116403593
4790.0 0.8999662694378457
4810.0 0.8811039792958422
4830.0 0.9055014462988823
4834.84 0.8960043061141173
4835.13 0.895434990324556
4835.42 0.894865643768476
4835.71 0.8942962664484448
4836.0 0.8937268583670301
4836.29 0.8931574195267993
4836.59 0.8925683124991466
4836.88 0.891998811088558
4837.17 0.8914292789269423
4837.46 0.8908597160168661
4837.75 0.8902901223608954
4838.05 0.8897008551926264
4838.34 0.8891311989925847
4838.63 0.8885615120544349
4838.92 0.887991794380742
4839.21 0.8874220459740717
4839.5 0.886852266836989
4839.8 0.8862628078079985
4840.09 0.8861979240868265
4840.38 0.8872551914664156
4840.67 0.8883125091579961
4840.96 0.8893698771572914
4841.26 0.8904637590572757
4841.55 0.8915212293935486
4841.84 0.89257875002456
4842.13 0.8936363209460345
4842.42 0.8946939421536969
4842.72 0.8957880859707203
4843.01 0.8968458094715704
4843.3 0.8979035832456372
4843.59 0.8989614072886479
4843.88 0.9000192815963288
4844.17 0.9010772061644066
4844.47 0.9021716637754116
4844.76 0.9032296905842127
4845.05 0.9042877676404465
4845.34 0.905345894939842
4845.63 0.906404072478127
4845.93 0.90749879175982
4846.22 0.9085570714950781
4846.51 0.9096154014562676
4846.8 0.9106737816391187
4847.09 0.9117322120393617
4847.38 0.9127906926527282
4847.68 0.9138857254332533
4847.97 0.914944308191176
4848.26 0.9160029411492691
4848.55 0.9170616243032655
4848.84 0.9181203576488974
4849.14 0.9192156518539845
4849.43 0.9202744873004628
4849.72 0.9213333729256299
4850.0 0.9223557928624471
4850.01 0.9236095340313019
4850.3 0.9599689607176002
4850.59 0.9963301906952527
4850.89 1.0339471536645075
4851.18 1.0703120519373888
4851.47 1.1066787530396744
4851.76 1.1430472568191556
4852.05 1.1794175631236363
4852.35 1.217043914590123
4852.64 1.253417887630889
4852.93 1.2897936627348938
4853.22 1.3261712397499898
4853.51 1.3625506185240444
4853.81 1.4001863544978295
4854.1 1.436569398449863
4854.39 1.472954243699283
4854.68 1.5093408900940046
4854.97 1.5457293374819567
4855.26 1.5821195857110788
4855.56 1.6197665649830029
4855.85 1.656160476523113
4856.14 1.6925561884430482
4856.43 1.7289537005907993
4856.72 1.7653530128143697
4857.02 1.803009367826945
4857.31 1.839412341804599
4857.6 1.8758171153969148
4857.89 1.912223688451946
4858.18 1.948632060817757
4858.47 1.9850422323424257
4858.77 2.0227098201499034
4859.06 2.0591236515633455
4859.35 2.0955392816747156
4859.64 2.1319567103321404
4859.93 2.16837593738376
4860.23 2.1635162989630814
4860.52 2.146303707139577
4860.81 2.129090257257057
4861.1 2.111875949387812
4861.39 2.0946607836041835
4861.68 2.0774447599785053
4861.98 2.059634177719561
4862.27 2.042416409052228
4862.56 2.0251977827623624
4862.85 2.00797829892222
4863.14 1.9907579576041063
4863.44 1.972942909149875
4863.73 1.9557208235307804
4864.02 1.9384978806530326
4864.31 1.921274080589022
4864.6 1.9040494234109688
4864.9 1.8862299106569795
4865.19 1.8690035099182616
4865.48 1.8517762522847845
4865.77 1.8345481378287463
4866.06 1.8173191666225
4866.35 1.8000893387382326
4866.65 1.7822644774366097
4866.94 1.7650329068786434
4867.23 1.7478004798618323
4867.52 1.730567196458336
4867.81 1.713333056740475
4868.11 1.6955037353039346
4868.4 1.6782678536520261
4868.69 1.661031115904783
4868.98 1.6437935221343933
4869.27 1.6265550724129834
4869.56 1.6093157668128362
4869.86 1.5914811018185198
4870.0 1.583157944754306
4870.15 1.5727818976092847
4870.44 1.5527207850595408
4870.73 1.5326586777009363
4871.02 1.512595575617302
4871.32 1.4918395957490858
4871.61 1.471774470173653
4871.9 1.4517083501277834
4872.19 1.431641235695344
4872.48 1.411573126960193
4872.77 1.391504024006119
4873.07 1.3707418368734385
4873.36 1.350670711457106
4873.65 1.3305985920763193
4873.94 1.3105254788149034
4874.23 1.2904513717566752
4874.53 1.2696840084084895
4874.82 1.2496078797464827
4875.11 1.2295307575419654
4875.4 1.2094526418787277
4875.69 1.1893735328405528
4875.98 1.1692934305112173
4876.28 1.1485198656904996
4876.57 1.128437742785996
4876.86 1.108354626844508
4877.15 1.0882705179497845
4877.44 1.068185416185567
4877.74 1.0474066799793527
4878.03 1.0273195584977355
4878.32 1.0072314444006962
4878.61 0.9871423377719497
4878.9 0.9670522386952034
4879.2 0.9462683332988475
4879.49 0.9261762153621166
4879.78 0.9060831052313537
4880.07 0.8907421868329559
4880.36 0.8903394561792365
4880.65 0.889936703377843
4880.95 0.8895200392443626
4881.24 0.889117241389588
4881.53 0.8887144213927226
4881.82 0.8883115792556063
4882.11 0.8879087149800786
4882.41 0.8874919355382748
4882.7 0.8870890262282083
4882.99 0.8866860947853119
4883.28 0.8862831412114237
4883.57 0.8858801655083833
4883.86 0.8854771676780292
4884.16 0.8850602500877374
4884.45 0.8846572072454197
4884.74 0.8842541422813668
4885.03 0.8838510551974166
4885.32 0.8834479459954074
4885.62 0.883030913202797
4885.91 0.8826277590076507
4886.2 0.8822245827000212
4886.49 0.8818213842817465
4886.78 0.8814181637546638
4887.07 0.8810149211206096
4887.37 0.8805977503065164
4887.66 0.880194462701881
4887.95 0.8797911529958478
4888.24 0.8793878211902538
4888.53 0.8789844672869355
4888.83 0.8785671813764363
4889.12 0.8781637825213464
4889.41 0.8777603615741034
4889.7 0.8773569185365431
4890.0 0.8769395404260018
4890.29 0.8775240846783253
4890.58 0.8781086553699293
4890.87 0.8786932524985552
4891.16 0.8792778760619456
4891.45 0.8798625260578429
4891.74 0.8804472024839893
4892.04 0.8810520679768532
4892.33 0.8816367981679196
4892.62 0.8822215547823873
4892.91 0.8828063378179987
4910.0 0.8938496030038411
4928.77 0.8987291978206611
4929.07 0.8994466916855397
4929.36 0.9001403010395232
4929.66 0.9008578610075916
4929.96 0.9015754545830578
4930.0 0.9016711362655198
4930.26 0.901554941351293
4930.55 0.9014253311870913
4930.85 0.9012912426695157
4931.15 0.9011571449621606
4931.45 0.9010230380657959
4931.74 0.9008933926653712
4932.04 0.9007592676995376
4932.34 0.9006251335469823
4932.64 0.9004909902084751
4932.93 0.9003613095835528
4933.23 0.9002271481815904
4933.53 0.9000929775959629
4933.83 0.8999587978274404
4934.12 0.899829081989742
4934.42 0.899694884163775
4934.72 0.899560677157199
4935.02 0.8994264609707849
4935.31 0.8992967099320286
4935.61 0.8991624756941792
4935.91 0.899028232278776
4936.21 0.8988939796865892
4936.5 0.8987641934584899
4936.8 0.8986299228208754
4937.1 0.8984956430087614
4937.4 0.8983613540229185
4937.69 0.8982315326171875
4937.99 0.898097225591922
4938.29 0.8979629093952105
4938.59 0.8978285840278228
4938.88 0.8976987274561676
4939.18 0.8975643840553617
4939.48 0.8974300314861628
4939.78 0.8972956697493396
4940.07 0.8985603597210666
4940.37 0.9044029433399665
4940.67 0.9102458172537127
4940.97 0.9160889814369685
4941.26 0.9217376493742582
4941.56 0.9275813843469775
4941.86 0.9334254095140357
4942.16 0.9392697248501398
4942.45 0.9449195054730121
4942.75 0.9507643914009928
4943.05 0.9566095674228744
4943.35 0.9624550335133379
4943.64 0.9681059264366185
4943.94 0.9739519629214207
4944.24 0.9797982893997207
4944.54 0.9856449058461898
4944.83 0.9912969106848369
4945.13 0.9971440973282103
4945.43 1.0029915738646769
4945.73 1.0088393402689169
4946.02 1.0144924566380373
4946.32 1.0203407930417963
4946.62 1.0261894192383143
4946.92 1.0320383352022793
4947.21 1.0376925627170581
4947.51 1.043542048483225
4947.81 1.0493918239418147
4948.11 1.0552418890675246
4948.4 1.0608972273433321
4948.7 1.066747862074011
4949.0 1.0725987863968294
4949.3 1.0784500002865107
4949.59 1.0841064489388308
4949.89 1.0899582322362809
4950.0 1.0921039586471426
4950.19 1.1267255674923728
4950.49 1.1813934939647786
4950.78 1.23424174964024
4951.08 1.2889150415755302
4951.38 1.3435910613595232
4951.68 1.3982698087544276
4951.97 1.4511285237583325
4952.27 1.505812634761085
4952.57 1.5604994726692558
4952.87 1.615189037245467
4953.16 1.6680582079616346
4953.46 1.72275313429129
4953.76 1.777450786583734
4954.06 1.8321511646013353
4954.35 1.88503078741482
4954.65 1.9397365253319303
4954.95 1.9944449882695194
4955.25 2.049156175989873
4955.54 2.1020462472869634
4955.84 2.1567627930538538
4956.14 2.211482062898904
4956.44 2.266204056584481
4956.73 2.3191045727526998
4957.03 2.373831922632475
4957.33 2.4285619956485784
4957.63 2.483294791563626
4957.92 2.536205748991728
4958.22 2.590943899248936
4958.52 2.6456847717009633
4958.82 2.7004283661103394
4959.11 2.753349761188316
4959.41 2.80809870808878
4959.71 2.862850376242875
4960.01 2.9143959802491533
4960.3 2.8742707210890455
4960.6 2.832759790795299
4960.9 2.7912467845712685
4961.2 2.749731702597502
4961.49 2.7095984837441707
4961.79 2.6680793199902144
4962.09 2.6265580810229325
4962.39 2.585034767023065
4962.68 2.5448935912260153
4962.98 2.5033661968560486
4963.28 2.4618367279894717
4963.58 2.4203051848070873
4963.87 2.3801560548148837
4964.17 2.338620432671759
4964.47 2.2970827367487456
4964.77 2.2555429672264573
4965.06 2.2153858857867283
4965.36 2.1738420387128303
4965.66 2.132296118575267
4965.96 2.0907481255547196
4966.25 2.0505830954141544
4966.55 2.009031026250393
4966.85 1.9674768847391984
4967.15 1.9259206710611894
4967.44 1.885747694965538
4967.74 1.8441874065522301
4968.04 1.8026250465073503
4968.34 1.7610606150113304
4968.63 1.720879695705406
4968.93 1.6793111908817715
4969.23 1.6377406151423086
4969.53 1.596167968667134
4969.82 1.5559791088948103
4970.0 1.5310333262915268
4970.12 1.5236772503513243
4970.42 1.5052864179380616
4970.72 1.4868946676419816
4971.02 1.468501999543002
4971.31 1.4507215480331366
4971.61 1.4323270751549513
4971.91 1.413931684710856
4972.21 1.3955353767807972
4972.5 1.3777514070687953
4972.8 1.3593532949827025
4973.1 1.3409542656476108
4973.4 1.3225543191434386
4973.69 1.30476683244421
4973.99 1.2863650824069635
4974.29 1.2679624154374645
4974.58 1.2501722991802933
4974.88 1.2317678291435883
4975.18 1.2133624424114549
4975.48 1.1949561390637633
4975.78 1.1765489191802099
4976.07 1.1587544021495975
4976.37 1.1403453799784153
4976.48 1.1335951755942932
4976.67 1.1219354415081488
4976.78 1.1151849011676858
4976.97 1.103524586818579
4977.08 1.0967737105510256
4977.26 1.0857265564429783
4977.38 1.0783616038240842
4977.56 1.0673139000881546
4977.68 1.0599485810666247
4977.86 1.0489003277507247
4977.98 1.0415346423584608
4978.16 1.0304858395103293
4978.28 1.0231197877792308
4978.45 1.012684297002989
4978.58 1.004704017408734
4978.75 0.9942680077195021
4978.88 0.9862873313267073
4979.05 0.975850802769666
4979.18 0.9678697296128795
4979.35 0.9574326822332065
4979.48 0.9494512123470298
4979.64 0.9396276288069589
4979.78 0.9310317796087619
4979.94 0.9212077078494129
4980.08 0.9179110413358944
4980.24 0.9186859112186259
4980.39 0.919412369700351
4980.54 0.9201388455683853
4980.69 0.9208653388219724
4980.83 0.921543414876951
4980.99 0.9223183774827657
4981.13 0.9229964859872731
4981.29 0.9237714856766408
4981.43 0.9244496266278366
4981.59 0.9252246633975113
4981.73 0.9259028367925515
4981.89 0.9266779106392923
4982.02 0.9273076726993033
4982.19 0.9281312273958946
4982.32 0.9287610195771071
4982.49 0.9295846136612432
4982.62 0.9302144359610212
4982.79 0.9310380694292499
4982.92 0.9316679218449574
4983.09 0.9324915946938318
4983.21 0.9330730242573421
4983.39 0.933945189448906
4983.51 0.9345266468069104
4983.69 0.9353988536883864
4983.81 0.9359803388384567
4983.99 0.9368525874062005
4984.11 0.9374341003458951
4984.29 0.9383063905962625
4984.4 0.9388394691714059
4984.59 0.9397602632524925
4984.7 0.9402933672970407
4984.89 0.9412142053688103
4985.0 0.9417473348805341
4985.19 0.9426682169391326
4985.3 0.9432013719158077
4985.49 0.9441222979573887
4985.59 0.944607007061965
4985.79 0.9455764484174967
4985.89 0.9460611806680063
4986.09 0.9470306683133783
4986.19 0.9475154237077911
4986.39 0.9484849576389568
4986.49 0.9489697361752513
4986.69 0.9499393163881511
4986.78 0.9503756375496084
4986.99 0.9513937445548932
4987.08 0.9518300865404292
4987.29 0.9528482421331043
4987.38 0.9532846049408961
4987.59 0.9543028091167081
4987.68 0.9547391927449332
4987.9 0.9558059345741976
4987.97 0.9561453602550752
4988.2 0.9572606426633689
4988.5 0.958715420139509
4988.8 0.9601702669965448
4989.1 0.9616251832284045
4989.4 0.9630801688290114
4989.7 0.9645352237923033
4990.0 0.9659903481122047
4990.3 1.002388562603343
4990.6 1.038788573180739
4990.9 1.0751903796878475
4991.2 1.111593981968467
4991.5 1.1479993798660788
4991.8 1.1844065732242886
4992.1 1.2208155618867151
4992.4 1.2572263456968809
4992.7 1.2936389244986521
4993.0 1.3300532981355782
4993.3 1.3664694664513317
4993.6 1.4028874292896005
4993.9 1.4393071864939742
4994.2 1.475728737908387
4994.5 1.5121520833764557
4994.8 1.548577222741922
4995.1 1.5850041558485406
4995.41 1.622647204317407
4995.71 1.6590777842159132
4996.01 1.6955101573817104
4996.31 1.7319443236586067
4996.61 1.7683802828903152
4996.91 1.804818034920894
4997.21 1.841257579594081
4997.51 1.8776989167537408
4997.81 1.9141420462437504
4998.11 1.9505869679078895
4998.41 1.9870336815902836
4998.71 2.0234821871347406
4999.01 2.0599324843851914
4999.31 2.0963845731855804
4999.61 2.1328384533797564
4999.91 2.1692941248119113
5000.21 2.272588395636462
5000.51 2.4045328034076054
5000.81 2.5364837069939195
5001.11 2.6684411058294053
5001.41 2.800404999349315
5001.71 2.9323753869877516
5002.01 3.0643522681792628
5002.31 3.1963356423584495
5002.61 3.32832550895956
5002.92 3.4647218578310754
5003.22 3.596724923948033
5003.52 3.7287344807727143
5003.82 3.8607505277395684
5004.12 3.9927730642842887
5004.42 4.124802089841421
5004.72 4.256837603845958
5005.02 4.388879605732947
5005.32 4.520928094937075
5005.62 4.6529830708942885
5005.92 4.785044533039376
5006.22 4.9171124808075755
5006.52 5.049186913634179
5006.82 5.181267830954123
5007.12 5.313355232203595
5007.42 5.445449116817632
5007.72 5.57754948423172
5008.02 5.709656333881393
5008.32 5.841769665201832
5008.62 5.973889477629474
5008.92 6.1060157705995985
5009.22 6.238148543547939
5009.52 6.370287795910275
5009.82 6.502433527122035
5010.0 6.581724075462651
5010.12 6.525798452752555
5010.42 6.385979573860953
5010.73 6.2414928291827305
5011.03 6.101659944796479
5011.33 5.961820173370994
5011.63 5.821973515505521
5011.93 5.682119971799243
5012.23 5.542259542851725
5012.53 5.402392229261203
5012.83 5.262518031627137
5013.13 5.122636950548502
5013.43 4.982748986624232
5013.73 4.8428541404536265
5014.03 4.702952412634661
5014.33 4.563043803766532
5014.63 4.42312831444796
5014.93 4.283205945277615
5015.23 4.143276696854534
5015.53 4.003340569776435
5015.83 3.863397564642252
5016.13 3.7234476820504465
5016.43 3.5834909225994256
5016.73 3.4435272868879707
5017.03 3.3035567755135355
5017.33 3.1635793890747954
5017.63 3.0235951281699487
5017.93 2.883603993397144
5018.23 2.7436059853549004
5018.54 2.5989341569274624
5018.84 2.4589221750803154
5019.14 2.3189033217772077
5019.44 2.1788775976164487
5019.74 2.0388450031950227
5020.04 1.9133819788008595
5020.34 1.8826619796576785
5020.64 1.8519404699494075
5020.94 1.8212174498075282
5021.24 1.7904929193632306
5021.54 1.7597668787479723
5021.84 1.7290393280931082
5022.14 1.69831026752998
5022.44 1.6675796971900119
5022.74 1.6368476172043365
5023.04 1.606114027704356
5023.34 1.5753789288213662
5023.64 1.5446423206866524
5023.94 1.5139042034315813
5024.24 1.483164577187229
5024.54 1.452423442084939
5024.84 1.4216807982559516
5025.14 1.3909366458314933
5025.44 1.360190984942875
5025.74 1.3294438157211146
5026.04 1.2986951382974992
5026.35 1.2669199206492487
5026.65 1.23616817695316
5026.95 1.2054149254530069
5027.25 1.1746601662800298
5027.55 1.143903899565365
5027.85 1.1131461254401367
5028.15 1.0823868440355513
5028.45 1.0516260554825243
5028.75 1.0208637599122388
5029.05 0.9900999574557736
5029.35 0.9593346482441965
5029.65 0.928567832408656
5029.95 0.8977995100800107
5030.0 0.8926713099031567
5030.25 0.8915739258978376
5030.55 0.890257003955629
5030.85 0.888940015325248
5031.15 0.8876229600124724
5031.45 0.8863058380230685
5031.75 0.8849886493628137
5032.05 0.8836713940374814
5032.35 0.8823540720528436
5032.65 0.8810366834146763
5032.95 0.8797192281287435
5033.25 0.8784017062008195
5033.55 0.8770841176366754
5033.85 0.8757664624420811
5034.16 0.8744048154148089
5034.46 0.8730870247560907
5034.76 0.8717691674844218
5035.06 0.8704512436055696
5035.36 0.8691332531253061
5035.66 0.8678151960493901
5035.96 0.8664970723835923
5036.26 0.8651788821336782
5050.0 0.847288061138326
5070.0 0.8429044979834229
5090.0 0.8448259529996897
5110.0 0.840685897697207
5130.0 0.8201361848115746
5150.0 0.8153516540148842
5170.0 0.7907595865918274
5190.0 0.8362851870200367
5210.0 0.8085934250782169
5230.0 0.8053139862193446
5250.0 0.7985366148531139
5270.0 0.7966493928184523
5290.0 0.8135946730377387
5310.0 0.8116398179141789
5330.0 0.8092319030992325
5350.0 0.8011544074330518
5370.0 0.8009507737490006
5390.0 0.7883720576688278
5410.0 0.6060756630604053
5430.0 0.7362447708647079
5450.0 0.7874705615325273
5470.0 0.7876370761022472
5490.0 0.5896971556105263
5510.0 0.7379325449052455
5530.0 0.7942450837351817
5550.0 0.7717430966520565
5570.0 0.815190447105875
5590.0 0.7902981655948824
5610.0 0.7527727867688757
5630.0 0.7563629018563521
5650.0 0.7225214168023837
5670.0 0.7604488385827338
5690.0 0.7521541964842892
5710.0 0.7571854084786452
5730.0 0.7458238249529067
5750.0 0.7196955132515669
5770.0 0.7389921899555231
5790.0 0.7181475417360146
5810.0 0.7438460967728006
5830.0 0.7459348548283624
5850.0 0.7544620198704733
5870.0 0.8157477922263441
5890.0 0.709156467725743
5910.0 0.7402547768646236
5930.0 0.7462699813323023
5950.0 0.6929232052678798
5970.0 0.7179116516941317
5990.0 0.7363555356690091
6010.0 0.7065815756784436
6030.0 0.7325686374328183
6050.0 0.7532537760244673
6070.0 0.7464249894168654
6090.0 0.7607415056637448
6110.0 0.7323997243239792
6130.0 0.7424045322851178
6150.0 0.7157473353159282
6170.0 0.7358902162938664
6190.0 0.6662957831880504
6210.0 0.6950395983383276
6230.0 0.7260893379229418
6250.0 0.6977692827574092
6270.0 0.7206415089251569
6290.0 0.7085584868228304
6310.0 0.7186862297184589
6330.0 0.689617653769592
6350.0 0.7310280355492842
6370.0 0.7199702437481652
6390.0 0.7166542167591933
6410.0 0.6707586652848379
6430.0 0.6990688444347817
6450.0 0.7021996166705036
6470.0 0.7656256599314942
6490.0 0.724962367118839
6510.0 0.7683506404005653
6523.64 0.7930323726001576
6524.04 0.794778049967711
6524.43 0.7964801622254817
6524.82 0.7981823503241124
6525.22 0.7999282630426773
6525.61 0.8016306047340217
6526.0 0.8033330222330125
6526.4 0.8050791701994856
6526.79 0.8067817412239137
6527.19 0.8085280466292846
6527.58 0.8102307711341304
6527.97 0.8119335713911974
6528.37 0.813680111872496
6528.76 0.8153830655427686
6529.15 0.8170860949320873
6529.55 0.8188328703863803
6529.94 0.8205360531217308
6530.0 0.8207980879528214
6530.34 0.8235233355936027
6530.73 0.8266494870317331
6531.12 0.8297757795827507
6531.52 0.8329823800465304
6531.91 0.8361089583790229
6532.3 0.839235677762646
6532.7 0.8424427159393097
6533.09 0.8455697209793545
6533.49 0.8487770520940425
6533.88 0.8519043427068214
6534.27 0.8550317742677003
6534.67 0.8582395427755756
6535.06 0.861367259784247
6535.46 0.8645753210162097
6535.85 0.8677033233890669
6536.24 0.8708314666070915
6536.64 0.87403996491285
6537.03 0.8771683933702382
6537.42 0.8802969626112052
6537.82 0.8835058977995754
6538.21 0.8866347521551555
6538.6 0.8897637472327389
6539.0 0.892973119112669
6539.39 0.8961023991801861
6539.79 0.8993120633146938
6540.18 0.9057432336249449
6540.57 0.9160266572328968
6540.97 0.9265742452377506
6541.36 0.9368586181700341
6541.76 0.9474071796983918
6542.15 0.9576925016772032
6542.54 0.9679782920702875
6542.94 0.9785283071918344
6543.33 0.9888150462166972
6543.72 0.9991022534511185
6544.12 1.0096537215306762
6544.51 1.0199418769823638
6544.91 1.0304943174501917
6545.3 1.0407834208417654
6545.69 1.051072992101404
6546.09 1.0616268844676116
6546.48 1.0719174032530197
6546.87 1.0822083897021613
6547.27 1.0927637333324915
6547.66 1.1030556668934985
6548.06 1.1136119817785957
6548.45 1.1239048621745353
6548.84 1.1341982098932597
6549.24 1.1447559749844158
6549.63 1.155050269124587
6550.0 1.164817082546516
6550.02 1.17328130340148
6550.42 1.3425698870251248
6550.81 1.507633896410195
6551.21 1.6769381514000603
6551.6 1.8420174381340515
6551.99 2.007104265203724
6552.39 2.1764319195276784
6552.78 2.3415340172776546
6553.17 2.506643652072919
6553.57 2.6759946955169855
6553.96 2.841119594327744
6554.36 3.0104862908849674
6554.75 3.1756264492513124
6555.14 3.340774139172179
6555.54 3.51016420781203
6555.93 3.6753271506300234
6556.33 3.844732860981757
6556.72 4.00991105224122
6557.11 4.17509676956967
6557.51 4.3445258349827816
6557.9 4.509726794100585
6558.29 4.674935276005128
6558.69 4.8443876862909105
6559.08 5.009611403336487
6559.48 5.179079437126256
6559.87 5.3443183848639935
6560.26 5.366150945854754
6560.66 5.314997020853416
6561.05 5.265119623779591
6561.44 5.215239936211015
6561.84 5.164078903296419
6562.23 5.114194577018935
6562.63 5.063028787148557
6563.02 5.013139823515959
6563.41 4.963248571055344
6563.81 4.9120756784440776
6564.2 4.862179790649799
6564.59 4.812281615024858
6564.99 4.761101622768557
6565.38 4.711198813830137
6565.78 4.660014070150766
6566.17 4.610106629250715
6566.56 4.560196902184317
6566.96 4.509005064024177
6567.35 4.459090707014408
6567.75 4.407894120887061
6568.14 4.357975135284485
6568.53 4.308053865178295
6568.93 4.256850189729528
6569.32 4.206924293046869
6569.71 4.156996112855489
6570.0 4.119868550041934
6570.11 4.089120350413796
6570.5 3.9801008214414586
6570.9 3.8682807594358977
6571.29 3.7592511682275487
6571.68 3.650216610668032
6572.08 3.5383811369742855
6572.47 3.4293365215607388
6572.86 3.32028694195892
6573.26 3.208436063287887
6573.65 3.0993764302115236
6574.05 2.987515241787581
6574.44 2.878445558167307
6574.83 2.7693709139660165
6575.23 2.6574943317609914
6575.62 2.5484096413911117
6576.01 2.439319992599824
6576.41 2.3274280233144133
6576.8 2.2183283327273657
6577.2 2.1064260656650013
6577.59 1.997316336208375
6577.98 1.888201651932877
6578.38 1.7762840089685548
6578.77 1.6671592901918963
6579.16 1.5580296187524396
6579.56 1.4460966065771843
6579.95 1.3369569050030077
6580.35 1.3194468950032407
6580.74 1.3155273534012932
6581.13 1.3116076300000559
6581.53 1.3075872120466445
6581.92 1.3036671204654071
6582.31 1.2997468471639468
6582.71 1.2957258652924175
6583.1 1.291805223971056
6583.5 1.2877838646981634
6583.89 1.283862855464035
6584.28 1.2799416646415807
6584.68 1.2759197418598363
6585.07 1.2719981832845615
6585.46 1.2680764431998808
6585.86 1.2640539571542673
6586.25 1.2601318494766218
6586.65 1.256108986467445
6587.04 1.2521865113038064
6587.43 1.2482638547624587
6587.83 1.2442404288980582
6588.22 1.240317405030421
6588.62 1.2362936024759186
6589.01 1.2323702113888617
6589.4 1.2284466390556672
6589.8 1.224422274054199
6590.0 1.2224100200750188
6590.19 1.215025752944849
6590.58 1.199868060982896
6590.98 1.1843209949897402
6591.37 1.1691619083660016
6591.77 1.1536134121585364
6592.16 1.1384529312787461
6592.55 1.1232917622448124
6592.95 1.1077411305426943
6593.34 1.092578567858365
6593.73 1.0774153173188903
6594.13 1.061862551049687
6594.52 1.0466979074651288
6594.92 1.0311437126395635
6595.31 1.0159776764150403
6595.7 1.0008109528340496
6596.1 0.9852546249889081
6596.49 0.9700865093727259
6596.88 0.9549177066984799
6597.28 0.939359246760064
6597.67 0.9241890526550555
6598.07 0.9086291658156049
6598.46 0.8934575806843031
6598.85 0.8782853089928948
6599.25 0.8627232916052977
6599.64 0.8475496294914525
6600.04 0.8333612887302967
6600.43 0.8315938188194647
6600.82 0.8298262666681203
6601.22 0.828013307248445
6601.61 0.8262455885434774
6602.0 0.8244777876336677
6610.0 0.788197086338011
6630.0 0.7126936850473004
6650.0 0.6855104953368094
6670.0 0.7069237121887632
6690.0 0.682758844776803
6710.0 0.8159635827650568
6730.0 1.0585811914539398
6750.0 0.6356446058249092
6770.0 0.607558552032545
6790.0 0.6488059797118455
6810.0 0.6275552175750289
6830.0 0.5895178663500439
6850.0 0.5961815435287701
6870.0 0.6456913905007203
6890.0 0.6410226798590118
6910.0 0.5735904914389846
6930.0 0.642780908482426
6950.0 0.6228190652284907
6970.0 0.6607670150142929
6990.0 0.5902726895635554
7010.0 0.600235001359754
7030.0 0.6178166921686448
7050.0 0.6018931569485366
7070.0 0.6532836484236446
7090.0 0.6060452465261249
7110.0 0.6324103752275599
7130.0 0.664072025033869
7150.0 0.5727862211222138
7170.0 0.6197477488215932
7190.0 0.603485548598624
7210.0 0.5546228850533503
7230.0 0.5957624574936013
7250.0 0.5650900266250216
7270.0 0.6002878512346072
7290.0 0.5954761666384728
7310.0 0.6086337948073419
7330.0 0.6298669254845591
7350.0 0.593805838352084
7370.0 0.6043342231130489
7390.0 0.5885877514045865
7410.0 0.5927719114543127
7430.0 0.5709927904772651
7450.0 0.599376069978805
7470.0 0.5614267211818538
7490.0 0.5913777638401947
7510.0 0.6188519709289917
7530.0 0.5456817723942813
7550.0 0.5634791870419493
7570.0 0.6196908350479591
7590.0 0.55828623822703
7610.0 0.6259882144457964
7630.0 0.67022972369229
7650.0 0.5552969283046091
7670.0 0.5759317756186197
7690.0 0.5755106279761073
7710.0 0.5548572326184008
7730.0 0.5569231489575635
7750.0 0.5851630793594794
7770.0 0.5673154660589267
7790.0 0.5496449425916791
7810.0 0.5462120505570165
7830.0 0.5654949965541509
7850.0 0.5720271622610812
7870.0 0.5480224293663261
7890.0 0.5326500790743892
7910.0 0.5190202681681625
7930.0 0.5336229676980968
7950.0 0.5267301685870491
7970.0 0.5467325043410151
7990.0 0.5170061376873342
8010.0 0.5262388719835653
8030.0 0.5224849098569697
8050.0 0.5330452442267146
8070.0 0.5079127032291294
8090.0 0.5025160831728078
8110.0 0.5386046595293923
8130.0 0.42097148083768643
8150.0 0.5225099912929713
8170.0 0.5115335004207264
8190.0 0.5111460239688789
8210.0 0.4856447314238944
8230.0 0.472561545094986
8250.0 0.5012570931990252
8270.0 0.5141834921151743
8290.0 0.5665939513142279
8310.0 0.4918189488879055
8330.0 0.4721004353546203
8350.0 0.4790659658931502
8370.0 0.47359798093966676
8390.0 0.4571681066742832
8410.0 0.48105560092804217
8430.0 0.6530476824888012
8450.0 0.5640196214704642
8470.0 0.6054357413567552
8490.0 0.43108072394356856
8510.0 0.5049739979581631
8530.0 0.43896753094643987
8550.0 0.4731280147827967
8570.0 0.4666702467989124
8590.0 0.45181634072083515
8610.0 0.5202948916617789
8630.0 0.5028361685330457
8650.0 0.5277890263254198
8670.0 0.43200268527807334
8690.0 0.5032953067422257
8710.0 0.5166646400435346
8730.0 0.5095129931836208
8750.0 0.47218466720832686
8770.0 0.4572043355073063
8790.0 0.5072631245245858
8810.0 0.5193234705838987
8830.0 0.4534509118169824
8850.0 0.4552501591593279
8870.0 0.5099918565431671
8890.0 0.46973593330066404
8910.0 0.447096861869933
8930.0 0.5299317648518996
8950.0 0.5124107045041104
8970.0 0.4597222678962622
8990.0 0.4614399371441773
9010.0 0.45346761055003104
9030.0 0.39850470057593357
9050.0 0.4909123999564647
9070.0 1.1421011607195009
9090.0 0.46880330462555747
9110.0 0.5125020195436708
9130.0 0.48273415547890525
9150.0 0.44765796590940476
9170.0 0.4228044690870624
9190.0 0.3929379365413375
9210.0 0.43184983708003516
9230.0 0.45742179512631914
9250.0 0.38504165676492874
9270.0 0.3902898958656599
9290.0 0.4379929924465269
9310.0 0.4243500136541235
9330.0 0.4368347648463004
9350.0 0.3740573754637152
9370.0 0.37140744634844897
9390.0 0.4788163298220304
9410.0 0.578384406502919
9430.0 0.4529863637761643
9450.0 0.3774107272037357
9470.0 0.5409354487841126
9490.0 0.38617927920370904
9510.0 0.4084543935900405
9530.0 1.3230135800183318
9550.0 0.6640498266748623
9570.0 0.3181871802443813
9590.0 0.4022081578898724
9610.0 0.34181124781872446
9630.0 0.4083121260009465
9650.0 0.3084132208482609
9670.0 0.4259587170701596
9690.0 0.5437325277730569
9710.0 0.4349673343667605
9730.0 0.49395055922235737
9750.0 0.4481747719225903
9770.0 0.5067821066899193
9790.0 0.46878645828146626
9810.0 0.4108764256550045
9830.0 0.381598853036353
9850.0 0.34145499985946426
9870.0 0.3914620551666307
9890.0 0.3435418516970413
9910.0 0.4150513617858572
9930.0 0.41275971011777607
9950.0 0.4099834336734107
9970.0 0.40960661862242753
9990.0 0.40654039002261394
10025.0 0.39342718155033507
10075.0 0.39275925946136847
10125.0 0.39388327939637735
10175.0 0.389352877577028
10225.0 0.38765251801146594
10275.0 0.38639412084653396
10325.0 0.3784192043580678
10375.0 0.37378129220357836
10425.0 0.3759233693787352
10475.0 0.374441967003792
10525.0 0.3710553570103737
10575.0 0.3664892530421988
10625.0 0.36310113951676515
10675.0 0.3581394937800376
10725.0 0.3558036217218891
10775.0 0.35269047021581235
10825.0 0.362538099086706
10875.0 0.34636641675348456
10925.0 0.345428537402526
10975.0 0.3406647151149266
11025.0 0.3397253706992169
11075.0 0.337347566413336
11125.0 0.33407439177423714
11175.0 0.3308066631469354
11225.0 0.32832827542334486
11275.0 0.32430795654500294
11325.0 0.32131313588721433
11375.0 0.31851363680928596
11425.0 0.31505736230550674
11475.0 0.3146393022004875
11525.0 0.3121834547555615
11575.0 0.30847804588819344
11625.0 0.30450866666052145
11675.0 0.3027284045709447
11725.0 0.3018885471945618
11775.0 0.29796330274509214
11825.0 0.2948354450803687
11875.0 0.29124960074335104
11925.0 0.2913579463007532
11975.0 0.2854035565615317
12025.0 0.2860566697351618
12075.0 0.2831518609260183
12125.0 0.28140843674024324
12175.0 0.28016151551251656
12225.0 0.2773992640950372
12275.0 0.275288512935658
12325.0 0.27246613377321927
12375.0 0.27089838733958677
12425.0 0.2683835448607397
12475.0 0.2668733575392315
12525.0 0.26368632546971915
12575.0 0.2622183315201883
12625.0 0.2600841701429271
12675.0 0.25753878813454173
12725.0 0.2561136261734434
12775.0 0.2549919983406673
12825.0 0.2483212219832184
12875.0 0.24989207632099145
12925.0 0.2472849932823257
12975.0 0.2480312376122409
13025.0 0.24526288620463682
13075.0 0.24519723297581927
13125.0 0.24171243164729123
13175.0 0.2406686920176784
13225.0 0.2396770189571286
13275.0 0.2368399787333181
13325.0 0.23691553452467062
13375.0 0.23468399189545386
13425.0 0.23450183151788465
13475.0 0.23283354976757883
13525.0 0.23126021839072958
13575.0 0.22855737453820235
13625.0 0.2269788306845586
13675.0 0.22657988179806723
13725.0 0.22597183535958404
13775.0 0.22438482105696286
13825.0 0.22356708644071072
13875.0 0.2215102424332589
13925.0 0.22130608877823074
13975.0 0.22053452636327564
14025.0 0.21769380072228953
14075.0 0.21799934239749907
14125.0 0.21582088242459765
14175.0 0.21601862770811076
14225.0 0.21336922685354406
14275.0 0.21076410425200343
14325.0 0.21225339159733825
14375.0 0.21166741818975848
14425.0 0.20775455644688226
14475.0 0.20898329153414757
14525.0 0.2071362401359945
14570.0 0.20704989518288197
14620.0 0.20629251762606324
14675.0 0.20538462434516275
14725.0 0.2025924368533813
14775.0 0.2025562181970894
14825.0 0.20152929931616242
14875.0 0.20002737064221493
14925.0 0.2013390918037727
14975.0 0.19909923967483176
15025.0 0.19768889641857026
15075.0 0.19586199521088424
15125.0 0.1965948272264913
15175.0 0.19596600324950442
15225.0 0.19533323094472535
15275.0 0.19516740934887228
15325.0 0.1936344056448812
15375.0 0.1939357824217488
15425.0 0.19281479319216704
15475.0 0.19227279457528004
15525.0 0.18941700700810263
15575.0 0.18455677829216857
15625.0 0.1866404981833776
15675.0 0.1852423976981555
15725.0 0.18646666916183016
15775.0 0.17868683721752618
15825.0 0.1797546014608925
15875.0 0.17839080396146464
15925.0 0.18056854436648148
15975.0 0.17751778744918906
16050.0 0.18323681880149237
16150.0 0.18176204388061445
16250.0 0.1807006626694333
16350.0 0.1791085669773837
16450.0 0.17580635527375138
16550.0 0.1740905888943404
16650.0 0.1716173857449645
16750.0 0.16828537256564544
16850.0 0.16494544825880508
16950.0 0.16447228085882268
17050.0 0.16026310254286794
17150.0 0.15903091101925582
17250.0 0.154801330082732
17350.0 0.15216620598105432
17450.0 0.15027607266738296
17550.0 0.14784891119284163
17650.0 0.1459486691090515
17750.0 0.1431843617863338
17850.0 0.14191872487830515
17950.0 0.13914664437646798
18050.0 0.1364797387775576
18150.0 0.1346596459786026
18250.0 0.13241670869374253
18350.0 0.13043421498852142
18450.0 0.1281834204783655
18550.0 0.1269750599297654
18650.0 0.12405830406005607
18750.0 0.12213908673717198
18850.0 0.1210673444259615
18950.0 0.11735463869636754
19050.0 0.11824934152642887
19150.0 0.11614273998578561
19250.0 0.11467272324072417
19350.0 0.11210760487450998
19450.0 0.11014346754027991
19550.0 0.10975970843513676
19650.0 0.10807517707208418
19750.0 0.10620924529585028
19850.0 0.10511640465810825
19950.0 0.10376277518776532
20050.0 0.10304242546232202
20150.0 0.10233909845251167
20250.0 0.10164412454978858
20350.0 0.10096248071645915
20450.0 0.10030000921201149
20550.0 0.09965675882951051
20650.0 0.09901212394894657
20750.0 0.09836613592315689
20850.0 0.09773024513945372
20950.0 0.09712805329177225
21050.0 0.09654817593189126
21150.0 0.0959670833405553
21250.0 0.09538480424708563
21350.0 0.09480134601319039
21450.0 0.09424410999619967
21550.0 0.09372004650928492
21650.0 0.0932018100987253
21750.0 0.09268253216067311
21850.0 0.09216222199222604
21950.0 0.09164468005540947
22050.0 0.09115652982155373
22150.0 0.09069403572732726
22250.0 0.09023061467590415
22350.0 0.08976629101755657
22450.0 0.08930107194494487
22550.0 0.08884292734854855
22650.0 0.08841047496112668
22750.0 0.08799578949696328
22850.0 0.08758029948728346
22950.0 0.08716401906620304
23050.0 0.08674696647360551
23150.0 0.08633665995538618
23250.0 0.08594895387757007
23350.0 0.08557636995414002
23450.0 0.08520308975403143
23550.0 0.0848291131876599
23650.0 0.08445445709992244
23750.0 0.08408288578230849
23850.0 0.0837310764783617
23950.0 0.08339530890343931
24050.0 0.08305892937100548
24150.0 0.08272193657813187
24250.0 0.08238434194134824
24350.0 0.08204615248918441
24450.0 0.0817232552904559
24550.0 0.0814177696406922
24650.0 0.08111382252960003
24750.0 0.08080933286346612
24850.0 0.08050431538983922
24950.0 0.08019877189158733
25050.0 0.07989934247818128
25150.0 0.07961529121307515
25250.0 0.07933999471368537
25350.0 0.07906422477512114
25450.0 0.07878797814614515
25550.0 0.07851126009292468
25650.0 0.07823408441727925
25750.0 0.07796733079666938
25850.0 0.07771408539246269
25950.0 0.07746348603370644
26050.0 0.07721246976663844
26150.0 0.07696103687902837
26250.0 0.07670918758563242
26350.0 0.07645692634756565
26450.0 0.07621609330596263
26550.0 0.07598711602661162
26650.0 0.0757581805322294
26750.0 0.07552887617423194
26850.0 0.07529919827834994
26950.0 0.07506915075656295
27050.0 0.07483874179449768
27150.0 0.0746185279448069
27250.0 0.07440882694597865
27350.0 0.07419910652428978
27450.0 0.07398905840580387
27550.0 0.07377867303579308
27650.0 0.07356796681960033
27750.0 0.07335694311629187
27850.0 0.07315312700611955
27950.0 0.07295850887411136
28050.0 0.07276557008776306
28150.0 0.07257233885901543
28250.0 0.07237881820218495
28350.0 0.07218500674375586
28450.0 0.07199089871628048
28550.0 0.07180003785219712
28650.0 0.07161728628750554
28750.0 0.07143911583373384
28850.0 0.07126067898433562
28950.0 0.07108197402369526
29050.0 0.07090300790933188
29150.0 0.07072378756982813
29250.0 0.07054430682794069
29350.0 0.07037094308590726
29450.0 0.07020476426331522
29550.0 0.07003940497156501
29650.0 0.0698738079588181
29750.0 0.06970797115464109
29850.0 0.06954190555421391
29950.0 0.06937560902996298
30050.0 0.06920966925107377
30150.0 0.06904995823283502
30250.0 0.06889589768131511
30350.0 0.06874162193615688
30450.0 0.06858712865527784
30550.0 0.06843242859168885
30650.0 0.06827751935393007
30750.0 0.06812239852113015
30850.0 0.06796776422063588
30950.0 0.0678186512531482
31050.0 0.06767437381253176
31150.0 0.06752985542074257
31250.0 0.06736777674243911
31350.0 0.06720570682822458
31450.0 0.06704363691401004
31550.0 0.06688156261775104
31650.0 0.06671949270353648
31750.0 0.06656207652053449
31850.0 0.06640962957594587
31950.0 0.06625749813855812
32100.0 0.06602930317349871
32300.0 0.06572503153463428
32500.0 0.06542077742394768
32700.0 0.06513000248200852
32900.0 0.06484330284141365
33100.0 0.06455658567264098
33300.0 0.06426988603204613
33500.0 0.06399004867306976
33700.0 0.06371835315269313
33900.0 0.06344664886822758
34100.0 0.06317495334785093
34300.0 0.06290369603191992
34500.0 0.06264520799353443
34700.0 0.06238672871923785
34900.0 0.062128249444941275
35100.0 0.0618697701706447
35300.0 0.0616168823850743
35500.0 0.061369787662275056
35700.0 0.06112269293947583
35900.0 0.0608755982166766
36100.0 0.06062850349387736
36300.0 0.06039018162407956
36500.0 0.06015370021295337
36700.0 0.05991720127364936
36900.0 0.05968071109843426
37100.0 0.05944465036357587
37300.0 0.059218142485632126
37500.0 0.058991617079510554
37700.0 0.058765109201566794
37900.0 0.05853859255953413
38100.0 0.05831332041812704
38300.0 0.058096409217542486
38500.0 0.05787948925286901
38700.0 0.05766258681637337
38900.0 0.057445666851699904
39100.0 0.05722951812685073
39300.0 0.05702146742015672
39500.0 0.056813399185284885
39700.0 0.05660533971450196
39900.0 0.05639728900780795
40100.0 0.056189212008847196
40300.0 0.055989162915330314
40500.0 0.055789893825726626
40700.0 0.05559064226430077
40900.0 0.05539137317469709
41100.0 0.05519210408509342
41300.0 0.054997567603502495
41500.0 0.054806212486186806
41700.0 0.05461486613296004
41900.0 0.05442351977973326
42100.0 0.05423217342650649
42300.0 0.054041948876660514
42500.0 0.05385855155207738
42700.0 0.05367514546340534
42900.0 0.05349175690291113
43100.0 0.053308359578328
43300.0 0.05312495348965596
43500.0 0.05294552629735019
43700.0 0.0527694382229201
43900.0 0.05259335014849
44100.0 0.052417253309971
44300.0 0.0522411652355409
44500.0 0.0520650771611108
44700.0 0.051894580575406885
44900.0 0.05172552130028461
45100.0 0.051556479553340175
45300.0 0.051387429042306816
45500.0 0.05121836976718455
45700.0 0.0510493192561512
45900.0 0.05088623708966727
46100.0 0.05072385605029633
46300.0 0.05056146624683648
46500.0 0.05039908520746554
46700.0 0.050236695404005695
46900.0 0.050074314364634755
47100.0 0.049917261891322624
47300.0 0.049761226052324345
47500.0 0.049605190213326066
47700.0 0.049449154374327786
47900.0 0.0492931185353295
48100.0 0.04913708269633122
48300.0 0.04898484170783206
48500.0 0.04883488814653906
48700.0 0.04868494334933497
48900.0 0.048534989788041966
49100.0 0.048385036226748966
49300.0 0.04823509142954488
49500.0 0.048086557650655705
49700.0 0.04794246726484517
49900.0 0.04779838564312355
50100.0 0.04765429525731302
50300.0 0.047510213635591395
50500.0 0.047366123249780866
50700.0 0.04722204162805924
50900.0 0.04708170227230326
51100.0 0.04694302809344066
51300.0 0.04680435391457806
51500.0 0.04666567097162654
51700.0 0.04652700555685285
51900.0 0.046388322613901335
52100.0 0.04624964843503873
52300.0 0.04611610124818995
52500.0 0.04598271181494158
52700.0 0.04584933114578213
52900.0 0.04571594171253377
53100.0 0.045582552279285406
53300.0 0.04544916284603705
53500.0 0.045316123976345185
53700.0 0.04518784400693281
53900.0 0.04505957280160936
54100.0 0.04493129283219699
54300.0 0.04480302162687353
54500.0 0.04467475042155007
54700.0 0.0445464704521377
54900.0 0.04441819924681425
55100.0 0.04429453795225877
55300.0 0.044170964298592415
55500.0 0.044047390644926056
55700.0 0.04392381699125971
55900.0 0.04380023457350444
56100.0 0.043676660919838094
56300.0 0.043553087266171735
56500.0 0.043432782617669745
56700.0 0.04331381887477138
56900.0 0.04319484636778408
57100.0 0.04307588262488571
57300.0 0.04295691011789842
57500.0 0.04283794637500005
57700.0 0.04271897386801276
57900.0 0.04260107934396171
58100.0 0.04248649764551959
58300.0 0.04237191594707747
58500.0 0.042257325484546436
58700.0 0.042142735022015404
58900.0 0.04202814455948437
59100.0 0.041913562861042246
59300.0 0.041798972398511214
59500.0 0.04168680958860895
59700.0 0.04157637330422244
59900.0 0.04146594578392485
60100.0 0.04135550949953835
60300.0 0.04124507321515184
60500.0 0.041134636930765335
60700.0 0.04102420941046774
60900.0 0.040913773126081236
61100.0 0.040806202698769126
61300.0 0.04069976283892672
61500.0 0.04059331421499541
61700.0 0.04048686559106409
61900.0 0.04038042573122169
62100.0 0.04027397710729038
62300.0 0.040167537247447975
62500.0 0.040061088623516664
62700.0 0.03995711147265867
62900.0 0.03985448399149322
63100.0 0.03975186527441667
63300.0 0.03964924655734012
63500.0 0.039546619076174655
63700.0 0.039444000359098105
63900.0 0.03934138164202156
64200.0 0.03918744918436228
64600.0 0.038988951334582904
65000.0 0.03879097056604936
65400.0 0.03859299856160473
65800.0 0.03839501779307119
66200.0 0.03820176086846149
66600.0 0.03801078260696905
67000.0 0.0378198043454766
67400.0 0.03762882608398415
67800.0 0.03743989861929723
68200.0 0.037255598593556115
68600.0 0.037071289803726086
69000.0 0.03688697224980714
69400.0 0.03670267222406603
69800.0 0.036523639415761325
70200.0 0.036345719646748514
70600.0 0.036167799877735704
71000.0 0.03598988010872289
71400.0 0.035813345065758256
71800.0 0.0356415601589842
72200.0 0.03546976648812123
72600.0 0.03529798158134717
73000.0 0.03512619667457312
73400.0 0.03495735650167366
73800.0 0.03479144353447099
74200.0 0.03462553056726831
74600.0 0.034459617600065634
75000.0 0.03429370463286296
75400.0 0.03413147258300353
75800.0 0.03397118616088269
76200.0 0.03381089973876184
76600.0 0.03365060455255208
77000.0 0.03349031813043124
77400.0 0.033333695097475816
77800.0 0.03317881611821399
78200.0 0.033023928374863246
78600.0 0.032869040631512504
79000.0 0.03271415288816176
79400.0 0.03256223617095236
79800.0 0.03241253676823782
80200.0 0.03226283736552328
80600.0 0.03211313796280874
81000.0 0.031963438560094204
81400.0 0.03181536051382849
81800.0 0.031670630349527336
82200.0 0.03152590018522619
82600.0 0.03138116125683613
83000.0 0.03123643109253499
83400.0 0.031091692164144927
83800.0 0.030951493033811547
84200.0 0.030811548062056632
84600.0 0.030671603090301713
85000.0 0.030531658118546794
85400.0 0.03039171314679188
85800.0 0.030253713802775542
86200.0 0.0301183787417886
86600.0 0.029983043680801662
87000.0 0.02984769985572581
87400.0 0.029712364794738873
87800.0 0.029577020969663026
88200.0 0.029445007498373928
88600.0 0.029314098302287803
89000.0 0.029183189106201678
89400.0 0.02905227991011556
89800.0 0.02892137947811835
90200.0 0.028790461517943317
90600.0 0.028663513690045647
91000.0 0.028536863841171003
91400.0 0.02841021399229636
91800.0 0.02828357290751063
92200.0 0.028156923058635985
92600.0 0.02803027320976134
93000.0 0.027907549672719502
93400.0 0.027785027709722646
93800.0 0.027662496982636883
94200.0 0.02753997501964003
94600.0 0.027417444292554268
95000.0 0.027294913565468502
95400.0 0.027175634315369276
95800.0 0.027057064956471963
96200.0 0.02693849559757465
96600.0 0.02681992623867734
97000.0 0.026701356879780026
97400.0 0.026582787520882716
97800.0 0.02646622513834637
98200.0 0.026351494450392737
98600.0 0.026236754998350188
99000.0 0.026122024310396553
99400.0 0.026007284858354008
99800.0 0.025892554170400376
100200.0 0.025778042584669553
100400.00000000009 0.02572253084549771
100748.43066198383 0.02562581212127126
101098.07052641988 0.02552876653647804
101448.92378975474 0.025431375398179988
101800.9946629978 0.025333655065752674
102154.28737177301 0.02523559084445496
102508.80615636887 0.025137187066649597
102864.55527178946 0.025038847501501055
103221.53898780573 0.024942849713887414
103579.76158900595 0.024846615436404047
103939.22737484834 0.02475004721550104
104299.94065971187 0.024653152656341742
104661.9057729482 0.024555913067800802
105025.12705893395 0.024458336046983612
105389.60887712192 0.024360420422856917
105755.35560209466 0.024263938482811994
106122.37162361621 0.02416856744782983
106490.66134668495 0.024072865434831205
106860.22919158668 0.023976831295181706
107231.07959394684 0.023880463876260832
107603.217004785 0.023783762021447847
107976.64589056744 0.023686724570108092
108351.370733261 0.023589588972946135
108727.39603038708 0.023495115506184425
109104.72629507471 0.023400536564896098
109483.36605611602 0.02330562939449301
109863.31985801981 0.023210387306471996
110244.59226106624 0.023114821897905976
110627.1878413618 0.023018924715104052
111011.11119089334 0.022922686816374504
111396.36691758451 0.022827821599592794
111782.95964535022 0.022734631906272448
112170.89401415233 0.02264113340207964
112560.17468005554 0.02254729438878468
112950.80631528242 0.022453138539158687
113342.79360827077 0.022358655959140897
113736.1412637291 0.022263845514837996
114130.85400269323 0.022168808823166318
114526.93656258319 0.022076835956750904
114924.39369725919 0.021985003957548994
115323.23017708007 0.02189284881180479
115723.45078895958 0.021800380528160728
116125.06033642414 0.021707591370695892
116528.06363967061 0.02161447146175282
116932.46553562334 0.021521037212076374
117338.27087799355 0.02142874784998207
117745.48453733666 0.02133872375540477
118154.11140111096 0.02124839132151407
118564.15637373661 0.021157746163220498
118975.62437665339 0.021066783866012927
119388.52034838134 0.020975502677882955
119802.84924457902 0.020883913408501632
120218.61603810318 0.020792008850786112
120635.82571906883 0.020703252915174306
121054.48329490799 0.020614987501175967
121474.59379043133 0.020526410094460466
121896.16224788758 0.020437525256090227
122319.19372702412 0.020348340683235686
122743.69330514787 0.020258837777097877
123169.6660771864 0.02016902422742901
123597.11715574806 0.020080070328361285
124026.0516711849 0.019993957892806207
124456.47477165324 0.019907555465843097
124888.39162317566 0.019820853246574514
125321.80740970328 0.019733848283372952
125756.72733317701 0.01964654029424957
126193.15661359143 0.019558929248474785
126631.1004890565 0.01947101681998775
127070.56421586059 0.019386002737440785
127511.55306853396 0.019301930568638555
127954.0723399109 0.019217569252833005
128398.12734119488 0.019132906597862466
128843.72340202122 0.019047958623610913
129290.86587052139 0.01896271603889877
129739.56011338736 0.018877177656611444
130189.81151593504 0.01879212956631678
130641.62548217046 0.01871044698912462
131095.00743485359 0.018628491630170503
131549.96281556363 0.018546256169251683
132006.49708476473 0.018463735246831207
132464.61572187033 0.018380923480392743
132924.3242253105 0.018297826392902866
133385.628112597 0.018214445355476748
133848.53292038973 0.01813361969082551
134313.04420456337 0.018054186504950796
134779.167540273 0.01797448415629363
135246.90852202274 0.017894506353792583
135716.27276373174 0.017814250994332675
136187.2658988018 0.017733717114673322
136659.8935801853 0.01765289498414212
137134.16148045196 0.01757217132115841
137610.07529185852 0.017495324876336853
138087.64072641605 0.01741821288570611
138566.86351595866 0.01734083407852805
139047.7494122127 0.017263186642763887
139530.30418686455 0.01718526964615837
140014.53363163173 0.017107082153220782
140500.44355833106 0.01702862322521393
140988.03979894897 0.01695230382006558
141477.32820571162 0.016877812628615905
141968.3146511539 0.016803066682894736
142461.00502819192 0.016728063330852708
142955.40525019236 0.01665279968530866
143451.52125104374 0.01657727484293353
143949.35898522806 0.016501487897263294
144448.924427891 0.016425635176584796
144950.2235749154 0.016353573847778184
145453.2624429921 0.016281513863467625
145958.04706969234 0.01620920812606076
146464.58351354074 0.016136648261843172
146972.87785408652 0.0160638315703581
147482.9361919785 0.015990763760744948
147994.76464903704 0.015917448692784917
148508.36936832778 0.015845827230557247
149023.7565142358 0.0157764455833911
149540.9322725382 0.015706818559648388
150059.90285048028 0.015636947841694875
150580.6744768489 0.015566843437164619
151103.25340204738 0.015496486976472946
151627.64589817091 0.015425892720559685
152153.85825908065 0.015355049562723336
152681.89680048096 0.015287891488407649
153211.76785999417 0.015220965032028525
153743.47779723676 0.015153815106911397
154277.0329938962 0.0150864233789318
154812.43985380605 0.015018797803435168
155349.70480302497 0.014950941976786983
155888.8342899124 0.014882850624962139
156429.8347852063 0.014816027361215916
156972.71278210124 0.01475180540635351
157517.47479632485 0.014687360543603454
158064.1273662182 0.014622691999380622
158612.67705281274 0.01455779899741526
159163.1304399096 0.014492680758743617
159715.49413415877 0.014427336501698581
160269.77476513712 0.014361765441900431
160825.97898542997 0.014299392337248595
161384.11347070962 0.014237652335152595
161944.18491981577 0.014175706863518777
162506.2000548363 0.014113537650687557
163070.1656211866 0.014051161478774927
163636.0883876925 0.013988560070951951
164203.97514667013 0.013925749855761865
164773.83271400793 0.013863765457718566
165345.66792924836 0.01380468957817628
165919.48765567035 0.013745406348531282
166495.29878037024 0.013685917350473698
167073.10821434658 0.013626221869899672
167652.9228925817 0.013566319190227124
168234.74977412526 0.013506208592387143
168818.59584217807 0.013445889354815306
169404.46810417465 0.01338825754601873
169992.37359186928 0.01333162368244873
170582.3193614191 0.013274801676863695
171174.31249346913 0.01321777371068555
171768.3600932375 0.013160550636597075
172364.46929059955 0.013103132213107903
172962.64724017525 0.013045517305863846
173562.90112141386 0.01298833726722981
174165.23813868032 0.012934337011772176
174769.6655213422 0.012880154853908815
175376.19052385495 0.012825784630519496
175984.8204258511 0.012771225688936901
176595.5625322263 0.012716477374228707
177208.42417322725 0.0126615390291897
177823.4127045401 0.012606409994333856
178440.53550737724 0.012553478618949543
179059.79998856818 0.012501887840510244
179681.21358064678 0.012450112729710378
180304.7837419411 0.012398166640534435
180930.51795666298 0.01234603142102183
181558.42373499667 0.012293720329622098
182188.508613191 0.012241226141380053
182820.7801536484 0.01218879441817601
183455.24594501613 0.012139741915249028
184091.9136022776 0.012090527973797482
184730.79076684228 0.012041134474968226
185371.88510663982 0.011991569590124849
186015.20431621035 0.01194183272448506
186660.7561167974 0.011891923281202416
187308.54825644082 0.01184184942544805
187958.58851006837 0.0117935306150114
188610.8846795912 0.011746850801385659
189265.44459399607 0.011700005869259603
189922.27610943964 0.01165300434151145
190581.38710934314 0.011605834937017893
191242.78550448545 0.011558499997234649
191906.4792331004 0.01151100090675724
192572.47626097052 0.01146337126753772
193240.7845815229 0.011419030092788504
193911.41221592567 0.011374665183430235
194584.36721318262 0.011330153038834237
195259.65765023217 0.011285483825360544
195937.29163204285 0.011240657849365085
196617.27729171072 0.011195681493949687
197299.62279055765 0.011150540226550475
197984.33631822755 0.011106738811400264
198671.42609278703 0.011064818904820558
199360.90036082253 0.01102274821140575
200052.7673975396 0.010980533474380763
200747.03550686277 0.010938175703314833
201443.7130215334 0.01089566219911086
202142.80830321225 0.010853009979901589
202844.3297425782 0.010810205884684934
203548.28575942936 0.010770263256638934
204254.6848027845 0.010730610390338657
204963.53535098286 0.010690810218615779
205674.84591178835 0.010650876641396974
206388.62502249 0.0106108043864513
207104.88125000495 0.010570593400305209
207823.62319098154 0.010530243986984008
208544.8594719008 0.01049086180611993
209268.59874918268 0.010453565463711565
209994.84970928813 0.01041614845123599
210723.62106882382 0.010378601555412767
211454.9215746472 0.010340920374778191
212188.76000396966 0.010303107545068527
212925.1451644646 0.01026516828843732
213664.08589437135 0.010227097336049337
214405.5910626017 0.010191434024667103
215149.66956884676 0.010156358893152015
215896.33034368197 0.010121162005611348
216645.5823486771 0.010085838170288589
217397.43457650184 0.010050392506717305
218151.8960510343 0.010014827809958231
218908.9758274697 0.009979139658174114
219668.68299242735 0.00994406626915768
220431.02666406232 0.009911272826145345
221196.01599217302 0.00987836886177932
221963.66015831166 0.009845353374486379
222733.96837589474 0.009812223248593342
223506.94989031187 0.009778978086255594
224282.61397903945 0.009745608724158855
225060.96995175022 0.009712132289870126
225842.02715042542 0.009680659757484248
226625.79494946744 0.009650032733951224
227412.28275581042 0.009619299391217404
228201.50000903595 0.009588459491772094
228993.45618148448 0.009557520461558461
229788.16077836952 0.009526466515765044
230585.62333789226 0.00949530419367276
231385.85343135396 0.009464454883117623
232188.8606632739 0.009436057927290424
232994.65467150253 0.009407562300299618
233803.24512733784 0.00937896794412018
234614.64173564175 0.00935028242600423
235428.8542349548 0.009321488726179756
236245.89239761574 0.009292594978321418
237065.76602987712 0.009263600835220025
237888.48497202326 0.009236252445920681
238714.05909848903 0.00920997916150676
239542.4983179762 0.009183623492135917
240373.81257357553 0.0091571763573933
241208.01184288395 0.009130628675766295
242045.10613812497 0.009103997656907423
242885.10550626923 0.009077274217097038
243728.0200291531 0.00905058149716051
244573.85982360275 0.009026358465751094
245422.63504155353 0.009002051309299609
246274.3558701723 0.008977650971767497
247129.0325319802 0.008953174688369743
247986.67528497343 0.008928613401037918
248847.29442274923 0.008903966814772242
249710.90027462755 0.008879234633549168
250577.5032057754 0.008855639817299366
251447.1136173319 0.008833185119455089
252319.741946531 0.00881065042454104
253195.39866682977 0.008788037433414853
254074.09428803218 0.008765345874355407
254955.83935641564 0.008742575474698585
255840.64445485763 0.008719729522950179
256728.52020296326 0.00869682831811419
257619.47725719062 0.00867587832012158
258513.52631098175 0.008654983759571471
259410.67809488898 0.008634016594772394
260310.94337670426 0.008612976573756755
261214.33296158884 0.008591855935747099
262120.8576922009 0.00857066818674128
263030.5284488288 0.00854940807651086
263943.3561495196 0.008528878978907986
264859.35175021074 0.008509451541039215
265778.5262448618 0.008489947917617004
266700.8906655845 0.008470385402838072
267626.45608277834 0.00845075499782035
268555.23360526125 0.00843104770286695
269487.23438040353 0.008411280809730057
270422.46959426196 0.00839144531707462
271360.9504717122 0.008373060759634912
272302.6882765867 0.008354859061108185
273247.69431180746 0.008336590639080512
274195.97991952254 0.008318258696205331
275147.55648124265 0.008299871776127213
276102.4354179754 0.008281412129458987
277060.6281903659 0.008262893611821007
278022.1462988321 0.008244801434157779
278987.001283703 0.008227737691087934
279955.20472535834 0.008210605904659758
280926.7682443648 0.008193423397326847
281901.7035016192 0.008176172583769552
282880.0221984859 0.008158870337121885
283861.73607693805 0.008141508133310566
284846.856919699 0.008124080956937431
285835.39655038144 0.008107689470843234
286827.3668336328 0.00809157740596505
287822.7796752752 0.008075405557762741
288821.64702244906 0.008059184065347506
289823.9808637571 0.008042897604617164
290829.79322940577 0.008026563508697014
291839.0961913531 0.008010169391343702
292851.90186345164 0.007993994806988298
293868.22240159387 0.00797875941033744
294888.0700038592 0.00796346660629001
295911.45691065746 0.007948128520124513
296938.39540488017 0.007932730451865952
297968.8978120446 0.007917277968604228
299002.9765004432 0.007901780392300396
300040.643881292 0.007886220791364229
301081.9124088775 0.007871359177921382
302126.7945807098 0.007856818724391403
303175.3029376698 0.007842229643343974
304227.45006416074 0.007827587769558986
305283.2485882598 0.007812892849435963
306342.71118186694 0.00779814687086573
307405.8505608609 0.007783349656653767
308472.6794852493 0.00776863244425481
309543.21075932245 0.007754737977886895
310617.4572318076 0.007740795322231748
311695.4317960206 0.007726804310052083
312777.1473900245 0.007712764773530205
313862.6169967824 0.007698671056456752
314951.8536443137 0.007684530689186125
316044.87040585116 0.00767034939850402
317141.68039999536 0.0076566241442074445
318242.2967908759 0.00764321634333499
319346.7327883069 0.0076297707757851775
320455.0016479461 0.0
321567.116671454 0.0
322683.09120665427 0.0
323802.93864769104 0.0
324926.672435194 0.0
326054.30605643673 0.0
327185.8530454994 0.0
328321.326983432 0.0
329460.74149841425 0.0
330604.11026592366 0.0
331751.4470088968 0.0
332902.76549789455 0.0
334058.07955126825 0.0
335217.40303532267 0.0
336380.74986448674 0.0
337548.13400147745 0.0
338719.56945746863 0.0
339895.07029225933 0.0
341074.65061444003 0.0
342258.32458156615 0.0
343446.10640032514 0.0
344638.0103267076 0.0
345834.0506661794 0.0
347034.2417738501 0.0
348238.5980546498 0.0
349447.1339634991 0.0
350659.8640054834 0.0
351876.8027360276 0.0
353097.96476106776 0.0
354323.3647372312 0.0
355553.01737200917 0.0
356786.93742393394 0.0
358025.13970275706 0.0
359267.6390696242 0.0
360514.4504372573 0.0
361765.5887701314 0.0
363021.06908465445 0.0
364280.90644934855 0.0
365545.1159850277 0.0
366813.7128649837 0.0
368086.7123151656 0.0
369364.1296143627 0.0
370645.98009438923 0.0
371932.2791402647 0.0
373223.04219040385 0.0
374518.28473679814 0.0
375818.0223252031 0.0
377122.2705553253 0.0
378431.04508100665 0.0
379744.36161041673 0.0
381062.23590623855 0.0
382384.6837858583 0.0
383711.7211215558 0.0
385043.36384069227 0.0
386379.62792590604 0.0
387720.529415301 0.0
389066.08440264023 0.0
390416.3090375398 0.0
391771.21952565934 0.0
393130.8321289014 0.0
394495.16316560353 0.0
395864.22901073477 0.0
397238.0460960931 0.0
398616.63091049937 0.0
400000.0000000001 0.0
