91.0 0.0
94.0 0.0
96.0 0.0
98.0 0.0
100.0 0.0
102.0 0.0
104.0 0.0
106.0 0.0
108.0 0.0
110.0 0.0
114.0 0.0
118.0 0.0
121.0 0.0
125.0 0.0
127.0 0.0
128.0 0.0
131.0 0.0
132.0 0.0
134.0 0.0
137.0 0.0
140.0 0.0
143.0 0.0
147.0 0.0
151.0 0.0
155.0 0.0
159.0 0.0
162.0 0.0
166.0 0.0
170.0 0.0
173.0 0.0
177.0 0.0
180.0 0.0
182.0 0.0
186.0 0.0
191.0 0.0
194.0 0.0
198.0 0.0
202.0 0.006906822223508549
205.0 0.00789177527005339
210.0 0.00953336368096146
216.0 0.012130716684841334
220.0 0.013862285354094582
223.0 0.017671373214476184
227.0 0.02275015702831832
230.0 0.02655924488869992
234.0 0.03949197590735358
240.0 0.05889107243533408
246.0 0.10153516854594953
252.0 0.14799048665384792
257.0 0.19305528840590147
260.0 0.22009416945713361
264.0 0.40816729216631825
269.0 0.6432586955527989
274.0 0.7218673840043951
279.0 0.7613553937222701
284.0 0.7734045867328742
290.0 0.7796319733334174
296.0 0.5604619366865907
301.0 0.4761082058941006
308.0 0.9084255946985268
318.0 1.5683990494827895
328.0 2.064204159958803
338.0 2.341555472166461
348.0 2.1950855749359928
357.0 1.9953831288836994
366.0 1.78998220145817
375.0 1.5136259754491628
385.0 1.322360868067737
395.0 1.4518413039096687
405.0 1.6155777111701588
414.0 1.6561782663567224
422.0 1.6921513756986757
430.0 1.7464655045690032
441.0 1.864362288663695
451.0 1.9127072366210074
460.0 1.9089915088094678
470.0 1.9048631355881942
480.0 1.9408858294064966
490.0 1.9869459234853282
500.0 2.0286766161100416
506.0 2.0798697536782207
512.0 2.1281783058053807
520.0 2.184897480798876
530.0 2.1295869427782543
540.0 2.0742761915216392
550.0 2.1152313714925954
560.0 2.156186551463552
570.0 2.158558419843102
580.0 2.135207870220665
590.0 2.1176464557001555
600.0 2.1135932837059137
610.0 2.109539898475678
620.0 2.0812246729504054
630.0 2.046844082863329
640.0 2.0124632884250926
650.0 2.0111558674704537
658.0 2.0101097672258144
665.0 2.009194531687335
675.0 1.9905038415574827
685.0 1.9524984039508009
695.0 1.9125614924849197
705.0 1.88546895326138
716.0 1.8852093339969118
726.0 1.8966501114091432
735.0 1.8930948676717394
745.0 1.8560536876699532
755.0 1.7982344903799694
765.0 1.7404153463989838
775.0 1.709352459595
785.0 1.7050458832770161
795.0 1.7007393069590322
805.0 1.6964326773320497
815.0 1.6747728581321832
825.0 1.635759796050434
835.0 1.596746733968685
845.0 1.5577337296383504
855.0 1.533287275839549
865.0 1.5234074258812789
875.0 1.5135275270564268
885.0 1.503647521613578
895.0 1.5392405182505355
905.0 1.6203065214097154
915.0 1.7013725245688958
925.0 2.037036475482681
935.0 2.627298218666492
945.0 3.0861731518025706
955.0 3.413661328199914
965.0 3.6343120480424256
975.0 3.7214156551025086
985.0 3.775851543502075
995.0 3.8104261605735443
1005.0 3.831097893046245
1015.0 3.8546882354281737
1025.0 3.8819263037748413
1035.0 3.9090427787386473
1045.0 3.933322202118313
1055.0 3.9556155010306187
1065.0 3.9451580436326155
1075.0 3.8937621408467273
1085.0 3.8378264881839943
1095.0 3.79405078241839
1105.0 3.758787079906768
1115.0 3.7508021116227344
1125.0 3.7406890881056025
1135.0 3.7011692751277847
1145.0 3.66823613540681
1155.0 3.6418898732938407
1165.0 3.547650741299383
1175.0 3.385518739423439
1185.0 3.123574229737172
1195.0 2.7618172122405813
1205.0 2.3719403777946524
1208.72 2.2164456251281903
1208.8 2.2131016519525706
1208.87 2.2101756754239035
1208.94 2.2072496988952266
1209.02 2.203905725719607
1209.09 2.2009797491909393
1209.16 2.198053772662263
1209.23 2.1951277961335953
1209.31 2.1917838229579756
1209.38 2.1888578464292987
1209.45 2.1859318699006316
1209.53 2.182587896725012
1209.6 2.1796619201963443
1209.67 2.176735943667668
1209.75 2.173391970492048
1209.82 2.1704659939633806
1209.89 2.167540017434704
1209.96 2.1646140409060366
1210.04 2.1612700685478217
1210.11 2.1583440934496125
1210.18 2.1554181183513936
1210.26 2.1520741468105835
1210.33 2.149148171712374
1210.4 2.1462221966141555
1210.47 2.1432962215159463
1210.55 2.139952249975136
1210.62 2.1370262748769266
1210.69 2.134100299778708
1210.77 2.130756328237897
1210.84 2.1278303531396885
1210.91 2.1249043780414696
1210.99 2.121560406500659
1211.06 2.11863443140245
1211.13 2.115708456304231
1211.2 2.112782481206022
1211.28 2.1094385096652113
1211.35 2.106512534567002
1211.42 2.1035865594687837
1211.5 2.100242587927973
1211.57 2.097316612829764
1211.64 2.094390637731545
1211.72 2.091046666190735
1211.79 2.088120691092526
1211.86 2.0851947159943163
1211.93 2.082268740896098
1212.01 2.0789247693552872
1212.08 2.075998794257078
1212.15 2.0730728191588597
1212.23 2.069728847618049
1212.3 2.06680287251984
1212.37 2.063876897421631
1212.44 2.060950922323412
1212.52 2.057606950782602
1212.59 2.0546809756843922
1212.66 2.0517550005861738
1212.74 2.0484110290453628
1212.81 2.0454850539471536
1212.88 2.042559078848935
1212.96 2.0392151073081246
1213.03 2.0362891322099155
1213.1 2.0333631571117063
1213.17 2.0304371820134874
1213.25 2.0270932104726773
1213.32 2.024167235374468
1213.39 2.0212412602762493
1213.47 2.0178972887354387
1213.54 2.0149713136372296
1213.61 2.0120453385390205
1213.69 2.0087013669982006
1213.76 2.0057753918999914
1213.83 2.0028494168017823
1213.9 1.9999234417035636
1213.98 1.9965794701627533
1214.05 1.993653495064544
1214.12 1.9907275199663348
1214.2 1.987383548425515
1214.27 1.9844575733273058
1214.34 1.9815315982290964
1214.41 1.9786056231308777
1214.49 1.9752616515900674
1214.56 1.9723356764918583
1214.63 1.9694097013936396
1214.71 1.9660657298528288
1214.78 1.9631397547546194
1214.85 1.9602137796564103
1214.93 1.9568698081155904
1215.0 1.9539438330173813
1215.07 1.9510178579191721
1215.14 1.9480918828209535
1215.22 1.944747911280143
1215.29 1.9418219361819338
1215.36 1.9388959610837246
1215.44 1.9355519895429047
1215.51 1.9326260144446956
1215.58 1.9297000393464863
1215.66 1.9263560678056664
1215.73 1.9234300927074572
1215.8 1.920504117609248
1215.87 1.9175781425110388
1215.95 1.9142341709702189
1216.02 1.9113081958720097
1216.09 1.9083822207738006
1216.17 1.9050382492329803
1216.24 1.9021122741347716
1216.31 1.8991862990365622
1216.38 1.8962603239383435
1216.46 1.8929163523975328
1216.53 1.8899903772993236
1216.6 1.8870644022011147
1216.68 1.8837204306602946
1216.75 1.8807944555620852
1216.82 1.877868480463876
1216.9 1.8745245089230562
1216.97 1.871598533824847
1217.04 1.868672558726638
1217.11 1.8657465836284286
1217.19 1.8624026120876087
1217.26 1.8594766369893996
1217.33 1.8565506618911904
1217.41 1.8532066903503706
1217.48 1.8502807152521612
1217.55 1.847354740153952
1217.63 1.8440107686131322
1217.7 1.841084793514923
1217.77 1.838158818416714
1217.84 1.8352328433185046
1217.92 1.8318888717776847
1217.99 1.8289628966794755
1218.06 1.8260369215812664
1218.14 1.822692950040446
1218.21 1.8197669749422374
1218.28 1.8168409998440276
1218.35 1.813915024745819
1218.43 1.8105710532049986
1218.5 1.8076450781067894
1218.57 1.8047191030085805
1218.65 1.8013751314677604
1218.72 1.798449156369551
1218.79 1.795523181271342
1218.87 1.7921792097305316
1218.94 1.789253234632313
1219.01 1.7863272595341035
1219.08 1.7834012844358944
1219.16 1.7800573128950745
1219.23 1.7771313377968654
1219.3 1.7742053626986563
1219.38 1.7708613911578364
1219.45 1.767935416059627
1219.52 1.7650094409614179
1219.6 1.7616654694206073
1219.67 1.7587394943223886
1219.74 1.7558135192241797
1219.81 1.7528875441259704
1219.89 1.7495435725851503
1219.96 1.7466175974869411
1220.03 1.7466099978360974
1220.11 1.7510483608215945
1220.18 1.754931928433917
1220.25 1.758815496046227
1220.32 1.762699063658537
1220.4 1.7671374266440467
1220.47 1.7710209942563568
1220.54 1.7749045618686665
1220.62 1.7793429248541637
1220.69 1.7832264924664865
1220.76 1.7871100600787964
1220.84 1.7915484230642935
1220.91 1.7954319906766163
1220.98 1.799315558288926
1221.05 1.8031991259012359
1221.13 1.8076374888867457
1221.2 1.8115210564990558
1221.27 1.815404624111366
1221.35 1.8198429870968629
1221.42 1.8237265547091852
1221.49 1.8276101223214953
1221.57 1.8320484853069925
1221.64 1.835932052919315
1221.71 1.8398156205316252
1221.78 1.8436991881439353
1221.86 1.8481375511294322
1221.93 1.8520211187417546
1222.0 1.8559046863540647
1222.08 1.8603430493395618
1222.15 1.8642266169518844
1222.22 1.8681101845641945
1222.29 1.8719937521765047
1222.37 1.8764321151620016
1222.44 1.880315682774324
1222.51 1.884199250386634
1222.59 1.8886376133721312
1222.66 1.8925211809844538
1222.73 1.896404748596764
1222.81 1.900843111582261
1222.88 1.9047266791945836
1222.95 1.9086102468068933
1223.02 1.9124938144192034
1223.1 1.9169321774047006
1223.17 1.9208157450170231
1223.24 1.9246993126293332
1225.0 2.022343298310358
1235.0 2.5771386670555856
1245.0 2.881896113112099
1255.0 2.936615640922315
1265.0 2.9799353814976284
1275.0 3.011855232662459
1285.0 2.9530823196220073
1295.0 2.80361685116985
1305.0 2.744083991703165
1315.0 2.784197675807635
1325.0 2.765515461808523
1335.0 2.6783230952661565
1345.0 2.614690565031403
1355.0 2.583708916698515
1365.0 2.542277967244375
1375.0 2.4673427743273284
1385.0 2.3661037932417606
1395.0 2.259243778095786
1405.0 2.241944714925911
1415.0 2.2973953800911593
1425.0 2.3185823884572514
1435.0 2.310826515593704
1442.0 2.3036813337342763
1447.0 2.3014779750985674
1455.0 2.2958754916811084
1465.0 2.2718204991845723
1475.0 2.2313116488024507
1485.0 2.189535838995452
1495.0 2.152228491607231
1505.0 2.1267630229773777
1512.0 2.1139851279444835
1517.0 2.105039402679781
1525.0 2.054398931936448
1535.0 1.9678635588172175
1545.0 1.888765044188051
1555.0 1.8149234320635237
1565.0 1.7927637965797925
1575.0 1.822826206756907
1585.0 1.8079706103938067
1595.0 1.7376654106030087
1605.0 1.6938201676914508
1615.0 1.6651162795863275
1625.0 1.6341392913483805
1635.0 1.6232705639128022
1645.0 1.5941359213312003
1655.0 1.5491838636682784
1665.0 1.536454940946735
1672.0 1.545734025147898
1677.0 1.5512520617810421
1685.0 1.532450013596016
1695.0 1.4986081686888622
1705.0 1.4735111274315624
1715.0 1.44701304129124
1725.0 1.4329087552966377
1735.0 1.422082977144078
1745.0 1.3980823242865446
1755.0 1.3759650028202681
1765.0 1.3537204238900546
1775.0 1.3328335762816894
1785.0 1.318486161272781
1795.0 1.2987707922307998
1805.0 1.2687439702525127
1815.0 1.2463796548695483
1825.0 1.2305617644496594
1835.0 1.2049265155448372
1845.0 1.1861156091812488
1855.0 1.1679318298744603
1865.0 1.1479443095109783
1875.0 1.123314570490955
1885.0 1.1063435797818695
1895.0 1.1129647794999893
1905.0 1.1164310194222007
1915.0 1.091738784486424
1925.0 1.0435826250159315
1935.0 1.0110312043777705
1945.0 1.0049830097558576
1955.0 0.9956818289748712
1967.0 0.9746847134803486
1976.0 0.9519380464144568
1984.0 0.939128206852774
1995.0 0.93813245073771
2005.0 0.9275684419792193
2015.0 0.9161387883779809
2025.0 0.9056148146772645
2035.0 0.8900582138704594
2045.0 0.8836258079700595
2055.0 0.8785665974434514
2065.0 0.8633209702362091
2074.0 0.84951446564104
2078.0 0.8464583780444047
2085.0 0.8416748114671743
2095.0 0.8335828475809999
2105.0 0.830214896124529
2115.0 0.8333618817827649
2125.0 0.8316073138346491
2135.0 0.8223149245959767
2145.0 0.809829024270743
2155.0 0.7890301142976022
2165.0 0.7838813801930683
2175.0 0.7840081623184368
2185.0 0.7745614835112381
2195.0 0.7754170662805437
2205.0 0.7769246669664707
2215.0 0.7728122597902087
2225.0 0.761448109620715
2235.0 0.7551950751725734
2245.0 0.7602938720728862
2255.0 0.7700431238699881
2265.0 0.7760842772616998
2275.0 0.7670568648418316
2285.0 0.7534814707472869
2295.0 0.7486728835916724
2305.0 0.7512666462345122
2315.0 0.7664389024903343
2325.0 0.7722715066380142
2335.0 0.7640550084892359
2345.0 0.7632580478484688
2355.0 0.7649042652574018
2365.0 0.7659814535329229
2375.0 0.7577756527231503
2385.0 0.7460366692164656
2395.0 0.7450038873365852
2405.0 0.7508535725758255
2415.0 0.75926214748814
2425.0 0.756239376238518
2435.0 0.7435647398469792
2445.0 0.7385715658420994
2455.0 0.7472092095204007
2465.0 0.7366152544320769
2475.0 0.7357414266580798
2485.0 0.753284573961815
2495.0 0.7498188582447541
2505.0 0.7449641188238028
2513.0 0.7353557831445032
2518.0 0.7222500146710806
2525.0 0.7157221296891539
2535.0 0.7184710837110758
2545.0 0.7228832074034116
2555.0 0.7184787690916739
2565.0 0.7142152708867877
2575.0 0.7118927000034785
2585.0 0.7027774832208817
2595.0 0.6904595684343382
2605.0 0.6842222334862161
2615.0 0.6979113845408613
2625.0 0.7068211795406639
2635.0 0.7018403465689061
2645.0 0.6987533868428328
2655.0 0.6848117332750014
2665.0 0.6846432235311605
2675.0 0.6901192926553394
2685.0 0.6855062517905716
2695.0 0.6898972695619702
2705.0 0.6945780172970819
2715.0 0.7119067380397153
2725.0 0.7458710470433697
2735.0 0.772494169439364
2745.0 0.7719385341917918
2755.0 0.7259721795441734
2765.0 0.7326761015005107
2775.0 0.8076612271793618
2785.0 0.8809720949161385
2795.0 0.9320755667490631
2805.0 0.9127992728297228
2815.0 0.8462990294519334
2825.0 0.7999188592620676
2835.0 0.7932819866984275
2845.0 0.7883552223782646
2855.0 0.7691207093863952
2865.0 0.7713507091940386
2875.0 0.7799083094112905
2885.0 0.7711657269697021
2895.0 0.763692329603673
2910.0 0.7557704925009565
2930.0 0.7967030516869389
2950.0 0.8486308672161255
2970.0 0.7979720812779197
2990.0 0.7615089396302692
3010.0 0.6741820034063561
3030.0 0.7421244995229067
3050.0 0.7313461752637275
3070.0 0.7937858766782506
3090.0 0.6954513164235118
3110.0 0.8585270252854798
3130.0 0.8858062970454688
3150.0 0.8517292661647654
3170.0 0.9175249022990438
3190.0 0.976869234493001
3210.0 0.8197567768064632
3230.0 0.5683572623359354
3250.0 0.8511183450434693
3270.0 0.8260772782344558
3290.0 0.9247570231384598
3310.0 0.8565521756712747
3330.0 0.9324206447803317
3350.0 0.9475593519065142
3370.0 0.9651795573673901
3390.0 0.8929424528029895
3410.0 0.9315510772837875
3430.0 0.9344341967273517
3450.0 0.9404416232927627
3470.0 0.9423485217037149
3490.0 0.9532845073255671
3510.0 0.8943197796241548
3530.0 0.9730932426357728
3550.0 0.9094098689438257
3570.0 0.9989906296552361
3590.0 0.9376920517749431
3610.0 0.8974182318817929
3630.0 0.9928542041986079
3640.0 1.0126196170628066
3650.0 1.0232787424016352
3670.0 0.866690774180373
3690.0 0.8561426026368141
3704.66 0.8272750560843974
3704.88 0.8283140026168505
3705.11 0.8294001739916865
3705.33 0.8304391205241373
3705.55 0.8314780670565903
3705.78 0.8325642384314264
3706.0 0.8336031849638772
3706.22 0.834642131496328
3706.45 0.8357283028711641
3706.67 0.836767249403617
3706.89 0.8378061959360679
3707.12 0.8388923673109039
3707.34 0.839931313843357
3707.56 0.8409702603758078
3707.79 0.8420564317506439
3708.01 0.8430953782830968
3708.24 0.8441815496579308
3708.46 0.8452204961903838
3708.68 0.8462594427228346
3708.91 0.8473456140976706
3709.13 0.8483845606301236
3709.35 0.8494235071625744
3709.58 0.8505096785374104
3709.8 0.8515486250698635
3710.0 0.852493121917546
3710.02 0.8529959214795767
3710.25 0.858778116442934
3710.47 0.8643089116252705
3710.7 0.8700911065886279
3710.92 0.8756219017709758
3711.14 0.881152696953312
3711.37 0.8869348919166695
3711.59 0.8924656870990173
3711.81 0.8979964822813536
3712.04 0.9037786772447112
3712.26 0.909309472427059
3712.48 0.9148402676093954
3712.71 0.9206224625727528
3712.93 0.926153257755089
3713.16 0.9319354527184467
3713.38 0.9374662479007944
3713.6 0.9429970430831309
3713.83 0.9487792380464882
3714.05 0.954310033228836
3714.27 0.9598408284111725
3714.5 0.9656230233745299
3714.72 0.9711538185568661
3714.94 0.9766846137392141
3715.17 0.9824668087025714
3715.39 0.987997603884908
3715.62 0.9937797988482653
3715.84 0.9993105940306131
3716.06 1.0048413892129495
3716.29 1.010623584176307
3716.51 1.016154379358655
3716.73 1.0216851745409912
3716.96 1.0274673695043486
3717.18 1.032998164686685
3717.4 1.0385289598690328
3717.63 1.0443111548323902
3717.85 1.0498419500147267
3718.08 1.0556241449780839
3718.3 1.0611549401604319
3718.52 1.0666857353427681
3718.75 1.0724679303061255
3718.97 1.077998725488462
3719.19 1.0835295206708098
3719.42 1.0893117156341674
3719.64 1.0948425108165036
3719.86 1.1003733059988514
3720.09 1.1023086633208432
3720.31 1.0984360776020876
3720.53 1.094563491883324
3720.76 1.0905148795409845
3720.98 1.0866422938222287
3721.21 1.0825936814798893
3721.43 1.0787210957611335
3721.65 1.0748485100423697
3721.88 1.0707998977000304
3722.1 1.0669273119812748
3722.32 1.063054726262511
3722.55 1.0590061139201714
3722.77 1.0551335282014156
3722.99 1.0512609424826598
3723.22 1.0472123301403204
3723.44 1.0433397444215566
3723.67 1.0392911320792173
3723.89 1.0354185463604615
3724.11 1.0315459606416977
3724.34 1.0274973482993583
3724.56 1.0236247625806025
3724.78 1.0197521768618387
3725.01 1.0157035645194994
3725.23 1.0118309788007438
3725.45 1.007958393081988
3725.68 1.0039097807396484
3725.9 1.0000371950208848
3726.13 0.9959885826785452
3726.35 0.9921159969597895
3726.57 0.9882434112410258
3726.8 0.9841947988986863
3727.02 0.9803222131799305
3727.24 0.9764496274611749
3727.47 0.9724010151188353
3727.69 0.9685284294000716
3727.91 0.964655843681316
3728.14 0.9606072313389765
3728.36 0.9567346456202128
3728.59 0.9526860332778732
3728.81 0.9488134475591176
3729.03 0.9449408618403539
3729.26 0.9408922494980142
3729.48 0.9370196637792586
3729.7 0.9331470780605028
3729.93 0.9290984657181633
3730.0 0.9278662793531007
3730.15 0.9275189459069594
3730.37 0.9270095235192862
3730.6 0.9264769455685365
3730.82 0.9259675231808625
3731.05 0.9254349452301126
3731.27 0.9249255228424395
3731.49 0.9244161004547663
3731.72 0.9238835225040166
3731.94 0.9233741001163424
3732.16 0.9228646777286692
3732.39 0.9223320997779195
3732.61 0.9218226773902453
3732.83 0.9213132550025721
3733.06 0.9207806770518224
3733.28 0.9202712546641482
3733.51 0.9197386767133985
3733.73 0.9192292543257253
3733.95 0.9187198319380523
3734.18 0.9181872539873024
3734.4 0.9176778315996282
3734.62 0.9171684092119552
3734.85 0.9166358312612055
3735.07 0.9161264088735311
3735.29 0.9156169864858581
3735.52 0.9150844085351084
3735.74 0.9145749861474353
3735.96 0.914065563759761
3736.19 0.9135329858090113
3736.41 0.9130235634213382
3736.64 0.9124909854705883
3736.86 0.9119815630829142
3737.08 0.9114721406952411
3737.31 0.9109395627444912
3737.53 0.9104301403568171
3737.75 0.909920717969144
3737.98 0.9093881400183943
3738.2 0.908878717630721
3738.42 0.9083692952430469
3738.65 0.9078367172922972
3738.87 0.9073272949046239
3739.1 0.9067947169538743
3739.32 0.9062852945662001
3739.54 0.905775872178527
3739.77 0.9052432942277772
3739.99 0.904733871840104
3740.21 0.9050906628089906
3740.44 0.9055067947249503
3740.66 0.9059048339489112
3740.88 0.9063028731728731
3741.11 0.9067190050888327
3741.33 0.9071170443127936
3741.56 0.9075331762287534
3741.78 0.9079312154527153
3742.0 0.9083292546766762
3742.23 0.9087453865926358
3742.45 0.9091434258165969
3742.67 0.9095414650405587
3742.9 0.9099575969565182
3743.12 0.9103556361804793
3743.34 0.9107536754044412
3743.57 0.9111698073204009
3743.79 0.9115678465443617
3744.02 0.9119839784603214
3744.24 0.9123820176842825
3744.46 0.9127800569082442
3744.69 0.9131961888242038
3744.91 0.9135942280481649
3745.13 0.9139922672721268
3745.36 0.9144083991880864
3745.58 0.9148064384120473
3745.8 0.9152044776360092
3746.03 0.9156206095519688
3746.25 0.9160186487759298
3746.48 0.9164347806918896
3746.7 0.9168328199158504
3746.92 0.9172308591398123
3747.15 0.917646991055772
3747.37 0.918045030279733
3747.59 0.9184430695036947
3747.82 0.9188592014196544
3748.04 0.9192572406436155
3748.26 0.9196552798675773
3748.49 0.920071411783536
3748.71 0.9204694510074979
3748.93 0.920867490231459
3749.16 0.9212836221474184
3750.0 0.9228034082752713
3770.0 1.0071626414448764
3790.0 0.977351147838247
3810.0 0.9681940124132667
3830.0 0.9849803407520061
3850.0 1.0448399488393543
3870.0 1.1006905514376084
3890.0 0.9897455876919474
3910.0 0.8734145581810188
3930.0 0.9774546294889119
3950.0 0.9270867418699668
3970.0 1.0348976696015788
3990.0 1.0
4010.0 1.006079447022206
4030.0 0.9893639752271307
4050.0 0.9926141982031225
4070.0 0.9886773197888199
4078.2 0.9961185170982613
4078.45 0.9963453828698906
4078.7 0.99657224864152
4078.94 0.9967900397822843
4079.19 0.9970169055539136
4079.43 0.9972346966946776
4079.68 0.9974615624663069
4079.93 0.9976884282379364
4080.17 0.9983102420579479
4080.42 0.9991312588284702
4080.66 0.9999194349281708
4080.91 1.000740451698693
4081.16 1.0015614684692151
4081.4 1.0023496445689173
4081.65 1.0031706613394396
4081.9 1.0039916781099618
4082.14 1.0047798542096624
4082.39 1.0056008709801845
4082.63 1.0063890470798866
4082.88 1.007210063850409
4083.13 1.0080310806209312
4083.37 1.0088192567206318
4083.62 1.009640273491154
4083.86 1.010428449590856
4084.11 1.0112494663613782
4084.36 1.0120704831319005
4084.6 1.0128586592316011
4084.85 1.0136796760021232
4085.1 1.0145006927726454
4085.34 1.0152888688723478
4085.59 1.01610988564287
4085.83 1.0168980617425705
4086.08 1.0177190785130927
4086.33 1.018540095283615
4086.57 1.019328271383317
4086.82 1.0201492881538392
4087.06 1.02093746425354
4087.31 1.021758481024062
4087.56 1.0225794977945843
4087.8 1.0233676738942865
4088.05 1.0241886906648088
4088.3 1.0250097074353308
4088.54 1.0257978835350314
4088.79 1.0266189003055537
4089.03 1.0274070764052559
4089.28 1.028228093175778
4089.53 1.0290491099463002
4089.77 1.0298372860460008
4090.0 1.0305926214748813
4090.02 1.0305853162762901
4090.26 1.0304976538931938
4090.51 1.0304063389108018
4090.76 1.0303150239284102
4091.0 1.0302273615453141
4091.25 1.0301360465629221
4091.5 1.0300447315805306
4091.74 1.0299570691974345
4091.99 1.0298657542150425
4092.23 1.0297780918319464
4092.48 1.0296867768495546
4092.73 1.0295954618671628
4092.97 1.0295077994840667
4093.22 1.0294164845016749
4093.47 1.029325169519283
4093.71 1.0292375071361868
4093.96 1.029146192153795
4094.2 1.029058529770699
4094.45 1.028967214788307
4094.7 1.0288758998059153
4094.94 1.0287882374228192
4095.19 1.0286969224404272
4095.43 1.028609260057331
4095.68 1.0285179450749395
4095.93 1.0284266300925475
4096.17 1.0283389677094514
4096.42 1.0282476527270596
4096.67 1.0281563377446676
4096.91 1.0280686753615715
4097.16 1.02797736037918
4097.4 1.0278896979960839
4097.65 1.0277983830136919
4097.9 1.0277070680313003
4098.14 1.0276194056482038
4098.39 1.027528090665812
4098.63 1.027440428282716
4098.88 1.027349113300324
4099.13 1.0272577983179323
4099.37 1.0271701359348364
4099.62 1.0270788209524444
4099.87 1.0269875059700526
4100.11 1.0268963880354887
4100.36 1.026797219527033
4100.6 1.0267020177589155
4100.85 1.0266028492504597
4101.1 1.0265036807420045
4101.34 1.0264084789738872
4101.59 1.0263093104654315
4101.83 1.0262141086973142
4102.08 1.0261149401888587
4102.33 1.0260157716804033
4102.57 1.025920569912286
4102.82 1.0258214014038305
4103.07 1.025722232895375
4103.31 1.0256270311272573
4103.56 1.0255278626188018
4103.8 1.0254326608506845
4104.05 1.0253334923422288
4104.3 1.0252343238337736
4104.54 1.0251391220656563
4104.79 1.0250399535572008
4105.03 1.0249447517890835
4105.28 1.0248455832806278
4105.53 1.0247464147721723
4105.77 1.0246512130040548
4106.02 1.0245520444955993
4106.27 1.0244528759871436
4106.51 1.0243576742190263
4106.76 1.0242585057105709
4107.0 1.0241633039424536
4107.25 1.0240641354339983
4107.5 1.0239649669255426
4107.74 1.0238697651574253
4107.99 1.0237705966489699
4108.23 1.0236753948808526
4108.48 1.023576226372397
4108.73 1.0234770578639414
4108.97 1.023381856095824
4109.22 1.0232826875873684
4109.47 1.023183519078913
4109.71 1.0230883173107956
4109.96 1.02298914880234
4110.0 1.0229732818409871
4110.2 1.0230479713016338
4110.45 1.0231413331274422
4110.7 1.0232346949532505
4110.94 1.0233243223060262
4111.19 1.0234176841318345
4111.44 1.0235110459576429
4111.68 1.0236006733104193
4111.93 1.0236940351362276
4112.17 1.0237836624890035
4112.42 1.0238770243148116
4112.67 1.02397038614062
4112.91 1.024060013493396
4113.16 1.0241533753192043
4113.4 1.0242430026719802
4113.65 1.0243363644977885
4113.9 1.0244297263235969
4114.14 1.024519353676373
4114.39 1.0246127155021814
4114.64 1.0247060773279897
4114.88 1.0247957046807656
4115.13 1.024889066506574
4115.37 1.02497869385935
4115.62 1.025072055685158
4115.87 1.0251654175109663
4116.11 1.0252550448637423
4116.36 1.0253484066895506
4116.6 1.025438034042327
4116.85 1.0255313958681354
4117.1 1.0256247576939435
4117.34 1.0257143850467194
4117.59 1.0258077468725277
4117.84 1.025901108698336
4118.08 1.025990736051112
4118.33 1.0260840978769203
4118.57 1.0261737252296963
4118.82 1.0262670870555044
4119.07 1.0263604488813127
4119.31 1.0264500762340891
4119.56 1.0265434380598975
4119.81 1.0266367998857058
4120.05 1.0267215201451818
4120.3 1.0267903465044912
4120.54 1.0268564198094285
4120.79 1.026925246168738
4121.04 1.0269940725280473
4121.28 1.0270601458329844
4121.53 1.0271289721922938
4121.77 1.0271950454972312
4122.02 1.0272638718565406
4122.27 1.0273326982158504
4122.51 1.0273987715207873
4122.76 1.0274675978800967
4123.01 1.0275364242394063
4123.25 1.0276024975443432
4123.5 1.0276713239036528
4123.74 1.02773739720859
4123.99 1.0278062235678993
4124.24 1.027875049927209
4124.48 1.0279411232321458
4124.73 1.0280099495914552
4124.97 1.0280760228963925
4125.22 1.028144849255702
4125.47 1.0282136756150118
4125.71 1.0282797489199487
4125.96 1.0283485752792583
4126.21 1.0284174016385677
4126.45 1.0284834749435046
4126.7 1.0285523013028142
4126.94 1.0286183746077513
4127.19 1.0286872009670607
4130.0 1.0294608092456996
4150.0 1.0228070999234085
4170.0 1.018686669742892
4190.0 1.0091415691974566
4210.0 1.0002045288570716
4230.0 0.993779266362453
4250.0 0.997364403120691
4270.0 0.9984162518523211
4290.0 1.007846640318102
4310.0 1.018189074667293
4315.65 1.0200230009225566
4315.91 1.0201073939891705
4316.17 1.0201917870557846
4316.43 1.0202761801223985
4316.69 1.0203605731890122
4316.95 1.020444966255626
4317.21 1.0205293593222402
4317.47 1.020613752388854
4317.73 1.0206981454554678
4317.99 1.020782538522082
4318.25 1.0208669315886958
4318.52 1.0209545705424874
4318.78 1.0210389636091008
4319.04 1.021123356675715
4319.3 1.0212077497423289
4319.56 1.021292142808943
4319.82 1.0213765358755564
4320.08 1.0213409242030007
4320.34 1.021035301867312
4320.6 1.0207296795316232
4320.86 1.0204240571959355
4321.12 1.0201184348602468
4321.38 1.0198128125245582
4321.64 1.0195071901888695
4321.9 1.0192015678531818
4322.16 1.018895945517493
4322.42 1.0185903231818045
4322.68 1.0182847008461158
4322.94 1.0179790785104281
4323.2 1.0176734561747394
4323.46 1.0173678338390506
4323.73 1.017050456798144
4323.99 1.0167448344624554
4324.25 1.0164392121267665
4324.51 1.016133589791078
4324.77 1.0158279674553892
4325.03 1.0155223451197015
4325.29 1.0152167227840128
4325.55 1.014911100448324
4325.81 1.0146054781126355
4326.07 1.0142998557769478
4326.33 1.013994233441259
4326.59 1.0136886111055703
4326.85 1.0133829887698818
4327.11 1.013077366434194
4327.37 1.0127717440985053
4327.63 1.0124661217628166
4327.89 1.0121604994271278
4328.15 1.0118548770914402
4328.41 1.0115492547557516
4328.67 1.0112436324200627
4328.94 1.010926255379156
4329.2 1.0106206330434675
4329.46 1.0103150107077787
4329.72 1.01000938837209
4329.98 1.0097037660364023
4330.0 1.0096802566259642
4330.24 1.0095683844943495
4330.5 1.0094471896850998
4330.76 1.0093259948758502
4331.02 1.0092048000666005
4331.28 1.0090836052573513
4331.54 1.0089624104481016
4331.8 1.0088412156388522
4332.06 1.0087200208296023
4332.32 1.0085988260203533
4332.58 1.0084776312111037
4332.84 1.008356436401854
4333.1 1.0082352415926046
4333.36 1.0081140467833551
4333.62 1.0079928519741057
4333.88 1.0078716571648558
4334.15 1.0077458010167895
4334.41 1.0076246062075398
4334.67 1.0075034113982901
4334.93 1.0073822165890405
4335.19 1.0072610217797913
4335.45 1.0071398269705416
4335.71 1.0070186321612922
4335.97 1.0068974373520423
4336.23 1.0067762425427933
4336.49 1.0066550477335436
4336.75 1.006533852924294
4337.01 1.0064126581150445
4337.27 1.0062914633057947
4337.53 1.0061702684965457
4337.79 1.0060490736872958
4338.05 1.0059278788780464
4338.31 1.0058066840687967
4338.57 1.0056854892595475
4338.83 1.005564294450298
4339.09 1.0054430996410482
4339.35 1.0053219048317987
4339.62 1.0051960486837321
4339.88 1.0050748538744823
4340.14 1.0053083220010994
4340.4 1.0058457869298856
4340.66 1.0063832518586733
4340.92 1.0069207167874612
4341.18 1.0074581817162491
4341.44 1.007995646645035
4341.7 1.008533111573823
4341.96 1.009070576502611
4342.22 1.0096080414313986
4342.48 1.0101455063601847
4342.74 1.0106829712889724
4343.0 1.0112204362177604
4343.26 1.0117579011465483
4343.52 1.0122953660753362
4343.78 1.0128328310041221
4344.04 1.01337029593291
4344.3 1.0139077608616978
4344.57 1.0144658975185143
4344.83 1.0150033624473023
4345.09 1.0155408273760902
4345.35 1.016078292304878
4345.61 1.016615757233664
4345.87 1.0171532221624517
4346.13 1.0176906870912397
4346.39 1.0182281520200276
4346.65 1.0187656169488135
4346.91 1.0193030818776014
4347.17 1.0198405468063894
4347.43 1.020378011735177
4347.69 1.020915476663963
4347.95 1.0214529415927507
4348.21 1.0219904065215386
4348.47 1.0225278714503265
4348.73 1.0230653363791125
4348.99 1.0236028013079004
4349.25 1.024140266236688
4349.51 1.024677731165476
4349.78 1.0252358678222928
4350.0 1.0256906458389596
4350.04 1.0257729273183784
4350.3 1.0263077569346015
4350.56 1.0268425865508248
4350.82 1.0273774161670461
4351.08 1.0279122457832692
4351.34 1.0284470753994925
4351.6 1.0289819050157156
4351.86 1.0295167346319372
4352.12 1.0300515642481602
4352.38 1.0305863938643836
4352.64 1.0311212234806066
4352.9 1.031656053096828
4353.16 1.032190882713051
4353.42 1.0327257123292743
4353.68 1.0332605419454974
4353.94 1.0337953715617187
4354.2 1.0343302011779418
4354.46 1.0348650307941651
4354.72 1.0353998604103882
4354.99 1.0359552603964648
4355.25 1.036490090012688
4355.51 1.0370249196289112
4355.77 1.0375597492451345
4356.03 1.0380945788613558
4356.29 1.038629408477579
4356.55 1.0391642380938022
4356.81 1.0396990677100253
4357.07 1.0402338973262468
4357.33 1.04076872694247
4357.59 1.0413035565586932
4357.85 1.0418383861749163
4358.11 1.0423732157911376
4358.37 1.0429080454073607
4358.63 1.043442875023584
4358.89 1.043977704639807
4359.15 1.0445125342560286
4359.41 1.0450473638722517
4359.67 1.0455821934884748
4359.93 1.046117023104698
4360.2 1.0464069313070463
4360.46 1.0465966216044222
4360.72 1.0467863119017984
4360.98 1.0469760021991736
4361.24 1.0471656924965496
4361.5 1.0473553827939257
4361.76 1.0475450730913016
4362.02 1.0477347633886775
4362.28 1.0479244536860528
4362.54 1.048114143983429
4362.8 1.0483038342808049
4363.06 1.0484935245781806
4363.32 1.048683214875556
4363.58 1.0488729051729322
4363.84 1.049062595470308
4364.1 1.0492522857676838
4364.36 1.049441976065059
4364.62 1.0496316663624352
4364.88 1.0498213566598111
4365.15 1.0500183427378549
4365.41 1.0502080330352308
4365.67 1.050397723332607
4365.93 1.0505874136299829
4366.19 1.0507771039273581
4366.45 1.050966794224734
4366.71 1.0511564845221102
4366.97 1.0513461748194861
4367.23 1.0515358651168614
4367.49 1.0517255554142373
4370.0 1.0535567963619807
4390.0 1.0456418405624703
4410.0 1.045326739957951
4430.0 1.036888343103466
4450.0 1.0251906163191016
4470.0 1.0076156435433408
4490.0 1.0354753259078933
4510.0 1.0592817385450402
4530.0 1.0705938280352112
4550.0 1.0749846592251155
4570.0 1.0806928623826875
4590.0 1.0698735968127617
4610.0 1.0602086043299968
4630.0 1.0559174343125413
4650.0 1.0736201443332245
4670.0 1.048921294639234
4690.0 1.060750996733891
4710.0 1.0696031958033736
4730.0 1.0382151507638446
4750.0 1.0759766597212446
4770.0 1.087175636401712
4790.0 1.1497869217123153
4810.0 1.2594661965642262
4830.0 1.305574801831573
4834.84 1.3336955771345456
4835.13 1.3353804996217067
4835.42 1.337065422108868
4835.71 1.3387503445960294
4836.0 1.3404352670831907
4836.29 1.342120189570352
4836.59 1.343863212832934
4836.88 1.3455481353200953
4837.17 1.3472330578072564
4837.46 1.348917980294418
4837.75 1.3506029027815794
4838.05 1.3523459260441613
4838.34 1.3540308485313224
4838.63 1.3557157710184837
4838.92 1.3574006935056453
4839.21 1.3590856159928064
4839.5 1.3607705384799678
4839.8 1.3625135617425497
4840.09 1.3643469826818178
4840.38 1.3665104001813226
4840.67 1.3686738176808273
4840.96 1.370837235180332
4841.26 1.3730752532832695
4841.55 1.3752386707827744
4841.84 1.377402088282279
4842.13 1.3795655057817837
4842.42 1.3817289232812884
4842.72 1.3839669413842262
4843.01 1.3861303588837308
4843.3 1.3882937763832355
4843.59 1.3904571938827404
4843.88 1.3926206113822452
4844.17 1.39478402888175
4844.47 1.3970220469846875
4844.76 1.3991854644841921
4845.05 1.401348881983697
4845.34 1.4035122994832017
4845.63 1.4056757169827063
4845.93 1.4079137350856439
4846.22 1.4100771525851485
4846.51 1.4122405700846534
4846.8 1.414403987584158
4847.09 1.4165674050836627
4847.38 1.4187308225831676
4847.68 1.4209688406861052
4847.97 1.4231322581856098
4848.26 1.4252956756851145
4848.55 1.4274590931846194
4848.84 1.429622510684124
4849.14 1.4318605287870616
4849.43 1.4340239462865663
4849.72 1.4361873637860711
4850.0 1.438276180682143
4850.01 1.4383746207409076
4850.3 1.4412293824450202
4850.59 1.4440841441491323
4850.89 1.4470373459120096
4851.18 1.449892107616122
4851.47 1.4527468693202341
4851.76 1.4556016310243467
4852.05 1.458456392728459
4852.35 1.4614095944913361
4852.64 1.4642643561954485
4852.93 1.4671191178995608
4853.22 1.4699738796036734
4853.51 1.4728286413077856
4853.81 1.4757818430706628
4854.1 1.4786366047747752
4854.39 1.4814913664788876
4854.68 1.484346128183
4854.97 1.4872008898871123
4855.26 1.4900556515912249
4855.56 1.4930088533541017
4855.85 1.4958636150582143
4856.14 1.4987183767623267
4856.43 1.501573138466439
4856.72 1.5044279001705514
4857.02 1.5073811019334284
4857.31 1.5102358636375408
4857.6 1.5130906253416532
4857.89 1.5159453870457658
4858.18 1.5188001487498781
4858.47 1.5216549104539905
4858.77 1.5246081122168675
4859.06 1.52746287392098
4859.35 1.5303176356250925
4859.64 1.5331723973292046
4859.93 1.536027159033317
4860.23 1.539272058794845
4860.52 1.542494613627713
4860.81 1.5457171684605708
4861.1 1.5489397232934288
4861.39 1.5521622781262867
4861.68 1.5553848329591446
4861.98 1.5587185103724381
4862.27 1.561941065205306
4862.56 1.565163620038164
4862.85 1.568386174871022
4863.14 1.5716087297038797
4863.44 1.5749424071171734
4863.73 1.5781649619500313
4864.02 1.5813875167828995
4864.31 1.5846100716157572
4864.6 1.587832626448615
4864.9 1.5911663038619088
4865.19 1.5943888586947665
4865.48 1.5976114135276245
4865.77 1.6008339683604926
4866.06 1.6040565231933503
4866.35 1.6072790780262083
4866.65 1.6106127554395018
4866.94 1.6138353102723597
4867.23 1.6170578651052177
4867.52 1.6202804199380856
4867.81 1.6235029747709435
4868.11 1.626836652184237
4868.4 1.630059207017095
4868.69 1.6332817618499529
4868.98 1.6365043166828108
4869.27 1.6397268715156788
4869.56 1.6429494263485367
4869.86 1.6462831037618302
4870.0 1.6478388198880414
4870.15 1.6457385798242996
4870.44 1.641678115701056
4870.73 1.6376176515778125
4871.02 1.6335571874545562
4871.32 1.6293567073270727
4871.61 1.6252962432038294
4871.9 1.6212357790805858
4872.19 1.6171753149573422
4872.48 1.6131148508340987
4872.77 1.6090543867108424
4873.07 1.604853906583359
4873.36 1.6007934424601156
4873.65 1.596732978336872
4873.94 1.5926725142136284
4874.23 1.5886120500903849
4874.53 1.5844115699628887
4874.82 1.580351105839645
4875.11 1.5762906417164015
4875.4 1.5722301775931582
4875.69 1.5681697134699146
4875.98 1.564109249346671
4876.28 1.5599087692191747
4876.57 1.5558483050959313
4876.86 1.5517878409726877
4877.15 1.5477273768494444
4877.44 1.5436669127262008
4877.74 1.5394664325987044
4878.03 1.5354059684754608
4878.32 1.5313455043522173
4878.61 1.527285040228974
4878.9 1.5232245761057304
4879.2 1.5190240959782342
4879.49 1.5149636318549906
4879.78 1.510903167731747
4880.07 1.5070926990528044
4880.36 1.5040679303416684
4880.65 1.5010431616305324
4880.95 1.4979140905500445
4881.24 1.4948893218389088
4881.53 1.4918645531277728
4881.82 1.4888397844166368
4882.11 1.4858150157055008
4882.41 1.482685944625013
4882.7 1.4796611759138771
4882.99 1.476636407202741
4883.28 1.4736116384916051
4883.57 1.470586869780469
4883.86 1.4675621010693332
4884.16 1.4644330299888453
4884.45 1.4614082612777093
4884.74 1.4583834925665733
4885.03 1.4553587238554373
4885.32 1.4523339551443015
4885.62 1.4492048840638136
4885.91 1.4461801153526777
4886.2 1.4431553466415417
4886.49 1.4401305779304057
4886.78 1.4371058092192697
4887.07 1.434081040508134
4887.37 1.430951969427646
4887.66 1.42792720071651
4887.95 1.424902432005374
4888.24 1.421877663294238
4888.53 1.4188528945831023
4888.83 1.4157238235026144
4889.12 1.4126990547914784
4889.41 1.4096742860803424
4889.7 1.4066495173692064
4890.0 1.4035204462887185
4890.29 1.40057161852916
4890.58 1.397622790769601
4890.87 1.3946739630100422
4891.16 1.3917251352504834
4891.45 1.3887763074909245
4891.74 1.3858274797313659
4892.04 1.3827769682559579
4892.33 1.379828140496399
4892.62 1.3768793127368402
4892.91 1.3739304849772813
4910.0 1.2167487988038883
4928.77 1.1639823543039516
4929.07 1.1628721008556506
4929.36 1.1617988558556238
4929.66 1.1606886024073195
4929.96 1.1595783489590152
4930.0 1.1594303151659082
4930.26 1.1597039219652223
4930.55 1.1600090987798417
4930.85 1.1603247989328964
4931.15 1.1606404990859502
4931.45 1.1609561992390052
4931.74 1.1612613760536246
4932.04 1.1615770762066793
4932.34 1.161892776359734
4932.64 1.1622084765127887
4932.93 1.162513653327408
4933.23 1.162829353480462
4933.53 1.1631450536335166
4933.83 1.1634607537865713
4934.12 1.1637659306011907
4934.42 1.1640816307542454
4934.72 1.1643973309073004
4935.02 1.164713031060355
4935.31 1.1650182078749745
4935.61 1.1653339080280283
4935.91 1.165649608181083
4936.21 1.165965308334138
4936.5 1.166270485148757
4936.8 1.166586185301812
4937.1 1.1669018854548667
4937.4 1.1672175856079205
4937.69 1.16752276242254
4937.99 1.1678384625755946
4938.29 1.1681541627286496
4938.59 1.1684698628817043
4938.88 1.1687750396963237
4939.18 1.1690907398493784
4939.48 1.1694064400024322
4939.78 1.169722140155487
4940.07 1.1699675994482697
4940.37 1.1700273673648798
4940.67 1.1700871352814899
4940.97 1.1701469031981002
4941.26 1.1702046788508231
4941.56 1.1702644467674335
4941.86 1.1703242146840436
4942.16 1.1703839826006537
4942.45 1.1704417582533768
4942.75 1.1705015261699871
4943.05 1.1705612940865973
4943.35 1.1706210620032074
4943.64 1.1706788376559307
4943.94 1.1707386055725406
4944.24 1.1707983734891507
4944.54 1.1708581414057608
4944.83 1.170915917058484
4945.13 1.1709756849750943
4945.43 1.1710354528917044
4945.73 1.1710952208083145
4946.02 1.1711529964610379
4946.32 1.171212764377648
4946.62 1.171272532294258
4946.92 1.1713323002108682
4947.21 1.1713900758635916
4947.51 1.1714498437802017
4947.81 1.1715096116968118
4948.11 1.1715693796134217
4948.4 1.1716271552661448
4948.7 1.1716869231827551
4949.0 1.1717466910993652
4949.3 1.1718064590159756
4949.59 1.1718642346686987
4949.89 1.1719240025853088
4950.0 1.171945917488066
4950.19 1.1713357376817024
4950.49 1.1703722958821783
4950.78 1.169440968809306
4951.08 1.1684775270097818
4951.38 1.167514085210258
4951.68 1.1665506434107338
4951.97 1.1656193163378612
4952.27 1.1646558745383373
4952.57 1.1636924327388163
4952.87 1.1627289909392922
4953.16 1.1617976638664196
4953.46 1.1608342220668955
4953.76 1.1598707802673716
4954.06 1.1589073384678477
4954.35 1.1579760113949749
4954.65 1.1570125695954538
4954.95 1.1560491277959297
4955.25 1.155085685996406
4955.54 1.1541543589235332
4955.84 1.1531909171240093
4956.14 1.1522274753244854
4956.44 1.1512640335249642
4956.73 1.1503327064520916
4957.03 1.1493692646525677
4957.33 1.1484058228530436
4957.63 1.1474423810535197
4957.92 1.1465110539806471
4958.22 1.145547612181123
4958.52 1.144584170381599
4958.82 1.143620728582078
4959.11 1.1426894015092055
4959.41 1.1417259597096814
4959.71 1.1407625179101575
4960.01 1.13977323717693
4960.3 1.138092581026678
4960.6 1.1363539712160708
4960.9 1.134615361405469
4961.2 1.132876751594862
4961.49 1.1311960954446099
4961.79 1.1294574856340025
4962.09 1.1277188758233956
4962.39 1.1259802660127884
4962.68 1.1242996098625362
4962.98 1.1225610000519344
4963.28 1.1208223902413275
4963.58 1.1190837804307203
4963.87 1.117403124280468
4964.17 1.115664514469861
4964.47 1.113925904659254
4964.77 1.1121872948486469
4965.06 1.1105066386983946
4965.36 1.1087680288877928
4965.66 1.1070294190771857
4965.96 1.1052908092665785
4966.25 1.1036101531163263
4966.55 1.1018715433057193
4966.85 1.1001329334951122
4967.15 1.0983943236845104
4967.44 1.0967136675342581
4967.74 1.094975057723651
4968.04 1.0932364479130439
4968.34 1.091497838102437
4968.63 1.0898171819521847
4968.93 1.0880785721415775
4969.23 1.0863399623309757
4969.53 1.0846013525203688
4969.82 1.0829206963701163
4970.0 1.0818775304837511
4970.12 1.081829461759923
4970.42 1.081709289950352
4970.72 1.0815891181407808
4971.02 1.0814689463312102
4971.31 1.081352780248625
4971.61 1.0812326084390544
4971.91 1.0811124366294835
4972.21 1.0809922648199126
4972.5 1.0808760987373276
4972.8 1.0807559269277567
4973.1 1.0806357551181855
4973.4 1.080515583308615
4973.69 1.08039941722603
4973.99 1.080279245416459
4974.29 1.0801590736068882
4974.58 1.080042907524303
4974.88 1.079922735714732
4975.18 1.0798025639051612
4975.48 1.0796823920955907
4975.78 1.0795622202860198
4976.07 1.0794460542034348
4976.37 1.0793258823938636
4976.48 1.0792818193970213
4976.67 1.0792057105842927
4976.78 1.0791616475874504
4976.97 1.0790855387747218
4977.08 1.0790414757778792
4977.26 1.0789693726921368
4977.38 1.0789213039683085
4977.56 1.0788492008825659
4977.68 1.0788011321587374
4977.86 1.0787290290729954
4977.98 1.078680960349167
4978.16 1.0786088572634243
4978.28 1.0785607885395962
4978.45 1.0784926911808392
4978.58 1.0784406167300251
4978.75 1.0783725193712683
4978.88 1.0783204449204542
4979.05 1.0782523475616974
4979.18 1.0782002731108833
4979.35 1.0781321757521265
4979.48 1.0780801013013128
4979.64 1.0780160096695413
4979.78 1.077959929491742
4979.94 1.0778958378599708
4980.08 1.0789066162375378
4980.24 1.0809762417165008
4980.39 1.0829165156030371
4980.54 1.084856789489562
4980.69 1.0867970633760866
4980.83 1.088607985670185
4980.99 1.0906776111491479
4981.13 1.092488533443246
4981.29 1.0945581589222089
4981.43 1.0963690812163072
4981.59 1.09843870669527
4981.73 1.1002496289893564
4981.89 1.1023192544683311
4982.02 1.1040008251699915
4982.19 1.1061998022413806
4982.32 1.1078813729430408
4982.49 1.1100803500144418
4982.62 1.111761920716102
4982.79 1.1139608977875028
4982.92 1.115642468489163
4983.09 1.117841445560564
4983.21 1.119393664669786
4983.39 1.121721993333625
4983.51 1.1232742124428472
4983.69 1.1256025411066746
4983.81 1.1271547602159084
4983.99 1.1294830888797358
4984.11 1.131035307988958
4984.29 1.1333636366527968
4984.4 1.1347865041695808
4984.59 1.137244184425858
4984.7 1.138667051942642
4984.89 1.141124732198919
4985.0 1.142547599715703
4985.19 1.1450052799719685
4985.3 1.1464281474887643
4985.49 1.1488858277450298
4985.59 1.1501793436693875
4985.79 1.1527663755180908
4985.89 1.1540598914424485
4986.09 1.156646923291152
4986.19 1.157940439215498
4986.39 1.160527471064213
4986.49 1.161820986988559
4986.69 1.1644080188372625
4986.78 1.1655721831691819
4986.99 1.1682885666103238
4987.08 1.1694527309422431
4987.29 1.1721691143833848
4987.38 1.1733332787153044
4987.59 1.176049662156446
4987.68 1.1772138264883654
4987.9 1.1800595615219334
4987.97 1.1809650226689885
4988.2 1.1839401092949946
4988.5 1.1878206570680558
4988.8 1.1917012048411169
4989.1 1.195581752614178
4989.4 1.1994623003872273
4989.7 1.2033428481602886
4990.0 1.2072233959333498
4990.3 1.2111357755755163
4990.6 1.2150481552176828
4990.9 1.2189605348598378
4991.2 1.2228729145020043
4991.5 1.2267852941441708
4991.8 1.2306976737863375
4992.1 1.234610053428504
4992.4 1.238522433070659
4992.7 1.2424348127128255
4993.0 1.246347192354992
4993.3 1.2502595719971588
4993.6 1.2541719516393253
4993.9 1.25808433128148
4994.2 1.2619967109236467
4994.5 1.2659090905658135
4994.8 1.2698214702079798
4995.1 1.2737338498501465
4995.41 1.277776642147043
4995.71 1.2816890217892096
4996.01 1.285601401431376
4996.31 1.2895137810735426
4996.61 1.2934261607156976
4996.91 1.297338540357864
4997.21 1.3012509200000306
4997.51 1.3051632996421973
4997.81 1.3090756792843639
4998.11 1.3129880589265186
4998.41 1.3169004385686853
4998.71 1.3208128182108518
4999.01 1.3247251978530183
4999.31 1.328637577495185
4999.61 1.3325499571373398
4999.91 1.3364623367795065
5000.21 1.337874122688261
5000.51 1.3382142255684084
5000.81 1.3385543284485562
5001.11 1.3388944313287028
5001.41 1.3392345342088505
5001.71 1.3395746370889983
5002.01 1.3399147399691458
5002.31 1.3402548428492935
5002.61 1.3405949457294402
5002.92 1.3409463853722599
5003.22 1.3412864882524074
5003.52 1.3416265911325551
5003.82 1.3419666940127017
5004.12 1.3423067968928495
5004.42 1.342646899772997
5004.72 1.3429870026531447
5005.02 1.3433271055332925
5005.32 1.3436672084134391
5005.62 1.3440073112935869
5005.92 1.3443474141737344
5006.22 1.3446875170538821
5006.52 1.3450276199340296
5006.82 1.3453677228141765
5007.12 1.345707825694324
5007.42 1.3460479285744718
5007.72 1.3463880314546195
5008.02 1.346728134334767
5008.32 1.3470682372149136
5008.62 1.3474083400950614
5008.92 1.3477484429752091
5009.22 1.3480885458553566
5009.52 1.3484286487355044
5009.82 1.348768751615651
5010.0 1.3489728133437398
5010.12 1.3461507525697962
5010.42 1.3390956006349262
5010.73 1.3318052769689104
5011.03 1.3247501250340403
5011.33 1.3176949730991705
5011.63 1.3106398211643007
5011.93 1.3035846692294306
5012.23 1.296529517294582
5012.53 1.2894743653597123
5012.83 1.2824192134248422
5013.13 1.2753640614899724
5013.43 1.2683089095551026
5013.73 1.2612537576202538
5014.03 1.254198605685384
5014.33 1.2471434537505142
5014.63 1.2400883018156441
5014.93 1.2330331498807743
5015.23 1.2259779979459258
5015.53 1.2189228460110557
5015.83 1.2118676940761859
5016.13 1.204812542141316
5016.43 1.197757390206446
5016.73 1.1907022382715975
5017.03 1.1836470863367277
5017.33 1.1765919344018576
5017.63 1.1695367824669878
5017.93 1.162481630532118
5018.23 1.1554264785972692
5018.54 1.1481361549312321
5018.84 1.1410810029963623
5019.14 1.1340258510614922
5019.44 1.1269706991266437
5019.74 1.1199155471917737
5020.04 1.1136599426279679
5020.34 1.1126013959760852
5020.64 1.111542849324203
5020.94 1.110484302672324
5021.24 1.1094257560204415
5021.54 1.108367209368559
5021.84 1.1073086627166766
5022.14 1.1062501160647944
5022.44 1.1051915694129153
5022.74 1.1041330227610329
5023.04 1.1030744761091504
5023.34 1.1020159294572682
5023.64 1.1009573828053858
5023.94 1.0998988361535067
5024.24 1.0988402895016243
5024.54 1.0977817428497418
5024.84 1.0967231961978596
5025.14 1.0956646495459772
5025.44 1.094606102894098
5025.74 1.0935475562422157
5026.04 1.0924890095903332
5026.35 1.0913951780500541
5026.65 1.090336631398175
5026.95 1.0892780847462926
5027.25 1.0882195380944104
5027.55 1.087160991442528
5027.85 1.0861024447906455
5028.15 1.0850438981387664
5028.45 1.083985351486884
5028.75 1.0829268048350018
5029.05 1.0818682581831194
5029.35 1.080809711531237
5029.65 1.0797511648793578
5029.95 1.0786926182274756
5030.0 1.0785161937854946
5030.25 1.0779566158932516
5030.55 1.0772851224225595
5030.85 1.0766136289518675
5031.15 1.0759421354811773
5031.45 1.0752706420104852
5031.75 1.0745991485397932
5032.05 1.073927655069101
5032.35 1.073256161598409
5032.65 1.072584668127719
5032.95 1.071913174657027
5033.25 1.0712416811863348
5033.55 1.0705701877156426
5033.85 1.0698986942449507
5034.16 1.0692048176585704
5034.46 1.0685333241878785
5034.76 1.0678618307171863
5035.06 1.0671903372464944
5035.36 1.0665188437758042
5035.66 1.065847350305112
5035.96 1.06517585683442
5036.26 1.064504363363728
5050.0 1.0332384981060425
5070.0 1.0010966549447584
5090.0 0.9866976545950957
5110.0 0.9730743890200166
5130.0 0.9698977680011049
5150.0 1.0034511534756734
5170.0 1.0294855979299404
5190.0 1.0684059290090289
5210.0 1.0208972339782136
5230.0 1.0494107334380824
5250.0 1.0181432200438636
5270.0 1.0040117597873432
5290.0 1.0194144175341115
5310.0 0.9531583604657625
5330.0 1.0273976888150305
5350.0 0.9183936168516141
5370.0 0.9103110042522367
5390.0 0.8616808122834239
5410.0 0.9098767491515317
5430.0 0.9007939620096088
5450.0 0.9002322984028047
5470.0 0.900288859250073
5490.0 0.8923576975150588
5510.0 0.8841529006914222
5530.0 0.8688817473587945
5550.0 0.8454294663978058
5570.0 0.8208423523643941
5590.0 0.8001783008298745
5610.0 0.780547821925378
5630.0 0.7653666986061607
5650.0 0.7561548592640223
5670.0 0.7465479025108138
5690.0 0.7463056219980648
5710.0 0.744198797073567
5730.0 0.7492250715240167
5750.0 0.7577414683279468
5770.0 0.7662782025147542
5790.0 0.788276524969424
5810.0 0.8102242749543087
5830.0 0.8269986354229143
5850.0 0.838690906919779
5870.0 0.8497852913454484
5890.0 0.871034737875879
5910.0 0.8549097432012258
5930.0 0.8170064145385011
5950.0 0.82830038785406
5970.0 0.7014144076719467
5990.0 0.7866413514079862
6010.0 0.8256046850790912
6030.0 0.8183980370560621
6050.0 0.8706924230276926
6070.0 0.8118833398318483
6090.0 0.8235546342378552
6110.0 0.7895413164950347
6130.0 0.8060776345162615
6150.0 0.8066448067195637
6170.0 0.81585399838145
6190.0 0.8226376217327638
6210.0 0.8088549444828985
6230.0 0.8519348967411365
6250.0 0.8060242544392291
6270.0 0.8399147660194761
6290.0 0.8580648629241292
6310.0 0.8695717257246703
6330.0 0.8828995528307945
6350.0 0.8875530463404906
6370.0 0.925566004958359
6390.0 0.9686355708467482
6410.0 0.9818792408141154
6430.0 1.0308965005352446
6450.0 1.141046458303412
6470.0 1.262097564262998
6490.0 1.4850629563722269
6510.0 1.8068648573799935
6523.64 2.1582358116612745
6524.04 2.17155916365467
6524.43 2.1845494318482537
6524.82 2.197539700041807
6525.22 2.2108630520352333
6525.61 2.2238533202287862
6526.0 2.23684358842237
6526.4 2.2501669404157654
6526.79 2.263157208609349
6527.19 2.2764805606027445
6527.58 2.289470828796328
6527.97 2.3024610969899117
6528.37 2.3157844489833073
6528.76 2.328774717176891
6529.15 2.341764985370444
6529.55 2.35508833736387
6529.94 2.3680786055574234
6530.0 2.3700771083564476
6530.34 2.3831396952084734
6530.73 2.3981232507151793
6531.12 2.41310680622192
6531.52 2.4284745554596117
6531.91 2.4434581109663176
6532.3 2.458441666473058
6532.7 2.473809415710715
6533.09 2.488792971217456
6533.49 2.504160720455112
6533.88 2.519144275961853
6534.27 2.534127831468594
6534.67 2.54949558070625
6535.06 2.5644791362129915
6535.46 2.5798468854506478
6535.85 2.5948304409573884
6536.24 2.609813996464095
6536.64 2.625181745701786
6537.03 2.640165301208492
6537.42 2.655148856715233
6537.82 2.6705166059528893
6538.21 2.6855001614596303
6538.6 2.7004837169663714
6539.0 2.7158514662040276
6539.39 2.730835021710769
6539.79 2.7462027709484254
6540.18 2.760103789901073
6540.57 2.772741849540585
6540.97 2.7857039619914032
6541.36 2.798342021630915
6541.76 2.811304134081734
6542.15 2.8239421937212454
6542.54 2.836580253360787
6542.94 2.849542365811576
6543.33 2.8621804254511174
6543.72 2.8748184850906586
6544.12 2.8877805975414477
6544.51 2.9004186571809893
6544.91 2.9133807696317784
6545.3 2.9260188292713196
6545.69 2.9386568889108315
6546.09 2.95161900136165
6546.48 2.964257061001162
6546.87 2.976895120640703
6547.27 2.989857233091522
6547.66 3.0024952927310338
6548.06 3.015457405181852
6548.45 3.0280954648213636
6548.84 3.0407335244609053
6549.24 3.0536956369116943
6549.63 3.066333696551236
6550.0 3.078323650568223
6550.02 3.0787479017378425
6550.42 3.0872329251300457
6550.81 3.095505822937458
6551.21 3.103990846329661
6551.6 3.112263744137073
6551.99 3.120536641944466
6552.39 3.1290216653366882
6552.78 3.1372945631440814
6553.17 3.1455674609514936
6553.57 3.1540524843436963
6553.96 3.162325382151109
6554.36 3.1708104055433113
6554.75 3.1790833033507235
6555.14 3.1873562011581362
6555.54 3.195841224550339
6555.93 3.2041141223577516
6556.33 3.2125991457499543
6556.72 3.220872043557366
6557.11 3.2291449413647593
6557.51 3.2376299647569815
6557.9 3.2459028625643747
6558.29 3.254175760371787
6558.69 3.26266078376399
6559.08 3.270933681571402
6559.48 3.279418704963605
6559.87 3.2876916027710172
6560.26 3.2924436158054267
6560.66 3.2955118933930194
6561.05 3.2985034640409276
6561.44 3.3014950346888288
6561.84 3.304563312276428
6562.23 3.3075548829243293
6562.63 3.310623160511929
6563.02 3.313614731159837
6563.41 3.316606301807738
6563.81 3.319674579395338
6564.2 3.322666150043239
6564.59 3.325657720691147
6564.99 3.3287259982787396
6565.38 3.331717568926648
6565.78 3.3347858465142406
6566.17 3.3377774171621484
6566.56 3.3407689878100566
6566.96 3.3438372653976494
6567.35 3.3468288360455576
6567.75 3.34989711363315
6568.14 3.352888684281058
6568.53 3.3558802549289592
6568.93 3.3589485325165587
6569.32 3.36194010316446
6569.71 3.364931673812368
6570.0 3.3671561750633745
6570.11 3.366295658990514
6570.5 3.363244738368543
6570.9 3.360115589012681
6571.29 3.3570646683907097
6571.68 3.3540137477687386
6572.08 3.3508845984128763
6572.47 3.3478336777909052
6572.86 3.3447827571689412
6573.26 3.341653607813072
6573.65 3.338602687191108
6574.05 3.3354735378352385
6574.44 3.3324226172132745
6574.83 3.3293716965913034
6575.23 3.326242547235441
6575.62 3.32319162661347
6576.01 3.320140705991499
6576.41 3.3170115566356366
6576.8 3.3139606360136655
6577.2 3.3108314866578032
6577.59 3.307780566035832
6577.98 3.304729645413868
6578.38 3.3016004960579988
6578.77 3.2985495754360277
6579.16 3.2954986548140637
6579.56 3.2923695054581943
6579.95 3.2893185848362303
6580.35 3.2807906337067116
6580.74 3.2717239053941247
6581.13 3.2626571770815174
6581.53 3.2533579685557825
6581.92 3.2442912402431743
6582.31 3.235224511930567
6582.71 3.2259253034048316
6583.1 3.2168585750922243
6583.5 3.2075593665664885
6583.89 3.198492638253881
6584.28 3.1894259099412947
6584.68 3.1801267014155385
6585.07 3.1710599731029516
6585.46 3.1619932447903443
6585.86 3.152694036264609
6586.25 3.143627307952001
6586.65 3.134328099426266
6587.04 3.1252613711136585
6587.43 3.1161946428010507
6587.83 3.1068954342753154
6588.22 3.0978287059627077
6588.62 3.088529497436973
6589.01 3.079462769124365
6589.4 3.0703960408117785
6589.8 3.061096832286022
6590.0 3.0564472280231545
6590.19 3.0496180327904683
6590.58 3.035600210997018
6590.98 3.021222957875556
6591.37 3.0072051360821064
6591.77 2.992827882960612
6592.16 2.978810061167194
6592.55 2.964792239373744
6592.95 2.9504149862522824
6593.34 2.9363971644588327
6593.73 2.922379342665415
6594.13 2.9080020895439205
6594.52 2.8939842677504704
6594.92 2.8796070146290083
6595.31 2.865589192835558
6595.7 2.8515713710421413
6596.1 2.837194117920647
6596.49 2.8231762961272295
6596.88 2.8091584743337794
6597.28 2.7947812212123173
6597.67 2.780763399418867
6598.07 2.766386146297405
6598.46 2.752368324503955
6598.85 2.7383505027105053
6599.25 2.7239732495890436
6599.64 2.7099554277955935
6600.04 2.6953294521243234
6600.43 2.6788865854702384
6600.82 2.662443718816192
6601.22 2.645579240196609
6601.61 2.6291363735425626
6602.0 2.612693506888478
6610.0 2.275403934497279
6630.0 1.640122671113111
6650.0 1.2880572339622212
6670.0 1.0864765866212807
6690.0 0.9938327619423152
6710.0 0.9272065271892994
6730.0 0.8777888635814292
6750.0 0.8439403417222299
6770.0 0.8114642244866799
6790.0 0.7954506011944503
6810.0 0.7726902710322768
6830.0 0.7559029387074016
6850.0 0.7450552327868466
6870.0 0.7441826444470615
6890.0 0.7464611510008032
6910.0 0.7506145794513092
6930.0 0.7235305607826756
6950.0 0.7117517065876284
6970.0 0.7011395020521966
6990.0 0.7234215261113471
7010.0 0.7353074070054509
7030.0 0.7455319573895844
7050.0 0.7423823995721776
7070.0 0.7366754669457334
7090.0 0.7270099946819831
7110.0 0.7131755277402037
7130.0 0.7086139567133599
7150.0 0.7047767483563392
7170.0 0.7014287033683424
7190.0 0.697974218080271
7210.0 0.6946920097052586
7230.0 0.6912425532326999
7250.0 0.687712067082622
7270.0 0.6846122465606923
7290.0 0.6816036643894692
7310.0 0.6786457079970295
7330.0 0.6752165355983498
7350.0 0.6724536812551035
7370.0 0.6701453038926097
7390.0 0.667786194133336
7410.0 0.66486980987479
7430.0 0.6623030082578748
7450.0 0.6599236677337204
7470.0 0.657488565997273
7490.0 0.6551345916715086
7510.0 0.6530491170008571
7530.0 0.6510974123767769
7550.0 0.6484473065650787
7570.0 0.6440695005404422
7590.0 0.6377916729656431
7610.0 0.6355569686388938
7630.0 0.6357036572327361
7650.0 0.6333930053529787
7670.0 0.6295877290859804
7690.0 0.6260559812896078
7710.0 0.624125351489549
7730.0 0.6220624887190386
7750.0 0.6194916000789151
7770.0 0.6169106538077663
7790.0 0.6146184823807763
7810.0 0.612295969248882
7830.0 0.60972514280259
7850.0 0.6070630602359252
7870.0 0.6044010309782588
7890.0 0.6016427789785382
7910.0 0.5988844825546525
7930.0 0.596242737370865
7950.0 0.5941089114386939
7970.0 0.5921183356699704
7990.0 0.589975767062067
8010.0 0.5879953111182002
8030.0 0.5861618103131677
8050.0 0.5839279944697245
8070.0 0.5814915688931511
8090.0 0.5789335543761335
8110.0 0.57652249499795
8130.0 0.5745723807589878
8150.0 0.5723738377027979
8170.0 0.5704025953308159
8190.0 0.5687151434116453
8210.0 0.566840230399714
8230.0 0.564919720424512
8250.0 0.5630296054632128
8270.0 0.5601767744155546
8290.0 0.5569034508736035
8310.0 0.5543394568639356
8330.0 0.5516640292780127
8350.0 0.5492469282133475
8370.0 0.5472294580549475
8390.0 0.5454945611272295
8410.0 0.5438355495586881
8430.0 0.5412443857295187
8450.0 0.5389571365000448
8470.0 0.5369283826036568
8490.0 0.5342155676402118
8510.0 0.5322475504626311
8530.0 0.5293675495954714
8550.0 0.5275718626399478
8570.0 0.5274430147908926
8590.0 0.5260691352849551
8610.0 0.5246784101355333
8630.0 0.5227860206569703
8650.0 0.5192317586936204
8670.0 0.5175420411420192
8690.0 0.517463499217757
8710.0 0.5163311094744262
8730.0 0.5141651915252375
8750.0 0.5116090250534967
8770.0 0.5105982775596082
8790.0 0.5092328652995781
8810.0 0.5066305243504177
8830.0 0.5047022223766209
8850.0 0.5026777598546015
8870.0 0.5006886145440008
8890.0 0.4994747153421653
8910.0 0.4977592584291855
8930.0 0.49614001537342667
8950.0 0.49521495320958153
8970.0 0.49280029547400833
8990.0 0.4879839962832966
9010.0 0.4866333150764823
9030.0 0.4883124419070743
9050.0 0.4874149671498846
9070.0 0.48507948216172075
9090.0 0.483407658663905
9110.0 0.4817409172906003
9130.0 0.4797296842850093
9150.0 0.4772168402592754
9170.0 0.47539811493162387
9190.0 0.4745977691694605
9210.0 0.4726929320397786
9230.0 0.47089442859217473
9250.0 0.46947092729358963
9270.0 0.46812341797217816
9290.0 0.4658276481877983
9310.0 0.4631075832005755
9330.0 0.46166426872426364
9350.0 0.460712463212904
9370.0 0.4604395211412604
9390.0 0.4602426687799538
9410.0 0.45757322957151425
9430.0 0.45345984506361564
9450.0 0.4524927842938896
9470.0 0.45260494642645577
9490.0 0.45047255095240746
9510.0 0.448568193603711
9530.0 0.4477855286593395
9550.0 0.44676975234993843
9570.0 0.44561220075937785
9590.0 0.44085731353478597
9610.0 0.4396541649809547
9630.0 0.4415112017087666
9650.0 0.44063737837718614
9670.0 0.4404576648588549
9690.0 0.43880355771816343
9710.0 0.4369924022682801
9730.0 0.43567266693501827
9750.0 0.4344239214179163
9770.0 0.4325620868802512
9790.0 0.43016437252132594
9810.0 0.4295773427161317
9830.0 0.42950709034111584
9850.0 0.4282715032617777
9870.0 0.4270764665605314
9890.0 0.4258105111217897
9910.0 0.4245293270791809
9930.0 0.4233291993685905
9950.0 0.42169335944467307
9970.0 0.42046794549919014
9990.0 0.41940969080292284
10025.0 0.4161137775729133
10075.0 0.4137945340595855
10125.0 0.41106309204362756
10175.0 0.40845578003036925
10225.0 0.405582438345589
10275.0 0.4029548644705344
10325.0 0.40010184684138184
10375.0 0.397719556552651
10425.0 0.39560574814936705
10475.0 0.3930283780235254
10525.0 0.39059286314234065
10575.0 0.3881052031759191
10625.0 0.38586861082214424
10675.0 0.38368165358826645
10725.0 0.3814947230088878
10775.0 0.37930779687192573
10825.0 0.37712083963804793
10875.0 0.37504121562996734
10925.0 0.37310978175251647
10975.0 0.3711783478750656
11025.0 0.36924944173262064
11075.0 0.36732306332518166
11125.0 0.36539669824499227
11175.0 0.3636334942391409
11225.0 0.3619552159101061
11275.0 0.36028069142303976
11325.0 0.3586062069177221
11375.0 0.3569317224124045
11425.0 0.3552610272883876
11475.0 0.35377492789846915
11525.0 0.3523440610732763
11575.0 0.35091322090258265
11625.0 0.34948868896336255
11675.0 0.34807053189186393
11725.0 0.3466523348386165
11775.0 0.34539488218511455
11825.0 0.3442107471740345
11875.0 0.3430329381640941
11925.0 0.34185512026932063
11975.0 0.34067732902904635
12025.0 0.33950836487041847
12075.0 0.3384538951130353
12125.0 0.33751108993756673
12175.0 0.3365682847620982
12225.0 0.3356305750383903
12275.0 0.33469790745744465
12325.0 0.3337652443189156
12375.0 0.3328505018886712
12425.0 0.3321036650336196
12475.0 0.3313669435610082
12525.0 0.3306302620701457
12575.0 0.3298935539247839
12625.0 0.3291568591066718
12675.0 0.3284201642885597
12725.0 0.3277512340922062
12775.0 0.3271382339199737
12825.0 0.32654423396324284
12875.0 0.32596920312509786
12925.0 0.32539421226870174
12975.0 0.3248192036426394
13025.0 0.3242277314209145
13075.0 0.32368372197740314
13125.0 0.3231537328004625
13175.0 0.32262373029627234
13225.0 0.32201268034489683
13275.0 0.3213205740615029
13325.0 0.3206284588932759
13375.0 0.3199366013852077
13425.0 0.31937011331405124
13475.0 0.31889828869674647
13525.0 0.31842645963702526
13575.0 0.3179546483469702
13625.0 0.31744989209592367
13675.0 0.31691217755663625
13725.0 0.31637449411426455
13775.0 0.31583818782101736
13825.0 0.3153097668171121
13875.0 0.31478892901822464
13925.0 0.3142681134314198
13975.0 0.313747297844615
14025.0 0.3132543317670409
14075.0 0.31278922852594715
14125.0 0.3123074040290319
14175.0 0.31181185246503695
14225.0 0.3113353011165437
14275.0 0.31087775886838503
14325.0 0.3104202166202264
14375.0 0.30996265215998514
14425.0 0.30951016538183834
14475.0 0.30905741650111634
14525.0 0.30855180286367945
14570.0 0.30809629968470836
14620.0 0.3076114188052201
14675.0 0.3071131929064737
14725.0 0.3066602307897582
14775.0 0.30620731309720794
14825.0 0.305756892042748
14875.0 0.3052744322802689
14925.0 0.30474303041487155
14975.0 0.304211601894975
15025.0 0.30366498031054356
15075.0 0.30310315677674426
15125.0 0.30254132435811193
15175.0 0.3019795141515622
15225.0 0.30140628249211215
15275.0 0.3007651662656572
15325.0 0.3000767027638183
15375.0 0.2993882126074804
15425.0 0.2986756489959628
15475.0 0.29793906079584737
15525.0 0.2972024592684824
15575.0 0.2964658444138678
15625.0 0.2957457109245819
15675.0 0.29498821671227327
15725.0 0.29416909285543474
15775.0 0.29334994234409706
15825.0 0.29255614470389985
15875.0 0.29178769105001
15925.0 0.29101921962645405
15975.0 0.29025074820289815
16050.0 0.2891107175031345
16150.0 0.2874418881940604
16250.0 0.28568421943920624
16350.0 0.2838682750643029
16450.0 0.28201176254164156
16550.0 0.28004345216456966
16650.0 0.2780516058647184
16750.0 0.2760876135165143
16850.0 0.27414641964994557
16950.0 0.27221410173160515
17050.0 0.27013625024772026
17150.0 0.2679646904295377
17250.0 0.26582604891784734
17350.0 0.26372034348231527
17450.0 0.2615600674021206
17550.0 0.2593523907375438
17650.0 0.2571649714923468
17750.0 0.25499783632102874
17850.0 0.25285648493525464
17950.0 0.2507592556304631
18050.0 0.24866533148357034
18150.0 0.24657469472491023
18250.0 0.2445042887311308
18350.0 0.2424774361890179
18450.0 0.24047600315429343
18550.0 0.23846493007569747
18650.0 0.23651924048359968
18750.0 0.23463889883866793
18850.0 0.23281359873455099
18950.0 0.2310353082821615
19050.0 0.2291964588076261
19150.0 0.22729707696544388
19250.0 0.22539943655054176
19350.0 0.2235637411917431
19450.0 0.22177292312473715
19550.0 0.21998161639191283
19650.0 0.21819559613476
19750.0 0.21641490677744396
19850.0 0.21472039141598964
19950.0 0.2131219477544273
20050.0 0.21153587178048636
20150.0 0.20996123947152834
20250.0 0.2084069066680015
20350.0 0.2068829520439569
20450.0 0.20540127215705223
20550.0 0.20396185368003789
20650.0 0.20252243520302352
20750.0 0.2010830300532588
20850.0 0.19966699201444532
20950.0 0.19832243690002666
21050.0 0.19702598427180198
21150.0 0.1957295316435773
21250.0 0.19443308790018565
21350.0 0.19313664415679405
21450.0 0.19189595718327868
21550.0 0.19072505168862694
21650.0 0.189568175345379
21750.0 0.18841130788696414
21850.0 0.18725444042854925
21950.0 0.18610527167798202
22050.0 0.18501779032335952
22150.0 0.18398429321441756
22250.0 0.18295078722064254
22350.0 0.181917276784451
22450.0 0.18088377079067597
22550.0 0.1798663729992411
22650.0 0.17890271512057762
22750.0 0.17797667562509575
22850.0 0.1770506361296139
22950.0 0.1761245921917155
23050.0 0.17519854825381714
23150.0 0.1742876884956205
23250.0 0.17342396277681418
23350.0 0.17259219136011292
23450.0 0.17176041550099508
23550.0 0.17092863964187727
23650.0 0.17009686378275943
23750.0 0.1692726622438264
23850.0 0.1684895797123011
23950.0 0.1677400507528319
24050.0 0.16699051290852962
24150.0 0.1662409661793943
24250.0 0.16549142833509203
24350.0 0.1647418860483732
24450.0 0.16402422254267843
24550.0 0.1633426225743795
24650.0 0.1626651984776194
24750.0 0.16198777882327584
24850.0 0.16131035916893227
24950.0 0.16063293507217216
25050.0 0.15996880268567182
25150.0 0.1593364557894483
25250.0 0.15872260267324192
25350.0 0.15810876288428513
25450.0 0.15749491865291182
25550.0 0.15688106553670544
25650.0 0.15626722130533213
25750.0 0.15567510049079375
25850.0 0.15511082918548605
25950.0 0.15455268841499062
26050.0 0.1539945520869118
26150.0 0.15343641131641642
26250.0 0.15287826166108798
26350.0 0.1523201120057595
26450.0 0.15178552492770966
26550.0 0.15127532227399662
26650.0 0.1507659503521748
26750.0 0.1502565695455199
26850.0 0.14974718873886503
26950.0 0.14923780793221014
27050.0 0.14872842712555528
27150.0 0.1482400011976755
27250.0 0.1477731432020521
27350.0 0.14730692047199254
27450.0 0.14684070218434955
27550.0 0.14637447501187348
27650.0 0.14590824783939743
27750.0 0.14544202066692133
27850.0 0.14499072001398827
27950.0 0.14455827741922786
28050.0 0.1441297530358475
28150.0 0.1437012197676341
28250.0 0.1432726820570041
28350.0 0.14284414434637416
28450.0 0.14241561107816073
28550.0 0.14199407461598307
28650.0 0.14158912169471438
28750.0 0.1411937466234858
28850.0 0.14079836266742413
28950.0 0.14040297871136245
29050.0 0.14000759919771733
29150.0 0.1396122196840722
29250.0 0.13921683572801058
29350.0 0.13883402381073065
29450.0 0.13846586742558542
29550.0 0.13809979453379304
29650.0 0.13773372608441722
29750.0 0.1373676620774579
29850.0 0.13700159807049858
29950.0 0.13663552962112271
30050.0 0.13627061620004488
30150.0 0.13591841253266124
30250.0 0.13557775470584074
30350.0 0.1352371013214368
30450.0 0.13489645237944936
30550.0 0.13455579455262892
30650.0 0.1342151367258084
30750.0 0.13387447889898793
30850.0 0.13353516712437627
30950.0 0.13320709910600365
31050.0 0.13288892879166136
31150.0 0.13257075847731908
31250.0 0.13225257927814374
31350.0 0.1319344045213849
31450.0 0.13161623420704263
31550.0 0.1312980550078673
31650.0 0.13097988025110852
31750.0 0.13067086131481934
31850.0 0.13037159792523156
31950.0 0.1300729342618754
32100.0 0.1296249432092577
32300.0 0.12902763365221148
32500.0 0.12843032409516528
32700.0 0.1278595091103079
32900.0 0.12729667270553963
33100.0 0.12673380964627215
33300.0 0.1261709643566708
33500.0 0.1256215884739904
33700.0 0.12508823194531954
33900.0 0.12455483987731646
34100.0 0.12402144780931336
34300.0 0.12348893533978335
34500.0 0.1229814869843193
34700.0 0.12247407416818748
34900.0 0.12196661692789038
35100.0 0.12145919522692553
35300.0 0.12096273740995832
35500.0 0.1204776521793096
35700.0 0.11999256694866091
35900.0 0.11950747283317914
36100.0 0.11902239648736347
36300.0 0.1185545567176868
36500.0 0.1180902975357338
36700.0 0.11762602946894776
36900.0 0.11716177028699477
37100.0 0.11669834627934954
37300.0 0.11625366038463066
37500.0 0.11580897448991173
37700.0 0.11536428859519285
37900.0 0.114919611585307
38100.0 0.11447736901967995
38300.0 0.1140515278558841
38500.0 0.11362571334658743
38700.0 0.11319988106762464
38900.0 0.11277404878866185
39100.0 0.11234971804648643
39300.0 0.11194127338582463
39500.0 0.11153281984032977
39700.0 0.11112437517966799
39900.0 0.11071592163417313
40100.0 0.11030745920384522
40300.0 0.10991472292803582
40500.0 0.10952354149801218
40700.0 0.10913236006798852
40900.0 0.1087411697531318
41100.0 0.1083499794382751
41300.0 0.10796807377396746
41500.0 0.10759242303213498
41700.0 0.10721678117513556
41900.0 0.1068411304333031
42100.0 0.10646548857630368
42300.0 0.10609205015790348
42500.0 0.10573202783742586
42700.0 0.10537198774728213
42900.0 0.10501194765713838
43100.0 0.1046519164518277
43300.0 0.10429187636168397
43500.0 0.103939628270135
43700.0 0.10359394607021834
43900.0 0.10324824610063557
44100.0 0.10290255501588585
44300.0 0.1025568728159692
44500.0 0.10221117284638644
44700.0 0.10187647230013357
44900.0 0.10154458824596115
45100.0 0.10121272196145485
45300.0 0.10088085567694854
45500.0 0.10054898050760917
45700.0 0.1002171053382698
45900.0 0.09989694926373832
46100.0 0.09957816145349828
46300.0 0.09925938252809129
46500.0 0.09894059471785124
46700.0 0.0986218069076112
46900.0 0.09830301909737114
47100.0 0.0979947065053104
47300.0 0.09768838411585538
47500.0 0.09738207061123343
47700.0 0.0970757482217784
47900.0 0.09676943471715645
48100.0 0.09646311232770143
48300.0 0.0961642354283518
48500.0 0.09586986313936426
48700.0 0.0955754908503767
48900.0 0.09528111856138916
49100.0 0.09498674627240161
49300.0 0.094692365098581
49500.0 0.09440077376234166
49700.0 0.09411791621700157
49900.0 0.09383506755649454
50100.0 0.09355219224148835
50300.0 0.09326932581131521
50500.0 0.09298646826597512
50700.0 0.09270361072063503
50900.0 0.09242810093223666
51100.0 0.09215586076240487
51300.0 0.09188362059257305
51500.0 0.09161138042274125
51700.0 0.0913391491377425
51900.0 0.0910669089679107
52100.0 0.09079467768291195
52300.0 0.09053249514410555
52500.0 0.09027064134412242
52700.0 0.09000877865930623
52900.0 0.08974691597449005
53100.0 0.08948506217450693
53300.0 0.08922319948969072
53500.0 0.08896202093702027
53700.0 0.08871019811356336
53900.0 0.08845837529010646
54100.0 0.08820656135148261
54300.0 0.08795472964319266
54500.0 0.08770290681973575
54700.0 0.08745109288111193
54900.0 0.08719927005765502
55100.0 0.08695650976392066
55300.0 0.08671391828201447
55500.0 0.08647131791527521
55700.0 0.08622871754853595
55900.0 0.08598612606662977
56100.0 0.08574353458472357
56300.0 0.08550092533315125
56500.0 0.0852647575855484
56700.0 0.08503120197886556
56900.0 0.08479766414184885
57100.0 0.08456410853516602
57300.0 0.08433055292848318
57500.0 0.0840970062066334
57700.0 0.08386345059995058
57900.0 0.08363200958353634
58100.0 0.08340706338008992
58300.0 0.0831821171766435
58500.0 0.08295716208836403
58700.0 0.0827322158849176
58900.0 0.08250726079663812
59100.0 0.08228231459319171
59300.0 0.08205735950491223
59500.0 0.08183715780232055
59700.0 0.08162035899079136
59900.0 0.08140356906409524
60100.0 0.08118677025256604
60300.0 0.08096997144103685
60500.0 0.08075318151434073
60700.0 0.08053638270281153
60900.0 0.08031958389128234
61100.0 0.08010840917908096
61300.0 0.07989943790547879
61500.0 0.07969047551670969
61700.0 0.07948150424310751
61900.0 0.07927253296950534
62100.0 0.0790635794655693
62300.0 0.07885460819196713
62500.0 0.07864563691836496
62700.0 0.07844150787878121
62900.0 0.0782400531739489
63100.0 0.07803858958428354
63300.0 0.0778371259946182
63500.0 0.07763566240495284
63700.0 0.07743420770012054
63900.0 0.07723274411045518
64200.0 0.07693055316837367
64600.0 0.07654087327513738
65000.0 0.07615221513770315
65400.0 0.07576355700026889
65800.0 0.07537490774766772
66200.0 0.07499551649111644
66600.0 0.07462060319042806
67000.0 0.07424568100490661
67400.0 0.07387075881938517
67800.0 0.07349987923290661
68200.0 0.07313805329131755
68600.0 0.07277622734972848
69000.0 0.07241440140813941
69400.0 0.07205257546655036
69800.0 0.07170111812514385
70200.0 0.07135182868300431
70600.0 0.07100255701053089
71000.0 0.0706532764532244
71400.0 0.07030671465483468
71800.0 0.06996947304632627
72200.0 0.06963221366815175
72600.0 0.0692949809444764
73000.0 0.06895773045113496
73400.0 0.06862629952344865
73800.0 0.06830058154342078
74200.0 0.06797486356339291
74600.0 0.06764916335303116
75000.0 0.06732343648817023
75400.0 0.06700495964708733
75800.0 0.06669029439938773
76200.0 0.06637562026685506
76600.0 0.06606094613432241
77000.0 0.06574627200178977
77400.0 0.0654388123537029
77800.0 0.06513474671184546
78200.0 0.064830681069988
78600.0 0.06452661542813055
79000.0 0.06422255867110618
79400.0 0.06392432147973696
79800.0 0.06363044674140085
80200.0 0.06333655423339862
80600.0 0.0630426794950625
81000.0 0.06274879587189332
81400.0 0.06245810190379317
81800.0 0.06217397382732532
82200.0 0.0618898368660244
82600.0 0.06160569990472349
83000.0 0.06132157182825564
83400.0 0.06103742598212167
83800.0 0.0607621916235482
84200.0 0.060487463700459224
84600.0 0.06021274466220331
85000.0 0.059938016739114336
85400.0 0.05966328881602537
85800.0 0.05939236360148663
86200.0 0.05912668043845408
86600.0 0.05886099727542152
87000.0 0.0585953052275559
87400.0 0.05832962206452335
87800.0 0.05806392113182467
88200.0 0.05780475943625912
88600.0 0.0575477745247936
89000.0 0.05729076295882888
89400.0 0.05703378693219641
89800.0 0.056776793135897834
90200.0 0.05651979045476618
90600.0 0.05627056200256319
91000.0 0.056021937719008354
91400.0 0.05577331343545353
91800.0 0.055524689151898704
92200.0 0.055276064868343876
92600.0 0.05502743169995599
93000.0 0.05478651056666533
93400.0 0.05454598036602936
93800.0 0.05430543239572727
94200.0 0.05406489331025824
94600.0 0.05382435422478921
95000.0 0.05358381513932018
95400.0 0.05334964647915612
95800.0 0.05311688162261574
96200.0 0.052884116766075365
96600.0 0.05265135190953499
97000.0 0.05241857816816155
97400.0 0.05218581331162117
97800.0 0.051956993320960015
98200.0 0.051731745033189516
98600.0 0.051506505630252074
99000.0 0.05128126622731463
99400.0 0.05105601793954413
99800.0 0.05083077853660669
100200.0 0.05060597449048926
100400.00000000009 0.05049699312815909
100748.43066198383 0.05030713088705624
101098.07052641988 0.05011660974330046
101448.92378975474 0.04992542741021947
101800.9946629978 0.04973358159320557
102154.28737177301 0.04954106998968748
102508.80615636887 0.049347890289103115
102864.55527178946 0.04915483168955383
103221.53898780573 0.04896638024201354
103579.76158900595 0.04877746120494602
103939.22737484834 0.04858788650771021
104299.94065971187 0.04839765387488675
104661.9057729482 0.048206757638551076
105025.12705893395 0.048015205661288404
105389.60887712192 0.04782298456684785
105755.35560209466 0.04763356675117528
106122.37162361621 0.047446345016210215
106490.66134668495 0.04725846459576919
106860.22919158668 0.04706994100443387
107231.07959394684 0.046880756970997924
107603.217004785 0.046690928595086625
107976.64589056744 0.04650042634283362
108351.370733261 0.04630973280540911
108727.39603038708 0.046124265086607434
109104.72629507471 0.04593858739220655
109483.36605611602 0.04575227182127034
109863.31985801981 0.045565309686967904
110244.59226106624 0.04537769478350164
110627.1878413618 0.04518943432948427
111011.11119089334 0.045000512541571155
111396.36691758451 0.04481426721134942
111782.95964535022 0.04463133801710915
112170.89401415233 0.04444776506516734
112560.17468005554 0.0442635639219114
112950.80631528242 0.04407872349158354
113342.79360827077 0.04389323267075282
113736.1412637291 0.04370710379169714
114130.85400269323 0.043520532083497154
114526.93656258319 0.04333998367660814
114924.39369725919 0.043159699869938645
115323.23017708007 0.04297879043268793
115723.45078895958 0.04279726207848509
116125.06033642414 0.04261509485892504
116528.06363967061 0.042432301863966175
116932.46553562334 0.04224887061027767
117338.27087799355 0.04206768961253301
117745.48453733666 0.04189096684221265
118154.11140111096 0.041713626629992506
118564.15637373661 0.041535670193779246
118975.62437665339 0.0413571009358393
119388.52034838134 0.04117791190502835
119802.84924457902 0.04099810095047115
120218.61603810318 0.04081767687704188
120635.82571906883 0.040643445649753245
121054.48329490799 0.04047016247196879
121474.59379043133 0.04029627560895832
121896.16224788758 0.040121789404431396
122319.19372702412 0.03994669601496976
122743.69330514787 0.03977099457321648
123169.6660771864 0.03959468061601442
123597.11715574806 0.03942003970517295
124026.0516711849 0.03925100100186477
124456.47477165324 0.039081375600759874
124888.39162317566 0.038911161465767584
125321.80740970328 0.03874035849128302
125756.72733317701 0.038568963854532
126193.15661359143 0.03839697507525417
126631.1004890565 0.038224385502115495
127070.56421586059 0.03805749055251972
127511.55306853396 0.03789244816069384
127954.0723399109 0.037726826772036225
128398.12734119488 0.03756063955328545
128843.72340202122 0.03739386674027039
129290.86587052139 0.0372265160279495
129739.56011338736 0.03705859185812667
130189.81151593504 0.036891633808315595
130641.62548217046 0.03673128127370934
131095.00743485359 0.036570394048582956
131549.96281556363 0.03640894847642118
132006.49708476473 0.036246951504355474
132464.61572187033 0.03608438341829381
132924.3242253105 0.035921251151895046
133385.628112597 0.035757554024131916
133848.53292038973 0.03559888218376115
134313.04420456337 0.03544295126390612
134779.167540273 0.03528648811316831
135246.90852202274 0.03512947780106921
135716.27276373174 0.03497192061578093
136187.2658988018 0.03481381425396661
136659.8935801853 0.03465516004263653
137134.16148045196 0.034496683402810015
137610.07529185852 0.03434582829843753
138087.64072641605 0.03419444376197404
138566.86351595866 0.03404253382600854
139047.7494122127 0.03389010090963697
139530.30418686455 0.03373713934063853
140014.53363163173 0.03358364224067654
140500.44355833106 0.03342961240971953
140988.03979894897 0.03327978789381386
141477.32820571162 0.03313355649214406
141968.3146511539 0.03298682539304109
142461.00502819192 0.032839581548368794
142955.40525019236 0.032691824699787306
143451.52125104374 0.03254356044949337
143949.35898522806 0.03239477709821246
144448.924427891 0.032245868690171244
144950.2235749154 0.03210440177835423
145453.2624429921 0.03196294032781125
145958.04706969234 0.03182098722644024
146464.58351354074 0.031678539788628675
146972.87785408652 0.03153559915754157
147482.9361919785 0.03139216085103516
147994.76464903704 0.031248230165727177
148508.36936832778 0.031107622782381706
149023.7565142358 0.030971410728031525
149540.9322725382 0.03083472664449032
150059.90285048028 0.030697568147431117
150580.6744768489 0.030559931873396944
151103.25340204738 0.030421821321378942
151627.64589817091 0.030283229682391787
152153.85825908065 0.03014415700985875
152681.89680048096 0.03001231091619089
153211.76785999417 0.029880926750146745
153743.47779723676 0.029749100174574734
154277.0329938962 0.029616800340967527
154812.43985380605 0.029484051329980093
155349.70480302497 0.02935083934749229
155888.8342899124 0.029217157225415413
156429.8347852063 0.029085976963268968
156972.71278210124 0.02895990026067385
157517.47479632485 0.02883338195994236
158064.1273662182 0.02870643103894268
158612.67705281274 0.028579039513468987
159163.1304399096 0.028451202578637654
159715.49413415877 0.028322921019248784
160269.77476513712 0.02819419710797187
160825.97898542997 0.028071746213949107
161384.11347070962 0.027950549922529645
161944.18491981577 0.027828933028480225
162506.2000548363 0.0277068940721309
163070.1656211866 0.027584431588746305
163636.0883876925 0.027461544108507582
164203.97514667013 0.02733823015649507
164773.83271400793 0.027216548384861285
165345.66792924836 0.027100574677001978
165919.48765567035 0.02698419127604108
166495.29878037024 0.02686740936032398
167073.10821434658 0.026750214952689533
167652.9228925817 0.026632622684661236
168234.74977412526 0.026514616462453622
168818.59584217807 0.026396203376876932
169404.46810417465 0.026283050246202398
169992.37359186928 0.026171878305944012
170582.3193614191 0.026060320826838443
171174.31249346913 0.025948376072540774
171768.3600932375 0.025836048772721623
172364.46929059955 0.025723325085655713
172962.64724017525 0.025610210261165407
173562.90112141386 0.02549795983162345
174165.23813868032 0.02539196114051886
174769.6655213422 0.025285585642413736
175376.19052385495 0.025178849830128067
175984.8204258511 0.02507174353755128
176595.5625322263 0.02496426508469773
177208.42417322725 0.024856406227806858
177823.4127045401 0.024748180013675188
178440.53550737724 0.024644267866070425
179059.79998856818 0.02454298911115149
179681.21358064678 0.02444135708521939
180304.7837419411 0.024339368738038422
180930.51795666298 0.024237026417121627
181558.42373499667 0.024134328894029854
182188.508613191 0.024031274936060554
182820.7801536484 0.023928348752226797
183455.24594501613 0.023832052904202483
184091.9136022776 0.023735423848723087
184730.79076684228 0.02363846347031836
185371.88510663982 0.023541166629034292
186015.20431621035 0.023443523272368667
186660.7561167974 0.02334554999826613
187308.54825644082 0.023247236746105727
187958.58851006837 0.02315238345882836
188610.8846795912 0.023060743366578425
189265.44459399607 0.022968783152570508
189922.27610943964 0.022876506593010448
190581.38710934314 0.022783904021424578
191242.78550448545 0.022690985224647364
191906.4792331004 0.022597742722197195
192572.47626097052 0.022504237269645958
193240.7845815229 0.022417181359246637
193911.41221592567 0.022330093382930183
194584.36721318262 0.022242704686614125
195259.65765023217 0.022155018939844024
195937.29163204285 0.02206701817441055
196617.27729171072 0.02197871723530285
197299.62279055765 0.0218901097619131
197984.33631822755 0.021804119074624137
198671.42609278703 0.021721819131091145
199360.90036082253 0.021639228191721937
200052.7673975396 0.02155635680980643
200747.03550686277 0.021473192938170224
201443.7130215334 0.02138974469449728
202142.80830321225 0.021306006880794093
202844.3297425782 0.021221974553506
203548.28575942936 0.02114356825453657
204254.6848027845 0.021065716254108822
204963.53535098286 0.02098759416666119
205674.84591178835 0.020909194404942585
206388.62502249 0.02083052810400105
207104.88125000495 0.02075158910792268
207823.62319098154 0.020672377266642672
208544.8594719008 0.020595052370671593
209268.59874918268 0.02052184676272275
209994.84970928813 0.02044838651927648
210723.62106882382 0.020374674229704164
211454.9215746472 0.020300701339977367
212188.76000396966 0.020226473715529995
212925.1451644646 0.02015199060045428
213664.08589437135 0.020077250091942955
214405.5910626017 0.020007246835257474
215149.66956884676 0.019938386731040394
215896.33034368197 0.019869278675666176
216645.5823486771 0.019799939609139176
217397.43457650184 0.019730359586151727
218151.8960510343 0.01966053418111877
218908.9758274697 0.019590466606430823
219668.68299242735 0.019521617590227504
220431.02666406232 0.019457244621278954
221196.01599217302 0.01939265722811028
221963.66015831166 0.01932783686607806
222733.96837589474 0.01926279164234851
223506.94989031187 0.019197520776556065
224282.61397903945 0.019132025030345792
225060.96995175022 0.019066307868602497
225842.02715042542 0.019004518476848448
226625.79494946744 0.018944395556909077
227412.28275581042 0.018884064077392546
228201.50000903595 0.01882352318123517
228993.45618148448 0.01876277254195464
229788.16077836952 0.018701811030908254
230585.62333789226 0.018640630442526535
231385.85343135396 0.01858007507920995
232188.8606632739 0.01852433494221221
232994.65467150253 0.018468393801350198
233803.24512733784 0.01841225861346131
234614.64173564175 0.01835592870511988
235428.8542349548 0.018299412285396326
236245.89239761574 0.018242690906516593
237065.76602987712 0.01818577277285253
237888.48497202326 0.0181320780247086
238714.05909848903 0.01808051110487863
239542.4983179762 0.01802875884368187
240373.81257357553 0.017976834642352942
241208.01184288395 0.017924730241981768
242045.10613812497 0.017872445017201092
242885.10550626923 0.017819978340473355
243728.0200291531 0.017767583812877782
244573.85982360275 0.017720028389838847
245422.63504155353 0.017672303635855525
246274.3558701723 0.017624419780124453
247129.0325319802 0.0175763608005658
247986.67528497343 0.017528143889925785
248847.29442274923 0.017479754901646674
249710.90027462755 0.017431198418371843
250577.5032057754 0.017384883831270445
251447.1136173319 0.017340799250095285
252319.741946531 0.01729656183086177
253195.39866682977 0.01725217104315688
254074.09428803218 0.017207628656406102
254955.83935641564 0.017162931155070206
255840.64445485763 0.01711807313743412
256728.52020296326 0.0170731129631943
257619.47725719062 0.01703198950694904
258513.52631098175 0.016990965628404336
259410.67809488898 0.016949799502905788
260310.94337670426 0.01690849854932834
261214.33296158884 0.016867046146077813
262120.8576922009 0.016825449731203337
263030.5284488288 0.016783711517325082
263943.3561495196 0.016743406538466357
264859.35175021074 0.016705259925937913
265778.5262448618 0.01666698470144227
266700.8906655845 0.016628576553151305
267626.45608277834 0.01659003501976293
268555.23360526125 0.01655135963837419
269487.23438040353 0.016512549944475634
270422.46959426196 0.016473605471945776
271360.9504717122 0.016437507495896328
272302.6882765867 0.016401779623701332
273247.69431180746 0.01636591887577526
274195.97991952254 0.016329933706650077
275147.55648124265 0.016293823684531333
276102.4354179754 0.016257597260959187
277060.6281903659 0.01622123623147085
278022.1462988321 0.01618572613338655
278987.001283703 0.016152216248135984
279955.20472535834 0.016118598923343472
280926.7682443648 0.016084858363961743
281901.7035016192 0.016051004799619416
282880.0221984859 0.016017034298928742
283861.73607693805 0.015982940515813178
284846.856919699 0.0159487307639537
285835.39655038144 0.015916555836969982
286827.3668336328 0.015884924291380217
287822.7796752752 0.01585318294005223
288821.64702244906 0.015821324440382194
289823.9808637571 0.015789360409735734
290829.79322940577 0.015757287349463127
291839.0961913531 0.015725102951208738
292851.90186345164 0.015693353534766197
293868.22240159387 0.015663440938820404
294888.0700038592 0.015633427854220203
295911.45691065746 0.015603304621483443
296938.39540488017 0.015573076940831557
297968.8978120446 0.01554275333461896
299002.9765004432 0.015512315669442923
300040.643881292 0.015481777738829625
301081.9124088775 0.015452605699688444
302126.7945807098 0.01542405900521785
303175.3029376698 0.015395415008387538
304227.45006416074 0.01536666931999517
305283.2485882598 0.01533782151577082
306342.71118186694 0.015308873443237088
307405.8505608609 0.01527982527423288
308472.6794852493 0.015250932666889589
309543.21075932245 0.015223654882882081
310617.4572318076 0.015196279935898706
311695.4317960206 0.01516880992454885
312777.1473900245 0.015141253403751822
313862.6169967824 0.015113592272782807
314951.8536443137 0.015085839691376998
316044.87040585116 0.015057990389677735
317141.68039999536 0.015031039650513427
318242.2967908759 0.015004729570785288
319346.7327883069 0.014978329570527646
320455.0016479461 0.0
321567.116671454 0.0
322683.09120665427 0.0
323802.93864769104 0.0
324926.672435194 0.0
326054.30605643673 0.0
327185.8530454994 0.0
328321.326983432 0.0
329460.74149841425 0.0
330604.11026592366 0.0
331751.4470088968 0.0
332902.76549789455 0.0
334058.07955126825 0.0
335217.40303532267 0.0
336380.74986448674 0.0
337548.13400147745 0.0
338719.56945746863 0.0
339895.07029225933 0.0
341074.65061444003 0.0
342258.32458156615 0.0
343446.10640032514 0.0
344638.0103267076 0.0
345834.0506661794 0.0
347034.2417738501 0.0
348238.5980546498 0.0
349447.1339634991 0.0
350659.8640054834 0.0
351876.8027360276 0.0
353097.96476106776 0.0
354323.3647372312 0.0
355553.01737200917 0.0
356786.93742393394 0.0
358025.13970275706 0.0
359267.6390696242 0.0
360514.4504372573 0.0
361765.5887701314 0.0
363021.06908465445 0.0
364280.90644934855 0.0
365545.1159850277 0.0
366813.7128649837 0.0
368086.7123151656 0.0
369364.1296143627 0.0
370645.98009438923 0.0
371932.2791402647 0.0
373223.04219040385 0.0
374518.28473679814 0.0
375818.0223252031 0.0
377122.2705553253 0.0
378431.04508100665 0.0
379744.36161041673 0.0
381062.23590623855 0.0
382384.6837858583 0.0
383711.7211215558 0.0
385043.36384069227 0.0
386379.62792590604 0.0
387720.529415301 0.0
389066.08440264023 0.0
390416.3090375398 0.0
391771.21952565934 0.0
393130.8321289014 0.0
394495.16316560353 0.0
395864.22901073477 0.0
397238.0460960931 0.0
398616.63091049937 0.0
400000.0000000001 0.0
