91.0 0.0
94.0 0.0
96.0 0.0
98.0 0.0
100.0 0.0
102.0 0.0
104.0 0.0
106.0 0.0
108.0 0.0
110.0 0.0
114.0 0.0
118.0 0.0
121.0 0.0
125.0 0.0
127.0 0.0
128.0 0.0
131.0 0.0
132.0 0.0
134.0 0.0
137.0 0.0
140.0 0.0
143.0 0.0
147.0 0.0
151.0 0.0
155.0 0.0
159.0 0.0
162.0 0.0
166.0 0.0
170.0 0.0
173.0 0.0
177.0 0.0
180.0 0.0
182.0 0.0
186.0 0.0
191.0 0.0
194.0 0.0
198.0 0.0
202.0 7.59989344163298
205.0 7.470403053295148
210.0 7.252344075764557
216.0 7.017761688151691
220.0 6.859333760148143
223.0 6.755395499740002
227.0 6.615537701753708
230.0 6.509683457044178
234.0 6.384789393960028
240.0 6.194972331529973
246.0 6.025331508647393
252.0 5.859444081036092
257.0 5.730014355337831
260.0 5.651529226676483
264.0 5.5581180527609595
269.0 5.439941682472266
274.0 5.330425066806645
279.0 5.222007333901943
284.0 5.121579398774428
290.0 5.002121477493359
296.0 4.893703846525415
301.0 4.803861773308679
308.0 4.6865544262118775
318.0 4.528366412980127
328.0 4.3820010239933795
338.0 4.245839978969011
348.0 4.119162903776763
357.0 4.012620453933536
366.0 3.912749212528932
375.0 3.8185306572874635
385.0 3.7198912426507413
395.0 3.6270722434491254
405.0 3.5398883989639613
414.0 3.4660677716933654
422.0 3.4034193443855063
430.0 3.3436224343588457
441.0 3.2657499224359023
451.0 3.1992611422984973
460.0 3.143003747465641
470.0 3.082462186910683
480.0 3.0258082623909326
490.0 2.972240220389495
500.0 2.920913584264587
506.0 2.8917127428564045
512.0 2.862949303207383
520.0 2.826420570692779
530.0 2.7824822587617737
540.0 2.7402006280923845
550.0 2.6996565837249396
560.0 2.661988220262676
570.0 2.6251864707178503
580.0 2.5914588896703044
590.0 2.55766134627043
600.0 2.5260171436356216
610.0 2.4955041769722697
620.0 2.4673100745567123
630.0 2.439246563685868
640.0 2.412491410035488
650.0 2.387106149853833
658.0 2.3680168393572076
665.0 2.351440231784765
675.0 2.3285543629525285
685.0 2.306630636793518
695.0 2.285716392240074
705.0 2.265860574315553
716.0 2.2445645615586245
726.0 2.225742888730657
735.0 2.20991589499403
745.0 2.1928051289657877
755.0 2.1763070579095434
765.0 2.161124011846126
775.0 2.145957429651909
785.0 2.131503576037607
795.0 2.117797485337465
805.0 2.104173235633222
815.0 2.0913532799131964
825.0 2.0793753471283387
835.0 2.0675507819463856
845.0 2.0566291394940817
855.0 2.0459063740728203
865.0 2.035397396638134
875.0 2.025879852650708
885.0 2.0166254709166984
895.0 2.007650890176798
905.0 1.9989732087042198
915.0 1.9906099040963134
925.0 1.9825791277561893
935.0 1.9757171344516036
945.0 1.9692445717251186
955.0 1.9623440347133734
965.0 1.95585341865593
975.0 1.9497935573773844
985.0 1.943318326294055
995.0 1.937296102219357
1005.0 1.9326367320222444
1015.0 1.9284958996050294
1025.0 1.9239880039826276
1035.0 1.9191051769025786
1045.0 1.914769754094358
1055.0 1.9110062038602484
1065.0 1.9075538857461063
1075.0 1.9045249239884856
1085.0 1.9014513714331525
1095.0 1.8986320820096267
1105.0 1.896080470445401
1115.0 1.8937091741510703
1125.0 1.9168830451652181
1135.0 1.9657115860891448
1145.0 2.011304651380691
1155.0 2.0645652722873615
1165.0 2.2157006420518397
1175.0 2.4727960898509176
1185.0 2.958592217035784
1195.0 3.6969398394651503
1205.0 5.0197698859716295
1208.72 5.7001021705026
1208.8 5.714796164184799
1208.87 5.7276555805725415
1208.94 5.740517023516759
1209.02 5.7552182962590095
1209.09 5.768084080008832
1209.16 5.780951888621256
1209.23 5.793821721557607
1209.31 5.8085325801296674
1209.38 5.821406749090323
1209.45 5.8342829406833285
1209.53 5.849001064220958
1209.6 5.861881588215291
1209.67 5.874764133152224
1209.75 5.889489515585807
1209.82 5.902376389304795
1209.89 5.915265282278289
1209.96 5.928156193969434
1210.04 5.9421872766042805
1210.11 5.953850594363204
1210.18 5.9655157197630055
1210.26 5.978849504469681
1210.33 5.9905185017672995
1210.4 6.002189305195783
1210.47 6.013861914274915
1210.55 6.027204249321934
1210.62 6.038880726036508
1210.69 6.050559006893856
1210.77 6.063907822127221
1210.84 6.075589967390289
1210.91 6.087273915289726
1210.99 6.100629205298683
1211.06 6.112317014377517
1211.13 6.124006624587868
1211.2 6.13569803545119
1211.28 6.149061852134037
1211.35 6.160757119928998
1211.42 6.172454186874215
1211.5 6.185824465811105
1211.57 6.197525386469341
1211.64 6.209228104776598
1211.72 6.222604840575372
1211.79 6.234311409380408
1211.86 6.246019774334756
1211.93 6.257729934961621
1212.01 6.271115173849137
1212.08 6.282829180740605
1212.15 6.294544981806972
1212.23 6.307936665077873
1212.3 6.319656309201332
1212.37 6.331377746003596
1212.44 6.343100975008996
1212.52 6.356501144939558
1212.59 6.368228212779081
1212.66 6.3799570713277465
1212.74 6.393363673193263
1212.81 6.405096367376271
1212.88 6.416830850775968
1212.96 6.430243879215814
1213.03 6.441982195053413
1213.1 6.453722298616781
1213.17 6.4654641894318985
1213.25 6.478885681084137
1213.32 6.4906314001287555
1213.39 6.50237890493628
1213.47 6.515806810757411
1213.54 6.527558140605732
1213.61 6.539311254729628
1213.69 6.552745569377581
1213.76 6.56450250535692
1213.83 6.5762612241261085
1213.9 6.588021725212764
1213.98 6.6014644797069
1214.05 6.613228798455138
1214.12 6.624994898037117
1214.2 6.638444048995584
1214.27 6.6502139630615185
1214.34 6.661985656479059
1214.41 6.673759128776985
1214.49 6.687216703305374
1214.56 6.698993985903555
1214.63 6.710773045902032
1214.71 6.724237004562184
1214.78 6.736019871690944
1214.85 6.747804514741438
1214.93 6.7612748522227175
1215.0 6.773063299236902
1215.07 6.784853520695823
1215.14 6.796645516129896
1215.22 6.810124253952418
1215.29 6.821920049181026
1215.36 6.833717616909804
1215.44 6.847202721263782
1215.51 6.859004085628205
1215.58 6.870807221019385
1215.66 6.884298686612611
1215.73 6.896105615483834
1215.8 6.907914313909981
1215.87 6.919724781423075
1215.95 6.933224624209711
1216.02 6.945038881048234
1216.09 6.95685490550389
1216.17 6.970361097282907
1216.24 6.982180907916079
1216.31 6.994002484698132
1216.38 7.005825827162254
1216.46 7.019340380010751
1216.53 7.03116750450789
1216.6 7.04299639322085
1216.68 7.056517282844783
1216.75 7.068349950450546
1216.82 7.080184380807464
1216.9 7.093711601945942
1216.97 7.105549808058758
1217.04 7.117389775459594
1217.11 7.129231503683254
1217.19 7.142767062880454
1217.26 7.154612562730029
1217.33 7.16645982194133
1217.41 7.180001700478823
1217.48 7.191852728186804
1217.55 7.203705513796969
1217.63 7.217253706432309
1217.7 7.229110257413222
1217.77 7.240968564838314
1217.84 7.252828628244012
1217.92 7.266385136007844
1217.99 7.278248960668784
1218.06 7.290114539854375
1218.14 7.303677349584461
1218.21 7.3155466869070365
1218.28 7.3274177772998215
1218.35 7.33929062030038
1218.43 7.3528617291869445
1218.5 7.364738326219094
1218.57 7.376616674406627
1218.65 7.390194073157653
1218.72 7.40207617226616
1218.79 7.413960021079214
1218.87 7.4275437044834485
1218.94 7.4394313011102176
1219.01 7.4513206459921895
1219.08 7.4632117386685595
1219.16 7.4768036984356705
1219.23 7.488698534834783
1219.3 7.500595117581022
1219.38 7.514193349942151
1219.45 7.526093673311464
1219.52 7.537995741582189
1219.6 7.551600241344445
1219.67 7.563506047141928
1219.74 7.575413596396567
1219.81 7.587322888649223
1219.89 7.6009356420610095
1219.96 7.61284866776386
1220.03 7.614613284221051
1220.11 7.601161739431827
1220.18 7.589389345621065
1220.25 7.577614813083588
1220.32 7.565838142377928
1220.4 7.552376472694062
1220.47 7.540595222079585
1220.54 7.52881183505134
1220.62 7.5153424917178056
1220.69 7.503554528538295
1220.76 7.491764430697722
1220.84 7.478287420009828
1220.91 7.46649274977187
1220.98 7.454695946623804
1221.05 7.442897011122351
1221.13 7.429409903075377
1221.2 7.417606400119216
1221.27 7.405800766558327
1221.35 7.39230600572684
1221.42 7.3804958084564944
1221.49 7.368683482328405
1221.57 7.355181074987086
1221.64 7.343364188891123
1221.71 7.331545175682619
1221.78 7.319724035916463
1221.86 7.306211558661509
1221.93 7.294385863853921
1222.0 7.282558044231651
1222.08 7.269037934988914
1222.15 7.2572055640582045
1222.22 7.245371070054023
1222.29 7.233534453529998
1222.37 7.220004293494333
1222.44 7.208163130576978
1222.51 7.196319846878727
1222.59 7.182782069343984
1222.66 7.170934242976841
1222.73 7.159084297565999
1222.81 7.145538908771918
1222.88 7.133684424412896
1222.95 7.121827822745654
1223.02 7.109969104321998
1223.1 7.096413692027411
1223.17 7.084550439554509
1223.24 7.072685072058423
1225.0 6.773662358910256
1235.0 5.075732819034599
1245.0 3.8792970201800925
1255.0 3.1845450841225884
1265.0 2.719563752273464
1275.0 2.484466327833791
1285.0 2.3706781564751194
1295.0 2.3838551659475242
1305.0 2.3658135229487396
1315.0 2.3124993240882987
1325.0 2.2677570875997537
1335.0 2.254465514265198
1345.0 2.254787976566489
1355.0 2.234848281903107
1365.0 2.231806521438773
1375.0 2.280267931499327
1385.0 2.394044052820342
1395.0 2.5708178258930774
1405.0 2.6003044920492306
1415.0 2.4259204727229187
1425.0 2.28099975939377
1435.0 2.209444033680059
1442.0 2.1750344369117434
1447.0 2.169579288611352
1455.0 2.1633825955200296
1465.0 2.159921303855677
1475.0 2.1656793939922094
1485.0 2.1950906709442335
1495.0 2.243783305311575
1505.0 2.3000599910808686
1512.0 2.367387424634014
1517.0 2.45904237186115
1525.0 2.657092227987745
1535.0 3.018189867221678
1545.0 3.493322638395906
1555.0 3.5174425963588467
1565.0 2.9236827541395
1575.0 2.468014907353258
1585.0 2.297864451263603
1595.0 2.2147318337414053
1605.0 2.1981242422110583
1615.0 2.1870666296004084
1625.0 2.1815576869231577
1635.0 2.1746958243086802
1645.0 2.1662368808841475
1655.0 2.1542766685748655
1665.0 2.1219501436723043
1672.0 2.081731619689875
1677.0 2.043703369553561
1685.0 1.9977642497139152
1695.0 1.9638058060049723
1705.0 1.9558007075694737
1715.0 1.9662298966354748
1725.0 1.9758279238210064
1735.0 1.9785248906521307
1745.0 1.9714495632520346
1755.0 1.9557095787989205
1765.0 1.9386274584983207
1775.0 1.921252278412592
1785.0 1.9105134460517383
1795.0 1.905269288339071
1805.0 1.899485557550228
1815.0 1.8942269746488214
1825.0 1.8889065508089569
1835.0 1.8972520994341515
1845.0 1.9301951099566084
1855.0 1.9625875159600226
1865.0 1.9809238793044344
1875.0 2.0363364907518227
1885.0 2.1380851542382495
1895.0 2.269931771557198
1905.0 2.39725401093542
1915.0 2.333427771141119
1925.0 2.1217779327447928
1935.0 1.970106218156354
1945.0 1.8747960335018499
1955.0 1.8080889212634565
1967.0 1.7590990803262903
1976.0 1.7395186742811781
1984.0 1.7313612267325562
1995.0 1.731567054269322
2005.0 1.7260679488107182
2015.0 1.7072712355840927
2025.0 1.6917546074886591
2035.0 1.6857978841420242
2045.0 1.6906949669298503
2055.0 1.7033784488975394
2065.0 1.717023246217685
2074.0 1.7248093127394033
2078.0 1.7263283727615688
2085.0 1.7156486003602447
2095.0 1.6896014148754506
2105.0 1.6675146755877248
2115.0 1.6503923813694887
2125.0 1.631655813786926
2135.0 1.614825877584044
2145.0 1.6005435066613256
2155.0 1.5905828093742365
2165.0 1.5887204176736098
2175.0 1.5867148480174866
2185.0 1.5757987157352207
2195.0 1.5652348633673356
2205.0 1.559357997729621
2215.0 1.558262859198947
2225.0 1.5652436328203074
2235.0 1.5612885930997482
2245.0 1.548853860883127
2255.0 1.5495806844329698
2265.0 1.5597276860991764
2275.0 1.5693016399442272
2285.0 1.5844693815414708
2295.0 1.6043394253192034
2305.0 1.6250034554923742
2315.0 1.6475872547262036
2325.0 1.6552124334717457
2335.0 1.6455752995534287
2345.0 1.633344003416941
2355.0 1.6237906651727376
2365.0 1.6143339236154988
2375.0 1.6062648179161556
2385.0 1.604875672803129
2395.0 1.6104902528451348
2405.0 1.6220603909867888
2415.0 1.637502532223031
2425.0 1.6481665676156252
2435.0 1.648379685530164
2445.0 1.637645590303081
2455.0 1.630462763020926
2465.0 1.6336985912250233
2475.0 1.6346216502119377
2485.0 1.6286991336516592
2495.0 1.622241970036981
2505.0 1.6171522535063954
2513.0 1.6121672328294685
2518.0 1.6085674935172136
2525.0 1.6035032336582533
2535.0 1.5951572751796514
2545.0 1.5849732859997423
2555.0 1.5744481972216129
2565.0 1.5640293334243227
2575.0 1.5554763271511003
2585.0 1.5500307737191845
2595.0 1.5453893725747179
2605.0 1.5405640200404709
2615.0 1.5351387167456558
2625.0 1.52160828211095
2635.0 1.5001470201479727
2645.0 1.480918315108427
2655.0 1.4643069287087802
2665.0 1.4587284759501367
2675.0 1.4653577624101946
2685.0 1.4738203144694393
2695.0 1.4860594097437119
2705.0 1.503343117014022
2715.0 1.5243546492654962
2725.0 1.5512907243574205
2735.0 1.5836193253112218
2745.0 1.6184888009025384
2755.0 1.65919897920749
2765.0 1.7072562256575807
2775.0 1.815138285132126
2785.0 1.99651854386987
2795.0 2.0789698839252715
2805.0 2.034759976583327
2815.0 1.9354811555666411
2825.0 1.7964688365316692
2835.0 1.6977396801495754
2845.0 1.6364187003476531
2855.0 1.5859185107768865
2865.0 1.5484238747942127
2875.0 1.5174571025545895
2885.0 1.4911999770511664
2895.0 1.4692526835936617
2910.0 1.4545360236119733
2930.0 1.4646586722941817
2950.0 1.472026626767958
2970.0 1.4520198681016654
2990.0 1.4101802178094558
3010.0 1.3496623728548487
3030.0 1.325769534149919
3050.0 1.3138366388212033
3070.0 1.3225506083995002
3090.0 1.309435151064697
3110.0 1.3371503037787436
3130.0 1.3696236680448786
3150.0 1.3498008335669993
3170.0 1.3663470232821417
3190.0 1.3870197962815376
3210.0 1.3675730768269467
3230.0 1.3402276475114099
3250.0 1.3287526071262803
3270.0 1.331125867769619
3290.0 1.3181000162023522
3310.0 1.2864148700667688
3330.0 1.2788950572374482
3350.0 1.268114360806445
3370.0 1.2503603010796513
3390.0 1.2469464073101477
3410.0 1.2588080683149363
3430.0 1.3010291967667815
3450.0 1.227997567998426
3470.0 1.2199203807412342
3490.0 1.2156064389693308
3510.0 1.1944134801224915
3530.0 1.161977529267403
3550.0 1.1453286229935893
3570.0 1.1400361421231149
3590.0 1.1420182490605535
3610.0 1.1341805819783284
3630.0 1.1335956418381115
3640.0 1.1321632999192102
3650.0 1.1299756479762753
3670.0 1.1151952073696625
3690.0 1.1088212298403979
3704.66 1.110561028213952
3704.88 1.1105857768693823
3705.11 1.110611647528222
3705.33 1.11063639056798
3705.55 1.1106611308623227
3705.78 1.1106869927800782
3706.0 1.1107117274588507
3706.22 1.1107364593922584
3706.45 1.1107623125690897
3706.67 1.1107870388870298
3706.89 1.1108117624596547
3707.12 1.1108376068957222
3707.34 1.1108623248529825
3707.56 1.1108870400649786
3707.79 1.1109128757604432
3708.01 1.1109375853571781
3708.24 1.1109634151821788
3708.46 1.1109881191637225
3708.68 1.1110128204000878
3708.91 1.1110386414847553
3709.13 1.1110633371060339
3709.35 1.1110880299821837
3709.58 1.1111138423266822
3709.8 1.1111385295878506
3710.0 1.111160970170458
3710.02 1.111373610111901
3710.25 1.1138190764482165
3710.47 1.116158402398454
3710.7 1.1186042539496748
3710.92 1.1209439483503576
3711.14 1.1232838228707214
3711.37 1.125730247902181
3711.59 1.1280704908253676
3711.81 1.1304109138449514
3712.04 1.1328579122825173
3712.26 1.1351987036572952
3712.48 1.137539675105183
3712.71 1.1399872468747119
3712.93 1.1423285866301527
3713.16 1.1447765434317612
3713.38 1.1471182514627616
3713.6 1.149460139527937
3713.83 1.1519086695375447
3714.05 1.154250925830632
3714.27 1.1565933621345992
3714.5 1.1590424652780333
3714.72 1.1613852697622533
3714.94 1.1637282542340637
3715.17 1.166177930437143
3715.39 1.1685212830415406
3715.62 1.1709713440937766
3715.84 1.173315064798756
3716.06 1.1756589654523604
3716.29 1.1781095994402129
3716.51 1.1804538681467267
3716.73 1.1827983167785574
3716.96 1.1852495236278147
3717.18 1.1875943402648717
3717.4 1.1899393368039437
3717.63 1.1923911164403853
3717.85 1.1947364809369925
3718.08 1.1971886452395737
3718.3 1.1995343776616947
3718.52 1.2018802899468457
3718.75 1.2043330269125172
3718.97 1.2066793070754798
3719.19 1.2090257670781612
3719.42 1.2114790766326748
3719.64 1.2138259044654598
3719.86 1.2161729121146403
3720.09 1.2184362696260949
3720.31 1.2203178925107365
3720.53 1.2221996584986876
3720.76 1.2241671123058133
3720.98 1.22604917098601
3721.21 1.2280169307761954
3721.43 1.2298992821230392
3721.65 1.2317817765420405
3721.88 1.2337499918574066
3722.1 1.2356327789049275
3722.32 1.2375157090059654
3722.55 1.2394843797871677
3722.77 1.2413676024785973
3722.99 1.2432509682048982
3723.22 1.2452200943925829
3723.44 1.2471037526711484
3723.67 1.249073184695535
3723.89 1.2509571355007425
3724.11 1.2528412293096582
3724.34 1.2548111166412905
3724.56 1.2566955029387052
3724.78 1.2585800322211789
3725.01 1.2605503748006817
3725.23 1.2624351965335074
3725.45 1.2643201612327368
3725.68 1.2662909590007272
3725.9 1.2681762161121635
3726.13 1.2701473195704243
3726.35 1.272032869068432
3726.57 1.2739185615016635
3726.8 1.2758901200491264
3727.02 1.2777761048307679
3727.24 1.2796622325289713
3727.47 1.2816342461062316
3727.69 1.283520666114687
3727.91 1.285407229021039
3728.14 1.2873796975686844
3728.36 1.2892665527471165
3728.59 1.2912393268385292
3728.81 1.2931264742633934
3729.03 1.295013764554964
3729.26 1.2969869935174272
3729.48 1.2988745760172493
3729.7 1.3007623013651062
3729.93 1.3027359851391864
3730.0 1.3033367024925744
3730.15 1.3014657383661004
3730.37 1.2987214718252553
3730.6 1.295852229632657
3730.82 1.293107511118951
3731.05 1.290237796429395
3731.27 1.287492625981328
3731.49 1.2847472346015805
3731.72 1.2818768164911158
3731.94 1.2791309732343095
3732.16 1.2763849090738502
3732.39 1.2735137876316958
3732.61 1.2707672716515
3732.83 1.2680205347956781
3733.06 1.2651487101110663
3733.28 1.26240152149284
3733.51 1.2595292245313048
3733.73 1.2567815841891958
3733.95 1.2540337230183136
3734.18 1.2511607229635187
3734.4 1.2484124101260898
3734.62 1.245663876487932
3734.85 1.2427901734291469
3735.07 1.240041188181797
3735.29 1.2372919821617607
3735.52 1.234417576188269
3735.74 1.23166791861641
3735.96 1.228918040299901
3736.19 1.2260429315010009
3736.41 1.2232926016900472
3736.64 1.220417020894367
3736.86 1.2176662396274966
3737.08 1.2149152376628807
3737.31 1.2120389541910963
3737.53 1.2092875008279513
3737.75 1.2065358267951194
3737.98 1.2036588407365656
3738.2 1.200906715362606
3738.42 1.198154369347011
3738.65 1.1952766807910356
3738.87 1.1925238834917242
3739.1 1.1896457231592867
3739.32 1.1868924746148086
3739.54 1.1841390054756264
3739.77 1.1812601427951557
3739.99 1.1785062224682317
3740.21 1.1763839326923968
3740.44 1.1741964493525456
3740.66 1.1721039014280679
3740.88 1.1700111847893715
3741.11 1.1678231642829835
3741.33 1.1657301025689328
3741.56 1.163541721317319
3741.78 1.161448314557322
3742.0 1.1593547391189092
3742.23 1.1571658208147226
3742.45 1.1550719003741718
3742.67 1.1529778112766131
3742.9 1.150788355988043
3743.12 1.1486939219321612
3743.34 1.1465993192406918
3743.57 1.144409327035937
3743.79 1.142314379429962
3744.02 1.1401240266481507
3744.24 1.1380287341570983
3744.46 1.1359332730662728
3744.69 1.1337423834823048
3744.91 1.1316465775502353
3745.13 1.1295506030398217
3745.36 1.127359176721925
3745.58 1.1252628574141021
3745.8 1.1231663695493677
3746.03 1.1209744065657787
3746.25 1.1188775739474777
3746.48 1.1166852505550948
3746.7 1.1145880732126723
3746.92 1.1124907273491715
3747.15 1.1102978674051893
3747.37 1.1082001768614242
3747.59 1.1061023178180232
3747.82 1.1039089213907067
3748.04 1.1018107177109009
3748.26 1.099712345552902
3748.49 1.0975184127105315
3748.71 1.0954196959599907
3748.93 1.0933208107527128
3749.16 1.0911263415635657
3750.0 1.083110194490479
3770.0 1.0736718012890327
3790.0 1.0500631903966702
3810.0 1.035723761699011
3830.0 1.0206784958549782
3850.0 1.061879937242432
3870.0 1.084529497013473
3890.0 1.0411113354111006
3910.0 1.0278019268514562
3930.0 0.9749730255575824
3950.0 1.007190898296181
3970.0 0.9991376474922099
3990.0 1.0
4010.0 0.9870931096980068
4030.0 0.9768286780218272
4050.0 0.9750295791509054
4070.0 0.9941282038778078
4078.2 0.9962710779376919
4078.45 0.9963364204449804
4078.7 0.9964017636006185
4078.94 0.9964644936398854
4079.19 0.9965298380659353
4079.43 0.9965925693245726
4079.68 0.9966579150205659
4079.93 0.9967232613643081
4080.17 0.9967839376001576
4080.42 0.9968462602100076
4080.66 0.9969060902961018
4080.91 0.996968413698842
4081.16 0.9970307375059567
4081.4 0.9970905687411209
4081.65 0.9971528933404925
4081.9 0.9972152183439152
4082.14 0.997275050727231
4082.39 0.9973373765222775
4082.63 0.9973972096653511
4082.88 0.9974595362516024
4083.13 0.9975218632413684
4083.37 0.9975816975310685
4083.62 0.9976440253114066
4083.86 0.9977038603598549
4084.11 0.9977661889303467
4084.36 0.9978285179038164
4084.6 0.9978883540973685
4084.85 0.9979506838603599
4085.1 0.9980130140260077
4085.34 0.998072851363747
4085.59 0.9981351823182847
4085.83 0.9981950204131579
4086.08 0.9982573521561676
4086.33 0.9983196843012982
4086.57 0.998379523538838
4086.82 0.9984418564718099
4087.06 0.9985016964654768
4087.31 0.9985640301858721
4087.56 0.9986263643078539
4087.8 0.9986862054426677
4088.05 0.9987485403514423
4088.3 0.9988108756614821
4088.54 0.9988707179365287
4088.79 0.9989330540327319
4089.03 0.9989928970622955
4089.28 0.999055233944245
4089.53 0.9991175712269256
4089.77 0.9991774153952052
4090.0 0.9992347664028425
4090.02 0.9992401381790675
4090.26 0.9993045998857759
4090.51 0.9993717482664138
4090.76 0.9994388974321127
4091.0 0.9995033613696495
4091.25 0.999570512073695
4091.5 0.9996376635624211
4091.74 0.9997021297297068
4091.99 0.9997692827560346
4092.23 0.9998337503991817
4092.48 0.9999009049626189
4092.73 0.9999680603101059
4092.97 1.000032530181208
4093.22 1.0000996870650598
4093.47 1.0001668447325822
4093.71 1.000231316830561
4093.96 1.000298476033705
4094.2 1.0003629496056443
4094.45 1.0004301103439175
4094.7 1.0004972718652303
4094.94 1.0005617476622553
4095.19 1.0006289107179547
4095.43 1.0006933879877546
4095.68 1.0007605525773489
4095.93 1.0008277179493525
4096.17 1.0008921974424485
4096.42 1.0009593643476047
4096.67 1.0010265320347917
4096.91 1.001091013750108
4097.16 1.0011581829697054
4097.4 1.0012226661558994
4097.65 1.0012898369074161
4097.9 1.001357008440335
4098.14 1.0014214938469619
4098.39 1.0014886669110585
4098.63 1.0015531537873805
4098.88 1.001620328382164
4099.13 1.0016875037577215
4099.37 1.0017519928526897
4099.62 1.0018191697581935
4099.87 1.001886347444093
4100.11 1.00199778632683
4100.36 1.0021716706953423
4100.6 1.0023386084327985
4100.85 1.0025125110167654
4101.1 1.0026864228934853
4101.34 1.0028533870372278
4101.59 1.0030273171260853
4101.83 1.003194298752425
4102.08 1.0033682470512233
4102.33 1.0035422046399618
4102.57 1.003709212664595
4102.82 1.0038831884599575
4103.07 1.0040571735435677
4103.31 1.0042242079616874
4103.56 1.0043982112486052
4103.8 1.0045652631408453
4104.05 1.0047392846288752
4104.3 1.0049133154023404
4104.54 1.005080393680074
4104.79 1.0052544426513355
4105.03 1.0054215383978995
4105.28 1.0055956055647604
4105.53 1.0057696820142452
4105.77 1.005936804138313
4106.02 1.0061108987800824
4106.27 1.0062850027027839
4106.51 1.0064521511995475
4106.76 1.0066262733112181
4107.0 1.0067934392683386
4107.25 1.0069675795667836
4107.5 1.0071417291433487
4107.74 1.007308921465177
4107.99 1.0074830892252014
4108.23 1.007650299002097
4108.48 1.007824484943386
4108.73 1.0079986801599845
4108.97 1.008165916293601
4109.22 1.0083401296881493
4109.47 1.0085143523563167
4109.71 1.0086816148418472
4109.96 1.0088558556846505
4110.0 1.0088837350799484
4110.2 1.0084501510676245
4110.45 1.007908128113696
4110.7 1.0073660574525436
4110.94 1.0068456247371167
4111.19 1.0063034605767895
4111.44 1.0057612487163645
4111.68 1.0052406804563379
4111.93 1.0046983751107048
4112.17 1.0041777171093198
4112.42 1.0036353182877273
4112.67 1.0030928717778826
4112.91 1.0025720782655587
4113.16 1.002029538293723
4113.4 1.001508655062328
4113.65 1.0009660216377512
4113.9 1.0004233405367682
4114.14 0.9999023218280951
4114.39 0.9993595472883414
4114.64 0.9988167250793086
4114.88 0.9982955709136161
4115.13 0.9977526552797834
4115.37 0.9972314114307232
4115.62 0.9966884023813415
4115.87 0.99614534567453
4116.11 0.9956239664021167
4116.36 0.9950808162937287
4116.6 0.994559347360241
4116.85 0.9940161038595291
4117.1 0.9934728127132366
4117.34 0.9929512083900703
4117.59 0.9924078238654276
4117.84 0.9918643917023346
4118.08 0.9913426520097475
4118.33 0.9907991264822787
4118.57 0.9902772971643328
4118.82 0.9897336782817424
4119.07 0.9891900117725535
4119.31 0.9886680471188627
4119.56 0.9881242872685284
4119.81 0.987580479798726
4120.05 0.987057907941877
4120.3 0.9865116475942096
4120.54 0.9859871926906618
4120.79 0.9854408386582759
4121.04 0.9848944368311444
4121.28 0.9843698461140482
4121.53 0.9838233506162334
4121.77 0.98329866997974
4122.02 0.9827520808205361
4122.27 0.9822054438784902
4122.51 0.981680627462274
4122.76 0.9811338968728758
4123.01 0.9805871185077969
4123.25 0.9800621663322078
4123.5 0.979515294333814
4123.74 0.9789902522747045
4123.99 0.9784432866522923
4124.24 0.9778962732661044
4124.48 0.9773710954814514
4124.73 0.976823988485284
4124.97 0.9762987208395106
4125.22 0.9757515202426599
4125.47 0.9752042718939407
4125.71 0.9746788685564587
4125.96 0.9741315266210967
4126.21 0.9735841369410294
4126.45 0.9730585979321938
4126.7 0.9725111146795256
4126.94 0.9719854858454554
4127.19 0.9714379090294843
4130.0 0.9652798627045184
4150.0 0.9448318494141605
4170.0 0.9432810324334204
4190.0 0.9366742753224113
4210.0 0.9316810410876122
4230.0 0.9458760337105397
4250.0 0.953502530380898
4270.0 0.9580126620725039
4290.0 0.9799198965872915
4310.0 1.0120041098822714
4315.65 1.0395965920907315
4315.91 1.0408674065051895
4316.17 1.042138315187233
4316.43 1.04340931813149
4316.69 1.0446804153325844
4316.95 1.0459516067851524
4317.21 1.047222892483818
4317.47 1.0484942724232096
4317.73 1.0497657465979506
4317.99 1.051037315002678
4318.25 1.0523089776320158
4318.52 1.053629650087063
4318.78 1.0549015047730048
4319.04 1.05617345366724
4319.3 1.057445496764392
4319.56 1.0587176340590894
4319.82 1.059989865545957
4320.08 1.0611872175808945
4320.34 1.062215960722378
4320.6 1.0632447790948016
4320.86 1.0642736726938546
4321.12 1.0653026415152365
4321.38 1.066331685554637
4321.64 1.0673608048077483
4321.9 1.068389999270259
4322.16 1.0694192689378705
4322.42 1.0704486138062708
4322.68 1.0714780338711536
4322.94 1.0725075291282073
4323.2 1.0735370995731326
4323.46 1.0745667452016188
4323.73 1.0756360721571097
4323.99 1.0766658710310546
4324.25 1.0776957450754736
4324.51 1.0787256942860601
4324.77 1.0797557186585074
4325.03 1.0807858181885046
4325.29 1.081815992871752
4325.55 1.0828462427039398
4325.81 1.0838765676807611
4326.07 1.084906967797906
4326.33 1.0859374430510744
4326.59 1.0869679934359564
4326.85 1.0879986189482458
4327.11 1.089029319583632
4327.37 1.0900600953378161
4327.63 1.091090946206488
4327.89 1.0921218721853414
4328.15 1.0931528732700657
4328.41 1.0941839494563628
4328.67 1.0952151007399222
4328.94 1.096285991168957
4329.2 1.0973172955220616
4329.46 1.0983486749593447
4329.72 1.0993801294764998
4329.98 1.1004116590692175
4330.0 1.1004910106089443
4330.24 1.1008611672223607
4330.5 1.101262195393884
4330.76 1.101663249744491
4331.02 1.102064330272624
4331.28 1.1024654369767253
4331.54 1.1028665698552411
4331.8 1.1032677289066128
4332.06 1.1036689141292833
4332.32 1.104070125521695
4332.58 1.1044713630822935
4332.84 1.1048726268095213
4333.1 1.1052739167018213
4333.36 1.1056752327576351
4333.62 1.1060765749754096
4333.88 1.1064779433535865
4334.15 1.106894776664414
4334.41 1.1072961983647442
4334.67 1.1076976462207477
4334.93 1.1080991202308674
4335.19 1.1085006203935457
4335.45 1.108902146707229
4335.71 1.1093036991703595
4335.97 1.1097052777813807
4336.23 1.110106882538735
4336.49 1.1105085134408688
4336.75 1.1109101704862248
4337.01 1.1113118536732463
4337.27 1.1117135630003774
4337.53 1.11211529846606
4337.79 1.1125170600687413
4338.05 1.112918847806864
4338.31 1.113320661678871
4338.57 1.1137225016832055
4338.83 1.1141243678183144
4339.09 1.11452626008264
4339.35 1.1149281784746266
4339.62 1.1153455829189867
4339.88 1.1157475545663862
4340.14 1.1162190532766998
4340.4 1.1167501580173653
4340.66 1.117281298854498
4340.92 1.1178124757859784
4341.18 1.118343688809689
4341.44 1.1188749379235106
4341.7 1.119406223125329
4341.96 1.1199375444130248
4342.22 1.120468901784482
4342.48 1.1210002952375795
4342.74 1.121531724770205
4343.0 1.122063190380239
4343.26 1.122594692065564
4343.52 1.1231262298240632
4343.78 1.1236578036536167
4344.04 1.1241894135521122
4344.3 1.1247210595174295
4344.57 1.1252731915764964
4344.83 1.1258049110560882
4345.09 1.1263366665960701
4345.35 1.1268684581943242
4345.61 1.1274002858487322
4345.87 1.1279321495571812
4346.13 1.1284640493175526
4346.39 1.1289959851277287
4346.65 1.1295279569855912
4346.91 1.1300599648890275
4347.17 1.1305920088359187
4347.43 1.1311240888241474
4347.69 1.131656204851596
4347.95 1.132188356916151
4348.21 1.132720545015694
4348.47 1.1332527691481087
4348.73 1.1337850293112763
4348.99 1.1343173255030843
4349.25 1.134849657721414
4349.51 1.1353820259641494
4349.78 1.1359349080356398
4350.0 1.1363854332586067
4350.04 1.1363274104131538
4350.3 1.1359502422504835
4350.56 1.1355730399992714
4350.82 1.1351958036613552
4351.08 1.134818533238569
4351.34 1.1344412287327499
4351.6 1.1340638901457336
4351.86 1.1336865174793584
4352.12 1.1333091107354578
4352.38 1.1329316699158687
4352.64 1.1325541950224278
4352.9 1.1321766860569729
4353.16 1.131799143021337
4353.42 1.1314215659173583
4353.68 1.1310439547468727
4353.94 1.1306663095117175
4354.2 1.1302886302137274
4354.46 1.1299109168547388
4354.72 1.1295331694365889
4354.99 1.129140857224252
4355.25 1.1287630403834978
4355.51 1.128385189489162
4355.77 1.1280073045430805
4356.03 1.1276293855470911
4356.29 1.1272514325030278
4356.55 1.1268734454127283
4356.81 1.1264954242780285
4357.07 1.1261173691007662
4357.33 1.1257392798827757
4357.59 1.1253611566258948
4357.85 1.124982999331959
4358.11 1.124604808002807
4358.37 1.1242265826402724
4358.63 1.123848323246193
4358.89 1.1234700298224054
4359.15 1.1230917023707472
4359.41 1.1227133408930519
4359.67 1.1223349453911582
4359.93 1.1219565158669025
4360.2 1.1212099958975872
4360.46 1.1203719164947046
4360.72 1.1195337677625798
4360.98 1.118695549705046
4361.24 1.1178572623259257
4361.5 1.1170189056290543
4361.76 1.11618047961826
4362.02 1.1153419842973737
4362.28 1.114503419670228
4362.54 1.1136647857406472
4362.8 1.1128260825124643
4363.06 1.1119873099895095
4363.32 1.1111484681756156
4363.58 1.1103095570746067
4363.84 1.1094705766903157
4364.1 1.1086315270265727
4364.36 1.107792408087211
4364.62 1.106953219876054
4364.88 1.1061139623969352
4365.15 1.1052423524726878
4365.41 1.104402953805354
4365.67 1.1035634858816947
4365.93 1.1027239487055414
4366.19 1.1018843422807258
4366.45 1.1010446666110731
4366.71 1.1002049217004153
4366.97 1.0993651075525828
4367.23 1.098525224171408
4367.49 1.0976852715607155
4370.0 1.0895729388973858
4390.0 0.9900367780612048
4410.0 0.9660064935575815
4430.0 0.9552904508612239
4450.0 0.9442093894787696
4470.0 0.9605743619312567
4490.0 0.987660827627489
4510.0 1.0126722750493393
4530.0 1.0061457942622312
4550.0 1.0077157015771947
4570.0 1.0193262180143425
4590.0 1.0044103662753021
4610.0 0.9947977394038342
4630.0 1.0051732582213961
4650.0 0.9604937474254112
4670.0 0.9542022596767143
4690.0 0.9660260330327118
4710.0 0.9184702562474358
4730.0 0.9204483718845701
4750.0 0.9204792251161589
4770.0 0.9355216785299747
4790.0 0.9729904530874949
4810.0 1.0371087951334679
4830.0 1.136946380788529
4834.84 1.1797241475229945
4835.13 1.182288929663765
4835.42 1.1848538984457126
4835.71 1.1874190538564924
4836.0 1.1899843958837604
4836.29 1.192549924515175
4836.59 1.1952041160050109
4836.88 1.197770024241244
4837.17 1.2003361190441708
4837.46 1.2029024004014508
4837.75 1.2054688683007424
4838.05 1.2081240313816213
4838.34 1.2106908787593285
4838.63 1.2132579126416025
4838.92 1.215825133016105
4839.21 1.2183925398704964
4839.5 1.22096013319244
4839.8 1.2236164604252948
4840.09 1.2267369124021672
4840.38 1.2310853697847137
4840.67 1.2354341465747096
4840.96 1.239783242751075
4841.26 1.2442826438349142
4841.55 1.2486323897322769
4841.84 1.252982454952048
4842.13 1.2573328394731509
4842.42 1.2616835432745093
4842.72 1.2661846073070244
4843.01 1.2705359606135043
4843.3 1.2748876331362906
4843.59 1.2792396248543099
4843.88 1.2835919357464902
4844.17 1.2879445657917603
4844.47 1.2924476223565764
4844.76 1.2968009016482658
4845.05 1.301154500029109
4845.34 1.3055084174780383
4845.63 1.309862653973986
4845.93 1.314367372272714
4846.22 1.3187222577992923
4846.51 1.3230774623089647
4846.8 1.327432985780668
4847.09 1.3317888281933372
4847.38 1.3361449895259108
4847.68 1.3406516989011814
4847.97 1.3450085090057868
4848.26 1.349365637966387
4848.55 1.3537230857619214
4848.84 1.3580808523713306
4849.14 1.3625892222662397
4849.43 1.3669476374319807
4849.72 1.3713063713476994
4850.0 1.3755151065265736
4850.01 1.3755749147470122
4850.3 1.3773094168394837
4850.59 1.3790440420793084
4850.89 1.3808386115641191
4851.18 1.3825734873198336
4851.47 1.3843084861980524
4851.76 1.386043608190587
4852.05 1.3877788532892499
4852.35 1.3895740639639613
4852.64 1.3913095594946463
4852.93 1.393045178106615
4853.22 1.3947809197916812
4853.51 1.3965167845416575
4853.81 1.398312636191597
4854.1 1.4000487512897444
4854.39 1.401784989427963
4854.68 1.4035213505980682
4854.97 1.4052578347918747
4855.26 1.4069944420011975
4855.56 1.408791061660554
4855.85 1.4105279191175628
4856.14 1.412264899565255
4856.43 1.4140020029954472
4856.72 1.4157392293999567
4857.02 1.417536489562703
4857.31 1.4192739661310823
4857.6 1.4210115656489501
4857.89 1.422749288108125
4858.18 1.4244871335004252
4858.47 1.4262251018176693
4858.77 1.4280231294243952
4859.06 1.4297613478050677
4859.35 1.4314996890858618
4859.64 1.4332381532585976
4859.93 1.4349767403150961
4860.23 1.434106573450441
4860.52 1.4324801341625397
4860.81 1.4308535677639596
4861.1 1.429226874262972
4861.39 1.4276000536678533
4861.68 1.4259731059868803
4861.98 1.4242899229357322
4862.27 1.422662716726321
4862.56 1.4210353834561733
4862.85 1.4194079231335592
4863.14 1.4177803357667542
4863.44 1.416096491015483
4863.73 1.414468645205003
4864.02 1.4128406723754354
4864.31 1.4112125725350637
4864.6 1.4095843456921573
4864.9 1.4078998394577182
4865.19 1.4062713542558811
4865.48 1.404642742076613
4865.77 1.4030140029281812
4866.06 1.401385136818869
4866.35 1.3997561437569421
4866.65 1.3980708449346677
4866.94 1.3964415936153685
4867.23 1.394812215368554
4867.52 1.3931827102024898
4867.81 1.3915530781254575
4868.11 1.3898671182968918
4868.4 1.388237228047199
4868.69 1.3866072109116283
4868.98 1.3849770668984471
4869.27 1.383346796015921
4869.56 1.3817163982723282
4869.86 1.3800296464274182
4870.0 1.3792424491116444
4870.15 1.3782021617536526
4870.44 1.376190821922339
4870.73 1.3741793270736162
4871.02 1.3721676772176021
4871.32 1.3700864970189013
4871.61 1.3680745318344947
4871.9 1.3660624116735223
4872.19 1.3640501365461069
4872.48 1.3620377064623708
4872.77 1.3600251214324297
4873.07 1.3579429738767048
4873.36 1.355930073642644
4873.65 1.3539170184930969
4873.94 1.3519038084381843
4874.23 1.3498904434880274
4874.53 1.3478074891718914
4874.82 1.3457938091212664
4875.11 1.3437799742061043
4875.4 1.341765984436524
4875.69 1.3397518398226433
4875.98 1.3377375403745804
4876.28 1.3356536194007282
4876.57 1.3336390049764222
4876.86 1.3316242357486365
4877.15 1.3296093117274859
4877.44 1.3275942329230876
4877.74 1.3255095057721404
4878.03 1.3234941120951185
4878.32 1.3214785636655446
4878.61 1.3194628604935335
4878.9 1.3174470025891996
4879.2 1.3153614695263893
4879.49 1.3133452968530328
4879.78 1.311328969478044
4880.07 1.3090795767758467
4880.36 1.3060979802905444
4880.65 1.3031161578511519
4880.95 1.3000312761883868
4881.24 1.2970489940950076
4881.53 1.2940664860924773
4881.82 1.2910837521956025
4882.11 1.2881007924191918
4882.41 1.2850147342793423
4882.7 1.282031315000616
4882.99 1.2790476698872837
4883.28 1.276063798954151
4883.57 1.2730797022160223
4883.86 1.270095379687703
4884.16 1.2670079118985145
4884.45 1.26402313004964
4884.74 1.2610381224554947
4885.03 1.2580528891308809
4885.32 1.2550674300906
4885.62 1.251978786677804
4885.91 1.2489928684685787
4886.2 1.2460067245885988
4886.49 1.243020355052664
4886.78 1.2400337598755735
4887.07 1.2370469390721255
4887.37 1.23395688703279
4887.66 1.2309696072420862
4887.95 1.2279821018699275
4888.24 1.22499437093111
4888.53 1.2220064144404306
4888.83 1.2189151876306237
4889.12 1.215926772304238
4889.41 1.212938131470884
4889.7 1.2099492651453552
4890.0 1.2068570971898924
4890.29 1.205098507963541
4890.58 1.2033397839559108
4890.87 1.2015809251758154
4891.16 1.1998219316320666
4891.45 1.1980628033334777
4891.74 1.1963035402888613
4892.04 1.1944834712149448
4892.33 1.192723934059058
4892.62 1.1909642621838825
4892.91 1.1892044555982288
4910.0 1.0951353051518498
4928.77 1.0513150962835174
4929.07 1.0509066362759796
4929.36 1.0505117577735166
4929.66 1.050103227778258
4929.96 1.0496946621995296
4930.0 1.0496401841006306
4930.26 1.050420638911079
4930.55 1.0512912021002072
4930.85 1.052191846739424
4931.15 1.0530925544554313
4931.45 1.0539933252438545
4931.74 1.054864130289045
4932.04 1.0557650251071027
4932.34 1.05666598298458
4932.64 1.0575670039170966
4932.93 1.0584380507517301
4933.23 1.0593391956797136
4933.53 1.0602404036497475
4933.83 1.061141674657451
4934.12 1.0620129632149213
4934.42 1.0629143581839346
4934.72 1.0638158161776279
4935.02 1.0647173371916236
4935.31 1.065588867405335
4935.61 1.0664905123464845
4935.91 1.067392220294952
4936.21 1.0682939912463567
4936.5 1.0691657630497264
4936.8 1.070067657894141
4937.1 1.070969615728509
4937.4 1.071871636548451
4937.69 1.0727436498749068
4937.99 1.0736457945537197
4938.29 1.0745480022051273
4938.59 1.0754502728247535
4938.88 1.0763225276077355
4939.18 1.0772249220520949
4939.48 1.0781273794516908
4939.78 1.0790298998021528
4940.07 1.0800098308105757
4940.37 1.0813729313016764
4940.67 1.0827361293357793
4940.97 1.0840994249061433
4941.26 1.0854173699981269
4941.56 1.086780857370142
4941.86 1.0881444422584188
4942.16 1.089508124656225
4942.45 1.0908264436559907
4942.75 1.0921903178028718
4943.05 1.0935542894392865
4943.35 1.0949183585584967
4943.64 1.096237051363544
4943.94 1.0976013121792574
4944.24 1.0989656704577808
4944.54 1.1003301261923728
4944.83 1.1016491927002199
4945.13 1.103013840078762
4945.43 1.1043785848933867
4945.73 1.105743427137355
4946.02 1.1070628672455407
4946.32 1.1084279010809088
4946.62 1.1097930323256473
4946.92 1.1111582609730157
4947.21 1.112478074579085
4947.51 1.1138434947653137
4947.81 1.1152090123341944
4948.11 1.116574627278989
4948.4 1.1178948142805172
4948.7 1.1192606207116458
4949.0 1.1206265244987175
4949.3 1.1219925256349992
4949.59 1.1233130859295748
4949.89 1.1246792784996649
4950.0 1.1251802401621003
4950.19 1.1250222351712953
4950.49 1.1247727341840952
4950.78 1.1245315272907008
4951.08 1.1242819795344599
4951.38 1.124032407999657
4951.68 1.1237828126878489
4951.97 1.1235415146198633
4952.27 1.1232918725511456
4952.57 1.1230422067100356
4952.87 1.1227925170980866
4953.16 1.1225511278791624
4953.46 1.122301391522435
4953.76 1.1220516313994817
4954.06 1.1218018475118579
4954.35 1.1215603671656436
4954.65 1.1213105365453706
4954.95 1.1210606821650384
4955.25 1.1208108040262021
4955.54 1.120569232576344
4955.84 1.1203193077169853
4956.14 1.1200693591037343
4956.44 1.1198193867381456
4956.73 1.1195777242082874
4957.03 1.1193277051343011
4957.33 1.1190776623125887
4957.63 1.1188275957447034
4957.92 1.1185858421584853
4958.22 1.1183357288943276
4958.52 1.118085591888608
4958.82 1.1178354311428802
4959.11 1.1175935865239408
4959.41 1.1173433790940634
4959.71 1.1170931479287878
4960.01 1.1168335169463632
4960.3 1.116319664740363
4960.6 1.1157880494837575
4960.9 1.115256389475179
4961.2 1.1147246847176169
4961.49 1.1142106609183928
4961.79 1.1136788681632293
4962.09 1.1131470306679618
4962.39 1.1126151484355826
4962.68 1.1121009530886523
4962.98 1.1115689828820177
4963.28 1.1110369679471466
4963.58 1.1105049082870329
4963.87 1.1099905414379072
4964.17 1.1094583938268767
4964.47 1.1089262014994796
4964.77 1.1083939644587057
4965.06 1.1078794261528895
4965.36 1.1073471011845386
4965.66 1.1068147315116845
4965.96 1.1062823171373204
4966.25 1.1057676074203113
4966.55 1.1052351051417018
4966.85 1.1047025581704553
4967.15 1.1041699665095634
4967.44 1.1036550854268532
4967.74 1.1031224058850455
4968.04 1.102589681662463
4968.34 1.1020569127620958
4968.63 1.1015418603591691
4968.93 1.101009003601215
4969.23 1.1004761021743483
4969.53 1.0999431560815558
4969.82 1.0994279324038911
4970.0 1.0991081174066717
4970.12 1.098792461984962
4970.42 1.0980032788090923
4970.72 1.0972140318915236
4971.02 1.0964247212365534
4971.31 1.0956616603548466
4971.61 1.0948722243621885
4971.91 1.094082724644872
4972.21 1.0932931612071957
4972.5 1.0925298559850711
4972.8 1.0917401672432174
4973.1 1.0909504147937474
4973.4 1.0901605986409586
4973.69 1.0893970491437526
4973.99 1.0886071077202926
4974.29 1.0878171026062533
4974.58 1.0870533704586183
4974.88 1.0862632400989678
4975.18 1.0854730460614779
4975.48 1.0846827883504453
4975.78 1.083892466970159
4976.07 1.0831284291187593
4976.37 1.0823379825348056
4976.48 1.0820481361709702
4976.67 1.0815474722943386
4976.78 1.0812576025908578
4976.97 1.080756898401652
4977.08 1.080467005360099
4977.26 1.0799926164711198
4977.38 1.0796763444829889
4977.56 1.0792019174082588
4977.68 1.0788856199638186
4977.86 1.0784111547059154
4977.98 1.0780948318068841
4978.16 1.077620328368379
4978.28 1.077303980016473
4978.45 1.0768558024240114
4978.58 1.0765130645968803
4978.75 1.0760648509497879
4978.88 1.0757220855523983
4979.05 1.075273835853107
4979.18 1.0749310428873187
4979.35 1.0744827571382611
4979.48 1.0741399366059365
4979.64 1.0737179872453446
4979.78 1.0733487667125385
4979.94 1.0729267834272962
4980.08 1.0748707296226816
4980.24 1.079075242797911
4980.39 1.0830171240413895
4980.54 1.0869591505781502
4980.69 1.0909013224032305
4980.83 1.0945808138512756
4980.99 1.0987861018984304
4981.13 1.1024658645283811
4981.29 1.106671462487078
4981.43 1.1103514962803203
4981.59 1.1145574041292858
4981.73 1.1182377090671838
4981.89 1.1224439267851707
4982.02 1.1258616003630342
4982.19 1.1303310304148262
4982.32 1.133748955735615
4982.49 1.1382187149784189
4982.62 1.141636892024852
4982.79 1.1461069804360458
4982.92 1.1495254091908427
4983.09 1.1539958267478294
4983.21 1.15715152790277
4983.39 1.1618852538738942
4983.51 1.1650411873433821
4983.69 1.1697752617743422
4983.81 1.1729314275424527
4983.99 1.177665850409349
4984.11 1.1808222484600857
4984.29 1.1855570197390202
4984.4 1.1884505939816157
4984.59 1.1934487697234863
4984.7 1.1963425568628516
4984.89 1.2013411003228809
4985.0 1.204235100344398
4985.19 1.2092340114973146
4985.3 1.2121282243863907
4985.49 1.2171275032069713
4985.59 1.2197587961111307
4985.79 1.2250215754119655
4985.89 1.2276530618057122
4986.09 1.2329162280724364
4986.19 1.235547907942461
4986.39 1.240811461148526
4986.49 1.243443334481566
4986.69 1.2487072746003536
4986.78 1.2510761318032264
4986.99 1.256603668388111
4987.08 1.2589726996839847
4987.29 1.2645006424719225
4987.38 1.2668698478488407
4987.59 1.2723981968119351
4987.68 1.2747675762579431
4987.9 1.2805596125123095
4987.97 1.2824025985703373
4988.2 1.2884583465837085
4988.5 1.296357660790436
4988.8 1.3042575550926474
4989.1 1.3121580294505002
4989.4 1.3200590838241293
4989.7 1.3279607181737427
4990.0 1.335862932459479
4990.3 1.3678449674969266
4990.6 1.3998293672488873
4990.9 1.4318161315530755
4991.2 1.4638052602475042
4991.5 1.4957967531699032
4991.8 1.527790610158105
4992.1 1.5597868310499494
4992.4 1.5917854156831863
4992.7 1.6237863638958645
4993.0 1.6557896755257469
4993.3 1.6877953504107017
4993.6 1.7198033883886046
4993.9 1.7518137892972394
4994.2 1.7838265529746902
4994.5 1.8158416792587544
4994.8 1.8478591679873364
4995.1 1.8798790189983454
4995.41 1.9129686799130723
4995.71 1.9449933337318446
4996.01 1.9770203493414134
4996.31 2.009049726579717
4996.61 2.0410814652846043
4996.91 2.0731155652942213
4997.21 2.10515202644643
4997.51 2.137190848579196
4997.81 2.1692320315304943
4998.11 2.201275575138207
4998.41 2.233321479240516
4998.71 2.2653697436753184
4999.01 2.297420368280616
4999.31 2.3294733528944156
4999.61 2.361528697354639
4999.91 2.393586401499499
5000.21 2.4080442390559176
5000.51 2.4149590447624676
5000.81 2.4218743509353096
5001.11 2.428790157539953
5001.41 2.43570646454197
5001.71 2.4426232719068732
5002.01 2.449540579600195
5002.31 2.4564583875874724
5002.61 2.4633766958342207
5002.92 2.4705261398696696
5003.22 2.4774454652044673
5003.52 2.4843652906942277
5003.82 2.4912856163044754
5004.12 2.4982064420007966
5004.42 2.5051277677487156
5004.72 2.5120495935137814
5005.02 2.518971919261543
5005.32 2.525894744957531
5005.62 2.5328180705673384
5005.92 2.539741896056501
5006.22 2.5466662213905713
5006.52 2.5535910465351086
5006.82 2.560516371455649
5007.12 2.567442196117795
5007.42 2.5743685204870888
5007.72 2.5812953445290927
5008.02 2.5882226682093705
5008.32 2.595150491493468
5008.62 2.6020788143469966
5008.92 2.6090076367355026
5009.22 2.615936958624559
5009.52 2.6228667799797365
5009.82 2.6297971007665897
5010.0 2.633955532951611
5010.12 2.620963831420275
5010.42 2.5884828934010584
5010.73 2.5549167299655724
5011.03 2.5224309002145193
5011.33 2.489942664943823
5011.63 2.457452024318383
5011.93 2.4249589785030907
5012.23 2.392463527662932
5012.53 2.3599656719625854
5012.83 2.327465411567023
5013.13 2.2949627466411058
5013.43 2.2624576773496923
5013.73 2.22995020385773
5014.03 2.1974403263298625
5014.33 2.1649280449310253
5014.63 2.132413359826045
5014.93 2.0998962711797424
5015.23 2.06737677915703
5015.53 2.034854883922516
5015.83 2.0023305856410984
5016.13 1.9698038844775685
5016.43 1.9372747805967125
5016.73 1.904743274163404
5017.03 1.8722093653422187
5017.33 1.8396730542980169
5017.63 1.807134341195553
5017.93 1.7745932261995783
5018.23 1.7420497094749308
5018.54 1.7084188858848188
5018.84 1.6758704861529201
5019.14 1.6433196851919223
5019.44 1.6107664831666348
5019.74 1.578210880241568
5020.04 1.5478632613961916
5020.34 1.531881433928539
5020.64 1.5158984247944962
5020.94 1.49991423407513
5021.24 1.4839288618513602
5021.54 1.4679423082042464
5021.84 1.451954573214798
5022.14 1.4359656569640196
5022.44 1.4199755595329615
5022.74 1.4039842810025243
5023.04 1.3879918214537512
5023.34 1.3719981809676338
5023.64 1.3560033596251584
5023.94 1.3400073575073568
5024.24 1.324010174695114
5024.54 1.3080118112694532
5024.84 1.2920122673113492
5025.14 1.2760115429017704
5025.44 1.2600096381217316
5025.74 1.2440065530520985
5026.04 1.2280022877738783
5026.35 1.2114633071976777
5026.65 1.1954566424116984
5026.95 1.1794487976626367
5027.25 1.1634397730314858
5027.55 1.1474295685991869
5027.85 1.1314181844466769
5028.15 1.1154056206549374
5028.45 1.0993918773048026
5028.75 1.0833769544772476
5029.05 1.0673608522531952
5029.35 1.0513435707135643
5029.65 1.0353251099393204
5029.95 1.0193054700112778
5030.0 1.0166354153889963
5030.25 1.0149415692026393
5030.55 1.0129088131104649
5030.85 1.0108759035715913
5031.15 1.0088428405965018
5031.45 1.0068096241956612
5031.75 1.004776254379552
5032.05 1.0027427311586496
5032.35 1.0007090545434294
5032.65 0.9986752245443732
5032.95 0.9966412411719424
5033.25 0.9946071044366176
5033.55 0.9925728143488719
5033.85 0.9905383709191793
5034.16 0.9884359516253912
5034.46 0.9864011964327014
5034.76 0.9843662879298302
5035.06 0.9823312261272483
5035.36 0.9802960110354334
5035.66 0.9782606426648434
5035.96 0.9762251210259539
5036.26 0.9741894461292352
5050.0 0.9103413242222769
5070.0 0.871628217186885
5090.0 0.8522592589313588
5110.0 0.8597161317497217
5130.0 0.87238634318944
5150.0 0.8838342549056267
5170.0 0.879656128580887
5190.0 0.9023123620578098
5210.0 0.8896948167954477
5230.0 0.8927285388561517
5250.0 0.8838083952953713
5270.0 0.895137146001334
5290.0 0.9173026962924428
5310.0 0.9107334853337001
5330.0 0.8867619005241136
5350.0 0.8720620664146597
5370.0 0.8612722819544
5390.0 0.8396329722425205
5410.0 0.837267856957537
5430.0 0.843260004278865
5450.0 0.8339520827732362
5470.0 0.8371096019865008
5490.0 0.841195210159989
5510.0 0.839091275781828
5530.0 0.8492091039468859
5550.0 0.8494319341181341
5570.0 0.843553398306586
5590.0 0.8325230977444854
5610.0 0.8312172284849849
5630.0 0.8287140032499807
5650.0 0.828432623811806
5670.0 0.832479246699037
5690.0 0.8361118306619345
5710.0 0.8248273404728405
5730.0 0.83741995757712
5750.0 0.833040028288386
5770.0 0.8502690744168343
5790.0 0.8804227496695635
5810.0 0.8909388835514134
5830.0 0.8710338013168847
5850.0 0.8723443273687156
5870.0 0.8983849553202663
5890.0 0.8452008275951637
5910.0 0.8602867720965361
5930.0 0.8447401199336655
5950.0 0.8460727366419993
5970.0 0.8442783948913128
5990.0 0.8314234201793702
6010.0 0.8224662739380133
6030.0 0.8301422846041218
6050.0 0.8357155572441637
6070.0 0.8517509430938609
6090.0 0.8482201965056879
6110.0 0.8441173716233624
6130.0 0.8420302811095257
6150.0 0.8354990571120708
6170.0 0.8210763469361223
6190.0 0.82529910524301
6210.0 0.7947418248482466
6230.0 0.8005954709776085
6250.0 0.7983546182931471
6270.0 0.8123114876756232
6290.0 0.8584719280280858
6310.0 0.8734976004229665
6330.0 0.8293161134450312
6350.0 0.850373734364643
6370.0 0.8588671427009172
6390.0 0.8627118426570862
6410.0 0.8656623569078099
6430.0 0.9029442083000113
6450.0 0.9482455302649887
6470.0 1.0051211508386428
6490.0 1.1592833270972183
6510.0 1.3797855643142447
6523.64 1.6723187084664066
6524.04 1.6837038388493721
6524.43 1.6948051093411283
6524.82 1.7059071383774602
6525.22 1.7172946226924344
6525.61 1.7283981879714576
6526.0 1.7395025115025184
6526.4 1.750892348841476
6526.79 1.7619982080226888
6527.19 1.773389620184074
6527.58 1.7844970146189
6527.97 1.7956051668175776
6528.37 1.8069989304881022
6528.76 1.818108617348334
6529.15 1.8292190616801802
6529.55 1.8406151759530744
6529.94 1.8517271543547045
6530.0 1.8534367567011343
6530.34 1.8690240459820386
6530.73 1.8869047292869348
6531.12 1.9047866365087056
6531.52 1.9231283254015827
6531.91 1.9410127113615876
6532.3 1.9588983207666941
6532.7 1.9772438062806503
6533.09 1.9951318934686229
6533.49 2.013479919970424
6533.88 2.0313704843018825
6534.27 2.0492622712912913
6534.67 2.067614091971636
6535.06 2.0855083551498943
6535.46 2.103862715183463
6535.85 2.1217594539117113
6536.24 2.1396574145113947
6536.64 2.1580155662829505
6537.03 2.175916001478761
6537.42 2.193817658075312
6537.82 2.212179600123839
6538.21 2.2300837303631176
6538.6 2.2479890815325443
6539.0 2.2663548123978607
6539.39 2.284262636257079
6539.79 2.302630902887426
6540.18 2.323663891228614
6540.57 2.34834158107333
6540.97 2.3736537830385913
6541.36 2.3983348868068246
6541.76 2.4236505897806544
6542.15 2.448335106592151
6542.54 2.473021307999343
6542.94 2.4983422386466647
6543.33 2.5230318517828434
6543.72 2.547723148865998
6544.12 2.5730493051739267
6544.51 2.59774401267243
6544.91 2.62307366639139
6545.3 2.64777178342613
6545.69 2.672471583325552
6546.09 2.69780645934676
6546.48 2.722509667469845
6546.87 2.7472145578099045
6547.27 2.772554654122967
6547.66 2.7972629513746936
6548.06 2.822606541505911
6548.45 2.8473182447913876
6548.84 2.872031629213005
6549.24 2.8973804362819537
6549.63 2.922097225426445
6550.0 2.9455480403562784
6550.02 2.947309589596509
6550.42 2.98254186719031
6550.81 3.016895708520084
6551.21 3.0521328487239816
6551.6 3.086491430487888
6551.99 3.12085235201579
6552.39 3.156096753026158
6552.78 3.190462413164383
6553.17 3.2248304121666203
6553.57 3.2600820711899514
6553.96 3.294454806979583
6554.36 3.3297113236207365
6554.75 3.364088794977822
6555.14 3.3984686036970317
6555.54 3.433732373690775
6555.93 3.4681169161559886
6556.33 3.5033855406486856
6556.72 3.537774815640949
6557.11 3.572166426494661
6557.51 3.607442299683353
6557.9 3.641838641244139
6558.29 3.676237317768281
6558.69 3.7115204368653334
6559.08 3.7459238422774566
6559.48 3.7812118108916817
6559.87 3.8156199439744087
6560.26 3.82582091370348
6560.66 3.8238685886979127
6561.05 3.821964919712873
6561.44 3.82006110056777
6561.84 3.818108309582235
6562.23 3.8162041863249594
6562.63 3.814251083469472
6563.02 3.8123466561779527
6563.41 3.810442078822311
6563.81 3.808488510284587
6564.2 3.806583629011068
6564.59 3.8046785977308475
6564.99 3.80272456368911
6565.38 3.8008192286073186
6565.78 3.7988648830141423
6566.17 3.796959244208609
6566.56 3.7950534554921997
6566.96 3.7930986446923507
6567.35 3.791192552368413
6567.75 3.789237430216113
6568.14 3.7873310343624187
6568.53 3.7854244886935917
6568.93 3.7834689016317187
6569.32 3.781562052549253
6569.71 3.779655053708956
6570.0 3.778236931859832
6570.11 3.77020861587721
6570.5 3.7417433298502853
6570.9 3.7125461285019696
6571.29 3.684076872153645
6571.68 3.6556056561494703
6572.08 3.6264023735548214
6572.47 3.597927188753273
6572.86 3.569450045048126
6573.26 3.5402406835412736
6573.65 3.5117595725620414
6574.05 3.4825461425789457
6574.44 3.454061065345043
6574.83 3.425574030462365
6575.23 3.3963545254616037
6575.62 3.367863525846314
6576.01 3.339370569333528
6576.41 3.3101449916462182
6576.8 3.2816480719221404
6577.2 3.252418429924881
6577.59 3.2239175480076114
6577.98 3.1954147104462494
6578.38 3.1661789996517493
6578.77 3.13767220141722
6579.16 3.1091634482888413
6579.56 3.079921671025339
6579.95 3.0514089587432176
6580.35 3.025467841139196
6580.74 3.0006338102413532
6581.13 2.9757980759545735
6581.53 2.9503237587306272
6581.92 2.925484574651172
6582.31 2.9006436878361117
6582.71 2.8751640866462784
6583.1 2.850319751361519
6583.5 2.8248366137337553
6583.89 2.7999888308646605
6584.28 2.7751393463499476
6584.68 2.749650928138532
6585.07 2.7247979973613927
6585.46 2.6999433655909484
6585.86 2.674449668820632
6586.25 2.6495915921090294
6586.65 2.6240943625192132
6587.04 2.5992328417506743
6587.43 2.5743696210774116
6587.83 2.548867116306565
6588.22 2.5240004528965674
6588.62 2.4984944175668016
6589.01 2.473624312303578
6589.4 2.4487525082233335
6589.8 2.4232412010876794
6590.0 2.4104848775325274
6590.19 2.400094935909302
6590.58 2.3787671297476027
6590.98 2.356890942744951
6591.37 2.3355601844399807
6591.77 2.3136809699864576
6592.16 2.2923472602956427
6592.55 2.2710120938706524
6592.95 2.2491283588483912
6593.34 2.2277902421683224
6593.73 2.206450669312292
6594.13 2.1845624154531516
6594.52 2.163219893472261
6594.92 2.1413286152577027
6595.31 2.1199831449084026
6595.7 2.098636219314309
6596.1 2.076740425152491
6596.49 2.055390552319344
6596.88 2.0340392247987
6597.28 2.0121389164194454
6597.67 1.9907846427885587
6598.07 1.9688813131452014
6598.46 1.9475240941594965
6598.85 1.9261654214163109
6599.25 1.9042575804413608
6599.64 1.8828959634712572
6600.04 1.8622116839232457
6600.43 1.852806731320431
6600.82 1.8434011338104863
6601.22 1.8337536972958068
6601.61 1.824346793685517
6602.0 1.8149392454149016
6610.0 1.6218217905828862
6630.0 1.3191626436610289
6650.0 1.1530495578847613
6670.0 1.0399740727274764
6690.0 0.9540874446847722
6710.0 1.0038914805682881
6730.0 1.0679897556717726
6750.0 0.9133825740210539
6770.0 0.8641265217239174
6790.0 0.8536742896210813
6810.0 0.8799811879292966
6830.0 0.8970883735873592
6850.0 0.890857855480734
6870.0 0.8817371481931634
6890.0 0.8933670769952894
6910.0 0.911448217804221
6930.0 0.9234856490137187
6950.0 0.9277346431730438
6970.0 0.9307646933472692
6990.0 0.9324714276775615
7010.0 0.9264132669097248
7030.0 0.9238771242824418
7050.0 0.9153045584344466
7070.0 0.9050958939553668
7090.0 0.8934658338900612
7110.0 0.8874324705336825
7130.0 0.8810466536223638
7150.0 0.8790178580918179
7170.0 0.8795455573271576
7190.0 0.870716314821548
7210.0 0.8716253850191998
7230.0 0.8734050218079688
7250.0 0.8692693063492605
7270.0 0.866895854785589
7290.0 0.8633605108798269
7310.0 0.8657937246518331
7330.0 0.865373769465431
7350.0 0.8608528875576994
7370.0 0.8656651986333939
7390.0 0.8605092962747624
7410.0 0.8556225313169132
7430.0 0.8570734134806397
7450.0 0.8544405876014173
7470.0 0.8519598640295735
7490.0 0.8508440289282869
7510.0 0.8532434518218687
7530.0 0.8524068899746077
7550.0 0.852078679363973
7570.0 0.8503863483860088
7590.0 0.8379175562824231
7610.0 0.8322111248671661
7630.0 0.8338206797591369
7650.0 0.8231939390760524
7670.0 0.8222460358009449
7690.0 0.8207918992640347
7710.0 0.8177120011125878
7730.0 0.8210172394937935
7750.0 0.8179564507405225
7770.0 0.8181534227688362
7790.0 0.8149390034488158
7810.0 0.818976345160136
7830.0 0.8139208490670473
7850.0 0.8125272448366968
7870.0 0.8090096576637328
7890.0 0.8064923367814446
7910.0 0.8003024180476526
7930.0 0.7952427984814856
7950.0 0.799518612386758
7970.0 0.8006848164462267
7990.0 0.8028016814384211
8010.0 0.8014288903653993
8030.0 0.8011408853483013
8050.0 0.8014300765939718
8070.0 0.8002234464971539
8090.0 0.7957005410913021
8110.0 0.7971182814039177
8130.0 0.8015660849822775
8150.0 0.8043589408828877
8170.0 0.8049969483212844
8190.0 0.7966735958843718
8210.0 0.793890296882382
8230.0 0.8016668363879391
8250.0 0.7953307288995684
8270.0 0.7794807142399582
8290.0 0.772361452280252
8310.0 0.7698771735276226
8330.0 0.7668713641031862
8350.0 0.7712433123256861
8370.0 0.76818292526939
8390.0 0.7673053092104487
8410.0 0.7694800999578765
8430.0 0.7639270436451322
8450.0 0.7612584558452382
8470.0 0.7603507801908856
8490.0 0.754282205774672
8510.0 0.7530672315233421
8530.0 0.7460812850554951
8550.0 0.7432480573034248
8570.0 0.7584989172445634
8590.0 0.7574668521841369
8610.0 0.7582331964984339
8630.0 0.7609901783425802
8650.0 0.7477420959617267
8670.0 0.7408094908088568
8690.0 0.7533758982379001
8710.0 0.7566357635186138
8730.0 0.7549164255274562
8750.0 0.7526046109032407
8770.0 0.7537555042170605
8790.0 0.7550510214312316
8810.0 0.7513163941644965
8830.0 0.7542818821039878
8850.0 0.7496074291375001
8870.0 0.7396666151386061
8890.0 0.7432199010978582
8910.0 0.7424217020131696
8930.0 0.7424400536973951
8950.0 0.7422225087038044
8970.0 0.7410296459058325
8990.0 0.7383513761735584
9010.0 0.7331049142324079
9030.0 0.7332228713026095
9050.0 0.7411360759854866
9070.0 0.742464265048848
9090.0 0.72888455229036
9110.0 0.72991798523663
9130.0 0.7295035310350325
9150.0 0.7241457434236989
9170.0 0.7170063279050911
9190.0 0.7173578443927857
9210.0 0.7047494842441352
9230.0 0.702285120641852
9250.0 0.7001125772857599
9270.0 0.7073372519466314
9290.0 0.7022249811059618
9310.0 0.7097718284253357
9330.0 0.7048608953642488
9350.0 0.6954710332956223
9370.0 0.6939293359452846
9390.0 0.6891332955561479
9410.0 0.6825172163674578
9430.0 0.6848737757866279
9450.0 0.6837751175050382
9470.0 0.6865590736383351
9490.0 0.6849587909823359
9510.0 0.6864019009386453
9530.0 0.6887101852444303
9550.0 0.6794097408202018
9570.0 0.6782419327090772
9590.0 0.6785012542204442
9610.0 0.6809729672949714
9630.0 0.6788390499718383
9650.0 0.674635332854086
9670.0 0.6741773990763741
9690.0 0.671581180366924
9710.0 0.6714635532149164
9730.0 0.6653647636372407
9750.0 0.6641448700169768
9770.0 0.6638601272608722
9790.0 0.6673998060226818
9810.0 0.6645949856016817
9830.0 0.6614546140807857
9850.0 0.6620667456359864
9870.0 0.6578498484395265
9890.0 0.6570051080019318
9910.0 0.659276734232462
9930.0 0.6530613854934335
9950.0 0.6514555141053031
9970.0 0.6498448273120523
9990.0 0.648207278631359
10025.0 0.6453134002358935
10075.0 0.641241310478305
10125.0 0.6372519565345671
10175.0 0.6332063927823962
10225.0 0.6291159036522769
10275.0 0.625023571640378
10325.0 0.621094650166767
10375.0 0.6171447327917483
10425.0 0.613179914678019
10475.0 0.6092003121929536
10525.0 0.6054298830776469
10575.0 0.6017015566942528
10625.0 0.5979719005796185
10675.0 0.59424115177987
10725.0 0.5912645059043198
10775.0 0.5891227602785495
10825.0 0.5869805855664575
10875.0 0.5848383253787821
10925.0 0.5827351554287363
10975.0 0.5817282622458816
11025.0 0.5808040358521913
11075.0 0.5798444781279889
11125.0 0.5788801636995056
11175.0 0.5779923511777799
11225.0 0.5771997008506075
11275.0 0.5764052366070398
11325.0 0.575568839761093
11375.0 0.5714981116449811
11425.0 0.5726004739033808
11475.0 0.5756266513327339
11525.0 0.5772180824305368
11575.0 0.5742971786955977
11625.0 0.5702255501263729
11675.0 0.5702179767991927
11725.0 0.574350597644498
11775.0 0.5678209619850871
11825.0 0.5651220147972797
11875.0 0.5639424456421893
11925.0 0.5662510515449838
11975.0 0.5622891557795042
12025.0 0.5644848671255498
12075.0 0.5651382634642022
12125.0 0.5638939755506541
12175.0 0.5655778044388641
12225.0 0.5656806864127201
12275.0 0.5633140400393766
12325.0 0.5635627349024221
12375.0 0.5637714500161439
12425.0 0.559387294142083
12475.0 0.5617476872327937
12525.0 0.5625968153729572
12575.0 0.5653949287573862
12625.0 0.564441527075799
12675.0 0.5661911288066706
12725.0 0.5652409620450132
12775.0 0.5661174274120263
12825.0 0.5626374077729659
12875.0 0.5657239454792635
12925.0 0.5628575253678648
12975.0 0.5664148399761516
13025.0 0.5654517685742219
13075.0 0.5642441114512315
13125.0 0.562941897737318
13175.0 0.5645620361189536
13225.0 0.5647276531558475
13275.0 0.5661308118021506
13325.0 0.5631166981372713
13375.0 0.5631931100445019
13425.0 0.5650954692475467
13475.0 0.565323855339266
13525.0 0.5656190731894728
13575.0 0.5659241799778235
13625.0 0.566235222851917
13675.0 0.5665359263285679
13725.0 0.5668651006711477
13775.0 0.5673163200219321
13825.0 0.5677690530792606
13875.0 0.5682568481218516
13925.0 0.5687594404927176
13975.0 0.5692687490425233
14025.0 0.5697762424450092
14075.0 0.5704404989818183
14125.0 0.5711284908268385
14175.0 0.5718134086360119
14225.0 0.572495349701035
14275.0 0.5732134042336423
14325.0 0.5738895666778704
14375.0 0.5744582061125968
14425.0 0.5750299886950068
14475.0 0.5756296476924917
14525.0 0.5763110840090212
14570.0 0.5770319896284951
14620.0 0.5777359786075074
14675.0 0.5778062081258363
14725.0 0.5778704032829413
14775.0 0.5779516136173214
14825.0 0.5780021503236417
14875.0 0.578055224627793
14925.0 0.5780902587595406
14975.0 0.5781401279043711
15025.0 0.5781427544178781
15075.0 0.5781312722617907
15125.0 0.5781099391820587
15175.0 0.5780411573380027
15225.0 0.5779645754743122
15275.0 0.5716108048921708
15325.0 0.5775400918507964
15375.0 0.5782217929818733
15425.0 0.5768765363345586
15475.0 0.5815605619194477
15525.0 0.5807282006244466
15575.0 0.5731749733049463
15625.0 0.5756495774077007
15675.0 0.5754476997215826
15725.0 0.5749999691813563
15775.0 0.5680425764928633
15825.0 0.5708144619888406
15875.0 0.5689077961440491
15925.0 0.572139010126312
15975.0 0.5694881314728705
16050.0 0.5730609442366169
16150.0 0.5749841059992341
16250.0 0.5703895802652065
16350.0 0.5752530149346514
16450.0 0.5702088198980391
16550.0 0.5723032710806287
16650.0 0.5701969906630739
16750.0 0.567257663272423
16850.0 0.5661809264665871
16950.0 0.5699533558755127
17050.0 0.5679768872028713
17150.0 0.5664458163969378
17250.0 0.5644491964326738
17350.0 0.5589626165989319
17450.0 0.5618935171707118
17550.0 0.5561478241529549
17650.0 0.5568850683579224
17750.0 0.5508505670009172
17850.0 0.550020617611055
17950.0 0.5512610640101414
18050.0 0.5498509207793103
18150.0 0.548374892625107
18250.0 0.5468572401752358
18350.0 0.5453243567610747
18450.0 0.5437927758792488
18550.0 0.5422601397301616
18650.0 0.5407433006406308
18750.0 0.5392600868406133
18850.0 0.5378012535354755
18950.0 0.5363372326846103
19050.0 0.5351580656922014
19150.0 0.53422538706074
19250.0 0.5333414792949606
19350.0 0.5325025011743377
19450.0 0.5316689695494478
19550.0 0.530880920209827
19650.0 0.5302194824672122
19750.0 0.5295642915454398
19850.0 0.5288977054722247
19950.0 0.5282508427348577
20050.0 0.5280514266707871
20150.0 0.5284050524577555
20250.0 0.5287549802549926
20350.0 0.5291015314754627
20450.0 0.529452641961836
20550.0 0.529808403280252
20650.0 0.5301597523450359
20750.0 0.5305067329318084
20850.0 0.5308589451050725
20950.0 0.5312172576699705
21050.0 0.5315721916487799
21150.0 0.5319230332493226
21250.0 0.5322752989671006
21350.0 0.5326333636257549
21450.0 0.5329918426220955
21550.0 0.5333464861808205
21650.0 0.5336982472836027
21750.0 0.5340553707670247
21850.0 0.5344170263915514
21950.0 0.5347750647043156
22050.0 0.5351295377627375
22150.0 0.5354855326394051
22250.0 0.5358474102202188
22350.0 0.5362101492393913
22450.0 0.5365695451205489
22550.0 0.5369255900708001
22650.0 0.5372858750749964
22750.0 0.5376514247344202
22850.0 0.5380146298300461
22950.0 0.5383746733434903
23050.0 0.5387328655622399
23150.0 0.5390964018420487
23250.0 0.5394641253631489
23350.0 0.539828857983292
23450.0 0.5401906347954888
23550.0 0.5405518609837306
23650.0 0.5409182023974791
23750.0 0.5412873065172792
23850.0 0.5416536110841282
23950.0 0.5420171907683331
24050.0 0.542380732013658
24150.0 0.5427493856930573
24250.0 0.5431204899688358
24350.0 0.5434889709610691
24450.0 0.5438548583018926
24550.0 0.5442204040006065
24650.0 0.5445909563273552
24750.0 0.544964310656401
24850.0 0.5453352039473669
24950.0 0.5457036634906196
25050.0 0.5460706707223102
25150.0 0.5464424336142515
25250.0 0.5468179782427983
25350.0 0.5471911896710326
25450.0 0.547562157298892
25550.0 0.5479308417114837
25650.0 0.5483031863894477
25750.0 0.5486801697051636
25850.0 0.5490558940283429
25950.0 0.549429489072369
26050.0 0.5498009348100624
26150.0 0.5501735872821976
26250.0 0.550550981688323
26350.0 0.550929813999097
26450.0 0.5513065929801783
26550.0 0.5516813685298295
26650.0 0.5520541903137479
26750.0 0.5521810039889254
26850.0 0.5520611861097238
26950.0 0.5519387003526318
27050.0 0.5518138090900764
27150.0 0.5516865370163802
27250.0 0.5514930005707531
27350.0 0.5511342692248277
27450.0 0.5506741086746395
27550.0 0.5502113602940295
27650.0 0.549746057686464
27750.0 0.5492781762871455
27850.0 0.548787759183575
27950.0 0.5482649475708362
28050.0 0.5477296818792862
28150.0 0.5471919026459063
28250.0 0.5466516564883889
28350.0 0.5461089244933357
28450.0 0.5455408842912295
28550.0 0.5449426444633847
28650.0 0.5443371162015128
28750.0 0.5437291682261757
28850.0 0.543118802228304
28950.0 0.5425060631739609
29050.0 0.5418691483555457
29150.0 0.5412044713871714
29250.0 0.5405338514457496
29350.0 0.5398608746069442
29450.0 0.5391855921450517
29550.0 0.5385080113725615
29650.0 0.5378105439071291
29750.0 0.5370878120272927
29850.0 0.5363573888261117
29950.0 0.5356247279610983
30050.0 0.5348898503486009
30150.0 0.5341528058747853
30250.0 0.5334021669758169
30350.0 0.532628344602738
30450.0 0.5318428342761933
30550.0 0.5310552033174769
30650.0 0.5302654348805118
30750.0 0.5294735777465187
30850.0 0.5286760311117941
30950.0 0.5278578764841922
31050.0 0.5270227044448039
31150.0 0.5261849672926473
31250.0 0.5251421314422166
31350.0 0.5240992955917857
31450.0 0.5230564524046223
31550.0 0.5220018117512637
31650.0 0.520930575408519
31750.0 0.5198545408425829
31850.0 0.5187784695929833
31950.0 0.5177023983433837
32100.0 0.5160882731271526
32300.0 0.5139052429832512
32500.0 0.5116965636218016
32700.0 0.5094876935053015
32900.0 0.5072709143909419
33100.0 0.5050135191243088
33300.0 0.5027561972250029
33500.0 0.5004987579379736
33700.0 0.49821208910783427
33900.0 0.49591366683189625
34100.0 0.4936153766171469
34300.0 0.4913107474653376
34500.0 0.4889801462797408
34700.0 0.4866495744410747
34900.0 0.48431897325547785
35100.0 0.481973405135156
35300.0 0.4796177416706275
35500.0 0.47726199016530646
35700.0 0.4749062680069162
35900.0 0.47253395015913974
36100.0 0.47016026767907954
36300.0 0.46778654117862306
36500.0 0.46541093647459325
36700.0 0.4630266157321059
36900.0 0.46064226564268773
37100.0 0.45825787153287334
37300.0 0.4560298085236083
37500.0 0.4540985016789302
37700.0 0.45216723885464827
37900.0 0.45023597603036636
38100.0 0.4483765251458337
38300.0 0.446609898603527
38500.0 0.4448432867346857
38700.0 0.44307667486584446
38900.0 0.4413265853190623
39100.0 0.4395972147054485
39300.0 0.4378677707245077
39500.0 0.43613832674356684
39700.0 0.43442266114665223
39900.0 0.4327300769108381
40100.0 0.4310375366954202
40300.0 0.429344952459606
40500.0 0.42766036526244405
40700.0 0.42600527173076946
40900.0 0.42435016352562954
41100.0 0.42269509934088584
41300.0 0.42104003515614213
41500.0 0.41942087694127306
41700.0 0.4178031127056186
41900.0 0.4161853631434295
42100.0 0.4145675548873788
42300.0 0.4129726665843089
42500.0 0.4113914246040765
42700.0 0.40981012392998245
42900.0 0.4082288379293538
43100.0 0.4066550353960877
43300.0 0.40511100532415206
43500.0 0.40356697525221635
43700.0 0.4020229745272116
43900.0 0.40047890043487966
44100.0 0.39895958047870567
44300.0 0.3974519846213996
44500.0 0.39594433007023194
44700.0 0.3944366901925296
44900.0 0.39293135404889773
45100.0 0.39146030979394464
45300.0 0.3899892215185953
45500.0 0.3885181772636422
45700.0 0.3870470889882928
45900.0 0.3855888546686485
46100.0 0.38415437668951374
46300.0 0.3827198400165174
46500.0 0.3812854060577789
46700.0 0.3798508693847825
46900.0 0.3784355402780165
47100.0 0.37703673349330974
47300.0 0.3756378973616722
47500.0 0.3742390465565691
47700.0 0.3728401517310699
47900.0 0.3714637806749852
48100.0 0.3701007477989643
48300.0 0.3687378176372012
48500.0 0.3673747847611804
48700.0 0.36601176655862483
48900.0 0.3646703623706281
49100.0 0.3633427072197269
49300.0 0.3620150814157564
49500.0 0.3606874115913897
49700.0 0.3593597711139538
49900.0 0.3580489170809546
50100.0 0.3567556271860592
50300.0 0.35546238131156
50500.0 0.3541691354370608
50700.0 0.3528758308687
50900.0 0.3515916972162246
51100.0 0.35033333016902085
51300.0 0.3490749484483517
51500.0 0.3478165667276826
51700.0 0.34655819968047885
51900.0 0.34529983263327513
52100.0 0.3440727640878052
52300.0 0.34284833676611026
52500.0 0.3416238947709499
52700.0 0.3403994674492549
52900.0 0.33917501078062917
53100.0 0.33796650416891133
53300.0 0.3367757964707439
53500.0 0.3355851034460419
53700.0 0.3343943664009437
53900.0 0.3332036733762417
54100.0 0.33201296567807426
54300.0 0.33085232391054564
54500.0 0.329694675529962
54700.0 0.32853708584324004
54900.0 0.3273794814830527
55100.0 0.3262218624493999
55300.0 0.3250716241688517
55500.0 0.32394677098347435
55700.0 0.322821917798097
55900.0 0.32169704993925424
56100.0 0.3205721967538769
56300.0 0.31944735824196496
56500.0 0.31833623942021766
56700.0 0.31724374122608406
56900.0 0.31615127237888135
57100.0 0.3150587888582132
57300.0 0.31396626131714883
57500.0 0.3128737777964807
57700.0 0.3117971709653934
57900.0 0.31073638213002525
58100.0 0.3096755786211917
58300.0 0.30861476043889274
58500.0 0.3075539422565938
58700.0 0.30649312407429485
58900.0 0.3054464217657268
59100.0 0.30441668198318034
59300.0 0.3033869862210302
59500.0 0.30235726111194916
59700.0 0.30132752132940277
59900.0 0.30029781089378715
60100.0 0.2992766404150441
60300.0 0.2982774654609606
60500.0 0.29727827583341176
60700.0 0.29627910087932824
60900.0 0.2952798819048485
61100.0 0.2942807069507651
61300.0 0.29328148797628534
61500.0 0.2923118213611548
61700.0 0.29134284439889885
61900.0 0.2903738234162467
62100.0 0.2894048024335945
62300.0 0.28843582547133856
62500.0 0.28746680448868633
62700.0 0.2865138069302692
62900.0 0.2855744410212241
63100.0 0.2846350457652482
63300.0 0.2836956211623414
63500.0 0.28275625525329634
63700.0 0.28181684532385504
63900.0 0.2808774207209483
64200.0 0.2795110863152086
64600.0 0.2776905054405648
65000.0 0.27586988054552464
65400.0 0.27407084031811246
65800.0 0.2723069723873041
66200.0 0.27054313380342654
66600.0 0.2687792805460836
67000.0 0.267068897396719
67400.0 0.2653610087364753
67800.0 0.26365312007623154
68200.0 0.2619701616337307
68600.0 0.2603167408771137
69000.0 0.25866321740623877
69400.0 0.2570097526292255
69800.0 0.2554034923904576
70200.0 0.2538031602317182
70600.0 0.2522028280729787
71000.0 0.2506152911760826
71400.0 0.2490675487173965
71800.0 0.2475198209321758
72200.0 0.24597206380002432
72600.0 0.24445064553829576
73000.0 0.24295351186183178
73400.0 0.241456348838437
73800.0 0.2399591858150422
74200.0 0.23849833961855374
74600.0 0.23705153592846898
75000.0 0.23560476158531507
75400.0 0.23415797256869575
75800.0 0.2327521665409852
76200.0 0.23135415212341093
76600.0 0.22995613770583664
77000.0 0.22855810861479695
77400.0 0.22720185487979855
77800.0 0.2258512797759164
78200.0 0.22450076336589592
78600.0 0.22315021760894463
79000.0 0.2218383657802971
79400.0 0.2205342028475279
79800.0 0.21923002524129329
80200.0 0.21792586230852412
80600.0 0.2166538049180866
81000.0 0.21539511505464373
81400.0 0.2141364692115971
81800.0 0.21287777934815422
82200.0 0.21164049807075425
82600.0 0.21042552046078766
83000.0 0.20921052817735564
83400.0 0.20799555056738905
83800.0 0.20678856999607453
84200.0 0.20561677639482923
84600.0 0.2044449534466531
85000.0 0.20327313049847692
85400.0 0.20210132222376623
85800.0 0.20096264663396637
86200.0 0.1998327604499511
86600.0 0.1987028595924704
87000.0 0.19757300275538597
87400.0 0.19645539826192446
87800.0 0.19536609888325174
88200.0 0.19427679950457902
88600.0 0.1931875147993717
89000.0 0.1920982447676298
89400.0 0.19103738256493463
89800.0 0.18998755480823276
90200.0 0.18893774172499633
90600.0 0.18788791396829446
91000.0 0.18683975898665012
91400.0 0.18582875721944078
91800.0 0.18481775545223147
92200.0 0.18380675368502217
92600.0 0.18279575191781286
93000.0 0.1817946840866906
93400.0 0.18082087955431259
93800.0 0.17984706034846915
94200.0 0.17887325581609112
94600.0 0.17789942193678226
95000.0 0.176959909293083
95400.0 0.1760738374104313
95800.0 0.1751877508543142
96200.0 0.17430164962473169
96600.0 0.17341556306861455
97000.0 0.1726412442985763
97400.0 0.17202630870989405
97800.0 0.17141134377428094
98200.0 0.17079639351213327
98600.0 0.17018142857652016
99000.0 0.16957551716906916
99400.0 0.16898799161378525
99800.0 0.16840046605850134
100200.0 0.16781294050321743
100400.00000000009 0.16751917772557534
100748.43066198383 0.16700740549718449
101098.07052641988 0.16650387065704556
101448.92378975474 0.16601137571007243
101800.9946629978 0.16551717163948582
102154.28737177301 0.1650212304672152
102508.80615636887 0.1645235826444256
102864.55527178946 0.16402419726844414
103221.53898780573 0.16353299536934648
103579.76158900595 0.16305265388397316
103939.22737484834 0.1625706601339274
104299.94065971187 0.162086978996002
104661.9057729482 0.16160163398594593
105025.12705893395 0.16111461561766438
105389.60887712192 0.1606354246463895
105755.35560209466 0.1601666143231137
106122.37162361621 0.15969616072346812
106490.66134668495 0.15922408770216473
106860.22919158668 0.15875036435693576
107231.07959394684 0.1582750001248752
107603.217004785 0.15780750761267806
107976.64589056744 0.15735017811521618
108351.370733261 0.15689129068423088
108727.39603038708 0.15643079317716382
109104.72629507471 0.1559687032742104
109483.36605611602 0.1555050152990392
109863.31985801981 0.15504894206450065
110244.59226106624 0.15460271777184664
110627.1878413618 0.15415493021782173
111011.11119089334 0.1537056033750992
111396.36691758451 0.15325471771040353
111782.95964535022 0.1528022515393473
112170.89401415233 0.15235740263817593
112560.17468005554 0.15192220684404598
112950.80631528242 0.15148551239245342
113342.79360827077 0.15104728183713015
113736.1412637291 0.15060756508567355
114130.85400269323 0.1501662969301772
114526.93656258319 0.1497322995003689
114924.39369725919 0.14930751665955522
115323.23017708007 0.14888124883271756
115723.45078895958 0.14845351629793324
116125.06033642414 0.14802427357794365
116528.06363967061 0.1475935673009598
116932.46553562334 0.14716987576569734
117338.27087799355 0.1467550397954597
117745.48453733666 0.14633875075052447
118154.11140111096 0.1459210113705609
118564.15637373661 0.14550183693090818
118975.62437665339 0.14508120772691127
119388.52034838134 0.14466766641256956
119802.84924457902 0.14426292837127938
120218.61603810318 0.1438567847266184
120635.82571906883 0.14344922244110497
121054.48329490799 0.1430402577754936
121474.59379043133 0.14262985920617294
121896.16224788758 0.14222632396303758
122319.19372702412 0.14183120942353625
122743.69330514787 0.14143472295083573
123169.6660771864 0.14103685589779244
123597.11715574806 0.14063761641875328
124026.0516711849 0.14023697296385174
124456.47477165324 0.13984317609215371
124888.39162317566 0.13945774549213616
125321.80740970328 0.1390709803822155
125756.72733317701 0.13868287484412817
126193.15661359143 0.13829342251675614
126631.1004890565 0.13790260405270288
127070.56421586059 0.13751814417581515
127511.55306853396 0.13714138283388197
127954.0723399109 0.13676332874531077
128398.12734119488 0.13638396297411653
128843.72340202122 0.13600326546943234
129290.86587052139 0.1356212618336901
129739.56011338736 0.1352458394231402
130189.81151593504 0.13487833104762795
130641.62548217046 0.1345095560977345
131095.00743485359 0.13413950444429526
131549.96281556363 0.13376816132494607
132006.49708476473 0.1333955296035578
132464.61572187033 0.13302915027100295
132924.3242253105 0.13267020664717377
133385.628112597 0.13231003206083605
133848.53292038973 0.1319485999636342
134313.04420456337 0.13158592867369195
134779.167540273 0.13122198812521094
135246.90852202274 0.13086426382248503
135716.27276373174 0.13051384308808553
136187.2658988018 0.1301621915713714
136659.8935801853 0.12980931093692966
137134.16148045196 0.12945522331509093
137610.07529185852 0.12909989809070513
138087.64072641605 0.12875055815239225
138566.86351595866 0.1284082601147806
139047.7494122127 0.12806476125296776
139530.30418686455 0.12772007030414506
140014.53363163173 0.1273741978047292
140500.44355833106 0.12702709558291822
140988.03979894897 0.126686071048945
141477.32820571162 0.1263520469779411
141968.3146511539 0.1260168261933328
142461.00502819192 0.12568046233689378
142955.40525019236 0.12534293597318855
143451.52125104374 0.125004230842396
143949.35898522806 0.12467124327671812
144448.924427891 0.12434479341802304
144950.2235749154 0.1240172176676016
145453.2624429921 0.12368849798815611
145958.04706969234 0.12335864376953835
146464.58351354074 0.12302764725867062
146972.87785408652 0.12270243579389602
147482.9361919785 0.12238375330430974
147994.76464903704 0.12206395017760452
148508.36936832778 0.12174306659601287
149023.7565142358 0.12142105468765439
149540.9322725382 0.12109792526114477
150059.90285048028 0.12078032185830118
150580.6744768489 0.12046893852680776
151103.25340204738 0.12015648041597793
151627.64589817091 0.11984290854487961
152153.85825908065 0.11952826317053432
152681.89680048096 0.11921252584304091
153211.76785999417 0.11890235201864072
153743.47779723676 0.11859835275895357
154277.0329938962 0.11829329323708906
154812.43985380605 0.11798718162809539
155349.70480302497 0.11767999676717647
155888.8342899124 0.1173717604772002
156429.8347852063 0.11706878765155881
156972.71278210124 0.11677170983721138
157517.47479632485 0.11647355711806408
158064.1273662182 0.11617440454759538
158612.67705281274 0.11587420339757618
159163.1304399096 0.11557296585680034
159715.49413415877 0.11527696021731514
160269.77476513712 0.1149867003521455
160825.97898542997 0.11469543311098329
161384.11347070962 0.11440316500906245
161944.18491981577 0.11410986250445752
162506.2000548363 0.11381555211060812
163070.1656211866 0.11352637802906627
163636.0883876925 0.11324276197800014
164203.97514667013 0.11295815993721718
164773.83271400793 0.11267257946170799
165345.66792924836 0.11238601498329107
165919.48765567035 0.11209843056133204
166495.29878037024 0.11181598237968833
167073.10821434658 0.11153903489146388
167652.9228925817 0.11126112612500526
168234.74977412526 0.11098225274426847
168818.59584217807 0.11070241140163199
169404.46810417465 0.11042159939348273
169992.37359186928 0.1101456855081622
170582.3193614191 0.10987498055224465
171174.31249346913 0.10960332151255978
171768.3600932375 0.1093307344758854
172364.46929059955 0.10905718682382394
172962.64724017525 0.1087827009089088
173562.90112141386 0.10851311415608858
174165.23813868032 0.10824864996688202
174769.6655213422 0.10798328816153421
175376.19052385495 0.10771699076449902
175984.8204258511 0.10744978392672953
176595.5625322263 0.10718162042076058
177208.42417322725 0.10691812598188005
177823.4127045401 0.10665951587977181
178440.53550737724 0.10640001603043034
179059.79998856818 0.1061395955036801
179681.21358064678 0.10587828597941558
180304.7837419411 0.1056160655648237
180930.51795666298 0.105358633669344
181558.42373499667 0.1051061676238598
182188.508613191 0.10485282377865836
182820.7801536484 0.10459858947834201
183455.24594501613 0.1043434940667442
184091.9136022776 0.10408749717547373
184730.79076684228 0.10383598639176354
185371.88510663982 0.10358910483242666
186015.20431621035 0.10334137081923342
186660.7561167974 0.10309275642815156
187308.54825644082 0.10284329187790668
187958.58851006837 0.10259296173243956
188610.8846795912 0.1023471069294794
189265.44459399607 0.10210582821033834
189922.27610943964 0.10186370204389303
190581.38710934314 0.1016207434669172
191242.78550448545 0.10137694469492334
191906.4792331004 0.10113228580931935
192572.47626097052 0.1008920728022187
193240.7845815229 0.10065631229608878
193911.41221592567 0.1004197336517462
194584.36721318262 0.10018233173603247
195259.65765023217 0.0999441018275767
195937.29163204285 0.09970505124577897
196617.27729171072 0.09947023249943204
197299.62279055765 0.09923965002723756
197984.33631822755 0.09900825022933601
198671.42609278703 0.09877605785187374
199360.90036082253 0.09854305339484853
200052.7673975396 0.09830923615693923
200747.03550686277 0.09807972218348403
201443.7130215334 0.09785445663671015
202142.80830321225 0.09762841286647314
202844.3297425782 0.09740158262409507
203548.28575942936 0.09717397211681594
204254.6848027845 0.09694556538076923
204963.53535098286 0.0967212830803527
205674.84591178835 0.09650105413205674
206388.62502249 0.09628006089573055
207104.88125000495 0.09605830071896976
207823.62319098154 0.09583577094016511
208544.8594719008 0.09561246888847076
209268.59874918268 0.09539319088299497
209994.84970928813 0.09517783529966878
210723.62106882382 0.09496171415054155
211454.9215746472 0.09474484991327979
212188.76000396966 0.09452722958690696
212925.1451644646 0.09430885402553033
213664.08589437135 0.09409453930945308
214405.5910626017 0.09388410199427709
215149.66956884676 0.09367294380845435
215896.33034368197 0.09346105227553586
216645.5823486771 0.09324841977925116
217397.43457650184 0.09303504792072151
218151.8960510343 0.0928254991877889
218908.9758274697 0.09261961199329122
219668.68299242735 0.09241299075937162
220431.02666406232 0.09220565134402975
221196.01599217302 0.09199759316109857
221963.66015831166 0.09178881729265846
222733.96837589474 0.09157052796981725
223506.94989031187 0.09134315455939872
224282.61397903945 0.09111499232124629
225060.96995175022 0.09088601489792233
225842.02715042542 0.09065626105503868
226625.79494946744 0.09042571587024481
227412.28275581042 0.09015324478022084
228201.50000903595 0.08984122046691635
228993.45618148448 0.08952811389039922
229788.16077836952 0.08921390769667728
230585.62333789226 0.08889862247063135
231385.85343135396 0.08858224496690269
232188.8606632739 0.08826957244286603
232994.65467150253 0.08796034933950107
233803.24512733784 0.08765005484261783
234614.64173564175 0.08733866892036077
235428.8542349548 0.08702621294895818
236245.89239761574 0.08671265979946768
237065.76602987712 0.08640298685625876
237888.48497202326 0.08609683743796773
238714.05909848903 0.08578961294059752
239542.4983179762 0.0854813412724805
240373.81257357553 0.08517198493654003
241208.01184288395 0.08486156346943322
242045.10613812497 0.08455502040273799
242885.10550626923 0.08425199009232538
243728.0200291531 0.08394791204578878
244573.85982360275 0.0836427702782419
245422.63504155353 0.08333657346118609
246274.3558701723 0.08302931004449073
247129.0325319802 0.08272599648982351
247986.67528497343 0.08242620217870043
248847.29442274923 0.08212536061604465
249710.90027462755 0.08182347433725908
250577.5032057754 0.08152055154828818
251447.1136173319 0.08121657097679297
252319.741946531 0.08091652501624678
253195.39866682977 0.08061995440461515
254074.09428803218 0.08032237219821184
254955.83935641564 0.08002375077520686
255840.64445485763 0.07972408260827452
256728.52020296326 0.07942338546326261
257619.47725719062 0.079126701632788
258513.52631098175 0.07883354052075353
259410.67809488898 0.07853936186232077
260310.94337670426 0.07824414905847848
261214.33296158884 0.0779479251984082
262120.8576922009 0.07765067056066483
263030.5284488288 0.07735741451336732
263943.3561495196 0.0770676048928702
264859.35175021074 0.07677679806603306
265778.5262448618 0.07648497908849203
266700.8906655845 0.07619215591058902
267626.45608277834 0.07589830551669831
268555.23360526125 0.07560855161362857
269487.23438040353 0.07532230306069457
270422.46959426196 0.07503505023392491
271360.9504717122 0.07474679873997392
272302.6882765867 0.07445754699270134
273247.69431180746 0.07416729919586022
274195.97991952254 0.07388112444163618
275147.55648124265 0.07359841223701169
276102.4354179754 0.07331471805525722
277060.6281903659 0.07303004112615384
278022.1462988321 0.0727443615715378
278987.001283703 0.07245770757568906
279955.20472535834 0.07217513870752192
280926.7682443648 0.07189601298478566
281901.7035016192 0.07161591172208619
282880.0221984859 0.07133483444752416
283861.73607693805 0.07105279638884943
284846.856919699 0.0707697794873441
285835.39655038144 0.07049088682580604
286827.3668336328 0.07021542591244356
287822.7796752752 0.06993903342228384
288821.64702244906 0.06966166721204262
289823.9808637571 0.06938333862688582
290829.79322940577 0.06910404432696389
291839.0961913531 0.06882887296973181
292851.90186345164 0.06855712616122138
293868.22240159387 0.06828443711499917
294888.0700038592 0.06801079438522223
295911.45691065746 0.06773620062330997
296938.39540488017 0.06746065194405178
297968.8978120446 0.06718927378140255
299002.9765004432 0.06692130901902119
300040.643881292 0.06665240647047829
301081.9124088775 0.06638257305351822
302126.7945807098 0.0661118052528131
303175.3029376698 0.06584009097635113
304227.45006416074 0.06557254713241226
305283.2485882598 0.06530836070764354
306342.71118186694 0.06504327226995778
307405.8505608609 0.06477726310611813
308472.6794852493 0.06451033259923299
309543.21075932245 0.06424246862993593
310617.4572318076 0.06397875204633191
311695.4317960206 0.06371835319167721
312777.1473900245 0.06345707622862386
313862.6169967824 0.06319486938550134
314951.8536443137 0.06293176347438927
316044.87040585116 0.06266774251027958
317141.68039999536 0.0624079375567556
318242.2967908759 0.062151471628358566
319346.7327883069 0.061894113415095854
320455.0016479461 0.0
321567.116671454 0.0
322683.09120665427 0.0
323802.93864769104 0.0
324926.672435194 0.0
326054.30605643673 0.0
327185.8530454994 0.0
328321.326983432 0.0
329460.74149841425 0.0
330604.11026592366 0.0
331751.4470088968 0.0
332902.76549789455 0.0
334058.07955126825 0.0
335217.40303532267 0.0
336380.74986448674 0.0
337548.13400147745 0.0
338719.56945746863 0.0
339895.07029225933 0.0
341074.65061444003 0.0
342258.32458156615 0.0
343446.10640032514 0.0
344638.0103267076 0.0
345834.0506661794 0.0
347034.2417738501 0.0
348238.5980546498 0.0
349447.1339634991 0.0
350659.8640054834 0.0
351876.8027360276 0.0
353097.96476106776 0.0
354323.3647372312 0.0
355553.01737200917 0.0
356786.93742393394 0.0
358025.13970275706 0.0
359267.6390696242 0.0
360514.4504372573 0.0
361765.5887701314 0.0
363021.06908465445 0.0
364280.90644934855 0.0
365545.1159850277 0.0
366813.7128649837 0.0
368086.7123151656 0.0
369364.1296143627 0.0
370645.98009438923 0.0
371932.2791402647 0.0
373223.04219040385 0.0
374518.28473679814 0.0
375818.0223252031 0.0
377122.2705553253 0.0
378431.04508100665 0.0
379744.36161041673 0.0
381062.23590623855 0.0
382384.6837858583 0.0
383711.7211215558 0.0
385043.36384069227 0.0
386379.62792590604 0.0
387720.529415301 0.0
389066.08440264023 0.0
390416.3090375398 0.0
391771.21952565934 0.0
393130.8321289014 0.0
394495.16316560353 0.0
395864.22901073477 0.0
397238.0460960931 0.0
398616.63091049937 0.0
400000.0000000001 0.0
