91.0 0.0
94.0 0.0
96.0 0.0
98.0 0.0
100.0 0.0
102.0 1.8904521816277975e-13
104.0 2.622315017505627e-13
106.0 3.674231680960492e-13
108.0 5.15328379947297e-13
110.0 7.995431072159983e-13
114.0 1.3829804715080507e-12
118.0 2.3006813775435237e-12
121.0 5.2893533985248835e-12
125.0 8.607441853263843e-12
127.0 1.076979726067338e-11
128.0 1.2209944539520778e-11
131.0 1.6803143257972848e-11
132.0 1.8916242162329988e-11
134.0 2.3562079468095982e-11
137.0 3.234857059611235e-11
140.0 4.3527951220051275e-11
143.0 6.920412437723638e-11
147.0 1.1010411423815247e-10
151.0 1.5170769302584515e-10
155.0 2.1171845328280312e-10
159.0 2.87733976120689e-10
162.0 3.604874303710147e-10
166.0 4.735169186786518e-10
170.0 6.242184295677772e-10
173.0 7.521067093509582e-10
177.0 9.659564004673539e-10
180.0 1.1661313069619396e-09
182.0 1.3067982491901856e-09
186.0 1.6607794280672779e-09
191.0 2.1556070133762236e-09
194.0 2.517115476275018e-09
198.0 3.077935578534725e-09
202.0 3.800028626397921e-09
205.0 4.327709466392025e-09
210.0 5.416373725362437e-09
216.0 7.17263903535986e-09
220.0 8.461973306480551e-09
223.0 9.530762531459667e-09
227.0 1.1116825223091486e-08
230.0 3.469089773969055e-08
234.0 5.3262070467689764e-08
240.0 7.112954583133823e-08
246.0 8.068585998749858e-08
252.0 9.525301399493686e-08
257.0 9.370476071924668e-08
260.0 1.1149443212882323e-07
264.0 1.2467894182803146e-07
269.0 1.381750457939352e-07
274.0 1.523084197000792e-07
279.0 1.657799928188429e-07
284.0 1.838497947031029e-07
290.0 1.996549307761419e-07
296.0 2.2081634860885647e-07
301.0 2.2770598983915618e-07
308.0 2.5852294886881696e-07
318.0 3.140159405492846e-07
328.0 3.60836974721107e-07
338.0 4.1395157596495954e-07
348.0 4.722507448771844e-07
357.0 5.43050390918854e-07
366.0 6.38306378942741e-07
375.0 7.173947522938747e-07
385.0 8.282118823783692e-07
395.0 9.935482739381364e-07
405.0 1.1970762768302181e-06
414.0 1.4017894508871301e-06
422.0 1.6061802515220084e-06
430.0 1.8681002416549698e-06
441.0 2.3455373334309984e-06
451.0 2.8469219601075654e-06
460.0 3.3424331674623327e-06
470.0 4.178754516245992e-06
480.0 5.198269709140939e-06
490.0 6.3569409636027805e-06
500.0 7.96709750941869e-06
506.0 3.514163887121981e-05
512.0 0.00012264014547600522
520.0 0.00012878291889949334
530.0 0.00013936660626858843
540.0 0.00014103127588185912
550.0 0.0001841229031477774
560.0 0.00022641843765784056
570.0 0.0002590593161794162
580.0 0.0002652760274214751
590.0 0.00031608436215201265
600.0 0.0003364995646919247
610.0 0.00039921695629741526
620.0 0.0004705271756736286
630.0 0.0005169471329448885
640.0 0.0005581599653893985
650.0 0.0006274164385786516
658.0 0.0006766090131557588
665.0 0.0007340252273355202
675.0 0.0007994893441939955
685.0 0.0008273574620183517
695.0 0.0010021880246955121
705.0 0.0010180607522206125
716.0 0.0012249458114718397
726.0 0.001322673333960137
735.0 0.0014324440581962078
745.0 0.0015868088689480644
755.0 0.00171821315505389
765.0 0.0018591807640047204
775.0 0.0020561230833700175
785.0 0.002259508379139541
795.0 0.0024415661691543607
805.0 0.0026064813150884544
815.0 0.0028006462565096303
825.0 0.0030701833413704087
835.0 0.002971674528792736
845.0 0.0034813321469122703
855.0 0.0037506084726042707
865.0 0.00408099004621684
875.0 0.004418073756920824
885.0 0.004790581651249831
895.0 0.005144988872646781
905.0 0.0054287067545676
915.0 0.010636649194258736
925.0 0.04625074434071418
935.0 0.09247419402243896
945.0 0.1893015516435891
955.0 0.2407782739567249
965.0 0.28224964528010354
975.0 0.10439219639076665
985.0 0.32722456562267865
995.0 0.3256825695287697
1005.0 0.3828065747051735
1015.0 0.35286975458050973
1025.0 0.19334768077109982
1035.0 0.33605071778829787
1045.0 0.48041150283130535
1055.0 0.48080962816907596
1065.0 0.4486003291608594
1075.0 0.49259310462524014
1085.0 0.46612181660013746
1095.0 0.5317481415013786
1105.0 0.5245143193906449
1115.0 0.5336882835705301
1125.0 0.5081826665660784
1135.0 0.5724025585839302
1145.0 0.5571271840652757
1155.0 0.5828552969632547
1165.0 0.5961723583878064
1175.0 0.49330912299097285
1185.0 0.6083122643014338
1195.0 0.5670334318488685
1205.0 0.5028834259973488
1208.72 0.4339030714703207
1208.8 0.432371809263744
1208.87 0.43103151934103967
1208.94 0.4296908230348765
1209.02 0.4281581011652644
1209.09 0.4268165342806896
1209.16 0.425474561239696
1209.23 0.4241321821145179
1209.31 0.4225975373895812
1209.38 0.4212542883271679
1209.45 0.4199106334075172
1209.53 0.4183745309096199
1209.6 0.4170300065389773
1209.67 0.41568507653796355
1209.75 0.4141475170820041
1209.82 0.4128017181160853
1209.89 0.41145551374659856
1209.96 0.4101089040457013
1210.04 0.40856942529875023
1210.11 0.407221947273452
1210.18 0.4058740641434397
1210.26 0.40433313032650514
1210.33 0.40298437935781717
1210.4 0.40163522351104863
1210.47 0.4002856628583029
1210.55 0.3987428122382748
1210.62 0.39739238438687463
1210.69 0.39604155195602436
1210.77 0.39449724815266923
1210.84 0.39314554900852056
1210.91 0.39179344551138173
1210.99 0.390247689338107
1211.06 0.3888947196128626
1211.13 0.38754134576101246
1211.2 0.3861875678545828
1211.28 0.38463989843603197
1211.35 0.3832852549408153
1211.42 0.38193020761729496
1211.5 0.38038108771341356
1211.57 0.3790251752859265
1211.64 0.3776688592563449
1211.72 0.3761182896796397
1211.79 0.3747611090307442
1211.86 0.37340352500589075
1211.93 0.37204553767701043
1212.01 0.3704930584089031
1212.08 0.36913420709931627
1212.15 0.3677749527117337
1212.23 0.3662210256532782
1212.3 0.36486090776925767
1212.37 0.3635003870331987
1212.44 0.36213946351697385
1212.52 0.360583629247578
1212.59 0.35922184287301484
1212.66 0.35785965394413644
1212.74 0.3563023737653686
1212.81 0.35493932246203125
1212.88 0.3535758688301497
1212.96 0.3520171435529438
1213.03 0.35065282803031445
1213.1 0.3492881104048378
1213.17 0.34792299074830385
1213.25 0.34636236180714913
1213.32 0.3449963808972251
1213.39 0.34362999818183093
1213.47 0.34206792602103275
1213.54 0.340700682535564
1213.61 0.33933303747013577
1213.69 0.3377695228996723
1213.76 0.3364010175473069
1213.83 0.3350321108404085
1213.9 0.3336628028506818
1213.98 0.3320973881591113
1214.05 0.3307272205190568
1214.12 0.3293566518214972
1214.2 0.3277897965968333
1214.27 0.3264183687316806
1214.34 0.32504654003426037
1214.41 0.3236743105762173
1214.49 0.3221055577030725
1214.56 0.3207324697135102
1214.63 0.31935898118845424
1214.71 0.3177887896572146
1214.78 0.31641444308296907
1214.85 0.31503969619828137
1214.93 0.313468066817271
1215.0 0.312092462365543
1215.07 0.31071645782833485
1215.14 0.30934005327720443
1215.22 0.3077665297833162
1215.29 0.30638926830044194
1215.36 0.3050116070285028
1215.44 0.30343664755754685
1215.51 0.3020581298355969
1215.58 0.30067921254934954
1215.66 0.299102817908664
1215.73 0.29772304465396326
1215.8 0.2963428720596499
1215.87 0.2949623001971969
1215.95 0.2933840149748708
1216.02 0.2920025877784654
1216.09 0.29062076153849153
1216.17 0.2890410430168078
1216.24 0.2876583619240161
1216.31 0.2873157093514001
1216.38 0.2895743745290352
1216.46 0.2921564523808018
1216.53 0.2944164233201626
1216.6 0.2966770034419711
1216.68 0.2992612693776592
1216.75 0.3015231545197424
1216.82 0.3037856484983338
1216.9 0.306372101275379
1216.97 0.308635899533107
1217.04 0.3109003062815526
1217.11 0.31316532141072423
1217.19 0.31575465494469496
1217.26 0.31802097337653423
1217.33 0.32028789984350514
1217.41 0.3228794173404191
1217.48 0.325147646369662
1217.55 0.3274164830885935
1217.63 0.33001018330767434
1217.7 0.33228032184880363
1217.77 0.3345510677343288
1217.84 0.33682242085441655
1217.92 0.33941899640331696
1217.99 0.3416916503705448
1218.06 0.3439649112272429
1218.14 0.3465636666240542
1218.21 0.3488382275885719
1218.28 0.3511133950976176
1218.35 0.3533891690414707
1218.43 0.35599079598124167
1218.5 0.35826786905885405
1218.57 0.36054554822653423
1218.65 0.3631493521428989
1218.72 0.36542832970577555
1218.79 0.36770791301413575
1218.87 0.3703138926693909
1218.94 0.3725947736347229
1219.01 0.3748762600011
1219.08 0.37715835165896827
1219.16 0.3797671974435603
1219.23 0.3820505857857757
1219.3 0.38433457907525576
1219.38 0.38694559773167886
1219.45 0.38923088696804237
1219.52 0.3915167808076
1219.6 0.3941299710999981
1219.67 0.39641716014931744
1219.74 0.398704953457907
1219.81 0.40099335091638033
1219.89 0.4036094019325564
1219.96 0.40589909362962606
1220.03 0.40818938913286995
1220.11 0.41080760892225904
1220.18 0.4130991979277557
1220.25 0.4153913903958688
1220.32 0.4176841862173257
1220.4 0.42030526295885134
1220.47 0.4225993513124274
1220.54 0.4248940426760052
1220.62 0.4275172853310194
1220.69 0.42981326849115886
1220.76 0.43210985431810756
1220.84 0.4347352616539574
1220.91 0.4370331385422437
1220.98 0.4393316177543146
1221.05 0.4416306991810677
1221.13 0.44425895807743687
1221.2 0.4465593295968839
1221.27 0.448860302988198
1221.35 0.4514907237100659
1221.42 0.45379298645965266
1221.49 0.4560958507384461
1221.57 0.4587284320550663
1221.64 0.4610325849580477
1221.71 0.46333733904774355
1221.78 0.46564269421521987
1221.86 0.4682781217090776
1221.93 0.470584764533615
1222.0 0.4728920080936472
1222.08 0.4755295933313744
1222.15 0.47783812381518653
1222.22 0.4801472546923778
1222.29 0.4824569858541358
1222.37 0.48509741351318114
1222.44 0.48740843063265465
1222.51 0.48972004769478444
1222.59 0.49236263024995425
1222.66 0.49467553253733154
1222.73 0.4969890344256277
1222.81 0.4996337706494578
1222.88 0.5019485570308817
1222.95 0.5042639426716521
1223.02 0.5065799274631297
1223.1 0.5092275007393938
1223.17 0.5115447690594737
1223.24 0.5138626361888964
1225.0 0.565897951519029
1235.0 0.6707859200762784
1245.0 0.712291734552901
1255.0 0.7191332926975774
1265.0 0.7164509149991691
1275.0 0.7673875955952433
1285.0 0.7811667888519074
1295.0 0.7274958623833115
1305.0 0.7484477502163212
1315.0 0.8111660407079249
1325.0 0.8003709474933844
1335.0 0.7873132581462348
1345.0 0.8249948070821652
1355.0 0.8383424241387836
1365.0 0.8200331540234684
1375.0 0.8303841043989018
1385.0 0.8343984277607935
1395.0 0.7715565847526021
1405.0 0.7866667327038716
1415.0 0.8441032682769344
1425.0 0.8489596838164087
1435.0 0.8683527211870434
1442.0 0.8851593150189299
1447.0 0.8826906720966338
1455.0 0.8832286612046961
1465.0 0.8687678627049553
1475.0 0.8754760781529396
1485.0 0.8819203855343853
1495.0 0.8863198357624297
1505.0 0.8583995300967291
1512.0 0.8348279487690182
1517.0 0.849851655122965
1525.0 0.8540696669475598
1535.0 0.8046325024293395
1545.0 0.8131720466821234
1555.0 0.8032319653636747
1565.0 0.8425116776258803
1575.0 0.872885012955126
1585.0 0.8834890310547755
1595.0 0.8940985131622561
1605.0 0.8819638400632884
1615.0 0.8832129600231795
1625.0 0.8861334608212456
1635.0 0.9094071750559017
1645.0 0.9069935161818247
1655.0 0.9098095364893188
1665.0 0.9295208675466567
1672.0 0.9170197152449908
1677.0 0.9487291382820768
1685.0 0.950935034078381
1695.0 0.9342645087511089
1705.0 0.9259350372196219
1715.0 0.9065649692534457
1725.0 0.907268447344911
1735.0 0.932625028874872
1745.0 0.9261579541942304
1755.0 0.9416046859228621
1765.0 0.9245546901682329
1775.0 0.9258264101982733
1785.0 0.936845527287881
1795.0 0.9544594404417149
1805.0 0.956777672681759
1815.0 0.9311476669982838
1825.0 0.9444847674022578
1835.0 0.9398228329805537
1845.0 0.898019844994241
1855.0 0.8973776776326136
1865.0 0.9123884554250129
1875.0 0.9423474092315354
1885.0 0.8901815244689277
1895.0 0.870403959084886
1905.0 0.9107151422323434
1915.0 0.8865878039415205
1925.0 0.8779293824517145
1935.0 0.9028771657311181
1945.0 0.9270347354301601
1955.0 0.8844146739666078
1967.0 0.9254396042646644
1976.0 0.9521084936265013
1984.0 0.9297225473733888
1995.0 0.9094249969135146
2005.0 0.9303899083397054
2015.0 0.9353438014835466
2025.0 0.950679314924827
2035.0 0.9279017379087857
2045.0 0.9301156368243728
2055.0 0.9020312733279295
2065.0 0.9162040514768724
2074.0 0.9558720782426823
2078.0 0.9385785608406885
2085.0 0.9385127206946192
2095.0 0.9176824561024436
2105.0 0.9382342639636247
2115.0 0.9438971918038351
2125.0 0.9519119038584953
2135.0 0.9411161832256371
2145.0 0.9359225321944528
2155.0 0.9493325551596538
2165.0 0.9457200965933276
2175.0 0.9433975602070236
2185.0 0.9425273630052913
2195.0 0.9502018993178435
2205.0 0.944064528143423
2215.0 0.9376424274230584
2225.0 0.9320294321108913
2235.0 0.939462576834642
2245.0 0.9371156507725311
2255.0 0.929938513396178
2265.0 0.9363848715537619
2275.0 0.9387810200737049
2285.0 0.943173560467235
2295.0 0.9232142351136853
2305.0 0.9305899071694077
2315.0 0.9264175851437526
2325.0 0.8525233849572929
2335.0 0.9086099633489245
2345.0 0.9037134780677103
2355.0 0.9152480302531079
2365.0 0.9042249707856883
2375.0 0.9062328946539155
2385.0 0.8947553098612
2395.0 0.9018834936429714
2405.0 0.8964296492157516
2415.0 0.8963656726370418
2425.0 0.9032460779372584
2435.0 0.8935516569099115
2445.0 0.8985056816772978
2455.0 0.9002246415080785
2465.0 0.8946932032407865
2475.0 0.8908049693790077
2485.0 0.8866556589555453
2495.0 0.8562177631139081
2505.0 0.8893623823103556
2513.0 0.8701871414155463
2518.0 0.8853546155850472
2525.0 0.8751344465787902
2535.0 0.8733587999640916
2545.0 0.8683019925835358
2555.0 0.8785499082778947
2565.0 0.8753669830956446
2575.0 0.8821644202945469
2585.0 0.8807291296801069
2595.0 0.8787859449838027
2605.0 0.8736942552288596
2615.0 0.8693710906857367
2625.0 0.8709891987391242
2635.0 0.8726016161925747
2645.0 0.8849685593508257
2655.0 0.8847725202842576
2665.0 0.8748289101060781
2675.0 0.8770245228179689
2685.0 0.8786256152630001
2695.0 0.8695302705129027
2705.0 0.8702068389780498
2715.0 0.8653722390185745
2725.0 0.8582147061193275
2735.0 0.8660741319599966
2745.0 0.8516272334482964
2755.0 0.8487152232310707
2765.0 0.8502236774081874
2775.0 0.8597058787244761
2785.0 0.8550382088593055
2795.0 0.8241888802861186
2805.0 0.836010058221567
2815.0 0.853446234697271
2825.0 0.8503768482439736
2835.0 0.8429559354339538
2845.0 0.8423984632986102
2855.0 0.8394120812413642
2865.0 0.8462085403300573
2875.0 0.8447073097688683
2885.0 0.8422203304180085
2895.0 0.8407353106502017
2910.0 0.843898142682734
2930.0 0.8368157284223086
2950.0 0.8291720237973854
2970.0 0.8302759504845926
2990.0 0.8270336437856018
3010.0 0.8232718529472597
3030.0 0.8183042219172016
3050.0 0.8146228076058818
3070.0 0.8109268688068587
3090.0 0.8055759199554708
3110.0 0.8036681029716998
3130.0 0.7972429662681261
3150.0 0.7919336683534921
3170.0 0.7884058834687447
3190.0 0.7768435404204672
3210.0 0.7781619260228624
3230.0 0.7720900176267591
3250.0 0.7735601165226965
3270.0 0.7735192997146767
3290.0 0.7678722159875471
3310.0 0.7646494707304033
3330.0 0.7845840379038688
3350.0 0.7906767500822038
3370.0 0.7525524144116905
3390.0 0.7708681475911122
3410.0 0.7501876538589849
3430.0 0.7687949658141896
3450.0 0.7725926932729036
3470.0 0.747040525013889
3490.0 0.7597649112338661
3510.0 0.743658813082867
3530.0 0.7568331135844152
3550.0 0.7775336107495818
3570.0 0.766711820040806
3590.0 0.7264191556115599
3610.0 0.7554142177121629
3630.0 0.7901285754595546
3640.0 0.7686088475976539
3650.0 0.7709162995680219
3670.0 0.7686863010733567
3690.0 0.8226936144182987
3704.66 0.7570687101291041
3704.88 0.746153821373757
3705.11 0.7347412546451079
3705.33 0.7238234070531823
3705.55 0.7129041129235822
3705.78 0.7014869405864307
3706.0 0.6905646876394833
3706.22 0.6796409881643355
3706.45 0.6682192102487713
3706.67 0.678149728090208
3706.89 0.6880815493613762
3707.12 0.6984662106970356
3707.34 0.7084006980647217
3707.56 0.7183364888525222
3707.79 0.7287253001270757
3708.01 0.7386637569916349
3708.24 0.7490553555212315
3708.46 0.7589964784491551
3708.68 0.7689389047809241
3708.91 0.779334653197631
3709.13 0.7892797455727272
3709.35 0.7901813621657094
3709.58 0.7875778721690864
3709.8 0.7850872347941069
3710.0 0.7828227283120183
3710.02 0.7825962624373833
3710.25 0.7799917058976309
3710.47 0.7775000483528555
3710.7 0.7748947754814731
3710.92 0.7724024327511975
3711.14 0.7699097550422879
3711.37 0.767303415637681
3711.59 0.7648100527471171
3711.81 0.7623163548798109
3712.04 0.7679909015361412
3712.26 0.7837185584274495
3712.48 0.7994482786724771
3712.71 0.8158951923642697
3712.93 0.8316291330894021
3713.16 0.8480804590898869
3713.38 0.8638186202732828
3713.6 0.8795588447837811
3713.83 0.8960167401791168
3714.05 0.911761185115074
3714.27 0.9275076933620285
3714.5 0.9439721581009336
3714.72 0.9590022055804236
3714.94 0.9707909430836666
3715.17 0.9831171809906065
3715.39 0.9949090725224944
3715.62 1.0072386078141145
3715.84 1.0190336533575908
3716.06 1.0308302408559977
3716.29 1.0431646855537726
3716.51 1.0549644270381218
3716.73 1.0667657104648116
3716.96 1.079105064528659
3717.18 1.0909095019154127
3717.4 1.102715481231864
3717.63 1.1848851751350022
3717.85 1.2698541532348242
3718.08 1.3586972838364495
3718.3 1.4436890772923217
3718.52 1.5286920248778728
3718.75 1.6175706689383038
3718.97 1.702596431698778
3719.19 1.7876333485004436
3719.42 1.8765475057368357
3719.64 1.9616072375307771
3719.86 2.0466781232763327
3720.09 2.1356277934034718
3720.31 2.2659023754278262
3720.53 2.4220133848501537
3720.76 2.5852422421431815
3720.98 2.7413951335727225
3721.21 2.904667776481621
3721.43 3.060862549690196
3721.65 3.2170777983519665
3721.88 3.3804156327335835
3722.1 3.5366727628315187
3722.32 3.692950368214499
3722.55 3.856353393533477
3722.77 4.012672880007289
3722.99 4.181879523098415
3723.22 4.382342867222594
3723.44 4.574116101511134
3723.67 4.774633156277696
3723.89 4.966457765818805
3724.11 5.1583074920454335
3724.34 5.358904515431165
3724.56 5.550805616478989
3724.78 5.742731834000606
3725.01 5.943408825331395
3725.23 6.135386417239432
3725.45 6.327389125407471
3725.68 6.511168001644916
3725.9 6.516449824805971
3726.13 6.52197241040922
3726.35 6.527255533616196
3726.57 6.5325392923961845
3726.8 6.538063901590336
3727.02 6.543348960395737
3727.24 6.548634654764093
3727.47 6.554161287517156
3727.69 6.559448281890357
3727.91 6.564735911816408
3728.14 6.570264568096269
3728.36 6.575553498006488
3728.59 6.438980239485143
3728.81 6.279709756799026
3729.03 6.120418360796156
3729.26 5.953864086027064
3729.48 5.794529912966604
3729.7 5.635174826766223
3729.93 5.468553966979507
3730.0 5.417838733603868
3730.15 5.3091561040833195
3730.37 5.149737328225429
3730.6 4.983049883987465
3730.82 4.823588331799038
3731.05 4.656856166981124
3731.27 4.48849097111703
3731.49 4.3139688549264905
3731.72 4.131489457161147
3731.94 3.9569205516075225
3732.16 3.7823287713543396
3732.39 3.5997765431912874
3732.61 3.4251379739834693
3732.83 3.2504765302765346
3733.06 3.067851472353959
3733.28 2.893143240103933
3733.51 2.710469267031897
3733.73 2.535714246517644
3733.95 2.381521826276829
3734.18 2.2776928100633924
3734.4 2.17836479825316
3734.62 2.0790237814022747
3734.85 1.9751533586435654
3735.07 1.875785740691368
3735.29 1.7764051178148963
3735.52 1.6724932888814488
3735.74 1.573086065142796
3735.96 1.4736658365966957
3736.19 1.3697126018617805
3736.41 1.270265772694382
3736.64 1.170054940894856
3736.86 1.1535318525661404
3737.08 1.1370065956399966
3737.31 1.1197278719819126
3737.53 1.1031981793078458
3737.75 1.086666318055593
3737.98 1.0693806898953826
3738.2 1.0528443929347442
3738.42 1.036305927415236
3738.65 1.0190133948146187
3738.87 1.0024704936265574
3739.1 0.9851733237500944
3739.32 0.9686259869203043
3739.54 0.9537136403956987
3739.77 0.938763254277458
3739.99 0.9244609676524157
3740.21 0.9101568063450047
3740.44 0.8952004514551146
3740.66 0.8808924555877012
3740.88 0.8665825850550386
3741.11 0.8516202614480065
3741.33 0.8373065563904848
3741.56 0.8223402239743767
3741.78 0.8080226844156841
3742.0 0.7937032702206941
3742.23 0.7855411314251012
3742.45 0.7848395395116455
3742.67 0.7841378493157138
3742.9 0.7834041590259343
3743.12 0.7827022677980758
3743.34 0.7820002782881389
3743.57 0.7812662750795998
3743.79 0.7805640845385565
3744.02 0.7798298711614227
3744.24 0.7791274795898285
3744.46 0.7784249897368362
3744.69 0.7776904634431057
3744.91 0.7778832724191124
3745.13 0.7811209977074111
3745.36 0.7845063362342852
3745.58 0.7877449107349475
3745.8 0.7909839004037906
3746.03 0.7943705607780893
3746.25 0.7976103996497952
3746.48 0.8009979478237451
3746.7 0.8042386358919079
3746.92 0.8074797391204486
3747.15 0.8108686091169812
3747.37 0.8141105615323787
3747.59 0.8173529291034507
3747.82 0.8113957750846102
3748.04 0.8048452883452786
3748.26 0.7982939418264379
3748.49 0.791443887543341
3748.71 0.7848907823928907
3748.93 0.778336817471054
3749.16 0.7714840257752913
3750.0 0.7464484557023037
3770.0 0.8144717055904281
3790.0 0.8146478325210618
3810.0 0.9227746312489618
3830.0 0.8281645886048128
3850.0 0.9337517018246037
3870.0 2.2606971855188327
3890.0 1.376733773636713
3910.0 1.0151348644758216
3930.0 0.9197829460629943
3950.0 0.9070273294926868
3970.0 1.5547079430933062
3990.0 1.0
4010.0 1.0152787071327352
4030.0 1.0029597711901508
4050.0 0.9598667308395715
4070.0 1.074580832657801
4078.2 0.9751376296260211
4078.45 0.9749814854862608
4078.7 0.9748253111939518
4078.94 0.974675355505927
4079.19 0.9745191221149663
4079.43 0.9743691096924558
4079.68 0.9745000401852579
4079.93 0.9755405792556495
4080.17 0.9765396190546075
4080.42 0.9775804128969913
4080.66 0.9785796972737818
4080.91 0.9796207458813265
4081.16 0.9806619244684628
4081.4 0.9816615781952615
4081.65 0.9827030115372315
4081.9 0.9837445748535193
4082.14 0.9847445979153382
4082.39 0.9857836502871185
4082.63 0.9867507273249606
4082.88 0.9877582220775712
4083.13 0.9887658421735672
4083.37 0.9897332753871716
4083.62 0.9907411411511777
4083.86 0.9917088102028758
4084.11 0.9927169216282304
4084.36 0.9937251583884381
4084.6 0.9946931835916554
4084.85 0.995701666003139
4085.1 0.9967102737443339
4085.34 0.9984510776351377
4085.59 1.0002996284164534
4085.83 1.002074460587208
4086.08 1.0039234768253187
4086.33 1.0057727305368198
4086.57 1.0075482375119627
4086.82 1.0093979566623523
4087.06 1.0111739104531268
4087.31 1.0130240950305305
4087.56 1.0148745170661193
4087.8 1.0166511456180733
4088.05 1.012328629179941
4088.3 1.0064620722166626
4088.54 1.0008294319041589
4088.79 0.9949613215586933
4089.03 0.9893271900164122
4089.28 0.9834575263244622
4089.53 0.9775870701225648
4089.77 0.9719506865840322
4090.0 0.9665484670126745
4090.02 0.96607867708965
4090.26 0.9604408024075047
4090.51 0.9545672396564476
4090.76 0.9560735159480749
4091.0 0.9615055178701167
4091.25 0.9671645838662293
4091.5 0.9728243954253135
4091.74 0.9782585159390896
4091.99 0.9839197887747712
4092.23 0.9893553120970267
4092.48 0.9950180461737449
4092.73 1.0006815257678932
4092.97 1.0061191675524608
4093.22 1.0117841083338688
4093.47 1.0237318999828302
4093.71 1.040770536838721
4093.96 1.0585214251580535
4094.2 1.0755644938488644
4094.45 1.093319998607509
4094.7 1.111077858649596
4094.94 1.1281276201138533
4095.19 1.1458900964276424
4095.43 1.1629442894593693
4095.68 1.1807113819337212
4095.93 1.1984808295491762
4096.17 1.222798029605732
4096.42 1.260730347853917
4096.67 1.2986677050149935
4096.91 1.3350923084414958
4097.16 1.3730395416925987
4097.4 1.4094736260515135
4097.65 1.4474307351550495
4097.9 1.4853928828671865
4098.14 1.5218412849364074
4098.39 1.5598133081416607
4098.63 1.596271190569804
4098.88 1.6308690566663107
4099.13 1.6519344809267495
4099.37 1.6721599103393117
4099.62 1.6932307973216671
4099.87 1.7143044713558728
4100.11 1.734537820454957
4100.36 1.7556169570104119
4100.6 1.7758555500661233
4100.85 1.7969401490097696
4101.1 1.8180275348348593
4101.34 1.8382740470927843
4101.59 1.855139525399321
4101.83 1.8246593381028564
4102.08 1.7929049898748266
4102.33 1.761146403812647
4102.57 1.7306541742866839
4102.82 1.698887282219821
4103.07 1.6671161524721854
4103.31 1.6366118811524508
4103.56 1.6048324457010088
4103.8 1.5743202010014739
4104.05 1.5425324600457362
4104.3 1.5107404816647385
4104.54 1.4834281531287146
4104.79 1.455278276644159
4105.03 1.4282508648761512
4105.28 1.4000936335552203
4105.53 1.3719326498350133
4105.77 1.3448945752491417
4106.02 1.3167262369602686
4106.27 1.2885541464088193
4106.51 1.261505409393738
4106.76 1.2333259645417798
4107.0 1.206270167483536
4107.25 1.1915835117920985
4107.5 1.1811583817399907
4107.74 1.1711489448570078
4107.99 1.1607210814193811
4108.23 1.1507090205177735
4108.48 1.140278423760216
4108.73 1.1298464324769653
4108.97 1.1198304088911188
4109.22 1.1093956843871284
4109.47 1.0989595654080946
4109.71 1.088939579282013
4109.96 1.0800148292700045
4110.0 1.0787230291309062
4110.2 1.0722636134454633
4110.45 1.064188371213732
4110.7 1.0561120483000108
4110.94 1.0483577616095343
4111.19 1.0402793205975727
4111.44 1.032199798942881
4111.68 1.024442441497999
4111.93 1.01636080182208
4112.17 1.0086014111013548
4112.42 1.0005176534552749
4112.67 0.9944966944237379
4112.91 0.9908623853011418
4113.16 0.9870761460009447
4113.4 0.9834408756728261
4113.65 0.9796536351287461
4113.9 0.9758658837551034
4114.14 0.9722291618536872
4114.39 0.9684404092720562
4114.64 0.9646511458791907
4114.88 0.9610129724565887
4115.13 0.9572227078916904
4115.37 0.9536302204174372
4115.62 0.9499847395106142
4115.87 0.9463387671218867
4116.11 0.9428381712480803
4116.36 0.9391912355721506
4116.6 0.9356897149536415
4116.85 0.9320418160134837
4117.1 0.9283934256208429
4117.34 0.9248905084909765
4117.59 0.9212411548688508
4117.84 0.9175913098119839
4118.08 0.9164196607755399
4118.33 0.9273491245745697
4118.57 0.9378427619033707
4118.82 0.9487750425215528
4119.07 0.959708760265095
4119.31 0.9702064813293477
4119.56 0.981143015785098
4119.81 0.9920809873116005
4120.05 1.002582791956055
4120.3 1.0135235800876519
4120.54 1.024028088638917
4120.79 1.0344772324872167
4121.04 1.0330599040622224
4121.28 1.0316990834923272
4121.53 1.0302813690655588
4121.77 1.0289201779381318
4122.02 1.0275020775182924
4122.27 1.026083780166569
4122.51 1.0247220294375057
4122.76 1.023303346105874
4123.01 1.02188446584908
4123.25 1.0205221555374762
4123.5 1.0191028893139604
4123.74 1.013398969362926
4123.99 1.0070454785144223
4124.24 1.0006911392713322
4124.48 0.9945901754381954
4124.73 0.9882341733725045
4124.97 0.9821316132492303
4125.22 0.9757739484017467
4125.47 0.9694154352119412
4125.71 0.9633104644391539
4125.96 0.9569502885292681
4126.21 0.9505892643085712
4126.45 0.946333143640455
4126.7 0.9425419439110231
4126.94 0.9389019133017263
4127.19 0.9351097159345568
4130.0 0.9341130100701054
4150.0 1.0057630026341202
4170.0 1.0035436098215522
4190.0 1.0342524600772516
4210.0 0.9699140127878696
4230.0 0.9998514084916226
4250.0 1.026728228085997
4270.0 0.9481356883014053
4290.0 0.9494039026891207
4310.0 0.9038110965878955
4315.65 0.9291985033007527
4315.91 0.9271367692511215
4316.17 0.9250747591762467
4316.43 0.923012473080676
4316.69 0.9209499109689644
4316.95 0.918887072845647
4317.21 0.9168239587152835
4317.47 0.9147605685824274
4317.73 0.9126969024516416
4317.99 0.910632960327468
4318.25 0.9085687422144737
4318.52 0.9125724849541628
4318.78 0.9193886115006522
4319.04 0.9262056133506638
4319.3 0.9330234904888692
4319.56 0.9398422428999578
4319.82 0.9466618705685919
4320.08 0.9534823734794973
4320.34 0.9603037516173253
4320.6 0.9671260049667431
4320.86 0.9739491335123907
4321.12 0.9800000283012504
4321.38 0.9801241456349424
4321.64 0.9802482700914084
4321.9 0.9803724016703116
4322.16 0.9804965403713187
4322.42 0.9806206861940935
4322.68 0.9807448391382997
4322.94 0.9808689992036023
4323.2 0.9809931663896665
4323.46 0.9811173406961565
4323.73 0.9812462984736371
4323.99 0.97769502296146
4324.25 0.9718459649195402
4324.51 0.9659961408904353
4324.77 0.9601455508872323
4325.03 0.9542941949230459
4325.29 0.9484420730109311
4325.55 0.9425891851640108
4325.81 0.9367355313953929
4326.07 0.9308811117182089
4326.33 0.9250259261455345
4326.59 0.9197824417380046
4326.85 0.9218883505668741
4327.11 0.9239945233795922
4327.37 0.9261009601713796
4327.63 0.9282076609374319
4327.89 0.9303146256729531
4328.15 0.9324218543731358
4328.41 0.9345293470331947
4328.67 0.9366371036483196
4328.94 0.9388262071988863
4329.2 0.9409345018613839
4329.46 0.9477880856212816
4329.72 0.9587099737766821
4329.98 0.9696332646975836
4330.0 0.9704735759473724
4330.24 0.9805579583593608
4330.5 0.9914840547372641
4330.76 1.002411553806574
4331.02 1.013340455542563
4331.28 1.0242707599204548
4331.54 1.0352024669155813
4331.8 1.0461355765031488
4332.06 1.057070088658395
4332.32 1.0978143338362936
4332.58 1.1385638306101256
4332.84 1.1793185788875498
4333.1 1.2200785785763344
4333.36 1.2608438295840714
4333.62 1.3016143318187503
4333.88 1.3423900851878983
4334.15 1.3847396946329389
4334.41 1.425526151951664
4334.67 1.466317860124118
4334.93 1.5218048037197864
4335.19 1.5944383145223955
4335.45 1.667081182609965
4335.71 1.7397334078175364
4335.97 1.8123949899803469
4336.23 1.8850659289333211
4336.49 1.9577462245120898
4336.75 2.0304358765514614
4337.01 2.10313488488644
4337.27 2.175843249351976
4337.53 2.2485609697827003
4337.79 2.2940232469531323
4338.05 2.33721915171541
4338.31 2.3804206040998697
4338.57 2.4236276040081193
4338.83 2.466840151342189
4339.09 2.510058246003615
4339.35 2.5532818878940584
4339.62 2.5981738488083796
4339.88 2.641408798207113
4340.14 2.684649294535841
4340.4 2.6968200761773278
4340.66 2.6666143153130095
4340.92 2.636404639154229
4341.18 2.6061910477695935
4341.44 2.5759735412278406
4341.7 2.5457521195974127
4341.96 2.5155267829470955
4342.22 2.4852975313455947
4342.48 2.455064364861743
4342.74 2.4248272835640825
4343.0 2.394586287521494
4343.26 2.3270126051218716
4343.52 2.2526427171800907
4343.78 2.1782632364623566
4344.04 2.1038741631376667
4344.3 2.0294754973758513
4344.57 1.9522051917094412
4344.83 1.8777869726588832
4345.09 1.8033591616868048
4345.35 1.7289217589630166
4345.61 1.654474764657651
4345.87 1.5888333886625574
4346.13 1.5398355776872492
4346.39 1.490831450946464
4346.65 1.4418210085522742
4346.91 1.3928042506162763
4347.17 1.3437811772506207
4347.43 1.2947517885673245
4347.69 1.245716084678615
4347.95 1.1966740656962453
4348.21 1.1476257317325198
4348.47 1.0985710828996111
4348.73 1.0807386871039166
4348.99 1.0703398408269555
4349.25 1.0599396485669477
4349.51 1.0495381103476555
4349.78 1.0387350883852797
4350.0 1.029931552899456
4350.04 1.0283308065533796
4350.3 1.0179251788344483
4350.56 1.0075182052522824
4350.82 0.9971098858307225
4351.08 0.9867002205935091
4351.34 0.9803592033207629
4351.6 0.9850651980986385
4351.86 0.989771788295533
4352.12 0.9944789739006309
4352.38 0.9991867549030654
4352.64 1.003895131291981
4352.9 1.008604103056503
4353.16 1.0133136701858034
4353.42 1.0180238326689992
4353.68 1.0227345904952212
4353.94 1.0274459436535808
4354.2 1.026870033068026
4354.46 1.0243457557672255
4354.72 1.021821145381575
4354.99 1.0191990820550063
4355.25 1.0166737927065275
4355.51 1.0141481702906925
4355.77 1.0116222148132634
4356.03 1.0090959262800123
4356.29 1.0065693046966875
4356.55 1.0040423500690647
4356.81 1.005105782121446
4357.07 1.0212513310336828
4357.33 1.0373989406906026
4357.59 1.0535486110549002
4357.85 1.0697003420893147
4358.11 1.0858541337565168
4358.37 1.1020099860193338
4358.63 1.1181678988404113
4358.89 1.1343278721824392
4359.15 1.1504899060080367
4359.41 1.1666540002799821
4359.67 1.1795555186518647
4359.93 1.1907302316368946
4360.2 1.202336245050221
4360.46 1.2135138541679278
4360.72 1.224692883990676
4360.98 1.2358733344925537
4361.24 1.2470552056477557
4361.5 1.258238497430354
4361.76 1.2694232098144473
4362.02 1.2806093427741299
4362.28 1.2897192999304938
4362.54 1.2874029004263121
4362.8 1.2850861928876853
4363.06 1.2827691773199137
4363.32 1.2804518537283054
4363.58 1.2781342221181462
4363.84 1.2758162824947508
4364.1 1.2734980348634244
4364.36 1.2711794792294848
4364.62 1.268860615598225
4364.88 1.2665414439749663
4365.15 1.2565125732335094
4365.41 1.2418087115672054
4365.67 1.2271029582886066
4365.93 1.2123953134317411
4366.19 1.197685777030698
4366.45 1.1829743491194242
4366.71 1.168261029732033
4366.97 1.1535458189025964
4367.23 1.1388287166652509
4367.49 1.1241097230539883
4370.0 1.0858172119789802
4390.0 0.9569384439451402
4410.0 0.9930004680712912
4430.0 0.9898776183399988
4450.0 0.9959496735773408
4470.0 1.1144435989058172
4490.0 1.0335443921317156
4510.0 1.000590245711738
4530.0 0.964537558206029
4550.0 0.9508025838156541
4570.0 1.0068155533312402
4590.0 0.9819459617497578
4610.0 1.0286999975263953
4630.0 1.0033742047458414
4650.0 0.9646003564025228
4670.0 0.9860111977573265
4690.0 0.9580140943404746
4710.0 1.0132638687685678
4730.0 1.0265545704449164
4750.0 0.9969531497214676
4770.0 0.9695352657333777
4790.0 0.9891096961381215
4810.0 1.0227867370454495
4830.0 0.9804160528759583
4834.84 0.9295135024027035
4835.13 0.9355859539664262
4835.42 0.9416591543733894
4835.71 0.9477331036022089
4836.0 0.9538078016314959
4836.29 0.9598832484398613
4836.59 0.9661689813454645
4836.88 0.9722459514659065
4837.17 0.9740018099058732
4837.46 0.9746303663695712
4837.75 0.9752589924463186
4838.05 0.9759093685371523
4838.34 0.9765381362337987
4838.63 0.9771669735369563
4838.92 0.9777958804444704
4839.21 0.978424856954185
4839.5 0.979053903063945
4839.8 0.980076467719431
4840.09 0.9816858184805866
4840.38 0.9832953608771701
4840.67 0.9849050949035582
4840.96 0.9865150205541278
4841.26 0.9881806625260203
4841.55 0.9897909780153197
4841.84 0.9914014851117308
4842.13 0.9930121838096254
4842.42 0.9946230741033754
4842.72 0.9934732833236408
4843.01 0.9922677823394511
4843.3 0.9910621225135229
4843.59 0.9898563038501922
4843.88 0.988650326353793
4844.17 0.9874441900286626
4844.47 0.9861962956619454
4844.76 0.9849898362158879
4845.05 0.983783217954262
4845.34 0.9840699818905363
4845.63 0.9854111024968311
4845.93 0.9867986348701702
4846.22 0.9881400768475146
4846.51 0.9894816767798004
4846.8 0.9908234346623468
4847.09 0.9921653504904732
4847.38 0.9935074242594982
4847.68 0.994895942633523
4847.97 0.9972440583731214
4848.26 1.0044202160287496
4848.55 1.0115972563112914
4848.84 1.0187751791953963
4849.14 1.0262015454128302
4849.43 1.0333812638563284
4849.72 1.0405618648244381
4850.0 1.047495696240288
4850.01 1.0477433482917917
4850.3 1.0549257142330175
4850.59 1.06210896262274
4850.89 1.0909723330142727
4851.18 1.125182704192779
4851.47 1.1593973121916894
4851.76 1.1936161568898145
4852.05 1.2278392381659475
4852.35 1.263246883794096
4852.64 1.297478583940908
4852.93 1.3317145202977976
4853.22 1.3659546927434745
4853.51 1.4355286493354256
4853.81 1.5769560688195723
4854.1 1.7136864780571228
4854.39 1.8504338317202338
4854.68 1.9871981293240373
4854.97 2.123979370383584
4855.26 2.260777554413845
4855.56 2.402310746091892
4855.85 2.5391433988064236
4856.14 2.6759929930193587
4856.43 2.9028092490762334
4856.72 3.132866283813406
4857.02 3.3708862970652724
4857.31 3.601001287108156
4857.6 3.83114476241862
4857.89 4.061316722180127
4858.18 4.291517165575997
4858.47 4.521746091789417
4858.77 4.759943918624196
4859.06 4.918230463957396
4859.35 5.025709664869462
4859.64 5.133202133139058
4859.93 5.240707868384885
4860.23 5.351934658630102
4860.52 5.459467384133389
4860.81 5.567013375455122
4861.1 5.674572632214081
4861.39 5.78214515402864
4861.68 5.85654088658198
4861.98 5.718907021417435
4862.27 5.585844150038183
4862.56 5.452764762193375
4862.85 5.319668858355817
4863.14 5.186556438998813
4863.44 5.048836557130466
4863.73 4.915690538695215
4864.02 4.782528006176812
4864.31 4.649348960049709
4864.6 4.44883435641484
4864.9 4.219219595496523
4865.19 3.997230700314047
4865.48 3.7752143201944968
4865.77 3.5531704559267587
4866.06 3.331099108301944
4866.35 3.1090002781091965
4866.65 2.8792139479870804
4866.94 2.657059207422347
4867.23 2.473687602833013
4867.52 2.3538055197970635
4867.81 2.2339086018364647
4868.11 2.1098616967803143
4868.4 1.9899345987375163
4868.69 1.8699926670645082
4868.98 1.7500359021881307
4869.27 1.6300643045349195
4869.56 1.51007787453261
4869.86 1.3859383735233708
4870.0 1.3617200771386628
4870.15 1.3385494164296048
4870.44 1.2937486005539727
4870.73 1.2489422416317932
4871.02 1.2041303398224892
4871.32 1.1577673673064337
4871.61 1.1129441890819174
4871.9 1.06811546845477
4872.19 1.02328120558466
4872.48 0.9784414006312825
4872.77 0.9564683605628213
4873.07 0.9529605625685221
4873.36 0.9495692570601499
4873.65 0.9461775248080518
4873.94 0.9427853658243784
4874.23 0.9393927801212814
4874.53 0.9358827596724031
4874.82 0.9324893058535144
4875.11 0.9290954253520898
4875.4 0.9269720274120536
4875.69 0.9327920318733613
4875.98 0.9386127456936761
4876.28 0.9446349202333872
4876.57 0.9504570771685686
4876.86 0.9562799434000301
4877.15 0.9621035189070926
4877.44 0.9679278036690739
4877.74 0.9739536721768208
4878.03 0.9797793998418547
4878.32 0.9801994942036838
4878.61 0.9788993258757813
4878.9 0.9775989887881876
4879.2 0.9762536349067156
4879.49 0.9749529544949792
4879.78 0.9736521053378465
4880.07 0.9723510874400308
4880.36 0.9710499008062449
4880.65 0.9697485454412029
4880.95 0.9696629587880649
4881.24 0.9716855239078944
4881.53 0.9737083294894372
4881.82 0.9757313755255526
4882.11 0.9777546620090978
4882.41 0.9798479700117941
4882.7 0.9818717456594399
4882.99 0.9838957617328371
4883.28 0.9859200182248384
4883.57 0.987944515128297
4883.86 0.9873991681396919
4884.16 0.9866379825371929
4884.45 0.9859020689363921
4884.74 0.9851660561959563
4885.03 0.9844299443185885
4885.32 0.9836937333069928
4885.62 0.9829320313908677
4885.91 0.9821956187007398
4886.2 0.9814591068845894
4886.49 0.9797135474857189
4886.78 0.9771479439515478
4887.07 0.974582016533858
4887.37 0.971927268041545
4887.66 0.9693606817169409
4887.95 0.966793771536857
4888.24 0.9642265375105358
4888.53 0.9616589796472224
4888.83 0.9590025445359909
4889.12 0.9574357911126431
4889.41 0.9621283665877197
4889.7 0.9668215100053407
4890.0 0.9716770835933809
4890.29 0.9763713824287862
4890.58 0.981066249156073
4890.87 0.9857616837585418
4891.16 0.9904576862194882
4891.45 0.9951542565222072
4891.74 0.99985139464999
4892.04 0.9990652092428556
4892.33 0.9963203881458703
4892.62 0.9935752215132361
4892.91 0.9908297093548442
4910.0 1.0010978064888203
4928.77 0.9529775015621437
4929.07 0.9559628034308586
4929.36 0.9588489434879021
4929.66 0.9618349658640377
4929.96 0.9648213545829453
4930.0 0.9652195674240842
4930.26 0.9682166803825575
4930.55 0.9750540069720335
4930.85 0.9821279682961198
4931.15 0.9892028091040443
4931.45 0.9962785293686799
4931.74 1.0031192282380554
4932.04 1.010196678021573
4932.34 1.0172750071811543
4932.64 1.024354215689614
4932.93 1.0311982864255231
4933.23 1.0219786595715696
4933.53 1.0094975486117694
4933.83 0.9970148619384965
4934.12 0.9849467670631361
4934.42 0.9724609816273653
4934.72 0.9599736206211844
4935.02 0.9474846840928319
4935.31 0.9354105478727636
4935.61 0.922918512958261
4935.91 0.9224646768142997
4936.21 0.9289816079633613
4936.5 0.9352820768955605
4936.8 0.9418005986853198
4937.1 0.948319929238273
4937.4 0.9548400685293422
4937.69 0.9611436385710274
4937.99 0.9676653683073375
4938.29 0.9741879067074237
4938.59 0.9801225296025174
4938.88 0.9850063285190905
4939.18 0.9900591480361209
4939.48 0.9951125916776038
4939.78 1.0001666594241632
4940.07 1.0050528514741224
4940.37 1.010108146570678
4940.67 1.015164065714706
4940.97 1.0202206088867882
4941.26 1.0245088332373236
4941.56 1.025964177243648
4941.86 1.0274196941350602
4942.16 1.0288753839060474
4942.45 1.030282715011114
4942.75 1.031738744762482
4943.05 1.033194947377037
4943.35 1.0346513228492553
4943.64 1.0360593167780172
4943.94 1.0375160321875168
4944.24 1.0378333454234288
4944.54 1.0381113907564279
4944.83 1.0383801919871336
4945.13 1.0386582871305094
4945.43 1.0389364075997494
4945.73 1.0392145533938777
4946.02 1.0394834517333351
4946.32 1.039761647330236
4946.62 1.0400398682491352
4946.92 1.0629581949325042
4947.21 1.0930741044977907
4947.51 1.1242323142762283
4947.81 1.15539440926413
4948.11 1.18656038934109
4948.4 1.2166911962955247
4948.7 1.2478648166968718
4949.0 1.2790423218303453
4949.3 1.3102237115755633
4949.59 1.3888109773915633
4949.89 1.5168922115819012
4950.0 1.5638593368306544
4950.19 1.6449894343201976
4950.49 1.7731026451121767
4950.78 1.8969606126117993
4951.08 2.0251052651307946
4951.38 2.153265904233993
4951.68 2.281442529426048
4951.97 2.4053617956448283
4952.27 2.594988577785509
4952.57 2.9535510334778605
4952.87 3.3121582275425827
4953.16 3.658854373475505
4953.46 4.017549548958434
4953.76 4.376289458698362
4954.06 4.735074101308036
4954.35 5.081941775604123
4954.65 5.440814388808838
4954.95 5.803702381339962
4955.25 6.222228172117051
4955.54 6.626852680578701
4955.84 7.04548104366583
4956.14 7.4641615597631485
4956.44 7.882894227249946
4956.73 8.287718710426496
4957.03 8.706553937591174
4957.33 9.125441311340852
4957.63 9.54438083005513
4957.92 9.61466820797012
4958.22 9.631979908938321
4958.52 9.649293680575063
4958.82 9.66660952281421
4959.11 9.683350138472644
4959.41 9.70067005270388
4959.71 9.717992037341483
4960.01 9.735316092319346
4960.3 9.752064646709202
4960.6 9.525492522978523
4960.9 9.136281795635341
4961.2 8.747022506022983
4961.49 8.370692366348905
4961.79 7.981337575343404
4962.09 7.591934226545525
4962.39 7.202482321464335
4962.68 6.825965992526672
4962.98 6.436418597826001
4963.28 6.048920522883608
4963.58 5.664521161948177
4963.87 5.292889585212037
4964.17 4.9083960302107466
4964.47 4.52385458213223
4964.77 4.139265242466994
4965.06 3.767450025244994
4965.36 3.3827665031427108
4965.66 2.9980350938756843
4965.96 2.6543575754945343
4966.25 2.520765846122905
4966.55 2.3825505811771173
4966.85 2.2443181056938206
4967.15 2.1060684202094957
4967.44 1.9724106990158283
4967.74 1.8341271687590306
4968.04 1.6958264300915722
4968.34 1.5575084835498298
4968.63 1.4237847786900053
4968.93 1.387812953427927
4969.23 1.3591499538047522
4969.53 1.3304833799187734
4969.82 1.302768961065021
4970.0 1.285565228176367
4970.12 1.2740953581204069
4970.42 1.2454181812433192
4970.72 1.2167374305451086
4971.02 1.1880531061371418
4971.31 1.1603215289711635
4971.61 1.141443449182094
4971.91 1.1261316989675045
4972.21 1.1108180371999563
4972.5 1.0960130138433366
4972.8 1.0806955928619513
4973.1 1.065376260504217
4973.4 1.0500550168297287
4973.69 1.035242664520869
4973.99 1.0199176620970427
4974.29 1.0126686556155176
4974.58 1.0134695307642176
4974.88 1.014298114428434
4975.18 1.015126791782192
4975.48 1.015955562822375
4975.78 1.0167844275458733
4976.07 1.0175857524935203
4976.37 1.0184148014517798
4976.48 1.018718809540531
4976.67 1.01924394408411
4976.78 1.0195479865192398
4976.97 1.0184832296550526
4977.08 1.0168439529972015
4977.26 1.0141613368704985
4977.38 1.0123728134217573
4977.56 1.009689859205015
4977.68 1.0079011103664068
4977.86 1.0052178180701177
4977.98 1.0034288438486287
4978.16 1.000745213483246
4978.28 0.9989560138858639
4978.45 0.9964211601399691
4978.58 0.9944826204955959
4978.75 0.9919474474818718
4978.88 0.9900086636952977
4979.05 0.9874731714236465
4979.18 0.9855341435024443
4979.35 0.9829983319827708
4979.48 0.981059059934528
4979.64 0.9791936082311501
4979.78 0.984405987434942
4979.94 0.9903633589391664
4980.08 0.9955763798628291
4980.24 1.001534484749609
4980.39 1.007120563304716
4980.54 1.0127069856191524
4980.69 1.0182937516875392
4980.83 1.0235083768224036
4980.99 1.0294683150645474
4981.13 1.0346835818485287
4981.29 1.0406442533923994
4981.43 1.0458601618052845
4981.59 1.0518215666277815
4981.73 1.0570381166493228
4981.89 1.063000254727374
4982.02 1.0678447798646713
4982.19 1.0741803176478184
4982.32 1.0790254385273754
4982.49 1.0801241290194465
4982.62 1.0792954577245117
4982.79 1.078211740824259
4982.92 1.0773829627431173
4983.09 1.0762991062014997
4983.21 1.0755339833543665
4983.39 1.0743862251587104
4983.51 1.0736210037456775
4983.69 1.0724730977034407
4983.81 1.0717077777275195
4983.99 1.0705597238432234
4984.11 1.0697943053074441
4984.29 1.0686461035856103
4984.4 1.067944381089743
4984.59 1.0667322369381482
4984.7 1.0660304241012275
4984.89 1.064818123908385
4985.0 1.0641162207331787
4985.19 1.0634261893007324
4985.3 1.0634425580279556
4985.49 1.0634708300195064
4985.59 1.0634857093716816
4985.79 1.0635154667448912
4985.89 1.0635303447659217
4986.09 1.0635600994768222
4986.19 1.0635749761666868
4986.39 1.063604728215234
4986.49 1.0636196035739112
4986.69 1.063649352960062
4986.78 1.0636627396047522
4986.99 1.063693973711242
4987.08 1.063707359157825
4987.29 1.0637385904687102
4987.38 1.0637519747171666
4987.59 1.0637832032324
4987.68 1.0637965862827112
4987.9 1.0642656549375866
4987.97 1.0650397034309802
4988.2 1.0675831591810867
4988.5 1.0709010640019847
4988.8 1.0742193693874853
4989.1 1.0775380753247927
4989.4 1.0808571818010997
4989.7 1.0841766888036268
4990.0 1.0874965963195626
4990.3 1.0908169043361047
4990.6 1.0941376128404476
4990.9 1.0967754454236534
4991.2 1.0994135940696181
4991.5 1.1020520587681841
4991.8 1.1046908395091979
4992.1 1.1073299362825069
4992.4 1.1099693490779459
4992.7 1.1126090778853757
4993.0 1.11524912269463
4993.3 1.1178894834955493
4993.6 1.1588946400992552
4993.9 1.2058074399103726
4994.2 1.252726019344665
4994.5 1.2996503782194895
4994.8 1.3465805163523203
4995.1 1.3935164335606038
4995.41 1.4420229523882724
4995.71 1.488970619820236
4996.01 1.535924065773755
4996.31 1.684664925104041
4996.61 1.8704379021851512
4996.91 2.0562337751461075
4997.21 2.2420525432630645
4997.51 2.4278942058126396
4997.81 2.613758762071352
4998.11 2.799646211315051
4998.41 2.985556552821182
4998.71 3.1714897858653925
4999.01 3.6775969910141044
4999.31 4.397213750114913
4999.61 5.116919158864276
4999.91 5.836713214463439
5000.21 6.556595914106735
5000.51 7.27656725499027
5000.81 7.996627234309769
5001.11 8.716775849258381
5001.41 9.437013097035416
5001.71 10.464109356257799
5002.01 11.892517993040856
5002.31 13.321102436640217
5002.61 14.749862681485693
5002.92 16.226432950898808
5003.22 17.655550641123533
5003.52 19.084844115710915
5003.82 20.51431336908765
5004.12 21.943958395692686
5004.42 23.141966781808453
5004.72 23.876469059071393
5005.02 24.611061512975805
5005.32 25.34574414065821
5005.62 26.080516939261432
5005.92 26.815379905921212
5006.22 27.550333037775136
5006.52 28.285376331960386
5006.82 29.020509785611523
5007.12 29.45722845008686
5007.42 28.699907363141342
5007.72 27.942492894644648
5008.02 27.184985047553624
5008.32 26.427383824827853
5008.62 25.669689229420435
5008.92 24.91190126429173
5009.22 24.15401993240026
5009.52 23.396045236704932
5009.82 22.617878907011754
5010.0 21.801210267164326
5010.12 21.25673101814457
5010.42 19.895415686142492
5010.73 18.48854727373842
5011.03 17.12689149041487
5011.33 15.765068280075436
5011.63 14.403077648035554
5011.93 13.040919599611385
5012.23 11.678594140123952
5012.53 10.316101274882609
5012.83 9.582417150952613
5013.13 8.893572481258003
5013.43 8.204643159281035
5013.73 7.515629187713624
5014.03 6.82653056924176
5014.33 6.1373473065580875
5014.63 5.448079402353514
5014.93 4.7587268593193235
5015.23 4.069289680149254
5015.53 3.7433155620416056
5015.83 3.527953153285497
5016.13 3.3125642916675324
5016.43 3.097148978029053
5016.73 2.881707213212166
5017.03 2.666238998057136
5017.33 2.4507443334062975
5017.63 2.2352232201014486
5017.93 2.019675658984503
5018.23 1.9021759336103405
5018.54 1.839420624725984
5018.84 1.778682094835051
5019.14 1.7179361037323782
5019.44 1.6571826516556125
5019.74 1.5964217388418822
5020.04 1.5356533655288973
5020.34 1.4748775319542198
5020.64 1.4140942383554416
5020.94 1.3724604607386406
5021.24 1.3475849508971673
5021.54 1.3227063818787026
5021.84 1.297824753780599
5022.14 1.2729400667002198
5022.44 1.2480523207350187
5022.74 1.2231615159822362
5023.04 1.1982676525393514
5023.34 1.1733707305037817
5023.64 1.1559961336125404
5023.94 1.1516185850345662
5024.24 1.147240490465977
5024.54 1.142861849924022
5024.84 1.1384826634259417
5025.14 1.1341029309889756
5025.44 1.129722652630382
5025.74 1.1253418283673804
5026.04 1.1209604582172334
5026.35 1.1156039308906196
5026.65 1.108114192477555
5026.95 1.100623528183321
5027.25 1.0931319380373483
5027.55 1.0856394220690508
5027.85 1.0781459803078444
5028.15 1.0706516127831722
5028.45 1.063156319524414
5028.75 1.055660100561021
5029.05 1.0491078730265087
5029.35 1.0510596090224278
5029.65 1.0530115743568267
5029.95 1.054963769022196
5030.0 1.0552891570952962
5030.25 1.0569161930110083
5030.55 1.0588688463157405
5030.85 1.0608217289288704
5031.15 1.0627748408428668
5031.45 1.0647281820502168
5031.75 1.0666817525433885
5032.05 1.0597141155819219
5032.35 1.0524379637793433
5032.65 1.0451609141274727
5032.95 1.0378829666548557
5033.25 1.0306041213901072
5033.55 1.023324378361823
5033.85 1.0160437375986058
5034.16 1.008519465719927
5034.46 1.0012369996505615
5034.76 0.9953371160836956
5035.06 0.9896493598239358
5035.36 0.9839609007814593
5035.66 0.9782717389786055
5035.96 0.9725818744377694
5036.26 0.9668913071813318
5050.0 1.0006650719712378
5070.0 0.9118603414554389
5090.0 0.9613613749465325
5110.0 0.9407711203692025
5130.0 0.8950246792767877
5150.0 0.9516154207330794
5170.0 0.9067380472971475
5190.0 0.9194544534459793
5210.0 0.912553167522415
5230.0 0.9201459559829452
5250.0 0.9266765474489114
5270.0 0.9203048609276129
5290.0 0.9785107672136303
5310.0 1.0323231148983516
5330.0 0.930399862605178
5350.0 0.9922634816098562
5370.0 0.9572677747455012
5390.0 0.9599911616440089
5410.0 0.930465340848964
5430.0 0.9391551661951195
5450.0 0.9230904147277216
5470.0 0.9809964802363482
5490.0 1.006216329788776
5510.0 0.9293450536116222
5530.0 0.9179247015713953
5550.0 0.9436124806724774
5570.0 0.9260623656462297
5590.0 0.9249649693594026
5610.0 0.9253164806289128
5630.0 0.9703763899231564
5650.0 0.9773578759090279
5670.0 0.91006343846337
5690.0 0.9618630838553655
5710.0 0.9238477509923642
5730.0 0.9332166912972248
5750.0 0.9951222576069104
5770.0 1.0027426968505264
5790.0 0.8812094940651705
5810.0 0.9428871142232815
5830.0 0.9760503045453173
5850.0 0.953289534878409
5870.0 1.1730271188988937
5890.0 0.866726102410097
5910.0 0.9215883683235353
5930.0 0.9025473667476065
5950.0 0.9367959748954865
5970.0 0.9070624713451669
5990.0 0.9233619262361042
6010.0 0.9483090413437274
6030.0 0.9219153711677331
6050.0 0.8981846221008545
6070.0 0.931507309272043
6090.0 0.9466626370970445
6110.0 0.8981816882099395
6130.0 0.9543202438157807
6150.0 0.8819992333855717
6170.0 0.9177494953298578
6190.0 0.8731508934101336
6210.0 0.934113931572691
6230.0 0.8343908781881203
6250.0 0.8924876474588646
6270.0 0.8749570385227199
6290.0 0.83131598944162
6310.0 1.0197844051459493
6330.0 0.8947798231580433
6350.0 0.8956247961569136
6370.0 0.9490515476066457
6390.0 0.9055266139162254
6410.0 0.8926182528800248
6430.0 0.9144144294821062
6450.0 0.8777280091518909
6470.0 0.9110603287982046
6490.0 0.8677730218844196
6510.0 0.9355653059965943
6523.64 0.8503395112776939
6524.04 0.8526020731415085
6524.43 0.8548083196534803
6524.82 0.8622308500668926
6525.22 0.8701337756272257
6525.61 0.8778400181961159
6526.0 0.8855471395624958
6526.4 0.8934527922260823
6526.79 0.9011616934702558
6527.19 0.9090691714775954
6527.58 0.9167579326280852
6527.97 0.9244475696399524
6528.37 0.9323352865825415
6528.76 0.94002669752556
6529.15 0.9477189840835243
6529.55 0.9556094182533784
6529.94 0.9633034782434169
6530.0 0.9618119303827222
6530.34 0.9533593228472871
6530.73 0.9436626319043034
6531.12 0.933964816058005
6531.52 0.9240171698377081
6531.91 0.9143170756610961
6532.3 0.9046158568970246
6532.7 0.8955943174998076
6533.09 0.9040190512355605
6533.49 0.9126608001023983
6533.88 0.9210874765659179
6534.27 0.9295151119626778
6534.67 0.9381598366118329
6535.06 0.9465894141898894
6535.46 0.9541024658464115
6535.85 0.9514800537933299
6536.24 0.9488573309293831
6536.64 0.9461670359240675
6537.03 0.9435436835570585
6537.42 0.9409200204662413
6537.82 0.938228761216125
6538.21 0.9355949085542995
6538.6 0.9328770872218026
6539.0 0.9300892443966707
6539.39 0.9273707722505449
6539.79 0.9245822619868633
6540.18 0.9218631391491894
6540.57 0.9191436951290523
6540.97 0.9185592482725888
6541.36 0.9301729924698218
6541.76 0.9420858983066259
6542.15 0.953702320365579
6542.54 0.9653200642210467
6542.94 0.9772370718852003
6543.33 0.9888574928493903
6543.72 1.0034240317799745
6544.12 1.0349784433289655
6544.51 1.0657475533312604
6544.91 1.097309264518895
6545.3 1.1280854909991815
6545.69 1.1588652301836284
6546.09 1.190437842070891
6546.48 1.2152257539193938
6546.87 1.2167692610290257
6547.27 1.2183525159976303
6547.66 1.2198963560610614
6548.06 1.2214799524883846
6548.45 1.2230241254425167
6548.84 1.2245684627118378
6549.24 1.2346306590130325
6549.63 1.2692422553467841
6550.0 1.3020825449805618
6550.02 1.3038577969256424
6550.42 1.3393650143918827
6550.81 1.373988546497963
6551.21 1.409503958605619
6551.6 1.4441354797353065
6551.99 1.5153607382585657
6552.39 1.6972582837705639
6552.78 1.8746288971159701
6553.17 2.052019755461415
6553.57 2.233980125692592
6553.96 2.4114119873780977
6554.36 2.5934144083610953
6554.75 2.9435788480758807
6555.14 3.682361479583262
6555.54 4.440174830735815
6555.93 5.179128225981106
6556.33 5.937116702955291
6556.72 6.676240829816292
6557.11 7.41544923006218
6557.51 8.415272539318893
6557.9 9.879426676137296
6558.29 11.343747726286288
6558.69 12.845788841726828
6559.08 14.3104479508599
6559.48 15.812835760851328
6559.87 17.277832865377402
6560.26 18.460191253333527
6560.66 19.155017170355976
6561.05 19.832550445729147
6561.44 20.510160732739944
6561.84 21.205225633944128
6562.23 21.882991896971735
6562.63 22.578216758528505
6563.02 22.626994022913504
6563.41 21.771329261004883
6563.81 20.893622931244362
6564.2 20.037760359385516
6564.59 19.1818001482256
6564.99 18.303790822087784
6565.38 17.44763285653413
6565.78 16.34081259474381
6566.17 14.959960124195016
6566.56 13.578950390205781
6566.96 12.162366801784394
6567.35 10.781038553260085
6567.75 9.364128313983278
6568.14 7.982481610823297
6568.53 6.94067964164593
6568.93 6.278905311550636
6569.32 5.633600982819612
6569.71 4.98822324529778
6570.0 4.508279395161595
6570.11 4.326221111465344
6570.5 3.6806946949727415
6570.9 3.0185400842272254
6571.29 2.5954689589426088
6571.68 2.4066829933283906
6572.08 2.213034061073863
6572.47 2.0242046108268816
6572.86 1.835353696498007
6573.26 1.6416381564396831
6573.65 1.4527437696911485
6574.05 1.3467059572223676
6574.44 1.3206951918470116
6574.83 1.2946814612536315
6575.23 1.2679976319758604
6575.62 1.2419778957585559
6576.01 1.2159551951557965
6576.41 1.1892621667331293
6576.8 1.1978432403303472
6577.2 1.234076596215416
6577.59 1.269408163258339
6577.98 1.3047437237788053
6578.38 1.340989472309879
6578.77 1.376333121046093
6579.16 1.4116807621378544
6579.56 1.4446838042451635
6579.95 1.4745195242546598
6580.35 1.5051237591672164
6580.74 1.5349662969177147
6581.13 1.5648121999156364
6581.53 1.5954268779363097
6581.92 1.625279596759571
6582.31 1.6292558051673907
6582.71 1.6167437920784598
6583.1 1.6045431643141976
6583.5 1.5920282487928423
6583.89 1.5798247914227375
6584.28 1.5676199373545905
6584.68 1.5551006875696245
6585.07 1.523722303624418
6585.46 1.4827544621449598
6585.86 1.4407313341267896
6586.25 1.3997540764113394
6586.65 1.357721291622951
6587.04 1.3167346194414882
6587.43 1.2757433002647236
6587.83 1.2413059870778962
6588.22 1.211298373901872
6588.62 1.1805177992974345
6589.01 1.1505032923172993
6589.4 1.1204853825445928
6589.8 1.089694248320552
6590.0 1.074297339115066
6590.19 1.0596694466790613
6590.58 1.0407992617921928
6590.98 1.0259391667849893
6591.37 1.0114489067880144
6591.77 0.9965853917063835
6592.16 0.9820917974502096
6592.55 0.9675965573982898
6592.95 0.9527279350479337
6593.34 0.9501225214782109
6593.73 0.9516181254961252
6594.13 0.9531522438883913
6594.52 0.9546481707201931
6594.92 0.9561826201723137
6595.31 0.9576788697569576
6595.7 0.959175278652777
6596.1 0.9583262531080747
6596.49 0.956823493938478
6596.88 0.9553205559351431
6597.28 0.9537788953064865
6597.67 0.952275595100802
6598.07 0.9507335630172985
6598.46 0.9492299006770084
6598.85 0.952346478972902
6599.25 0.9565800169661679
6599.64 0.960708177903362
6600.04 0.9649426623005902
6600.43 0.9690717458947328
6600.82 0.9732012849136564
6601.22 0.9774371825949295
6601.61 0.9648247140017783
6602.0 0.9491664758460989
6610.0 0.8936102860894669
6630.0 0.9125815876839423
6650.0 0.9431179919704129
6670.0 0.8922667773395393
6690.0 0.9162077939149801
6710.0 1.3164377742042983
6730.0 2.0593108439104753
6750.0 0.925413100258819
6770.0 0.9161259524541344
6790.0 0.8796945790620236
6810.0 0.9057577461006796
6830.0 0.9041658835666053
6850.0 0.8999256757868996
6870.0 0.8849981687248665
6890.0 0.8913766800334686
6910.0 0.8903219809643669
6930.0 0.8869210744011558
6950.0 0.8983960025449822
6970.0 0.8865374736719802
6990.0 0.8853429432243908
7010.0 0.8838854237394839
7030.0 0.8779948001929192
7050.0 0.8941331520843819
7070.0 0.8965153934896947
7090.0 0.8911786079169647
7110.0 0.8884074774301264
7130.0 0.8825123215449264
7150.0 0.8896584378510507
7170.0 0.8689151434934248
7190.0 0.8356472839416719
7210.0 0.8413041895690735
7230.0 0.8657404105392734
7250.0 0.8624237104349439
7270.0 0.862459688256056
7290.0 0.852950482873202
7310.0 0.8627672135924738
7330.0 0.8791634528922095
7350.0 0.884637988189644
7370.0 0.8735767406807884
7390.0 0.8714688485147877
7410.0 0.8725365503521514
7430.0 0.8591735276487857
7450.0 0.8695802440863368
7470.0 0.8804847691385267
7490.0 0.875377819902403
7510.0 0.8702798772436384
7530.0 0.8743306079130841
7550.0 0.8776818054700019
7570.0 0.869535723799848
7590.0 0.8701685402526744
7610.0 0.8631138639708734
7630.0 0.8533125962392604
7650.0 0.8522753379996364
7670.0 0.8186046814830127
7690.0 0.8442508051315608
7710.0 0.8145178627032587
7730.0 0.8430566087828736
7750.0 0.8460756978392171
7770.0 0.8137156963887822
7790.0 0.8017863778002734
7810.0 0.8369737269213937
7830.0 0.8450130422241466
7850.0 0.8504724643515122
7870.0 0.8506823790555079
7890.0 0.8459782047352734
7910.0 0.8359299558648876
7930.0 0.823637541591179
7950.0 0.8262724353495906
7970.0 0.8256305150526024
7990.0 0.8294350698552889
8010.0 0.826498386038044
8030.0 0.8173096521873473
8050.0 0.8151911463686536
8070.0 0.8262087696192366
8090.0 0.8141618325379376
8110.0 0.8178228787231615
8130.0 0.8149649404325318
8150.0 0.8043076555101595
8170.0 0.8030519232178822
8190.0 0.7832874981215802
8210.0 0.786511041415824
8230.0 0.7932403674619539
8250.0 0.7924552131494937
8270.0 0.8124432854305129
8290.0 0.8021431411031349
8310.0 0.7990816243172977
8330.0 0.7960432996698413
8350.0 0.8005036438408719
8370.0 0.8102791108669906
8390.0 0.7926961228884016
8410.0 0.8054440033905683
8430.0 0.8072097252603593
8450.0 0.7949531630283586
8470.0 0.7859542288425134
8490.0 0.8230246801611294
8510.0 0.7571593470646564
8530.0 0.8189616437747549
8550.0 0.6284609517500576
8570.0 0.8127044104044486
8590.0 0.8152020883794951
8610.0 0.7685566119230212
8630.0 0.8069171505513085
8650.0 0.8111774352414224
8670.0 0.6283922524424186
8690.0 0.7675065399871376
8710.0 0.7942923355890634
8730.0 0.8123060511418811
8750.0 0.7802057777949982
8770.0 0.7873379482503009
8790.0 0.799291221529169
8810.0 0.7959431248105451
8830.0 0.780075606358078
8850.0 0.7815295456900448
8870.0 0.6892936533557408
8890.0 0.7634635090764742
8910.0 0.7887257347091012
8930.0 0.7845949233298726
8950.0 0.7645808567798896
8970.0 0.746025401910075
8990.0 0.7254895647123065
9010.0 0.7121101254810391
9030.0 0.7459426484219727
9050.0 0.7978845109845797
9070.0 0.7673501173246102
9090.0 0.7419041193394086
9110.0 0.7679289118058933
9130.0 0.7670301151328898
9150.0 0.725856760934688
9170.0 0.6889082464658401
9190.0 0.6951515743636041
9210.0 0.7333128763623306
9230.0 0.7197043826318372
9250.0 0.7221240083445654
9270.0 0.7467542969101261
9290.0 0.7334645878867666
9310.0 0.7672879505836284
9330.0 0.7700992686943848
9350.0 0.7681622442078342
9370.0 0.7634664207536683
9390.0 0.7635231136673439
9410.0 0.7603949712474476
9430.0 0.7566628939021265
9450.0 0.7560738337738259
9470.0 0.7554978945520542
9490.0 0.7533667194078211
9510.0 0.7457463966409571
9530.0 0.7324118265006101
9550.0 0.6901110283652204
9570.0 0.7280168803682032
9590.0 0.7412148984776962
9610.0 0.7417080953995487
9630.0 0.7405826852708348
9650.0 0.7375327902059357
9670.0 0.7350299021711153
9690.0 0.7350002732159776
9710.0 0.7329133258312431
9730.0 0.7308590971319171
9750.0 0.7287520972840961
9770.0 0.7281215902066737
9790.0 0.7250976090951868
9810.0 0.7257862376871755
9830.0 0.7264368224734045
9850.0 0.7238677827232619
9870.0 0.7198219085926058
9890.0 0.7180585325516478
9910.0 0.7175025402305361
9930.0 0.7169433370050199
9950.0 0.7151011471974379
9970.0 0.7131106104334389
9990.0 0.7111156427940928
10025.0 0.6913463909297558
10075.0 0.6809765249121905
10125.0 0.6943644644848739
10175.0 0.6893024588914471
10225.0 0.6890768869035552
10275.0 0.686486754110533
10325.0 0.6804869875718189
10375.0 0.6759365760545738
10425.0 0.6713346271934962
10475.0 0.6666816487378892
10525.0 0.6617465591795731
10575.0 0.6565873453373365
10625.0 0.6513763226349089
10675.0 0.64611399704591
10725.0 0.639941770308174
10775.0 0.6332910290876004
10825.0 0.6265835442548972
10875.0 0.6198198655782297
10925.0 0.6176675875463399
10975.0 0.617538214953818
11025.0 0.6173892177754812
11075.0 0.6172207808026782
11125.0 0.6146717712159476
11175.0 0.6107933416082562
11225.0 0.6068776512653323
11275.0 0.6029250526175551
11325.0 0.5997554920600684
11375.0 0.5973084849067819
11425.0 0.5948332266079635
11475.0 0.592329980878184
11525.0 0.5893432007797822
11575.0 0.5853559232942154
11625.0 0.5813347571989195
11675.0 0.5772800167170623
11725.0 0.5735529678168708
11775.0 0.5700568007253717
11825.0 0.5665307963544873
11875.0 0.5629752283709053
11925.0 0.5594466083451309
11975.0 0.5560770614670998
12025.0 0.552679820066453
12075.0 0.5492551355661757
12125.0 0.5461049239851844
12175.0 0.5434683616116286
12225.0 0.5408086491345695
12275.0 0.5381259943205952
12325.0 0.53536275474191
12375.0 0.5324982520793142
12425.0 0.5296108583237997
12475.0 0.5267007769742231
12525.0 0.5238448550318897
12575.0 0.5210702631530196
12625.0 0.5182742937405955
12675.0 0.5154571349182664
12725.0 0.5126818157238154
12775.0 0.509996412184538
12825.0 0.5072910367732739
12875.0 0.5045658634728598
12925.0 0.501794475472896
12975.0 0.4989161349417989
13025.0 0.4960180824930408
13075.0 0.49310048821109626
13125.0 0.49043716225784234
13175.0 0.48790929411196593
13225.0 0.48536392583707383
13275.0 0.4828012068486098
13325.0 0.480519026118216
13375.0 0.4786952855672574
13425.0 0.4768573385315826
13475.0 0.47500530492487747
13525.0 0.47279172900836924
13575.0 0.47040226038220706
13625.0 0.46799732835176105
13675.0 0.46557706233456336
13725.0 0.46319365555602343
13775.0 0.4609171464551042
13825.0 0.4586262577770397
13875.0 0.4563211086724961
13925.0 0.4541866753587086
13975.0 0.4522352669452291
14025.0 0.45027117176446435
14075.0 0.448294493851986
14125.0 0.44604961629634565
14175.0 0.4436329737963294
14225.0 0.4412027619104309
14275.0 0.4387590909438645
14325.0 0.437081485254105
14375.0 0.43573365206852716
14425.0 0.4343760804848822
14475.0 0.43300884871663553
14525.0 0.4313282770331205
14570.0 0.4297005086004993
14620.0 0.42788173029031457
14675.0 0.42586883612885035
14725.0 0.4240908146547963
14775.0 0.42233099278983155
14825.0 0.4205610930050137
14875.0 0.4187811947995822
14925.0 0.4170425087110115
14975.0 0.41532797712105834
15025.0 0.4136039183009201
15075.0 0.4118704066911718
15125.0 0.4104688847459187
15175.0 0.4094638504062446
15225.0 0.40845161355202336
15275.0 0.40743222982357497
15325.0 0.40660672214041377
15375.0 0.4063595566913327
15425.0 0.40610749245237165
15475.0 0.4058505667780378
15525.0 0.40388107478392155
15575.0 0.40120323586683154
15625.0 0.39851442720065483
15675.0 0.3958147322511267
15725.0 0.39301418028427276
15775.0 0.3900674266531993
15825.0 0.3871094645709825
15875.0 0.3841403785602189
15925.0 0.38304023829506506
15975.0 0.38251911365374347
16050.0 0.38172839804125225
16150.0 0.3805134046518296
16250.0 0.37908060199794
16350.0 0.37439974853831937
16450.0 0.36710335724528004
16550.0 0.362577828757778
16650.0 0.35941401523372773
16750.0 0.35505854279094823
16850.0 0.3487367723553769
16950.0 0.3437496386018057
17050.0 0.3404736031812443
17150.0 0.3352150978029366
17250.0 0.32782804531980064
17350.0 0.32299774702832246
17450.0 0.3207058189476742
17550.0 0.31737687472079656
17650.0 0.3130053689380199
17750.0 0.30886951270429935
17850.0 0.305000353972931
17950.0 0.30035981355310803
18050.0 0.2946742964631657
18150.0 0.2897752750952459
18250.0 0.28636647425578343
18350.0 0.2827270738031243
18450.0 0.27896522427416065
18550.0 0.27432480300076206
18650.0 0.2689773429937556
18750.0 0.2648725215460355
18850.0 0.2625334263548445
18950.0 0.26005500514042856
19050.0 0.2575044340907385
19150.0 0.254606667771759
19250.0 0.25135750894011644
19350.0 0.247440957727235
19450.0 0.24188022286037433
19550.0 0.23807292811929373
19650.0 0.23603809945048593
19750.0 0.23356165269734872
19850.0 0.23088286692437923
19950.0 0.22828446827150856
20050.0 0.2258052134917856
20150.0 0.22258759774839768
20250.0 0.21881447110689808
20350.0 0.21646054929135966
20450.0 0.21467125673523327
20550.0 0.2123421900881256
20650.0 0.20908110199167645
20750.0 0.20610116382980923
20850.0 0.20344424870063774
20950.0 0.20083762311107733
21050.0 0.19827008669842686
21150.0 0.19575237167346152
21250.0 0.19326169335380497
21350.0 0.1909773219191476
21450.0 0.1887915802831888
21550.0 0.18562365701568795
21650.0 0.18202312570863247
21750.0 0.18027028701407902
21850.0 0.17926800942453314
21950.0 0.17729762640956148
22050.0 0.17491581543657833
22150.0 0.1727232186302615
22250.0 0.17061570550840913
22350.0 0.16867260298206235
22450.0 0.16682052639769787
22550.0 0.1649999728988812
22650.0 0.16320117709013973
22750.0 0.16008643170132136
22850.0 0.15561813017188816
22950.0 0.15264687588827933
23050.0 0.15199831459453053
23150.0 0.14968173595552398
23250.0 0.14293085365927738
23350.0 0.13942137456423967
23450.0 0.13750477160102606
23550.0 0.1365818468855644
23650.0 0.1365932417766289
23750.0 0.13493813729957807
23850.0 0.1300708222077373
23950.0 0.12795459223998654
24050.0 0.12702924656545328
24150.0 0.126430944780683
24250.0 0.12617635827931747
24350.0 0.12515200258929146
24450.0 0.12191787246156245
24550.0 0.12053401515504274
24650.0 0.12053573667242205
24750.0 0.11955731124817312
24850.0 0.11635311964203693
24950.0 0.11484322499360056
25050.0 0.11449994512532503
25150.0 0.11398434855591735
25250.0 0.11304761463927959
25350.0 0.11214344363098236
25450.0 0.11126572433503543
25550.0 0.11038243012370832
25650.0 0.10948536345835179
25750.0 0.10829543654101575
25850.0 0.10672991358362474
25950.0 0.10579201141558488
26050.0 0.10518263826869768
26150.0 0.10437874528554225
26250.0 0.10302686044737124
26350.0 0.10209180444759838
26450.0 0.10166756538151088
26550.0 0.10062109053663007
26650.0 0.09920256816243023
26750.0 0.09861092447459006
26850.0 0.09823717928813634
26950.0 0.09770142120010897
27050.0 0.09682703104994682
27150.0 0.09590690617102876
27250.0 0.09493279746454383
27350.0 0.09391012536684346
27450.0 0.09285137300913301
27550.0 0.09196206416617927
27650.0 0.09114916606159987
27750.0 0.09058709636123495
27850.0 0.09009411955770376
27950.0 0.08951423611884245
28050.0 0.08863167101994614
28150.0 0.08778474981390538
28250.0 0.0870301049034627
28350.0 0.08624688855620877
28450.0 0.08540885545940187
28550.0 0.08447023143494906
28650.0 0.08336377933313993
28750.0 0.08253149984015518
28850.0 0.08211772968407449
28950.0 0.08155582077831991
29050.0 0.08077811853018378
29150.0 0.08000793390504848
29250.0 0.07924971502607948
29350.0 0.07849854179793121
29450.0 0.07775957850772486
29550.0 0.07705692260601031
29650.0 0.07642211640611175
29750.0 0.07576579441545914
29850.0 0.0750626395129077
29950.0 0.07438317018563174
30050.0 0.07377872513640127
30150.0 0.07303808554042848
30250.0 0.0716512839745071
30350.0 0.0710221980710276
30450.0 0.07060340893732793
30550.0 0.07013852748222595
30650.0 0.06965178287551957
30750.0 0.06912879649236131
30850.0 0.06857829062378358
30950.0 0.0680333236353512
31050.0 0.06749560133927118
31150.0 0.06698237873106601
31250.0 0.06648477550342867
31350.0 0.06593875389474163
31450.0 0.0651049119098148
31550.0 0.06456855403414803
31650.0 0.06416109030529123
31750.0 0.06379188679131118
31850.0 0.06345859951626737
31950.0 0.0631685426959152
32100.0 0.06298564092041471
32300.0 0.06334465104877866
32500.0 0.06519616599859289
32700.0 0.0715440916729728
32900.0 0.09433589068076492
33100.0 0.09338543632189604
33300.0 0.06822322375040388
33500.0 0.06009775624297512
33700.0 0.056419954149918225
33900.0 0.0533572391949997
34100.0 0.051913273180823956
34300.0 0.05035046161371194
34500.0 0.049288775849399766
34700.0 0.048091653390696015
34900.0 0.04726930239867815
35100.0 0.0462526851846683
35300.0 0.04547053435307935
35500.0 0.044507310234817354
35700.0 0.04384551810054357
35900.0 0.0430236339273149
36100.0 0.04215508284750921
36300.0 0.0416141844050597
36500.0 0.040676219143837
36700.0 0.04016133401213639
36900.0 0.03926320276198503
37100.0 0.038640696938323185
37300.0 0.038090861249204404
37500.0 0.03715016625713085
37700.0 0.0368327448118629
37900.0 0.03638083702762048
38100.0 0.03567708195560183
38300.0 0.03511213002420415
38500.0 0.03459038236554825
38700.0 0.034174692063069785
38900.0 0.033592967281473075
39100.0 0.032929412000855696
39300.0 0.03251716025528719
39500.0 0.032134328901007654
39700.0 0.03167239464969595
39900.0 0.031059308742340894
40100.0 0.03058918600378244
40300.0 0.030052128531808484
40500.0 0.029547428996762704
40700.0 0.029401875712508123
40900.0 0.02903218783800779
41100.0 0.02861019821456744
41300.0 0.028196309367876423
41500.0 0.02779055579109074
41700.0 0.02727327310076452
41900.0 0.027003107033058495
42100.0 0.026626965430146383
42300.0 0.026304264522352943
42500.0 0.025934770098457963
42700.0 0.02549357543075435
42900.0 0.02473077213351949
43100.0 0.024151049186356008
43300.0 0.02397891530701141
43500.0 0.023288414896284873
43700.0 0.0229109958111987
43900.0 0.022604415285148054
44100.0 0.022046162493522585
44300.0 0.021869451086877635
44500.0 0.02153666015691222
44700.0 0.021089321006988442
44900.0 0.023987527605227963
45100.0 0.02386093718900086
45300.0 0.023679681718050197
45500.0 0.023505295188076526
45700.0 0.023337682102383035
45900.0 0.023170178816499812
46100.0 0.023014765709724293
46300.0 0.022859352602948777
46500.0 0.02271003404089616
46700.0 0.02256646535103425
46900.0 0.022423120358658098
47100.0 0.022290680896943114
47300.0 0.02215824143522813
47500.0 0.022031271406707836
47700.0 0.021909238020325215
47900.0 0.021787495395015184
48100.0 0.021674796232471812
48300.0 0.02156209706992844
48500.0 0.021454404694025604
48700.0 0.021351035237325032
48900.0 0.021248029296547188
49100.0 0.02115327396123833
49300.0 0.02105851862592947
49500.0 0.020968089430502542
49700.0 0.02088123211414746
49900.0 0.020794756956720273
50100.0 0.020715076333846918
50300.0 0.02063539571097356
50500.0 0.020559926962754677
50700.0 0.02048778369609907
50900.0 0.020416056253197114
51100.0 0.02035037489413521
51300.0 0.02028469353507331
51500.0 0.020222692993581738
51700.0 0.0201634709090137
51900.0 0.020104681827614285
52100.0 0.020051202490640727
52300.0 0.019997723153667164
52500.0 0.019947372110386538
52700.0 0.01989927756331389
52900.0 0.019851648364647197
53100.0 0.019808936679413282
53300.0 0.019766224994179363
53500.0 0.019726488052199384
53700.0 0.019688801271110633
53900.0 0.019651604733285064
54100.0 0.01961894351101931
54300.0 0.019586282288753556
54500.0 0.019556001596890922
54700.0 0.019527287858918538
54900.0 0.019499041867737727
55100.0 0.019474635190461203
55300.0 0.01945022851318468
55500.0 0.019428467264662446
55700.0 0.019408368050960443
55900.0 0.019388655293913204
56100.0 0.019371785972854428
56300.0 0.019354916651795655
56500.0 0.019340515707221676
56700.0 0.019327594525134103
56900.0 0.019315095729583565
57100.0 0.019305405037262954
57300.0 0.019295714344942344
57500.0 0.019288078804559114
57700.0 0.01928161821351533
57900.0 0.01927561567837655
58100.0 0.019272385382854654
58300.0 0.019269155087332762
58500.0 0.01926755123697447
58700.0 0.019266833407913683
58900.0 0.0193667095659072
59100.0 0.0200241139943165
59300.0 0.02066033644103164
59500.0 0.017204734715230385
59700.0 0.018006560839146382
59900.0 0.023135348365723705
60100.0 0.027366161573236385
60300.0 0.027042059532452443
60500.0 0.021769232998439705
60700.0 0.020432118964444274
60900.0 0.020305139630234982
61100.0 0.021448937202917313
61300.0 0.021245931699979497
61500.0 0.021219590949342688
61700.0 0.021499700586264922
61900.0 0.0238048990439263
62100.0 0.02560758259330703
62300.0 0.026544050828610583
62500.0 0.0218434236257344
62700.0 0.01921605694988613
62900.0 0.020325256659116983
63100.0 0.022655047854629237
63300.0 0.024626437760355724
63500.0 0.025828219146761543
63700.0 0.027509694678374292
63900.0 0.027736263740335873
64200.0 0.024824345248928154
64600.0 0.023237343746167042
65000.0 0.02077673788042233
65400.0 0.02466761213772184
65800.0 0.02341680503521371
66200.0 0.02418111859980804
66600.0 0.021973158184865293
67000.0 0.024036106251164528
67400.0 0.021469909591109924
67800.0 0.02548824563765959
68200.0 0.020129693923493074
68600.0 0.014991289761429542
69000.0 0.02120418773821197
69400.0 0.02671514767002365
69800.0 0.026336237310942215
70200.0 0.025728214805383343
70600.0 0.02201871760189387
71000.0 0.023275844845434622
71400.0 0.023716388073754258
71800.0 0.020561929894274113
72200.0 0.018705087004452094
72600.0 0.027534350112586495
73000.0 0.024326709915651154
73400.0 0.026060277658523194
73800.0 0.02362876292925805
74200.0 0.026504053279214932
74600.0 0.030533255584248593
75000.0 0.029009306781381746
75400.0 0.03445786828576405
75800.0 0.031100037284853214
76200.0 0.029632065766773383
76600.0 0.028426943226265915
77000.0 0.026439048289185103
77400.0 0.02366406383526905
77800.0 0.0277857113666567
78200.0 0.03094252103733255
78600.0 0.032984253167202
79000.0 0.028563167216042126
79400.0 0.025158906225377344
79800.0 0.023142688330202624
80200.0 0.023155869799876893
80600.0 0.02350046729515302
81000.0 0.02413723140516866
81400.0 0.025074871278786253
81800.0 0.025401500478630316
82200.0 0.024886985582653093
82600.0 0.023179536802317723
83000.0 0.022544574992351102
83400.0 0.023593032032013794
83800.0 0.02380137343092521
84200.0 0.02522004518380731
84600.0 0.028641892994175137
85000.0 0.02759912465310984
85400.0 0.02564616621216153
85800.0 0.023144763416341137
86200.0 0.02370193617552241
86600.0 0.024687389351033914
87000.0 0.025603680197237137
87400.0 0.025416273242785923
87800.0 0.025301248197503644
88200.0 0.025701762346780562
88600.0 0.025832605124249102
89000.0 0.026560916766924295
89400.0 0.028650463444049704
89800.0 0.028606305705215284
90200.0 0.02817196898931577
90600.0 0.027950021387129518
91000.0 0.027347992503507952
91400.0 0.02704571823626247
91800.0 0.027718582007047677
92200.0 0.027597650193240907
92600.0 0.0276465352374617
93000.0 0.02875254764376122
93400.0 0.02804288966149348
93800.0 0.027156025931215924
94200.0 0.027411206329451453
94600.0 0.028466202332972503
95000.0 0.029524730797179533
95400.0 0.029710478389383538
95800.0 0.02969544302223436
96200.0 0.029675915214290312
96600.0 0.029908510098018537
97000.0 0.02995488193289276
97400.0 0.030175965110502974
97800.0 0.031391356077487595
98200.0 0.03137470858259144
98600.0 0.03094829737723417
99000.0 0.03112870697389595
99400.0 0.030989403235909988
99800.0 0.03088435523117522
100200.0 0.03172231033145953
100400.00000000009 0.031960095963819914
100748.43066198383 0.03168870553115537
101098.07052641988 0.031590848549375335
101448.92378975474 0.03170586816003873
101800.9946629978 0.031632549943593206
102154.28737177301 0.03149791167764617
102508.80615636887 0.03181875658284483
102864.55527178946 0.032261074465011495
103221.53898780573 0.03296219145326179
103579.76158900595 0.03493769153908003
103939.22737484834 0.03767306305369448
104299.94065971187 0.05730934525706164
104661.9057729482 0.07486810779639179
105025.12705893395 0.08447055283842886
105389.60887712192 0.0729633676305447
105755.35560209466 0.048213183993143026
106122.37162361621 0.03808502920024453
106490.66134668495 0.03198214317589765
106860.22919158668 0.03327780348963764
107231.07959394684 0.0335485148554944
107603.217004785 0.03338558117201958
107976.64589056744 0.03366476184446194
108351.370733261 0.03301770962603304
108727.39603038708 0.031234715574088166
109104.72629507471 0.03259568150711822
109483.36605611602 0.034314015228040805
109863.31985801981 0.035346563497228714
110244.59226106624 0.03455590808893852
110627.1878413618 0.03307407325658032
111011.11119089334 0.03451855693529869
111396.36691758451 0.035534516572298766
111782.95964535022 0.036136092519034144
112170.89401415233 0.038458299395537174
112560.17468005554 0.03974858603707171
112950.80631528242 0.03928849686422558
113342.79360827077 0.03712311913432933
113736.1412637291 0.035286220487580275
114130.85400269323 0.03487337349623237
114526.93656258319 0.034516542860257196
114924.39369725919 0.03424717685580266
115323.23017708007 0.034183862132570283
115723.45078895958 0.03404001870030549
116125.06033642414 0.03429612195601776
116528.06363967061 0.03589705540181983
116932.46553562334 0.03535979658957078
117338.27087799355 0.034508536434991355
117745.48453733666 0.034905466291804486
118154.11140111096 0.03349091548983373
118564.15637373661 0.032647914361892634
118975.62437665339 0.0344267854643097
119388.52034838134 0.034952754924565024
119802.84924457902 0.034865266808048356
120218.61603810318 0.034168849104563276
120635.82571906883 0.03399510200595447
121054.48329490799 0.03382443388762856
121474.59379043133 0.033584905253660695
121896.16224788758 0.032788079068563965
122319.19372702412 0.03303390468227546
122743.69330514787 0.03384968100066109
123169.6660771864 0.0341586763863474
123597.11715574806 0.03401484119726644
124026.0516711849 0.03368072613591442
124456.47477165324 0.033254155557373107
124888.39162317566 0.033033738723929416
125321.80740970328 0.03289591268114245
125756.72733317701 0.03294112272188142
126193.15661359143 0.03361052705310927
126631.1004890565 0.03344553077247694
127070.56421586059 0.03415119704803331
127511.55306853396 0.03643542983553233
127954.0723399109 0.03820056143613832
128398.12734119488 0.03640435671757367
128843.72340202122 0.03353286593760616
129290.86587052139 0.032030940395035915
129739.56011338736 0.03189062505596712
130189.81151593504 0.031582900600631424
130641.62548217046 0.0311516133291743
131095.00743485359 0.03072986066946014
131549.96281556363 0.032017994965084014
132006.49708476473 0.03309083367657281
132464.61572187033 0.03365376577366417
132924.3242253105 0.033468248352502346
133385.628112597 0.032002409670578394
133848.53292038973 0.032066896342255104
134313.04420456337 0.03250212079616787
134779.167540273 0.03248291865966178
135246.90852202274 0.033041552658814914
135716.27276373174 0.033488193409440585
136187.2658988018 0.033499500527928674
136659.8935801853 0.032960579205557214
137134.16148045196 0.03188119725460826
137610.07529185852 0.032763306460013325
138087.64072641605 0.03359871254139982
138566.86351595866 0.03388301752065485
139047.7494122127 0.03354263282501056
139530.30418686455 0.03330780664061922
140014.53363163173 0.033157034851940714
140500.44355833106 0.03282756890109557
140988.03979894897 0.03229684743170253
141477.32820571162 0.032307823461452743
141968.3146511539 0.034922205323184956
142461.00502819192 0.03173901039934637
142955.40525019236 0.03057860840074488
143451.52125104374 0.03034771800260202
143949.35898522806 0.030058778053697954
144448.924427891 0.02950409447422466
144950.2235749154 0.031182442354807296
145453.2624429921 0.03286076241353463
145958.04706969234 0.03289338997628714
146464.58351354074 0.03310361129339746
146972.87785408652 0.03367292182809692
147482.9361919785 0.03379753850603396
147994.76464903704 0.03370472946982992
148508.36936832778 0.033801069658776994
149023.7565142358 0.033956738775847845
149540.9322725382 0.03421211651348676
150059.90285048028 0.03408194123090817
150580.6744768489 0.03391632776282429
151103.25340204738 0.03453603590120086
151627.64589817091 0.035281624188738384
152153.85825908065 0.03615426264137891
152681.89680048096 0.036266483888155156
153211.76785999417 0.03599578640455018
153743.47779723676 0.035025470509204196
154277.0329938962 0.041269749621690874
154812.43985380605 0.05164406164678385
155349.70480302497 0.06968672050419926
155888.8342899124 0.0718824849329775
156429.8347852063 0.061218590707607747
156972.71278210124 0.04541033538764887
157517.47479632485 0.036786768096404236
158064.1273662182 0.03760351870258769
158612.67705281274 0.03808775749178422
159163.1304399096 0.03842288840876487
159715.49413415877 0.038557507538980476
160269.77476513712 0.03887871479848695
160825.97898542997 0.03912721303973734
161384.11347070962 0.03910710467599169
161944.18491981577 0.03929470430589991
162506.2000548363 0.03935566934987666
163070.1656211866 0.038938553502993696
163636.0883876925 0.03950765592994061
164203.97514667013 0.040071085569470505
164773.83271400793 0.03993339756444492
165345.66792924836 0.03977518644800484
165919.48765567035 0.03970123761989848
166495.29878037024 0.03980801445856617
167073.10821434658 0.039853277618960944
167652.9228925817 0.03983532060254273
168234.74977412526 0.03973790803993383
168818.59584217807 0.04027461048693504
169404.46810417465 0.04059433046023546
169992.37359186928 0.040761971645241354
170582.3193614191 0.04227037709142007
171174.31249346913 0.042405306309373655
171768.3600932375 0.04176733790476659
172364.46929059955 0.04120887595181975
172962.64724017525 0.04122428172939002
173562.90112141386 0.041064406383426316
174165.23813868032 0.0403769989628957
174769.6655213422 0.040938668265399054
175376.19052385495 0.04119611887288022
175984.8204258511 0.04138493913514669
176595.5625322263 0.04229095244329564
177208.42417322725 0.04252612680800363
177823.4127045401 0.04249024911805315
178440.53550737724 0.04239115497421506
179059.79998856818 0.04358214087211883
179681.21358064678 0.043041711917745126
180304.7837419411 0.04208328202314315
180930.51795666298 0.04177492909477087
181558.42373499667 0.04230235992067907
182188.508613191 0.042118991924450656
182820.7801536484 0.042368564499971485
183455.24594501613 0.044506726233968265
184091.9136022776 0.04344919609146825
184730.79076684228 0.043463894717374864
185371.88510663982 0.04404357906244302
186015.20431621035 0.044624675205022106
186660.7561167974 0.05525598271101874
187308.54825644082 0.057781163106956655
187958.58851006837 0.0537797754666001
188610.8846795912 0.04607479700593598
189265.44459399607 0.046329377914455225
189922.27610943964 0.04526656493494414
190581.38710934314 0.04414464821086549
191242.78550448545 0.04289286840639633
191906.4792331004 0.040626017483806565
192572.47626097052 0.04209808336514561
193240.7845815229 0.04291484593527548
193911.41221592567 0.042437098891112475
194584.36721318262 0.04105676002748484
195259.65765023217 0.041049604539145954
195937.29163204285 0.041862486249379445
196617.27729171072 0.04236763638205383
197299.62279055765 0.041445272501798455
197984.33631822755 0.039360308720300864
198671.42609278703 0.038613310091224796
199360.90036082253 0.039519133917127795
200052.7673975396 0.040681531590811365
200747.03550686277 0.041133476476728256
201443.7130215334 0.04104666243917962
202142.80830321225 0.041227356008971525
202844.3297425782 0.04152919996544784
203548.28575942936 0.039549672020510046
204254.6848027845 0.039451502197687255
204963.53535098286 0.040191777734307814
205674.84591178835 0.0406612519016982
206388.62502249 0.040579188415860175
207104.88125000495 0.04049684013485587
207823.62319098154 0.04002548664600543
208544.8594719008 0.03953901728485969
209268.59874918268 0.03938581691637349
209994.84970928813 0.03943661125557876
210723.62106882382 0.03950924742030434
211454.9215746472 0.039634008955043896
212188.76000396966 0.039759203465322614
212925.1451644646 0.039285540301551805
213664.08589437135 0.038802398862299324
214405.5910626017 0.03855755421394757
215149.66956884676 0.038416027953617995
215896.33034368197 0.03848426471004516
216645.5823486771 0.0388363951972197
217397.43457650184 0.03910059236615859
218151.8960510343 0.03893709435654887
218908.9758274697 0.03877302893937211
219668.68299242735 0.03853529052316726
220431.02666406232 0.038291738391739535
221196.01599217302 0.03827821201419444
221963.66015831166 0.03835589802927398
222733.96837589474 0.038397673873890786
223506.94989031187 0.03840545567171369
224282.61397903945 0.038335436933457825
225060.96995175022 0.03810656231230125
225842.02715042542 0.037951485748617814
226625.79494946744 0.03818694590554439
227412.28275581042 0.03841868969489415
228201.50000903595 0.03805574098329006
228993.45618148448 0.0376915326854325
229788.16077836952 0.037934325616661324
230585.62333789226 0.03826855057647022
231385.85343135396 0.03810136957973785
232188.8606632739 0.03776524825104737
232994.65467150253 0.03750661345351514
233803.24512733784 0.03729069837610904
234614.64173564175 0.03709925008210054
235428.8542349548 0.03692754903995025
236245.89239761574 0.03686473691209591
237065.76602987712 0.03692164451717832
237888.48497202326 0.03692979838300084
238714.05909848903 0.03686943595600532
239542.4983179762 0.036900306200185626
240373.81257357553 0.03708662322859562
241208.01184288395 0.03717899502959515
242045.10613812497 0.03708718847465059
242885.10550626923 0.036980865792263444
243728.0200291531 0.03684420167932306
244573.85982360275 0.03675806514617223
245422.63504155353 0.03678100100257144
246274.3558701723 0.036750093330928504
247129.0325319802 0.036608813468906404
247986.67528497343 0.0364399228200939
248847.29442274923 0.03622058770359117
249710.90027462755 0.03607019356657391
250577.5032057754 0.036028409217607665
251447.1136173319 0.0359704182915326
252319.741946531 0.03589182246557288
253195.39866682977 0.036035061012844496
254074.09428803218 0.036397279116976655
254955.83935641564 0.03632678229669543
255840.64445485763 0.03594284257009227
256728.52020296326 0.03568571086670978
257619.47725719062 0.03549074485111979
258513.52631098175 0.03588711564875463
259410.67809488898 0.036459443006279076
260310.94337670426 0.03595641375696965
261214.33296158884 0.03532184584876315
262120.8576922009 0.03525412096117048
263030.5284488288 0.03518454514762379
263943.3561495196 0.035105708434540424
264859.35175021074 0.035039840818504205
265778.5262448618 0.03500428998493877
266700.8906655845 0.03500001148662893
267626.45608277834 0.03503188794034053
268555.23360526125 0.03487348082815515
269487.23438040353 0.03460683241935868
270422.46959426196 0.034492104182572536
271360.9504717122 0.0344144911380099
272302.6882765867 0.03456268433515447
273247.69431180746 0.034667000862028424
274195.97991952254 0.034622285358155605
275147.55648124265 0.03440362248311575
276102.4354179754 0.033970022816137195
277060.6281903659 0.03401843657920473
278022.1462988321 0.034296599753873246
278987.001283703 0.034129715225244314
279955.20472535834 0.03397424757771233
280926.7682443648 0.034067937888838475
281901.7035016192 0.03411543205520266
282880.0221984859 0.03410195546276656
283861.73607693805 0.034022037539732805
284846.856919699 0.033913990730233046
285835.39655038144 0.03388315605236461
286827.3668336328 0.033832692284630615
287822.7796752752 0.03372932438219574
288821.64702244906 0.03369940489356872
289823.9808637571 0.03372224157234017
290829.79322940577 0.03341040659540832
291839.0961913531 0.03313024342351952
292851.90186345164 0.033106096320682614
293868.22240159387 0.03291805068813538
294888.0700038592 0.032595452663127474
295911.45691065746 0.03302393346986987
296938.39540488017 0.033259750261839166
297968.8978120446 0.03261110113958913
299002.9765004432 0.03223890367801473
300040.643881292 0.03204812065167416
301081.9124088775 0.03200290852224937
302126.7945807098 0.031852676147683945
303175.3029376698 0.03150267897209976
304227.45006416074 0.03172016006401083
305283.2485882598 0.03214818518728073
306342.71118186694 0.03264776171755084
307405.8505608609 0.03302997623627329
308472.6794852493 0.03331373585574896
309543.21075932245 0.032847030085812766
310617.4572318076 0.032344551978922824
311695.4317960206 0.031836787439042516
312777.1473900245 0.0316041773351804
313862.6169967824 0.031552105650725526
314951.8536443137 0.03184584790276238
316044.87040585116 0.031846673264002937
317141.68039999536 0.03171365375466208
318242.2967908759 0.03152879188870679
319346.7327883069 0.031402305714369146
320455.0016479461 0.031319405964995224
321567.116671454 0.031315281120768784
322683.09120665427 0.03133347772642757
323802.93864769104 0.031371760124972774
324926.672435194 0.03146166691254238
326054.30605643673 0.03167738650521276
327185.8530454994 0.032009682486952705
328321.326983432 0.03259924469834582
329460.74149841425 0.032590783160558474
330604.11026592366 0.032353804398717434
331751.4470088968 0.03380064255290147
332902.76549789455 0.03636828139966329
334058.07955126825 0.039108787062448046
335217.40303532267 0.03946936141180119
336380.74986448674 0.03626945593598949
337548.13400147745 0.03280503474260149
338719.56945746863 0.03271193271321902
339895.07029225933 0.032348187490877554
341074.65061444003 0.03159862911321786
342258.32458156615 0.03032301381815601
343446.10640032514 0.03145789488311641
344638.0103267076 0.03234740788327881
345834.0506661794 0.03282095331318913
347034.2417738501 0.03255452174519844
348238.5980546498 0.03292982238055053
349447.1339634991 0.0
350659.8640054834 0.0
351876.8027360276 0.0
353097.96476106776 0.0
354323.3647372312 0.0
355553.01737200917 0.0
356786.93742393394 0.0
358025.13970275706 0.0
359267.6390696242 0.0
360514.4504372573 0.0
361765.5887701314 0.0
363021.06908465445 0.0
364280.90644934855 0.0
365545.1159850277 0.0
366813.7128649837 0.0
368086.7123151656 0.0
369364.1296143627 0.0
370645.98009438923 0.0
371932.2791402647 0.0
373223.04219040385 0.0
374518.28473679814 0.0
375818.0223252031 0.0
377122.2705553253 0.0
378431.04508100665 0.0
379744.36161041673 0.0
381062.23590623855 0.0
382384.6837858583 0.0
383711.7211215558 0.0
385043.36384069227 0.0
386379.62792590604 0.0
387720.529415301 0.0
389066.08440264023 0.0
390416.3090375398 0.0
391771.21952565934 0.0
393130.8321289014 0.0
394495.16316560353 0.0
395864.22901073477 0.0
397238.0460960931 0.0
398616.63091049937 0.0
400000.0000000001 0.0
